0.000000000000000000e+00 9.999999999999995559e-01
1.003344481605351029e-10 9.999999823237339935e-01
2.006688963210702059e-10 9.999999292949408591e-01
3.010033444816052959e-10 9.999998409136323652e-01
4.013377926421404118e-10 9.999997171798264972e-01
5.016722408026755277e-10 9.999995580935507888e-01
6.020066889632105918e-10 9.999993636548387688e-01
7.023411371237457594e-10 9.999991338637332916e-01
8.026755852842808236e-10 9.999988687202835402e-01
9.030100334448158877e-10 9.999985682245466911e-01
1.003344481605351055e-09 9.999982323765879144e-01
1.103678929765886223e-09 9.999978611764792635e-01
1.204013377926421184e-09 9.999974546243011186e-01
1.304347826086956351e-09 9.999970127201409653e-01
1.404682274247491519e-09 9.999965354640945048e-01
1.505016722408026480e-09 9.999960228562645437e-01
1.605351170568561647e-09 9.999954748967619933e-01
1.705685618729096815e-09 9.999948915857050924e-01
1.806020066889631775e-09 9.999942729232189631e-01
1.906354515050166943e-09 9.999936189094383865e-01
2.006688963210702111e-09 9.999929295445034727e-01
2.107023411371237278e-09 9.999922048285638798e-01
2.207357859531772446e-09 9.999914447617750390e-01
2.307692307692307200e-09 9.999906493443018185e-01
2.408026755852842367e-09 9.999898185763155256e-01
2.508361204013377535e-09 9.999889524579956834e-01
2.608695652173912702e-09 9.999880509895288094e-01
2.709030100334447870e-09 9.999871141711098588e-01
2.809364548494983038e-09 9.999861420029410031e-01
2.909698996655517792e-09 9.999851344852317414e-01
3.010033444816052959e-09 9.999840916182001216e-01
3.110367892976588127e-09 9.999830134020707417e-01
3.210702341137123294e-09 9.999818998370764156e-01
3.311036789297658462e-09 9.999807509234576175e-01
3.411371237458193629e-09 9.999795666614620382e-01
3.511705685618728797e-09 9.999783470513453620e-01
3.612040133779263551e-09 9.999770920933710450e-01
3.712374581939798719e-09 9.999758017878097593e-01
3.812709030100333886e-09 9.999744761349400601e-01
3.913043478260868640e-09 9.999731151350483849e-01
4.013377926421404221e-09 9.999717187884276104e-01
4.113712374581938975e-09 9.999702870953799394e-01
4.214046822742474556e-09 9.999688200562137919e-01
4.314381270903009310e-09 9.999673176712463585e-01
4.414715719063544892e-09 9.999657799408012693e-01
4.515050167224079646e-09 9.999642068652110360e-01
4.615384615384614399e-09 9.999625984448146099e-01
4.715719063545149981e-09 9.999609546799597126e-01
4.816053511705684735e-09 9.999592755710005054e-01
4.916387959866220316e-09 9.999575611182994761e-01
5.016722408026755070e-09 9.999558113222269951e-01
5.117056856187290651e-09 9.999540261831607602e-01
5.217391304347825405e-09 9.999522057014855747e-01
5.317725752508360159e-09 9.999503498775944577e-01
5.418060200668895740e-09 9.999484587118881995e-01
5.518394648829430494e-09 9.999465322047746962e-01
5.618729096989966075e-09 9.999445703566698374e-01
5.719063545150500829e-09 9.999425731679972840e-01
5.819397993311035583e-09 9.999405406391873585e-01
5.919732441471571164e-09 9.999384727706795983e-01
6.020066889632105918e-09 9.999363695629197579e-01
6.120401337792641499e-09 9.999342310163616965e-01
6.220735785953176253e-09 9.999320571314671557e-01
6.321070234113711835e-09 9.999298479087053160e-01
6.421404682274246589e-09 9.999276033485526849e-01
6.521739130434781343e-09 9.999253234514938748e-01
6.622073578595316924e-09 9.999230082180211587e-01
6.722408026755851678e-09 9.999206576486336928e-01
6.822742474916387259e-09 9.999182717438389600e-01
6.923076923076922013e-09 9.999158505041521039e-01
7.023411371237457594e-09 9.999133939300954843e-01
7.123745819397992348e-09 9.999109020221988997e-01
7.224080267558527102e-09 9.999083747810006972e-01
7.324414715719062683e-09 9.999058122070458854e-01
7.424749163879597437e-09 9.999032143008876883e-01
7.525083612040133018e-09 9.999005810630865465e-01
7.625418060200667772e-09 9.998979124942111163e-01
7.725752508361202526e-09 9.998952085948371593e-01
7.826086956521737280e-09 9.998924693655477647e-01
7.926421404682273689e-09 9.998896948069346813e-01
8.026755852842808442e-09 9.998868849195960973e-01
8.127090301003343196e-09 9.998840397041389716e-01
8.227424749163877950e-09 9.998811591611767025e-01
8.327759197324414359e-09 9.998782432913316809e-01
8.428093645484949113e-09 9.998752920952318490e-01
8.528428093645483867e-09 9.998723055735156962e-01
8.628762541806018621e-09 9.998692837268263744e-01
8.729096989966553375e-09 9.998662265558166951e-01
8.829431438127089783e-09 9.998631340611463525e-01
8.929765886287624537e-09 9.998600062434824798e-01
9.030100334448159291e-09 9.998568431034999815e-01
9.130434782608694045e-09 9.998536446418816448e-01
9.230769230769228799e-09 9.998504108593175843e-01
9.331103678929765207e-09 9.998471417565056862e-01
9.431438127090299961e-09 9.998438373341512753e-01
9.531772575250834715e-09 9.998404975929673366e-01
9.632107023411369469e-09 9.998371225336750712e-01
9.732441471571904223e-09 9.998337121570021191e-01
9.832775919732440632e-09 9.998302664636844472e-01
9.933110367892975386e-09 9.998267854544662381e-01
1.003344481605351014e-08 9.998232691300977804e-01
1.013377926421404489e-08 9.998197174913385776e-01
1.023411371237458130e-08 9.998161305389546838e-01
1.033444816053511606e-08 9.998125082737198133e-01
1.043478260869565081e-08 9.998088506964157851e-01
1.053511705685618556e-08 9.998051578078324120e-01
1.063545150501672032e-08 9.998014296087655017e-01
1.073578595317725673e-08 9.997976661000202991e-01
1.083612040133779148e-08 9.997938672824084883e-01
1.093645484949832623e-08 9.997900331567497467e-01
1.103678929765886099e-08 9.997861637238719679e-01
1.113712374581939574e-08 9.997822589846090402e-01
1.123745819397993215e-08 9.997783189398039561e-01
1.133779264214046690e-08 9.997743435903077014e-01
1.143812709030100166e-08 9.997703329369767022e-01
1.153846153846153641e-08 9.997662869806769326e-01
1.163879598662207117e-08 9.997622057222814718e-01
1.173913043478260757e-08 9.997580891626707267e-01
1.183946488294314233e-08 9.997539373027329868e-01
1.193979933110367708e-08 9.997497501433638689e-01
1.204013377926421184e-08 9.997455276854672057e-01
1.214046822742474824e-08 9.997412699299533800e-01
1.224080267558528300e-08 9.997369768777418786e-01
1.234113712374581775e-08 9.997326485297584053e-01
1.244147157190635251e-08 9.997282848869367688e-01
1.254180602006688726e-08 9.997238859502187713e-01
1.264214046822742367e-08 9.997194517205533204e-01
1.274247491638795842e-08 9.997149821988970952e-01
1.284280936454849318e-08 9.997104773862143245e-01
1.294314381270902793e-08 9.997059372834770086e-01
1.304347826086956269e-08 9.997013618916648081e-01
1.314381270903009909e-08 9.996967512117647114e-01
1.324414715719063385e-08 9.996921052447712563e-01
1.334448160535116860e-08 9.996874239916871963e-01
1.344481605351170336e-08 9.996827074535221680e-01
1.354515050167223811e-08 9.996779556312936910e-01
1.364548494983277452e-08 9.996731685260269451e-01
1.374581939799330927e-08 9.996683461387552150e-01
1.384615384615384403e-08 9.996634884705182245e-01
1.394648829431437878e-08 9.996585955223641351e-01
1.404682274247491519e-08 9.996536672953481029e-01
1.414715719063544994e-08 9.996487037905341655e-01
1.424749163879598470e-08 9.996437050089928000e-01
1.434782608695651945e-08 9.996386709518018110e-01
1.444816053511705420e-08 9.996336016200477737e-01
1.454849498327759061e-08 9.996284970148240356e-01
1.464882943143812537e-08 9.996233571372320492e-01
1.474916387959866012e-08 9.996181819883805941e-01
1.484949832775919487e-08 9.996129715693854445e-01
1.494983277591973128e-08 9.996077258813711452e-01
1.505016722408026604e-08 9.996024449254691246e-01
1.515050167224080079e-08 9.995971287028184715e-01
1.525083612040133554e-08 9.995917772145666014e-01
1.535117056856187030e-08 9.995863904618670359e-01
1.545150501672240505e-08 9.995809684458822897e-01
1.555183946488293981e-08 9.995755111677815385e-01
1.565217391304347456e-08 9.995700186287426181e-01
1.575250836120401262e-08 9.995644908299496922e-01
1.585284280936454738e-08 9.995589277725953625e-01
1.595317725752508213e-08 9.995533294578793360e-01
1.605351170568561688e-08 9.995476958870096462e-01
1.615384615384615164e-08 9.995420270612014324e-01
1.625418060200668639e-08 9.995363229816770501e-01
1.635451505016722115e-08 9.995305836496671814e-01
1.645484949832775590e-08 9.995248090664093921e-01
1.655518394648829065e-08 9.995189992331494633e-01
1.665551839464882872e-08 9.995131541511406148e-01
1.675585284280936347e-08 9.995072738216432828e-01
1.685618729096989823e-08 9.995013582459263413e-01
1.695652173913043298e-08 9.994954074252651033e-01
1.705685618729096773e-08 9.994894213609434308e-01
1.715719063545150249e-08 9.994834000542521801e-01
1.725752508361203724e-08 9.994773435064900902e-01
1.735785953177257200e-08 9.994712517189636714e-01
1.745819397993310675e-08 9.994651246929860955e-01
1.755852842809364150e-08 9.994589624298795272e-01
1.765886287625417957e-08 9.994527649309732364e-01
1.775919732441471432e-08 9.994465321976025995e-01
1.785953177257524907e-08 9.994402642311128737e-01
1.795986622073578383e-08 9.994339610328556445e-01
1.806020066889631858e-08 9.994276226041902689e-01
1.816053511705685334e-08 9.994212489464836535e-01
1.826086956521738809e-08 9.994148400611102545e-01
1.836120401337792284e-08 9.994083959494522995e-01
1.846153846153845760e-08 9.994019166128997878e-01
1.856187290969899566e-08 9.993954020528492688e-01
1.866220735785953041e-08 9.993888522707068400e-01
1.876254180602006517e-08 9.993822672678835950e-01
1.886287625418059992e-08 9.993756470458008412e-01
1.896321070234113468e-08 9.993689916058852152e-01
1.906354515050166943e-08 9.993623009495724574e-01
1.916387959866220418e-08 9.993555750783055247e-01
1.926421404682273894e-08 9.993488139935341463e-01
1.936454849498327369e-08 9.993420176967169333e-01
1.946488294314380845e-08 9.993351861893191579e-01
1.956521739130434651e-08 9.993283194728138641e-01
1.966555183946488126e-08 9.993214175486818673e-01
1.976588628762541602e-08 9.993144804184114216e-01
1.986622073578595077e-08 9.993075080834983304e-01
1.996655518394648553e-08 9.993005005454460576e-01
2.006688963210702028e-08 9.992934578057653949e-01
2.016722408026755503e-08 9.992863798659757935e-01
2.026755852842808979e-08 9.992792667276022556e-01
2.036789297658862454e-08 9.992721183921789985e-01
2.046822742474916260e-08 9.992649348612472338e-01
2.056856187290969736e-08 9.992577161363559446e-01
2.066889632107023211e-08 9.992504622190616637e-01
2.076923076923076687e-08 9.992431731109281401e-01
2.086956521739130162e-08 9.992358488135272276e-01
2.096989966555183637e-08 9.992284893284381075e-01
2.107023411371237113e-08 9.992210946572469554e-01
2.117056856187290588e-08 9.992136648015488287e-01
2.127090301003344064e-08 9.992061997629452241e-01
2.137123745819397539e-08 9.991986995430455210e-01
2.147157190635451345e-08 9.991911641434669811e-01
2.157190635451504821e-08 9.991835935658339718e-01
2.167224080267558296e-08 9.991759878117786320e-01
2.177257525083611771e-08 9.991683468829406500e-01
2.187290969899665247e-08 9.991606707809674859e-01
2.197324414715718722e-08 9.991529595075137049e-01
2.207357859531772198e-08 9.991452130642419771e-01
2.217391304347825673e-08 9.991374314528223000e-01
2.227424749163879148e-08 9.991296146749317764e-01
2.237458193979932955e-08 9.991217627322559469e-01
2.247491638795986430e-08 9.991138756264872356e-01
2.257525083612039905e-08 9.991059533593259490e-01
2.267558528428093381e-08 9.990979959324796100e-01
2.277591973244146856e-08 9.990900033476639575e-01
2.287625418060200332e-08 9.990819756066018353e-01
2.297658862876253807e-08 9.990739127110235263e-01
2.307692307692307282e-08 9.990658146626669733e-01
2.317725752508360758e-08 9.990576814632777802e-01
2.327759197324414233e-08 9.990495131146094332e-01
2.337792642140468040e-08 9.990413096184219688e-01
2.347826086956521515e-08 9.990330709764840833e-01
2.357859531772574990e-08 9.990247971905714675e-01
2.367892976588628466e-08 9.990164882624675835e-01
2.377926421404681941e-08 9.990081441939631102e-01
2.387959866220735417e-08 9.989997649868569418e-01
2.397993311036788892e-08 9.989913506429545231e-01
2.408026755852842367e-08 9.989829011640694034e-01
2.418060200668895843e-08 9.989744165520232366e-01
2.428093645484949649e-08 9.989658968086444490e-01
2.438127090301003124e-08 9.989573419357689055e-01
2.448160535117056600e-08 9.989487519352410194e-01
2.458193979933110075e-08 9.989401268089115327e-01
2.468227424749163551e-08 9.989314665586397357e-01
2.478260869565217026e-08 9.989227711862913583e-01
2.488294314381270501e-08 9.989140406937410122e-01
2.498327759197323977e-08 9.989052750828700811e-01
2.508361204013377452e-08 9.988964743555676096e-01
2.518394648829430928e-08 9.988876385137296365e-01
2.528428093645484734e-08 9.988787675592609716e-01
2.538461538461538209e-08 9.988698614940728637e-01
2.548494983277591685e-08 9.988609203200849995e-01
2.558528428093645160e-08 9.988519440392236159e-01
2.568561872909698635e-08 9.988429326534232766e-01
2.578595317725752111e-08 9.988338861646258726e-01
2.588628762541805586e-08 9.988248045747805115e-01
2.598662207357859062e-08 9.988156878858440724e-01
2.608695652173912537e-08 9.988065360997819830e-01
2.618729096989966343e-08 9.987973492185650004e-01
2.628762541806019819e-08 9.987881272441730962e-01
2.638795986622073294e-08 9.987788701785930146e-01
2.648829431438126769e-08 9.987695780238202703e-01
2.658862876254180245e-08 9.987602507818560404e-01
2.668896321070233720e-08 9.987508884547106058e-01
2.678929765886287196e-08 9.987414910444005756e-01
2.688963210702340671e-08 9.987320585529514405e-01
2.698996655518394146e-08 9.987225909823950198e-01
2.709030100334447622e-08 9.987130883347707933e-01
2.719063545150501428e-08 9.987035506121267892e-01
2.729096989966554904e-08 9.986939778165173642e-01
2.739130434782608379e-08 9.986843699500050908e-01
2.749163879598661854e-08 9.986747270146597577e-01
2.759197324414715330e-08 9.986650490125588142e-01
2.769230769230768805e-08 9.986553359457877033e-01
2.779264214046822281e-08 9.986455878164379740e-01
2.789297658862875756e-08 9.986358046266105015e-01
2.799331103678929231e-08 9.986259863784121560e-01
2.809364548494983038e-08 9.986161330739588005e-01
2.819397993311036513e-08 9.986062447153720711e-01
2.829431438127089988e-08 9.985963213047828191e-01
2.839464882943143464e-08 9.985863628443283346e-01
2.849498327759196939e-08 9.985763693361537907e-01
2.859531772575250415e-08 9.985663407824120208e-01
2.869565217391303890e-08 9.985562771852629638e-01
2.879598662207357365e-08 9.985461785468742191e-01
2.889632107023410841e-08 9.985360448694216018e-01
2.899665551839464316e-08 9.985258761550875883e-01
2.909698996655518122e-08 9.985156724060619826e-01
2.919732441471571598e-08 9.985054336245429152e-01
2.929765886287625073e-08 9.984951598127354000e-01
2.939799331103678549e-08 9.984848509728528887e-01
2.949832775919732024e-08 9.984745071071148281e-01
2.959866220735785499e-08 9.984641282177496580e-01
2.969899665551838975e-08 9.984537143069927012e-01
2.979933110367892450e-08 9.984432653770863864e-01
2.989966555183946256e-08 9.984327814302814685e-01
2.999999999999999732e-08 9.984222624688354752e-01
