0.000000000000000000e+00 9.999999999999995559e-01
1.003344481605351029e-10 9.999999313613308072e-01
2.006688963210702059e-10 9.999997254453815154e-01
3.010033444816052959e-10 9.999993822523248754e-01
4.013377926421404118e-10 9.999989017824481019e-01
5.016722408026755277e-10 9.999982840361540948e-01
6.020066889632105918e-10 9.999975290139602180e-01
7.023411371237457594e-10 9.999966367164994097e-01
8.026755852842808236e-10 9.999956071445201822e-01
9.030100334448158877e-10 9.999944402988845127e-01
1.003344481605351055e-09 9.999931361805708407e-01
1.103678929765886223e-09 9.999916947906718478e-01
1.204013377926421184e-09 9.999901161303959007e-01
1.304347826086956351e-09 9.999884002010659412e-01
1.404682274247491519e-09 9.999865470041199300e-01
1.505016722408026480e-09 9.999845565411111803e-01
1.605351170568561647e-09 9.999824288137075801e-01
1.705685618729096815e-09 9.999801638236932577e-01
1.806020066889631775e-09 9.999777615729652513e-01
1.906354515050166943e-09 9.999752220635379496e-01
2.006688963210702111e-09 9.999725452975388729e-01
2.107023411371237278e-09 9.999697312772120039e-01
2.207357859531772446e-09 9.999667800049151234e-01
2.307692307692307200e-09 9.999636914831216972e-01
2.408026755852842367e-09 9.999604657144206543e-01
2.508361204013377535e-09 9.999571027015149438e-01
2.608695652173912702e-09 9.999536024472229778e-01
2.709030100334447870e-09 9.999499649544784097e-01
2.809364548494983038e-09 9.999461902263292457e-01
2.909698996655517792e-09 9.999422782659397324e-01
3.010033444816052959e-09 9.999382290765872483e-01
3.110367892976588127e-09 9.999340426616660782e-01
3.210702341137123294e-09 9.999297190246837497e-01
3.311036789297658462e-09 9.999252581692643638e-01
3.411371237458193629e-09 9.999206600991457083e-01
3.511705685618728797e-09 9.999159248181810344e-01
3.612040133779263551e-09 9.999110523303390563e-01
3.712374581939798719e-09 9.999060426397028412e-01
3.812709030100333886e-09 9.999008957504700312e-01
3.913043478260868640e-09 9.998956116669545091e-01
4.013377926421404221e-09 9.998901903935834001e-01
4.113712374581938975e-09 9.998846319349004030e-01
4.214046822742474556e-09 9.998789362955626814e-01
4.314381270903009310e-09 9.998731034803438611e-01
4.414715719063544892e-09 9.998671334941310329e-01
4.515050167224079646e-09 9.998610263419269728e-01
4.615384615384614399e-09 9.998547820288491428e-01
4.715719063545149981e-09 9.998484005601300240e-01
4.816053511705684735e-09 9.998418819411168945e-01
4.916387959866220316e-09 9.998352261772717187e-01
5.016722408026755070e-09 9.998284332741715907e-01
5.117056856187290651e-09 9.998215032375086242e-01
5.217391304347825405e-09 9.998144360730890634e-01
5.317725752508360159e-09 9.998072317868348380e-01
5.418060200668895740e-09 9.997998903847822305e-01
5.518394648829430494e-09 9.997924118730823206e-01
5.618729096989966075e-09 9.997847962580015402e-01
5.719063545150500829e-09 9.997770435459204519e-01
5.819397993311035583e-09 9.997691537433345266e-01
5.919732441471571164e-09 9.997611268568542542e-01
6.020066889632105918e-09 9.997529628932051438e-01
6.120401337792641499e-09 9.997446618592269463e-01
6.220735785953176253e-09 9.997362237618743208e-01
6.321070234113711835e-09 9.997276486082172786e-01
6.421404682274246589e-09 9.997189364054395178e-01
6.521739130434781343e-09 9.997100871608400885e-01
6.622073578595316924e-09 9.997011008818329492e-01
6.722408026755851678e-09 9.996919775759461890e-01
6.822742474916387259e-09 9.996827172508229165e-01
6.923076923076922013e-09 9.996733199142210369e-01
7.023411371237457594e-09 9.996637855740130307e-01
7.123745819397992348e-09 9.996541142381858425e-01
7.224080267558527102e-09 9.996443059148413246e-01
7.324414715719062683e-09 9.996343606121960157e-01
7.424749163879597437e-09 9.996242783385811403e-01
7.525083612040133018e-09 9.996140591024420541e-01
7.625418060200667772e-09 9.996037029123392426e-01
7.725752508361202526e-09 9.995932097769473224e-01
7.826086956521737280e-09 9.995825797050561512e-01
7.926421404682273689e-09 9.995718127055692737e-01
8.026755852842808442e-09 9.995609087875056975e-01
8.127090301003343196e-09 9.995498679599986724e-01
8.227424749163877950e-09 9.995386902322953571e-01
8.327759197324414359e-09 9.995273756137584842e-01
8.428093645484949113e-09 9.995159241138640294e-01
8.528428093645483867e-09 9.995043357422043195e-01
8.628762541806018621e-09 9.994926105084838142e-01
8.729096989966553375e-09 9.994807484225238792e-01
8.829431438127089783e-09 9.994687494942579020e-01
8.929765886287624537e-09 9.994566137337358436e-01
9.030100334448159291e-09 9.994443411511204634e-01
9.130434782608694045e-09 9.994319317566904282e-01
9.230769230769228799e-09 9.994193855608372035e-01
9.331103678929765207e-09 9.994067025740680510e-01
9.431438127090299961e-09 9.993938828070033642e-01
9.531772575250834715e-09 9.993809262703792218e-01
9.632107023411369469e-09 9.993678329750447231e-01
9.732441471571904223e-09 9.993546029319642088e-01
9.832775919732440632e-09 9.993412361522162612e-01
9.933110367892975386e-09 9.993277326469925947e-01
1.003344481605351014e-08 9.993140924276008308e-01
1.013377926421404489e-08 9.993003155054619446e-01
1.023411371237458130e-08 9.992864018921114866e-01
1.033444816053511606e-08 9.992723515991988048e-01
1.043478260869565081e-08 9.992581646384877114e-01
1.053511705685618556e-08 9.992438410218564826e-01
1.063545150501672032e-08 9.992293807612971923e-01
1.073578595317725673e-08 9.992147838689157124e-01
1.083612040133779148e-08 9.992000503569333780e-01
1.093645484949832623e-08 9.991851802376841007e-01
1.103678929765886099e-08 9.991701735236170334e-01
1.113712374581939574e-08 9.991550302272951267e-01
1.123745819397993215e-08 9.991397503613943520e-01
1.133779264214046690e-08 9.991243339387064770e-01
1.143812709030100166e-08 9.991087809721358459e-01
1.153846153846153641e-08 9.990930914747022662e-01
1.163879598662207117e-08 9.990772654595382329e-01
1.173913043478260757e-08 9.990613029398904832e-01
1.183946488294314233e-08 9.990452039291202180e-01
1.193979933110367708e-08 9.990289684407024362e-01
1.204013377926421184e-08 9.990125964882258236e-01
1.214046822742474824e-08 9.989960880853925307e-01
1.224080267558528300e-08 9.989794432460196161e-01
1.234113712374581775e-08 9.989626619840376032e-01
1.244147157190635251e-08 9.989457443134907022e-01
1.254180602006688726e-08 9.989286902485368103e-01
1.264214046822742367e-08 9.989114998034481774e-01
1.274247491638795842e-08 9.988941729926101853e-01
1.284280936454849318e-08 9.988767098305225689e-01
1.294314381270902793e-08 9.988591103317980835e-01
1.304347826086956269e-08 9.988413745111642816e-01
1.314381270903009909e-08 9.988235023834615145e-01
1.324414715719063385e-08 9.988054939636439311e-01
1.334448160535116860e-08 9.987873492667793673e-01
1.344481605351170336e-08 9.987690683080502341e-01
1.354515050167223811e-08 9.987506511027507417e-01
1.364548494983277452e-08 9.987320976662904526e-01
1.374581939799330927e-08 9.987134080141918391e-01
1.384615384615384403e-08 9.986945821620900610e-01
1.394648829431437878e-08 9.986756201257355192e-01
1.404682274247491519e-08 9.986565219209906363e-01
1.414715719063544994e-08 9.986372875638320767e-01
1.424749163879598470e-08 9.986179170703495256e-01
1.434782608695651945e-08 9.985984104567470210e-01
1.444816053511705420e-08 9.985787677393408446e-01
1.454849498327759061e-08 9.985589889345612979e-01
1.464882943143812537e-08 9.985390740589519254e-01
1.474916387959866012e-08 9.985190231291698471e-01
1.484949832775919487e-08 9.984988361619852038e-01
1.494983277591973128e-08 9.984785131742814901e-01
1.505016722408026604e-08 9.984580541830554434e-01
1.515050167224080079e-08 9.984374592054172659e-01
1.525083612040133554e-08 9.984167282585901804e-01
1.535117056856187030e-08 9.983958613599109855e-01
1.545150501672240505e-08 9.983748585268291675e-01
1.555183946488293981e-08 9.983537197769075666e-01
1.565217391304347456e-08 9.983324451278219325e-01
1.575250836120401262e-08 9.983110345973615907e-01
1.585284280936454738e-08 9.982894882034288875e-01
1.595317725752508213e-08 9.982678059640393009e-01
1.605351170568561688e-08 9.982459878973199974e-01
1.615384615384615164e-08 9.982240340215129404e-01
1.625418060200668639e-08 9.982019443549727811e-01
1.635451505016722115e-08 9.981797189161656370e-01
1.645484949832775590e-08 9.981573577236723116e-01
1.655518394648829065e-08 9.981348607961861852e-01
1.665551839464882872e-08 9.981122281525124373e-01
1.675585284280936347e-08 9.980894598115699345e-01
1.685618729096989823e-08 9.980665557923906750e-01
1.695652173913043298e-08 9.980435161141184564e-01
1.705685618729096773e-08 9.980203407960108741e-01
1.715719063545150249e-08 9.979970298574372123e-01
1.725752508361203724e-08 9.979735833178808857e-01
1.735785953177257200e-08 9.979500011969364426e-01
1.745819397993310675e-08 9.979262835143120070e-01
1.755852842809364150e-08 9.979024302898280574e-01
1.765886287625417957e-08 9.978784415434179822e-01
1.775919732441471432e-08 9.978543172951271911e-01
1.785953177257524907e-08 9.978300575651142257e-01
1.795986622073578383e-08 9.978056623736496489e-01
1.806020066889631858e-08 9.977811317411168224e-01
1.816053511705685334e-08 9.977564656880113514e-01
1.826086956521738809e-08 9.977316642349415288e-01
1.836120401337792284e-08 9.977067274026283350e-01
1.846153846153845760e-08 9.976816552119039949e-01
1.856187290969899566e-08 9.976564476837140871e-01
1.866220735785953041e-08 9.976311048391162117e-01
1.876254180602006517e-08 9.976056266992799904e-01
1.886287625418059992e-08 9.975800132854881763e-01
1.896321070234113468e-08 9.975542646191342122e-01
1.906354515050166943e-08 9.975283807217257825e-01
1.916387959866220418e-08 9.975023616148807060e-01
1.926421404682273894e-08 9.974762073203299328e-01
1.936454849498327369e-08 9.974499178599166571e-01
1.946488294314380845e-08 9.974234932555959832e-01
1.956521739130434651e-08 9.973969335294344818e-01
1.966555183946488126e-08 9.973702387036115224e-01
1.976588628762541602e-08 9.973434088004182740e-01
1.986622073578595077e-08 9.973164438422573719e-01
1.996655518394648553e-08 9.972893438516441389e-01
2.006688963210702028e-08 9.972621088512049203e-01
2.016722408026755503e-08 9.972347388636788601e-01
2.026755852842808979e-08 9.972072339119159023e-01
2.036789297658862454e-08 9.971795940188785679e-01
2.046822742474916260e-08 9.971518192076407328e-01
2.056856187290969736e-08 9.971239095013884057e-01
2.066889632107023211e-08 9.970958649234186177e-01
2.076923076923076687e-08 9.970676854971408654e-01
2.086956521739130162e-08 9.970393712460751123e-01
2.096989966555183637e-08 9.970109221938542321e-01
2.107023411371237113e-08 9.969823383642216763e-01
2.117056856187290588e-08 9.969536197810333622e-01
2.127090301003344064e-08 9.969247664682556742e-01
2.137123745819397539e-08 9.968957784499667962e-01
2.147157190635451345e-08 9.968666557503571557e-01
2.157190635451504821e-08 9.968373983937274252e-01
2.167224080267558296e-08 9.968080064044897437e-01
2.177257525083611771e-08 9.967784798071682717e-01
2.187290969899665247e-08 9.967488186263979699e-01
2.197324414715718722e-08 9.967190228869252655e-01
2.207357859531772198e-08 9.966890926136077189e-01
2.217391304347825673e-08 9.966590278314139129e-01
2.227424749163879148e-08 9.966288285654237855e-01
2.237458193979932955e-08 9.965984948408280752e-01
2.247491638795986430e-08 9.965680266829293199e-01
2.257525083612039905e-08 9.965374241171403025e-01
2.267558528428093381e-08 9.965066871689849393e-01
2.277591973244146856e-08 9.964758158640983909e-01
2.287625418060200332e-08 9.964448102282267294e-01
2.297658862876253807e-08 9.964136702872268270e-01
2.307692307692307282e-08 9.963823960670664670e-01
2.317725752508360758e-08 9.963509875938242333e-01
2.327759197324414233e-08 9.963194448936893988e-01
2.337792642140468040e-08 9.962877679929620367e-01
2.347826086956521515e-08 9.962559569180523544e-01
2.357859531772574990e-08 9.962240116954830249e-01
2.367892976588628466e-08 9.961919323518851899e-01
2.377926421404681941e-08 9.961597189140022346e-01
2.387959866220735417e-08 9.961273714086870124e-01
2.397993311036788892e-08 9.960948898629031767e-01
2.408026755852842367e-08 9.960622743037252924e-01
2.418060200668895843e-08 9.960295247583381695e-01
2.428093645484949649e-08 9.959966412540367520e-01
2.438127090301003124e-08 9.959636238182264512e-01
2.448160535117056600e-08 9.959304724784231455e-01
2.458193979933110075e-08 9.958971872622530697e-01
2.468227424749163551e-08 9.958637681974525924e-01
2.478260869565217026e-08 9.958302153118682165e-01
2.488294314381270501e-08 9.957965286334569122e-01
2.498327759197323977e-08 9.957627081902852284e-01
2.508361204013377452e-08 9.957287540105306256e-01
2.518394648829430928e-08 9.956946661224799211e-01
2.528428093645484734e-08 9.956604445545299553e-01
2.538461538461538209e-08 9.956260893351880359e-01
2.548494983277591685e-08 9.955916004930716046e-01
2.558528428093645160e-08 9.955569780569061278e-01
2.568561872909698635e-08 9.955222220555302037e-01
2.578595317725752111e-08 9.954873325178891230e-01
2.588628762541805586e-08 9.954523094730397537e-01
2.598662207357859062e-08 9.954171529501478766e-01
2.608695652173912537e-08 9.953818629784895178e-01
2.618729096989966343e-08 9.953464395874497272e-01
2.628762541806019819e-08 9.953108828065239111e-01
2.638795986622073294e-08 9.952751926653166104e-01
2.648829431438126769e-08 9.952393691935417230e-01
2.658862876254180245e-08 9.952034124210227262e-01
2.668896321070233720e-08 9.951673223776934529e-01
2.678929765886287196e-08 9.951310990935958722e-01
2.688963210702340671e-08 9.950947425988814210e-01
2.698996655518394146e-08 9.950582529238116702e-01
2.709030100334447622e-08 9.950216300987571039e-01
2.719063545150501428e-08 9.949848741541970076e-01
2.729096989966554904e-08 9.949479851207203573e-01
2.739130434782608379e-08 9.949109630290252637e-01
2.749163879598661854e-08 9.948738079099186393e-01
2.759197324414715330e-08 9.948365197943167537e-01
2.769230769230768805e-08 9.947990987132445673e-01
2.779264214046822281e-08 9.947615446978365084e-01
2.789297658862875756e-08 9.947238577793351411e-01
2.799331103678929231e-08 9.946860379890929416e-01
2.809364548494983038e-08 9.946480853585705217e-01
2.819397993311036513e-08 9.946099999193369623e-01
2.829431438127089988e-08 9.945717817030713670e-01
2.839464882943143464e-08 9.945334307415601982e-01
2.849498327759196939e-08 9.944949470666991642e-01
2.859531772575250415e-08 9.944563307104932193e-01
2.869565217391303890e-08 9.944175817050547872e-01
2.879598662207357365e-08 9.943787000826050937e-01
2.889632107023410841e-08 9.943396858754741663e-01
2.899665551839464316e-08 9.943005391161001683e-01
2.909698996655518122e-08 9.942612598370302868e-01
2.919732441471571598e-08 9.942218480709189565e-01
2.929765886287625073e-08 9.941823038505307464e-01
2.939799331103678549e-08 9.941426272087358074e-01
2.949832775919732024e-08 9.941028181785148687e-01
2.959866220735785499e-08 9.940628767929554632e-01
2.969899665551838975e-08 9.940228030852541474e-01
2.979933110367892450e-08 9.939825970887146145e-01
2.989966555183946256e-08 9.939422588367492484e-01
2.999999999999999732e-08 9.939017883628786798e-01
