0.000000000000000000e+00 9.999999999999995559e-01
1.003344481605351029e-10 9.999843945817302737e-01
2.006688963210702059e-10 9.999375813004646174e-01
3.010033444816052959e-10 9.998595690758723675e-01
4.013377926421404118e-10 9.997503727708830779e-01
5.016722408026755277e-10 9.996100131869070093e-01
6.020066889632105918e-10 9.994385170571460364e-01
7.023411371237457594e-10 9.992359170380001876e-01
8.026755852842808236e-10 9.990022516985713752e-01
9.030100334448158877e-10 9.987375655082680881e-01
1.003344481605351055e-09 9.984419088225201522e-01
1.103678929765886223e-09 9.981153378666040021e-01
1.204013377926421184e-09 9.977579147175901220e-01
1.304347826086956351e-09 9.973697072844188716e-01
1.404682274247491519e-09 9.969507892861115828e-01
1.505016722408026480e-09 9.965012402281291370e-01
1.605351170568561647e-09 9.960211453768853529e-01
1.705685618729096815e-09 9.955105957324273946e-01
1.806020066889631775e-09 9.949696879992960818e-01
1.906354515050166943e-09 9.943985245555742036e-01
2.006688963210702111e-09 9.937972134201419339e-01
2.107023411371237278e-09 9.931658682181488951e-01
2.207357859531772446e-09 9.925046081447180812e-01
2.307692307692307200e-09 9.918135579268996249e-01
2.408026755852842367e-09 9.910928477838872874e-01
2.508361204013377535e-09 9.903426133855167679e-01
2.608695652173912702e-09 9.895629958090625955e-01
2.709030100334447870e-09 9.887541414943533669e-01
2.809364548494983038e-09 9.879162021972183183e-01
2.909698996655517792e-09 9.870493349412974293e-01
3.010033444816052959e-09 9.861537019682199423e-01
3.110367892976588127e-09 9.852294706861851603e-01
3.210702341137123294e-09 9.842768136169589566e-01
3.311036789297658462e-09 9.832959083413141954e-01
3.411371237458193629e-09 9.822869374429338274e-01
3.511705685618728797e-09 9.812500884508020826e-01
3.612040133779263551e-09 9.801855537801063001e-01
3.712374581939798719e-09 9.790935306716804787e-01
3.812709030100333886e-09 9.779742211300043175e-01
3.913043478260868640e-09 9.768278318597978238e-01
4.013377926421404221e-09 9.756545742012238120e-01
4.113712374581938975e-09 9.744546640637390400e-01
4.214046822742474556e-09 9.732283218586103013e-01
4.314381270903009310e-09 9.719757724301297808e-01
4.414715719063544892e-09 9.706972449855590934e-01
4.515050167224079646e-09 9.693929730238267650e-01
4.615384615384614399e-09 9.680631942630104625e-01
4.715719063545149981e-09 9.667081505666371699e-01
4.816053511705684735e-09 9.653280878688300648e-01
4.916387959866220316e-09 9.639232560983272968e-01
5.016722408026755070e-09 9.624939091014163006e-01
5.117056856187290651e-09 9.610403045638035158e-01
5.217391304347825405e-09 9.595627039314598150e-01
5.317725752508360159e-09 9.580613723304691742e-01
5.418060200668895740e-09 9.565365784859144460e-01
5.518394648829430494e-09 9.549885946398405379e-01
5.618729096989966075e-09 9.534176964683154232e-01
5.719063545150500829e-09 9.518241629976338380e-01
5.819397993311035583e-09 9.502082765196947500e-01
5.919732441471571164e-09 9.485703225065845734e-01
6.020066889632105918e-09 9.469105895244046556e-01
6.120401337792641499e-09 9.452293691463743430e-01
6.220735785953176253e-09 9.435269558652484845e-01
6.321070234113711835e-09 9.418036470050814568e-01
6.421404682274246589e-09 9.400597426323763495e-01
6.521739130434781343e-09 9.382955454666527251e-01
6.622073578595316924e-09 9.365113607904685944e-01
6.722408026755851678e-09 9.347074963589353525e-01
6.822742474916387259e-09 9.328842623087605368e-01
6.923076923076922013e-09 9.310419710668518256e-01
7.023411371237457594e-09 9.291809372585244642e-01
7.123745819397992348e-09 9.273014776153428729e-01
7.224080267558527102e-09 9.254039108826357385e-01
7.324414715719062683e-09 9.234885577267207823e-01
7.424749163879597437e-09 9.215557406418763975e-01
7.525083612040133018e-09 9.196057838570934617e-01
7.625418060200667772e-09 9.176390132426486268e-01
7.725752508361202526e-09 9.156557562165323905e-01
7.826086956521737280e-09 9.136563416507664792e-01
7.926421404682273689e-09 9.116410997776517311e-01
8.026755852842808442e-09 9.096103620959821168e-01
8.127090301003343196e-09 9.075644612772525432e-01
8.227424749163877950e-09 9.055037310719104005e-01
8.327759197324414359e-09 9.034285062156754975e-01
8.428093645484949113e-09 9.013391223359660254e-01
8.528428093645483867e-09 8.992359158584728451e-01
8.628762541806018621e-09 8.971192239139081925e-01
8.729096989966553375e-09 8.949893842449698766e-01
8.829431438127089783e-09 8.928467351135533914e-01
8.929765886287624537e-09 8.906916152082482441e-01
9.030100334448159291e-09 8.885243635521495875e-01
9.130434782608694045e-09 8.863453194110253452e-01
9.230769230769228799e-09 8.841548222018643655e-01
9.331103678929765207e-09 8.819532114018467928e-01
9.431438127090299961e-09 8.797408264577641912e-01
9.531772575250834715e-09 8.775180066959278324e-01
9.632107023411369469e-09 8.752850912325901289e-01
9.732441471571904223e-09 8.730424188849200684e-01
9.832775919732440632e-09 8.707903280825568526e-01
9.933110367892975386e-09 8.685291567797772672e-01
1.003344481605351014e-08 8.662592423683073140e-01
1.013377926421404489e-08 8.639809215908075268e-01
1.023411371237458130e-08 8.616945304550626128e-01
1.033444816053511606e-08 8.594004041489052836e-01
1.043478260869565081e-08 8.570988769559025888e-01
1.053511705685618556e-08 8.547902821718359467e-01
1.063545150501672032e-08 8.524749520219987442e-01
1.073578595317725673e-08 8.501532175793446999e-01
1.083612040133779148e-08 8.478254086835089742e-01
1.093645484949832623e-08 8.454918538607330003e-01
1.103678929765886099e-08 8.431528802447163518e-01
1.113712374581939574e-08 8.408088134984225137e-01
1.123745819397993215e-08 8.384599777368653140e-01
1.133779264214046690e-08 8.361066954508945548e-01
1.143812709030100166e-08 8.337492874320157066e-01
1.153846153846153641e-08 8.313880726982524338e-01
1.163879598662207117e-08 8.290233684210912557e-01
1.173913043478260757e-08 8.266554898535144469e-01
1.183946488294314233e-08 8.242847502591559294e-01
1.193979933110367708e-08 8.219114608425939217e-01
1.204013377926421184e-08 8.195359306808009947e-01
1.214046822742474824e-08 8.171584666557749621e-01
1.224080267558528300e-08 8.147793733883677003e-01
1.234113712374581775e-08 8.123989531733278868e-01
1.244147157190635251e-08 8.100175059155809709e-01
1.254180602006688726e-08 8.076353290677578123e-01
1.264214046822742367e-08 8.052527175689930816e-01
1.274247491638795842e-08 8.028699637850067461e-01
1.284280936454849318e-08 8.004873574494846267e-01
1.294314381270902793e-08 7.981051856067715722e-01
1.304347826086956269e-08 7.957237325558934593e-01
1.314381270903009909e-08 7.933432797959185656e-01
1.324414715719063385e-08 7.909641059726727486e-01
1.334448160535116860e-08 7.885864868268182004e-01
1.344481605351170336e-08 7.862106951433101010e-01
1.354515050167223811e-08 7.838370007022363861e-01
1.364548494983277452e-08 7.814656702310575076e-01
1.374581939799330927e-08 7.790969673582488486e-01
1.384615384615384403e-08 7.767311525683558981e-01
1.394648829431437878e-08 7.743684831584729533e-01
1.404682274247491519e-08 7.720092131961481252e-01
1.414715719063544994e-08 7.696535934787230859e-01
1.424749163879598470e-08 7.673018714941121088e-01
1.434782608695651945e-08 7.649542913830270630e-01
1.444816053511705420e-08 7.626110939026502500e-01
1.454849498327759061e-08 7.602725163917604112e-01
1.464882943143812537e-08 7.579387927373119060e-01
1.474916387959866012e-08 7.556101533424749439e-01
1.484949832775919487e-08 7.532868250961306522e-01
1.494983277591973128e-08 7.509690313438273090e-01
1.505016722408026604e-08 7.486569918601972962e-01
1.515050167224080079e-08 7.463509228228304426e-01
1.525083612040133554e-08 7.440510367876066455e-01
1.535117056856187030e-08 7.417575426654833270e-01
1.545150501672240505e-08 7.394706457007379496e-01
1.555183946488293981e-08 7.371905474506572631e-01
1.565217391304347456e-08 7.349174457666751703e-01
1.575250836120401262e-08 7.326515347769501085e-01
1.585284280936454738e-08 7.303930048703812794e-01
1.595317725752508213e-08 7.281420426820511826e-01
1.605351170568561688e-08 7.258988310800964516e-01
1.615384615384615164e-08 7.236635491539928910e-01
1.625418060200668639e-08 7.214363722042499427e-01
1.635451505016722115e-08 7.192174717335082512e-01
1.645484949832775590e-08 7.170070154390263406e-01
1.655518394648829065e-08 7.148051672065524054e-01
1.665551839464882872e-08 7.126120871055673378e-01
1.675585284280936347e-08 7.104279313858912204e-01
1.685618729096989823e-08 7.082528524756386279e-01
1.695652173913043298e-08 7.060869989805157454e-01
1.705685618729096773e-08 7.039305156844422040e-01
1.715719063545150249e-08 7.017835435514881981e-01
1.725752508361203724e-08 6.996462197291135610e-01
1.735785953177257200e-08 6.975186775526911465e-01
1.745819397993310675e-08 6.954010465513066341e-01
1.755852842809364150e-08 6.932934524548127753e-01
1.765886287625417957e-08 6.911960172021300863e-01
1.775919732441471432e-08 6.891088589507714524e-01
1.785953177257524907e-08 6.870320920875788717e-01
1.795986622073578383e-08 6.849658272406555781e-01
1.806020066889631858e-08 6.829101712924733336e-01
1.816053511705685334e-08 6.808652273941414590e-01
1.826086956521738809e-08 6.788310949808155081e-01
1.836120401337792284e-08 6.768078697882311534e-01
1.846153846153845760e-08 6.747956438703438531e-01
1.856187290969899566e-08 6.727945056180499872e-01
1.866220735785953041e-08 6.708045397789809128e-01
1.876254180602006517e-08 6.688258274783385193e-01
1.886287625418059992e-08 6.668584462407595170e-01
1.896321070234113468e-08 6.649024700131862531e-01
1.906354515050166943e-08 6.629579691887229620e-01
1.916387959866220418e-08 6.610250106314562446e-01
1.926421404682273894e-08 6.591036577022185705e-01
1.936454849498327369e-08 6.571939702852753751e-01
1.946488294314380845e-08 6.552960048159102158e-01
1.956521739130434651e-08 6.534098143088893362e-01
1.966555183946488126e-08 6.515354483877815461e-01
1.976588628762541602e-08 6.496729533151114344e-01
1.986622073578595077e-08 6.478223720233242666e-01
1.996655518394648553e-08 6.459837441465364760e-01
2.006688963210702028e-08 6.441571060530546511e-01
2.016722408026755503e-08 6.423424908786325993e-01
2.026755852842808979e-08 6.405399285604500559e-01
2.036789297658862454e-08 6.387494458717839496e-01
2.046822742474916260e-08 6.369710664573531300e-01
2.056856187290969736e-08 6.352048108693101325e-01
2.066889632107023211e-08 6.334506966038573328e-01
2.076923076923076687e-08 6.317087381384629552e-01
2.086956521739130162e-08 6.299789469696543964e-01
2.096989966555183637e-08 6.282613316513652180e-01
2.107023411371237113e-08 6.265558978338076068e-01
2.117056856187290588e-08 6.248626483028535405e-01
2.127090301003344064e-08 6.231815830198941253e-01
2.137123745819397539e-08 6.215126991621571229e-01
2.147157190635451345e-08 6.198559911634573538e-01
2.157190635451504821e-08 6.182114507553557736e-01
2.167224080267558296e-08 6.165790670087040182e-01
2.177257525083611771e-08 6.149588263755515483e-01
2.187290969899665247e-08 6.133507127313887475e-01
2.197324414715718722e-08 6.117547074177059896e-01
2.207357859531772198e-08 6.101707892848420300e-01
2.217391304347825673e-08 6.085989347351015155e-01
2.227424749163879148e-08 6.070391177661150772e-01
2.237458193979932955e-08 6.054913100144195814e-01
2.247491638795986430e-08 6.039554807992398855e-01
2.257525083612039905e-08 6.024315971664419012e-01
2.267558528428093381e-08 6.009196239326393130e-01
2.277591973244146856e-08 5.994195237294319689e-01
2.287625418060200332e-08 5.979312570477494093e-01
2.297658862876253807e-08 5.964547822822823253e-01
2.307692307692307282e-08 5.949900557759759678e-01
2.317725752508360758e-08 5.935370318645668553e-01
2.327759197324414233e-08 5.920956629211399092e-01
2.337792642140468040e-08 5.906658994006859231e-01
2.347826086956521515e-08 5.892476898846359390e-01
2.357859531772574990e-08 5.878409811253566541e-01
2.367892976588628466e-08 5.864457180905803257e-01
2.377926421404681941e-08 5.850618440077552940e-01
2.387959866220735417e-08 5.836893004082929215e-01
2.397993311036788892e-08 5.823280271716936296e-01
2.408026755852842367e-08 5.809779625695323801e-01
2.418060200668895843e-08 5.796390433092841743e-01
2.428093645484949649e-08 5.783112045779726929e-01
2.438127090301003124e-08 5.769943800856220939e-01
2.448160535117056600e-08 5.756885021084950926e-01
2.458193979933110075e-08 5.743935015321007809e-01
2.468227424749163551e-08 5.731093078939523133e-01
2.478260869565217026e-08 5.718358494260608049e-01
2.488294314381270501e-08 5.705730530971475645e-01
2.498327759197323977e-08 5.693208446545590107e-01
2.508361204013377452e-08 5.680791486658679501e-01
2.518394648829430928e-08 5.668478885601476724e-01
2.528428093645484734e-08 5.656269866689020986e-01
2.538461538461538209e-08 5.644163642666398806e-01
2.548494983277591685e-08 5.632159416110752437e-01
2.558528428093645160e-08 5.620256379829454696e-01
2.568561872909698635e-08 5.608453717254302529e-01
2.578595317725752111e-08 5.596750602831592758e-01
2.588628762541805586e-08 5.585146202407967886e-01
2.598662207357859062e-08 5.573639673611925360e-01
2.608695652173912537e-08 5.562230166230839323e-01
2.618729096989966343e-08 5.550916822583430443e-01
2.628762541806019819e-08 5.539698777887533954e-01
2.638795986622073294e-08 5.528575160623097062e-01
2.648829431438126769e-08 5.517545092890288050e-01
2.658862876254180245e-08 5.506607690762649332e-01
2.668896321070233720e-08 5.495762064635162369e-01
2.678929765886287196e-08 5.485007319567185569e-01
2.688963210702340671e-08 5.474342555620165252e-01
2.698996655518394146e-08 5.463766868190045312e-01
2.709030100334447622e-08 5.453279348334297838e-01
2.719063545150501428e-08 5.442879083093530301e-01
2.729096989966554904e-08 5.432565155807584922e-01
2.739130434782608379e-08 5.422336646426078044e-01
2.749163879598661854e-08 5.412192631813353971e-01
2.759197324414715330e-08 5.402132186047738927e-01
2.769230769230768805e-08 5.392154380715138418e-01
2.779264214046822281e-08 5.382258285196861447e-01
2.789297658862875756e-08 5.372442966951680443e-01
2.799331103678929231e-08 5.362707491792082504e-01
2.809364548494983038e-08 5.353050924154679757e-01
2.819397993311036513e-08 5.343472327364773289e-01
2.829431438127089988e-08 5.333970763895028444e-01
2.839464882943143464e-08 5.324545295618262619e-01
2.849498327759196939e-08 5.315194984054347760e-01
2.859531772575250415e-08 5.305918890611180938e-01
2.869565217391303890e-08 5.296716076819776298e-01
2.879598662207357365e-08 5.287585604563426189e-01
2.889632107023410841e-08 5.278526536300983674e-01
2.899665551839464316e-08 5.269537935284241970e-01
2.909698996655518122e-08 5.260618865769448593e-01
2.919732441471571598e-08 5.251768393222958631e-01
2.929765886287625073e-08 5.242985584521058229e-01
2.939799331103678549e-08 5.234269508143971628e-01
2.949832775919732024e-08 5.225619234364100585e-01
2.959866220735785499e-08 5.217033835428498412e-01
2.969899665551838975e-08 5.208512385735655226e-01
2.979933110367892450e-08 5.200053962006597752e-01
2.989966555183946256e-08 5.191657643450368065e-01
2.999999999999999732e-08 5.183322511923917908e-01
