0.000000000000000000e+00 9.999999999999995559e-01
1.003344481605351029e-10 9.999972724917400857e-01
2.006688963210702059e-10 9.999890900577987907e-01
3.010033444816052959e-10 9.999754529706812445e-01
4.013377926421404118e-10 9.999563616845480452e-01
5.016722408026755277e-10 9.999318168351876146e-01
6.020066889632105918e-10 9.999018192399798943e-01
7.023411371237457594e-10 9.998663698978522696e-01
8.026755852842808236e-10 9.998254699892230590e-01
9.030100334448158877e-10 9.997791208759333470e-01
1.003344481605351055e-09 9.997273241011728206e-01
1.103678929765886223e-09 9.996700813893915072e-01
1.204013377926421184e-09 9.996073946462032955e-01
1.304347826086956351e-09 9.995392659582794659e-01
1.404682274247491519e-09 9.994656975932300069e-01
1.505016722408026480e-09 9.993866919994780496e-01
1.605351170568561647e-09 9.993022518061209780e-01
1.705685618729096815e-09 9.992123798227822151e-01
1.806020066889631775e-09 9.991170790394564571e-01
1.906354515050166943e-09 9.990163526263374782e-01
2.006688963210702111e-09 9.989102039336438255e-01
2.107023411371237278e-09 9.987986364914278603e-01
2.207357859531772446e-09 9.986816540093800265e-01
2.307692307692307200e-09 9.985592603766186848e-01
2.408026755852842367e-09 9.984314596614725090e-01
2.508361204013377535e-09 9.982982561112528908e-01
2.608695652173912702e-09 9.981596541520143528e-01
2.709030100334447870e-09 9.980156583883067478e-01
2.809364548494983038e-09 9.978662736029172420e-01
2.909698996655517792e-09 9.977115047566020856e-01
3.010033444816052959e-09 9.975513569878073916e-01
3.110367892976588127e-09 9.973858356123823654e-01
3.210702341137123294e-09 9.972149461232810985e-01
3.311036789297658462e-09 9.970386941902531497e-01
3.411371237458193629e-09 9.968570856595281304e-01
3.511705685618728797e-09 9.966701265534866350e-01
3.612040133779263551e-09 9.964778230703237316e-01
3.712374581939798719e-09 9.962801815837001307e-01
3.812709030100333886e-09 9.960772086423884675e-01
3.913043478260868640e-09 9.958689109699031539e-01
4.013377926421404221e-09 9.956552954641266773e-01
4.113712374581938975e-09 9.954363691969232431e-01
4.214046822742474556e-09 9.952121394137412036e-01
4.314381270903009310e-09 9.949826135332109356e-01
4.414715719063544892e-09 9.947477991467277292e-01
4.515050167224079646e-09 9.945077040180279049e-01
4.615384615384614399e-09 9.942623360827560486e-01
4.715719063545149981e-09 9.940117034480204783e-01
4.816053511705684735e-09 9.937558143919407172e-01
4.916387959866220316e-09 9.934946773631865291e-01
5.016722408026755070e-09 9.932283009805037421e-01
5.117056856187290651e-09 9.929566940322357427e-01
5.217391304347825405e-09 9.926798654758329787e-01
5.317725752508360159e-09 9.923978244373513613e-01
5.418060200668895740e-09 9.921105802109462246e-01
5.518394648829430494e-09 9.918181422583524087e-01
5.618729096989966075e-09 9.915205202083580138e-01
5.719063545150500829e-09 9.912177238562681625e-01
5.819397993311035583e-09 9.909097631633592140e-01
5.919732441471571164e-09 9.905966482563248743e-01
6.020066889632105918e-09 9.902783894267128684e-01
6.120401337792641499e-09 9.899549971303515106e-01
6.220735785953176253e-09 9.896264819867700568e-01
6.321070234113711835e-09 9.892928547786070670e-01
6.421404682274246589e-09 9.889541264510131047e-01
6.521739130434781343e-09 9.886103081110412250e-01
6.622073578595316924e-09 9.882614110270312446e-01
6.722408026755851678e-09 9.879074466279859079e-01
6.822742474916387259e-09 9.875484265029336184e-01
6.923076923076922013e-09 9.871843624002896167e-01
7.023411371237457594e-09 9.868152662272033915e-01
7.123745819397992348e-09 9.864411500488980966e-01
7.224080267558527102e-09 9.860620260880049726e-01
7.324414715719062683e-09 9.856779067238851111e-01
7.424749163879597437e-09 9.852888044919446697e-01
7.525083612040133018e-09 9.848947320829439800e-01
7.625418060200667772e-09 9.844957023422931108e-01
7.725752508361202526e-09 9.840917282693449897e-01
7.826086956521737280e-09 9.836828230166755338e-01
7.926421404682273689e-09 9.832689998893602290e-01
8.026755852842808442e-09 9.828502723442378297e-01
8.127090301003343196e-09 9.824266539891707284e-01
8.227424749163877950e-09 9.819981585822932235e-01
8.327759197324414359e-09 9.815648000312556798e-01
8.428093645484949113e-09 9.811265923924579191e-01
8.528428093645483867e-09 9.806835498702756171e-01
8.628762541806018621e-09 9.802356868162810377e-01
8.729096989966553375e-09 9.797830177284521103e-01
8.829431438127089783e-09 9.793255572503780648e-01
8.929765886287624537e-09 9.788633201704548537e-01
9.030100334448159291e-09 9.783963214210741333e-01
9.130434782608694045e-09 9.779245760778039198e-01
9.230769230769228799e-09 9.774480993585634714e-01
9.331103678929765207e-09 9.769669066227895105e-01
9.431438127090299961e-09 9.764810133705945638e-01
9.531772575250834715e-09 9.759904352419219720e-01
9.632107023411369469e-09 9.754951880156879085e-01
9.732441471571904223e-09 9.749952876089205134e-01
9.832775919732440632e-09 9.744907500758923646e-01
9.933110367892975386e-09 9.739815916072420698e-01
1.003344481605351014e-08 9.734678285290933042e-01
1.013377926421404489e-08 9.729494773021647447e-01
1.023411371237458130e-08 9.724265545208737871e-01
1.033444816053511606e-08 9.718990769124330464e-01
1.043478260869565081e-08 9.713670613359415285e-01
1.053511705685618556e-08 9.708305247814678074e-01
1.063545150501672032e-08 9.702894843691286519e-01
1.073578595317725673e-08 9.697439573481584363e-01
1.083612040133779148e-08 9.691939610959744433e-01
1.093645484949832623e-08 9.686395131172359507e-01
1.103678929765886099e-08 9.680806310428943240e-01
1.113712374581939574e-08 9.675173326292423326e-01
1.123745819397993215e-08 9.669496357569514755e-01
1.133779264214046690e-08 9.663775584301053101e-01
1.143812709030100166e-08 9.658011187752308935e-01
1.153846153846153641e-08 9.652203350403186777e-01
1.163879598662207117e-08 9.646352255938381859e-01
1.173913043478260757e-08 9.640458089237501360e-01
1.183946488294314233e-08 9.634521036365114588e-01
1.193979933110367708e-08 9.628541284560737656e-01
1.204013377926421184e-08 9.622519022228775976e-01
1.214046822742474824e-08 9.616454438928426773e-01
1.224080267558528300e-08 9.610347725363481697e-01
1.234113712374581775e-08 9.604199073372128304e-01
1.244147157190635251e-08 9.598008675916667176e-01
1.254180602006688726e-08 9.591776727073190179e-01
1.264214046822742367e-08 9.585503422021199871e-01
1.274247491638795842e-08 9.579188957033197838e-01
1.284280936454849318e-08 9.572833529464198632e-01
1.294314381270902793e-08 9.566437337741208191e-01
1.304347826086956269e-08 9.560000581352662286e-01
1.314381270903009909e-08 9.553523460837797243e-01
1.324414715719063385e-08 9.547006177776000690e-01
1.334448160535116860e-08 9.540448934776093459e-01
1.344481605351170336e-08 9.533851935465578187e-01
1.354515050167223811e-08 9.527215384479846838e-01
1.364548494983277452e-08 9.520539487451334937e-01
1.374581939799330927e-08 9.513824450998644711e-01
1.384615384615384403e-08 9.507070482715619386e-01
1.394648829431437878e-08 9.500277791160386398e-01
1.404682274247491519e-08 9.493446585844327323e-01
1.414715719063544994e-08 9.486577077221078902e-01
1.424749163879598470e-08 9.479669476675405271e-01
1.434782608695651945e-08 9.472723996512106837e-01
1.444816053511705420e-08 9.465740849944862534e-01
1.454849498327759061e-08 9.458720251085024344e-01
1.464882943143812537e-08 9.451662414930401823e-01
1.474916387959866012e-08 9.444567557353991116e-01
1.484949832775919487e-08 9.437435895092696203e-01
1.494983277591973128e-08 9.430267645735976867e-01
1.505016722408026604e-08 9.423063027714507767e-01
1.515050167224080079e-08 9.415822260288781997e-01
1.525083612040133554e-08 9.408545563537683565e-01
1.535117056856187030e-08 9.401233158347039875e-01
1.545150501672240505e-08 9.393885266398143141e-01
1.555183946488293981e-08 9.386502110156238476e-01
1.565217391304347456e-08 9.379083912858995342e-01
1.575250836120401262e-08 9.371630898504930141e-01
1.585284280936454738e-08 9.364143291841838801e-01
1.595317725752508213e-08 9.356621318355167194e-01
1.605351170568561688e-08 9.349065204256385986e-01
1.615384615384615164e-08 9.341475176471321085e-01
1.625418060200668639e-08 9.333851462628482976e-01
1.635451505016722115e-08 9.326194291047353868e-01
1.645484949832775590e-08 9.318503890726665961e-01
1.655518394648829065e-08 9.310780491332658615e-01
1.665551839464882872e-08 9.303024323187315536e-01
1.675585284280936347e-08 9.295235617256584204e-01
1.685618729096989823e-08 9.287414605138564205e-01
1.695652173913043298e-08 9.279561519051715557e-01
1.705685618729096773e-08 9.271676591822997082e-01
1.715719063545150249e-08 9.263760056876050308e-01
1.725752508361203724e-08 9.255812148219310087e-01
1.735785953177257200e-08 9.247833100434152964e-01
1.745819397993310675e-08 9.239823148662997809e-01
1.755852842809364150e-08 9.231782528597403115e-01
1.765886287625417957e-08 9.223711476466172066e-01
1.775919732441471432e-08 9.215610229023425415e-01
1.785953177257524907e-08 9.207479023536662144e-01
1.795986622073578383e-08 9.199318097774832337e-01
1.806020066889631858e-08 9.191127689996393402e-01
1.816053511705685334e-08 9.182908038937349637e-01
1.826086956521738809e-08 9.174659383799301793e-01
1.836120401337792284e-08 9.166381964237469981e-01
1.846153846153845760e-08 9.158076020348746571e-01
1.856187290969899566e-08 9.149741792659700224e-01
1.866220735785953041e-08 9.141379522114614353e-01
1.876254180602006517e-08 9.132989450063513370e-01
1.886287625418059992e-08 9.124571818250173383e-01
1.896321070234113468e-08 9.116126868800148442e-01
1.906354515050166943e-08 9.107654844208800116e-01
1.916387959866220418e-08 9.099155987329302642e-01
1.926421404682273894e-08 9.090630541360686934e-01
1.936454849498327369e-08 9.082078749835853504e-01
1.946488294314380845e-08 9.073500856609608700e-01
1.956521739130434651e-08 9.064897105846705383e-01
1.966555183946488126e-08 9.056267742009874722e-01
1.976588628762541602e-08 9.047613009847882415e-01
1.986622073578595077e-08 9.038933154383566038e-01
1.996655518394648553e-08 9.030228420901922348e-01
2.006688963210702028e-08 9.021499054938142415e-01
2.016722408026755503e-08 9.012745302265723346e-01
2.026755852842808979e-08 9.003967408884531176e-01
2.036789297658862454e-08 8.995165621008915924e-01
2.046822742474916260e-08 8.986340185055814445e-01
2.056856187290969736e-08 8.977491347632874374e-01
2.066889632107023211e-08 8.968619355526586956e-01
2.076923076923076687e-08 8.959724455690448730e-01
2.086956521739130162e-08 8.950806895233106575e-01
2.096989966555183637e-08 8.941866921406549373e-01
2.107023411371237113e-08 8.932904781594305232e-01
2.117056856187290588e-08 8.923920723299648694e-01
2.127090301003344064e-08 8.914914994133825710e-01
2.137123745819397539e-08 8.905887841804316363e-01
2.147157190635451345e-08 8.896839514103090929e-01
2.157190635451504821e-08 8.887770258894901465e-01
2.167224080267558296e-08 8.878680324105586719e-01
2.177257525083611771e-08 8.869569957710405905e-01
2.187290969899665247e-08 8.860439407722393579e-01
2.197324414715718722e-08 8.851288922180722274e-01
2.207357859531772198e-08 8.842118749139107337e-01
2.217391304347825673e-08 8.832929136654239510e-01
2.227424749163879148e-08 8.823720332774216413e-01
2.237458193979932955e-08 8.814492585527026192e-01
2.247491638795986430e-08 8.805246142909042284e-01
2.257525083612039905e-08 8.795981252873555922e-01
2.267558528428093381e-08 8.786698163319331956e-01
2.277591973244146856e-08 8.777397122079184655e-01
2.287625418060200332e-08 8.768078376908601257e-01
2.297658862876253807e-08 8.758742175474385494e-01
2.307692307692307282e-08 8.749388765343315555e-01
2.317725752508360758e-08 8.740018393970885313e-01
2.327759197324414233e-08 8.730631308689998926e-01
2.337792642140468040e-08 8.721227756699789779e-01
2.347826086956521515e-08 8.711807985054375036e-01
2.357859531772574990e-08 8.702372240651742308e-01
2.367892976588628466e-08 8.692920770222593019e-01
2.377926421404681941e-08 8.683453820319266825e-01
2.387959866220735417e-08 8.673971637304682680e-01
2.397993311036788892e-08 8.664474467341325425e-01
2.408026755852842367e-08 8.654962556380276784e-01
2.418060200668895843e-08 8.645436150150249688e-01
2.428093645484949649e-08 8.635895494146715867e-01
2.438127090301003124e-08 8.626340833621024551e-01
2.448160535117056600e-08 8.616772413569590006e-01
2.458193979933110075e-08 8.607190478723120153e-01
2.468227424749163551e-08 8.597595273535858507e-01
2.478260869565217026e-08 8.587987042174904939e-01
2.488294314381270501e-08 8.578366028509553098e-01
2.498327759197323977e-08 8.568732476100688888e-01
2.508361204013377452e-08 8.559086628190221147e-01
2.518394648829430928e-08 8.549428727690561169e-01
2.528428093645484734e-08 8.539759017174139988e-01
2.538461538461538209e-08 8.530077738863003356e-01
2.548494983277591685e-08 8.520385134618402301e-01
2.558528428093645160e-08 8.510681445930470268e-01
2.568561872909698635e-08 8.500966913907941347e-01
2.578595317725752111e-08 8.491241779267900691e-01
2.588628762541805586e-08 8.481506282325598223e-01
2.598662207357859062e-08 8.471760662984314516e-01
2.608695652173912537e-08 8.462005160725264430e-01
2.618729096989966343e-08 8.452240014597552920e-01
2.628762541806019819e-08 8.442465463208208565e-01
2.638795986622073294e-08 8.432681744712211547e-01
2.648829431438126769e-08 8.422889096802650410e-01
2.658862876254180245e-08 8.413087756700857733e-01
2.668896321070233720e-08 8.403277961146661257e-01
2.678929765886287196e-08 8.393459946388631687e-01
2.688963210702340671e-08 8.383633948174441519e-01
2.698996655518394146e-08 8.373800201741229410e-01
2.709030100334447622e-08 8.363958941806057812e-01
2.719063545150501428e-08 8.354110402556405024e-01
2.729096989966554904e-08 8.344254817640721633e-01
2.739130434782608379e-08 8.334392420159035808e-01
2.749163879598661854e-08 8.324523442653640748e-01
2.759197324414715330e-08 8.314648117099805447e-01
2.769230769230768805e-08 8.304766674896564282e-01
2.779264214046822281e-08 8.294879346857572111e-01
2.789297658862875756e-08 8.284986363202001547e-01
2.799331103678929231e-08 8.275087953545516850e-01
2.809364548494983038e-08 8.265184346891280009e-01
2.819397993311036513e-08 8.255275771621072289e-01
2.829431438127089988e-08 8.245362455486405784e-01
2.839464882943143464e-08 8.235444625599763757e-01
2.849498327759196939e-08 8.225522508425852086e-01
2.859531772575250415e-08 8.215596329772957285e-01
2.869565217391303890e-08 8.205666314784322291e-01
2.879598662207357365e-08 8.195732687929623284e-01
2.889632107023410841e-08 8.185795672996498684e-01
2.899665551839464316e-08 8.175855493082128111e-01
2.909698996655518122e-08 8.165912370584904600e-01
2.919732441471571598e-08 8.155966527196137905e-01
2.929765886287625073e-08 8.146018183891868825e-01
2.939799331103678549e-08 8.136067560924689079e-01
2.949832775919732024e-08 8.126114877815688864e-01
2.959866220735785499e-08 8.116160353346434375e-01
2.969899665551838975e-08 8.106204205551016395e-01
2.979933110367892450e-08 8.096246651708177700e-01
2.989966555183946256e-08 8.086287908333509300e-01
2.999999999999999732e-08 8.076328191171697757e-01
