0.000000000000000000e+00 9.999999999999995559e-01
1.003344481605351029e-10 9.999999944743861446e-01
2.006688963210702059e-10 9.999999778975460218e-01
3.010033444816052959e-10 9.999999502694804088e-01
4.013377926421404118e-10 9.999999115901910818e-01
5.016722408026755277e-10 9.999998618596810385e-01
6.020066889632105918e-10 9.999998010779529434e-01
7.023411371237457594e-10 9.999997292450113484e-01
8.026755852842808236e-10 9.999996463608611386e-01
9.030100334448158877e-10 9.999995524255077539e-01
1.003344481605351055e-09 9.999994474389576338e-01
1.103678929765886223e-09 9.999993314012176615e-01
1.204013377926421184e-09 9.999992043122957197e-01
1.304347826086956351e-09 9.999990661722008012e-01
1.404682274247491519e-09 9.999989169809418987e-01
1.505016722408026480e-09 9.999987567385288934e-01
1.605351170568561647e-09 9.999985854449728873e-01
1.705685618729096815e-09 9.999984031002850937e-01
1.806020066889631775e-09 9.999982097044783913e-01
1.906354515050166943e-09 9.999980052575652145e-01
2.006688963210702111e-09 9.999977897595596632e-01
2.107023411371237278e-09 9.999975632104762813e-01
2.207357859531772446e-09 9.999973256103303898e-01
2.307692307692307200e-09 9.999970769591378650e-01
2.408026755852842367e-09 9.999968172569156932e-01
2.508361204013377535e-09 9.999965465036809720e-01
2.608695652173912702e-09 9.999962646994526860e-01
2.709030100334447870e-09 9.999959718442491541e-01
2.809364548494983038e-09 9.999956679380905822e-01
2.909698996655517792e-09 9.999953529809968433e-01
3.010033444816052959e-09 9.999950269729901420e-01
3.110367892976588127e-09 9.999946899140920165e-01
3.210702341137123294e-09 9.999943418043251153e-01
3.311036789297658462e-09 9.999939826437125312e-01
3.411371237458193629e-09 9.999936124322792441e-01
3.511705685618728797e-09 9.999932311700501231e-01
3.612040133779263551e-09 9.999928388570504811e-01
3.712374581939798719e-09 9.999924354933069637e-01
3.812709030100333886e-09 9.999920210788471042e-01
3.913043478260868640e-09 9.999915956136981032e-01
4.013377926421404221e-09 9.999911590978899367e-01
4.113712374581938975e-09 9.999907115314508044e-01
4.214046822742474556e-09 9.999902529144111263e-01
4.314381270903009310e-09 9.999897832468024328e-01
4.414715719063544892e-09 9.999893025286561432e-01
4.515050167224079646e-09 9.999888107600041209e-01
4.615384615384614399e-09 9.999883079408806719e-01
4.715719063545149981e-09 9.999877940713188806e-01
4.816053511705684735e-09 9.999872691513532752e-01
4.916387959866220316e-09 9.999867331810199378e-01
5.016722408026755070e-09 9.999861861603548396e-01
5.117056856187290651e-09 9.999856280893945071e-01
5.217391304347825405e-09 9.999850589681770208e-01
5.317725752508360159e-09 9.999844787967406834e-01
5.418060200668895740e-09 9.999838875751241307e-01
5.518394648829430494e-09 9.999832853033681079e-01
5.618729096989966075e-09 9.999826719815128051e-01
5.719063545150500829e-09 9.999820476095994115e-01
5.819397993311035583e-09 9.999814121876704487e-01
5.919732441471571164e-09 9.999807657157683272e-01
6.020066889632105918e-09 9.999801081939373448e-01
6.120401337792641499e-09 9.999794396222211335e-01
6.220735785953176253e-09 9.999787600006651012e-01
6.321070234113711835e-09 9.999780693293154332e-01
6.421404682274246589e-09 9.999773676082180929e-01
6.521739130434781343e-09 9.999766548374210418e-01
6.622073578595316924e-09 9.999759310169720194e-01
6.722408026755851678e-09 9.999751961469198758e-01
6.822742474916387259e-09 9.999744502273142377e-01
6.923076923076922013e-09 9.999736932582053983e-01
7.023411371237457594e-09 9.999729252396445389e-01
7.123745819397992348e-09 9.999721461716832849e-01
7.224080267558527102e-09 9.999713560543744828e-01
7.324414715719062683e-09 9.999705548877708683e-01
7.424749163879597437e-09 9.999697426719270643e-01
7.525083612040133018e-09 9.999689194068982490e-01
7.625418060200667772e-09 9.999680850927386011e-01
7.725752508361202526e-09 9.999672397295056303e-01
7.826086956521737280e-09 9.999663833172558469e-01
7.926421404682273689e-09 9.999655158560474266e-01
8.026755852842808442e-09 9.999646373459384341e-01
8.127090301003343196e-09 9.999637477869884883e-01
8.227424749163877950e-09 9.999628471792569862e-01
8.327759197324414359e-09 9.999619355228055451e-01
8.428093645484949113e-09 9.999610128176950052e-01
8.528428093645483867e-09 9.999600790639880943e-01
8.628762541806018621e-09 9.999591342617476508e-01
8.729096989966553375e-09 9.999581784110371796e-01
8.829431438127089783e-09 9.999572115119214066e-01
8.929765886287624537e-09 9.999562335644656130e-01
9.030100334448159291e-09 9.999552445687354130e-01
9.130434782608694045e-09 9.999542445247978639e-01
9.230769230769228799e-09 9.999532334327204675e-01
9.331103678929765207e-09 9.999522112925713913e-01
9.431438127090299961e-09 9.999511781044193581e-01
9.531772575250834715e-09 9.999501338683346452e-01
9.632107023411369469e-09 9.999490785843868634e-01
9.732441471571904223e-09 9.999480122526480663e-01
9.832775919732440632e-09 9.999469348731891971e-01
9.933110367892975386e-09 9.999458464460841967e-01
1.003344481605351014e-08 9.999447469714055625e-01
1.013377926421404489e-08 9.999436364492273466e-01
1.023411371237458130e-08 9.999425148796254881e-01
1.033444816053511606e-08 9.999413822626745940e-01
1.043478260869565081e-08 9.999402385984516028e-01
1.053511705685618556e-08 9.999390838870337861e-01
1.063545150501672032e-08 9.999379181284984153e-01
1.073578595317725673e-08 9.999367413229247603e-01
1.083612040133779148e-08 9.999355534703922022e-01
1.093645484949832623e-08 9.999343545709805658e-01
1.103678929765886099e-08 9.999331446247707866e-01
1.113712374581939574e-08 9.999319236318443549e-01
1.123745819397993215e-08 9.999306915922845374e-01
1.133779264214046690e-08 9.999294485061731574e-01
1.143812709030100166e-08 9.999281943735948142e-01
1.153846153846153641e-08 9.999269291946342175e-01
1.163879598662207117e-08 9.999256529693764106e-01
1.173913043478260757e-08 9.999243656979074357e-01
1.183946488294314233e-08 9.999230673803141123e-01
1.193979933110367708e-08 9.999217580166843700e-01
1.204013377926421184e-08 9.999204376071065825e-01
1.214046822742474824e-08 9.999191061516692347e-01
1.224080267558528300e-08 9.999177636504628097e-01
1.234113712374581775e-08 9.999164101035775687e-01
1.244147157190635251e-08 9.999150455111047719e-01
1.254180602006688726e-08 9.999136698731365680e-01
1.264214046822742367e-08 9.999122831897657715e-01
1.274247491638795842e-08 9.999108854610858632e-01
1.284280936454849318e-08 9.999094766871912121e-01
1.294314381270902793e-08 9.999080568681767422e-01
1.304347826086956269e-08 9.999066260041385990e-01
1.314381270903009909e-08 9.999051840951724834e-01
1.324414715719063385e-08 9.999037311413766504e-01
1.334448160535116860e-08 9.999022671428485776e-01
1.344481605351170336e-08 9.999007920996871857e-01
1.354515050167223811e-08 9.998993060119919507e-01
1.364548494983277452e-08 9.998978088798630148e-01
1.374581939799330927e-08 9.998963007034017414e-01
1.384615384615384403e-08 9.998947814827091607e-01
1.394648829431437878e-08 9.998932512178884124e-01
1.404682274247491519e-08 9.998917099090425253e-01
1.414715719063544994e-08 9.998901575562754163e-01
1.424749163879598470e-08 9.998885941596920013e-01
1.434782608695651945e-08 9.998870197193973075e-01
1.444816053511705420e-08 9.998854342354981384e-01
1.454849498327759061e-08 9.998838377081011863e-01
1.464882943143812537e-08 9.998822301373140320e-01
1.474916387959866012e-08 9.998806115232449221e-01
1.484949832775919487e-08 9.998789818660036577e-01
1.494983277591973128e-08 9.998773411656995957e-01
1.505016722408026604e-08 9.998756894224438696e-01
1.515050167224080079e-08 9.998740266363479456e-01
1.525083612040133554e-08 9.998723528075235123e-01
1.535117056856187030e-08 9.998706679360835903e-01
1.545150501672240505e-08 9.998689720221419774e-01
1.555183946488293981e-08 9.998672650658134708e-01
1.565217391304347456e-08 9.998655470672124235e-01
1.575250836120401262e-08 9.998638180264550757e-01
1.585284280936454738e-08 9.998620779436581119e-01
1.595317725752508213e-08 9.998603268189392157e-01
1.605351170568561688e-08 9.998585646524160708e-01
1.615384615384615164e-08 9.998567914442075821e-01
1.625418060200668639e-08 9.998550071944335427e-01
1.635451505016722115e-08 9.998532119032144116e-01
1.645484949832775590e-08 9.998514055706708703e-01
1.655518394648829065e-08 9.998495881969250432e-01
1.665551839464882872e-08 9.998477597820996099e-01
1.675585284280936347e-08 9.998459203263178052e-01
1.685618729096989823e-08 9.998440698297038631e-01
1.695652173913043298e-08 9.998422082923819065e-01
1.705685618729096773e-08 9.998403357144787229e-01
1.715719063545150249e-08 9.998384520961194344e-01
1.725752508361203724e-08 9.998365574374317166e-01
1.735785953177257200e-08 9.998346517385434673e-01
1.745819397993310675e-08 9.998327349995830282e-01
1.755852842809364150e-08 9.998308072206796293e-01
1.765886287625417957e-08 9.998288684019634998e-01
1.775919732441471432e-08 9.998269185435650908e-01
1.785953177257524907e-08 9.998249576456164078e-01
1.795986622073578383e-08 9.998229857082492344e-01
1.806020066889631858e-08 9.998210027315969084e-01
1.816053511705685334e-08 9.998190087157929895e-01
1.826086956521738809e-08 9.998170036609721478e-01
1.836120401337792284e-08 9.998149875672696085e-01
1.846153846153845760e-08 9.998129604348215960e-01
1.856187290969899566e-08 9.998109222637640014e-01
1.866220735785953041e-08 9.998088730542353808e-01
1.876254180602006517e-08 9.998068128063732907e-01
1.886287625418059992e-08 9.998047415203166199e-01
1.896321070234113468e-08 9.998026591962053677e-01
1.906354515050166943e-08 9.998005658341804214e-01
1.916387959866220418e-08 9.997984614343821130e-01
1.926421404682273894e-08 9.997963459969528843e-01
1.936454849498327369e-08 9.997942195220350659e-01
1.946488294314380845e-08 9.997920820097726535e-01
1.956521739130434651e-08 9.997899334603095323e-01
1.966555183946488126e-08 9.997877738737905862e-01
1.976588628762541602e-08 9.997856032503611434e-01
1.986622073578595077e-08 9.997834215901684196e-01
1.996655518394648553e-08 9.997812288933590752e-01
2.006688963210702028e-08 9.997790251600809919e-01
2.016722408026755503e-08 9.997768103904826065e-01
2.026755852842808979e-08 9.997745845847136881e-01
2.036789297658862454e-08 9.997723477429244499e-01
2.046822742474916260e-08 9.997700998652654381e-01
2.056856187290969736e-08 9.997678409518884202e-01
2.066889632107023211e-08 9.997655710029458298e-01
2.076923076923076687e-08 9.997632900185902116e-01
2.086956521739130162e-08 9.997609979989764417e-01
2.096989966555183637e-08 9.997586949442581750e-01
2.107023411371237113e-08 9.997563808545911757e-01
2.117056856187290588e-08 9.997540557301314301e-01
2.127090301003344064e-08 9.997517195710359239e-01
2.137123745819397539e-08 9.997493723774623087e-01
2.147157190635451345e-08 9.997470141495683471e-01
2.157190635451504821e-08 9.997446448875134672e-01
2.167224080267558296e-08 9.997422645914573192e-01
2.177257525083611771e-08 9.997398732615607742e-01
2.187290969899665247e-08 9.997374708979848146e-01
2.197324414715718722e-08 9.997350575008916440e-01
2.207357859531772198e-08 9.997326330704439101e-01
2.217391304347825673e-08 9.997301976068050378e-01
2.227424749163879148e-08 9.997277511101393399e-01
2.237458193979932955e-08 9.997252935806119067e-01
2.247491638795986430e-08 9.997228250183887166e-01
2.257525083612039905e-08 9.997203454236357478e-01
2.267558528428093381e-08 9.997178547965207551e-01
2.277591973244146856e-08 9.997153531372111601e-01
2.287625418060200332e-08 9.997128404458764939e-01
2.297658862876253807e-08 9.997103167226850662e-01
2.307692307692307282e-08 9.997077819678079624e-01
2.317725752508360758e-08 9.997052361814158239e-01
2.327759197324414233e-08 9.997026793636808462e-01
2.337792642140468040e-08 9.997001115147745587e-01
2.347826086956521515e-08 9.996975326348711555e-01
2.357859531772574990e-08 9.996949427241434982e-01
2.367892976588628466e-08 9.996923417827672242e-01
2.377926421404681941e-08 9.996897298109169716e-01
2.387959866220735417e-08 9.996871068087692658e-01
2.397993311036788892e-08 9.996844727765010763e-01
2.408026755852842367e-08 9.996818277142898168e-01
2.418060200668895843e-08 9.996791716223141222e-01
2.428093645484949649e-08 9.996765045007530714e-01
2.438127090301003124e-08 9.996738263497861876e-01
2.448160535117056600e-08 9.996711371695946591e-01
2.458193979933110075e-08 9.996684369603592302e-01
2.468227424749163551e-08 9.996657257222625326e-01
2.478260869565217026e-08 9.996630034554870869e-01
2.488294314381270501e-08 9.996602701602167462e-01
2.498327759197323977e-08 9.996575258366353633e-01
2.508361204013377452e-08 9.996547704849284566e-01
2.518394648829430928e-08 9.996520041052817662e-01
2.528428093645484734e-08 9.996492266978818098e-01
2.538461538461538209e-08 9.996464382629156598e-01
2.548494983277591685e-08 9.996436388005718321e-01
2.558528428093645160e-08 9.996408283110387316e-01
2.568561872909698635e-08 9.996380067945059844e-01
2.578595317725752111e-08 9.996351742511638827e-01
2.588628762541805586e-08 9.996323306812033849e-01
2.598662207357859062e-08 9.996294760848163374e-01
2.608695652173912537e-08 9.996266104621950310e-01
2.618729096989966343e-08 9.996237338135330885e-01
2.628762541806019819e-08 9.996208461390245770e-01
2.638795986622073294e-08 9.996179474388633412e-01
2.648829431438126769e-08 9.996150377132456688e-01
2.658862876254180245e-08 9.996121169623680691e-01
2.668896321070233720e-08 9.996091851864263855e-01
2.678929765886287196e-08 9.996062423856191259e-01
2.688963210702340671e-08 9.996032885601445761e-01
2.698996655518394146e-08 9.996003237102016881e-01
2.709030100334447622e-08 9.995973478359907460e-01
2.719063545150501428e-08 9.995943609377122563e-01
2.729096989966554904e-08 9.995913630155677243e-01
2.739130434782608379e-08 9.995883540697590997e-01
2.749163879598661854e-08 9.995853341004894421e-01
2.759197324414715330e-08 9.995823031079620336e-01
2.769230769230768805e-08 9.995792610923819321e-01
2.779264214046822281e-08 9.995762080539537520e-01
2.789297658862875756e-08 9.995731439928835504e-01
2.799331103678929231e-08 9.995700689093779401e-01
2.809364548494983038e-08 9.995669828036440885e-01
2.819397993311036513e-08 9.995638856758903845e-01
2.829431438127089988e-08 9.995607775263253281e-01
2.839464882943143464e-08 9.995576583551588623e-01
2.849498327759196939e-08 9.995545281626012635e-01
2.859531772575250415e-08 9.995513869488629188e-01
2.869565217391303890e-08 9.995482347141567692e-01
2.879598662207357365e-08 9.995450714586945340e-01
2.889632107023410841e-08 9.995418971826898202e-01
2.899665551839464316e-08 9.995387118863562348e-01
2.909698996655518122e-08 9.995355155699091609e-01
2.919732441471571598e-08 9.995323082335638709e-01
2.929765886287625073e-08 9.995290898775365251e-01
2.939799331103678549e-08 9.995258605020442833e-01
2.949832775919732024e-08 9.995226201073048600e-01
2.959866220735785499e-08 9.995193686935365252e-01
2.969899665551838975e-08 9.995161062609586589e-01
2.979933110367892450e-08 9.995128328097915293e-01
2.989966555183946256e-08 9.995095483402552938e-01
2.999999999999999732e-08 9.995062528525716639e-01
