0.000000000000000000e+00 9.999999999999995559e-01
1.003344481605351029e-10 9.999997156827389322e-01
2.006688963210702059e-10 9.999988627319439383e-01
3.010033444816052959e-10 9.999974411505755389e-01
4.013377926421404118e-10 9.999954509435691197e-01
5.016722408026755277e-10 9.999928921178339314e-01
6.020066889632105918e-10 9.999897646822534236e-01
7.023411371237457594e-10 9.999860686476844673e-01
8.026755852842808236e-10 9.999818040269584651e-01
9.030100334448158877e-10 9.999769708348802411e-01
1.003344481605351055e-09 9.999715690882285957e-01
1.103678929765886223e-09 9.999655988057555289e-01
1.204013377926421184e-09 9.999590600081872394e-01
1.304347826086956351e-09 9.999519527182226808e-01
1.404682274247491519e-09 9.999442769605344505e-01
1.505016722408026480e-09 9.999360327617679012e-01
1.605351170568561647e-09 9.999272201505418067e-01
1.705685618729096815e-09 9.999178391574481406e-01
1.806020066889631775e-09 9.999078898150497441e-01
1.906354515050166943e-09 9.998973721578836571e-01
2.006688963210702111e-09 9.998862862224584536e-01
2.107023411371237278e-09 9.998746320472547966e-01
2.207357859531772446e-09 9.998624096727251054e-01
2.307692307692307200e-09 9.998496191412934442e-01
2.408026755852842367e-09 9.998362604973550782e-01
2.508361204013377535e-09 9.998223337872763627e-01
2.608695652173912702e-09 9.998078390593941878e-01
2.709030100334447870e-09 9.997927763640163112e-01
2.809364548494983038e-09 9.997771457534205819e-01
2.909698996655517792e-09 9.997609472818547172e-01
3.010033444816052959e-09 9.997441810055357481e-01
3.110367892976588127e-09 9.997268469826502413e-01
3.210702341137123294e-09 9.997089452733534110e-01
3.311036789297658462e-09 9.996904759397693407e-01
3.411371237458193629e-09 9.996714390459904287e-01
3.511705685618728797e-09 9.996518346580760550e-01
3.612040133779263551e-09 9.996316628440538032e-01
3.712374581939798719e-09 9.996109236739179060e-01
3.812709030100333886e-09 9.995896172196292451e-01
3.913043478260868640e-09 9.995677435551151291e-01
4.013377926421404221e-09 9.995453027562686277e-01
4.113712374581938975e-09 9.995222949009475721e-01
4.214046822742474556e-09 9.994987200689749995e-01
4.314381270903009310e-09 9.994745783421387086e-01
4.414715719063544892e-09 9.994498698041901497e-01
4.515050167224079646e-09 9.994245945408434251e-01
4.615384615384614399e-09 9.993987526397770660e-01
4.715719063545149981e-09 9.993723441906302574e-01
4.816053511705684735e-09 9.993453692850059467e-01
4.916387959866220316e-09 9.993178280164666250e-01
5.016722408026755070e-09 9.992897204805371025e-01
5.117056856187290651e-09 9.992610467747012892e-01
5.217391304347825405e-09 9.992318069984031936e-01
5.317725752508360159e-09 9.992020012530460349e-01
5.418060200668895740e-09 9.991716296419913546e-01
5.518394648829430494e-09 9.991406922705587945e-01
5.618729096989966075e-09 9.991091892460248758e-01
5.719063545150500829e-09 9.990771206776231095e-01
5.819397993311035583e-09 9.990444866765426646e-01
5.919732441471571164e-09 9.990112873559283679e-01
6.020066889632105918e-09 9.989775228308798161e-01
6.120401337792641499e-09 9.989431932184503760e-01
6.220735785953176253e-09 9.989082986376462969e-01
6.321070234113711835e-09 9.988728392094278208e-01
6.421404682274246589e-09 9.988368150567054071e-01
6.521739130434781343e-09 9.988002263043420648e-01
6.622073578595316924e-09 9.987630730791506872e-01
6.722408026755851678e-09 9.987253555098939417e-01
6.822742474916387259e-09 9.986870737272836029e-01
6.923076923076922013e-09 9.986482278639792209e-01
7.023411371237457594e-09 9.986088180545886761e-01
7.123745819397992348e-09 9.985688444356655147e-01
7.224080267558527102e-09 9.985283071457097259e-01
7.324414715719062683e-09 9.984872063251664098e-01
7.424749163879597437e-09 9.984455421164241118e-01
7.525083612040133018e-09 9.984033146638160439e-01
7.625418060200667772e-09 9.983605241136166430e-01
7.725752508361202526e-09 9.983171706140427926e-01
7.826086956521737280e-09 9.982732543152520455e-01
7.926421404682273689e-09 9.982287753693418475e-01
8.026755852842808442e-09 9.981837339303488710e-01
8.127090301003343196e-09 9.981381301542477935e-01
8.227424749163877950e-09 9.980919641989500768e-01
8.327759197324414359e-09 9.980452362243044107e-01
8.428093645484949113e-09 9.979979463920943816e-01
8.528428093645483867e-09 9.979500948660380288e-01
8.628762541806018621e-09 9.979016818117864007e-01
8.729096989966553375e-09 9.978527073969241101e-01
8.829431438127089783e-09 9.978031717909662257e-01
8.929765886287624537e-09 9.977530751653592711e-01
9.030100334448159291e-09 9.977024176934786714e-01
9.130434782608694045e-09 9.976511995506290864e-01
9.230769230769228799e-09 9.975994209140414126e-01
9.331103678929765207e-09 9.975470819628738939e-01
9.431438127090299961e-09 9.974941828782105668e-01
9.531772575250834715e-09 9.974407238430590406e-01
9.632107023411369469e-09 9.973867050423500524e-01
9.732441471571904223e-09 9.973321266629376902e-01
9.832775919732440632e-09 9.972769888935962834e-01
9.933110367892975386e-09 9.972212919250200702e-01
1.003344481605351014e-08 9.971650359498229754e-01
1.013377926421404489e-08 9.971082211625357239e-01
1.023411371237458130e-08 9.970508477596062846e-01
1.033444816053511606e-08 9.969929159393978724e-01
1.043478260869565081e-08 9.969344259021886145e-01
1.053511705685618556e-08 9.968753778501688867e-01
1.063545150501672032e-08 9.968157719874416456e-01
1.073578595317725673e-08 9.967556085200206528e-01
1.083612040133779148e-08 9.966948876558284764e-01
1.093645484949832623e-08 9.966336096046973791e-01
1.103678929765886099e-08 9.965717745783658765e-01
1.113712374581939574e-08 9.965093827904786261e-01
1.123745819397993215e-08 9.964464344565846510e-01
1.133779264214046690e-08 9.963829297941367846e-01
1.143812709030100166e-08 9.963188690224901167e-01
1.153846153846153641e-08 9.962542523629003277e-01
1.163879598662207117e-08 9.961890800385221345e-01
1.173913043478260757e-08 9.961233522744097346e-01
1.183946488294314233e-08 9.960570692975134754e-01
1.193979933110367708e-08 9.959902313366789661e-01
1.204013377926421184e-08 9.959228386226470775e-01
1.214046822742474824e-08 9.958548913880510556e-01
1.224080267558528300e-08 9.957863898674161884e-01
1.234113712374581775e-08 9.957173342971572527e-01
1.244147157190635251e-08 9.956477249155781806e-01
1.254180602006688726e-08 9.955775619628710604e-01
1.264214046822742367e-08 9.955068456811124733e-01
1.274247491638795842e-08 9.954355763142656022e-01
1.284280936454849318e-08 9.953637541081753470e-01
1.294314381270902793e-08 9.952913793105687690e-01
1.304347826086956269e-08 9.952184521710538689e-01
1.314381270903009909e-08 9.951449729411164791e-01
1.324414715719063385e-08 9.950709418741211509e-01
1.334448160535116860e-08 9.949963592253071587e-01
1.344481605351170336e-08 9.949212252517888322e-01
1.354515050167223811e-08 9.948455402125532254e-01
1.364548494983277452e-08 9.947693043684595615e-01
1.374581939799330927e-08 9.946925179822363461e-01
1.384615384615384403e-08 9.946151813184804791e-01
1.394648829431437878e-08 9.945372946436554784e-01
1.404682274247491519e-08 9.944588582260907028e-01
1.414715719063544994e-08 9.943798723359796865e-01
1.424749163879598470e-08 9.943003372453768085e-01
1.434782608695651945e-08 9.942202532281980698e-01
1.444816053511705420e-08 9.941396205602184288e-01
1.454849498327759061e-08 9.940584395190694700e-01
1.464882943143812537e-08 9.939767103842394036e-01
1.474916387959866012e-08 9.938944334370702904e-01
1.484949832775919487e-08 9.938116089607563763e-01
1.494983277591973128e-08 9.937282372403434261e-01
1.505016722408026604e-08 9.936443185627257257e-01
1.515050167224080079e-08 9.935598532166457497e-01
1.525083612040133554e-08 9.934748414926912741e-01
1.535117056856187030e-08 9.933892836832944884e-01
1.545150501672240505e-08 9.933031800827299973e-01
1.555183946488293981e-08 9.932165309871133774e-01
1.565217391304347456e-08 9.931293366943987344e-01
1.575250836120401262e-08 9.930415975043780374e-01
1.585284280936454738e-08 9.929533137186786762e-01
1.595317725752508213e-08 9.928644856407615737e-01
1.605351170568561688e-08 9.927751135759196321e-01
1.615384615384615164e-08 9.926851978312767333e-01
1.625418060200668639e-08 9.925947387157842972e-01
1.635451505016722115e-08 9.925037365402213929e-01
1.645484949832775590e-08 9.924121916171910751e-01
1.655518394648829065e-08 9.923201042611194955e-01
1.665551839464882872e-08 9.922274747882552370e-01
1.675585284280936347e-08 9.921343035166647617e-01
1.685618729096989823e-08 9.920405907662334100e-01
1.695652173913043298e-08 9.919463368586611818e-01
1.705685618729096773e-08 9.918515421174622926e-01
1.715719063545150249e-08 9.917562068679628418e-01
1.725752508361203724e-08 9.916603314372992584e-01
1.735785953177257200e-08 9.915639161544160807e-01
1.745819397993310675e-08 9.914669613500636247e-01
1.755852842809364150e-08 9.913694673567970961e-01
1.765886287625417957e-08 9.912714345089738144e-01
1.775919732441471432e-08 9.911728631427518810e-01
1.785953177257524907e-08 9.910737535960870703e-01
1.795986622073578383e-08 9.909741062087329411e-01
1.806020066889631858e-08 9.908739213222366171e-01
1.816053511705685334e-08 9.907731992799387877e-01
1.826086956521738809e-08 9.906719404269695994e-01
1.836120401337792284e-08 9.905701451102482125e-01
1.846153846153845760e-08 9.904678136784812459e-01
1.856187290969899566e-08 9.903649464821590032e-01
1.866220735785953041e-08 9.902615438735544728e-01
1.876254180602006517e-08 9.901576062067213302e-01
1.886287625418059992e-08 9.900531338374914947e-01
1.896321070234113468e-08 9.899481271234732427e-01
1.906354515050166943e-08 9.898425864240499861e-01
1.916387959866220418e-08 9.897365121003760535e-01
1.926421404682273894e-08 9.896299045153769125e-01
1.936454849498327369e-08 9.895227640337456165e-01
1.946488294314380845e-08 9.894150910219414730e-01
1.956521739130434651e-08 9.893068858481872674e-01
1.966555183946488126e-08 9.891981488824679314e-01
1.976588628762541602e-08 9.890888804965271008e-01
1.986622073578595077e-08 9.889790810638670049e-01
1.996655518394648553e-08 9.888687509597439140e-01
2.006688963210702028e-08 9.887578905611681401e-01
2.016722408026755503e-08 9.886465002468998176e-01
2.026755852842808979e-08 9.885345803974489032e-01
2.036789297658862454e-08 9.884221313950715126e-01
2.046822742474916260e-08 9.883091536237670338e-01
2.056856187290969736e-08 9.881956474692783488e-01
2.066889632107023211e-08 9.880816133190875039e-01
2.076923076923076687e-08 9.879670515624138227e-01
2.086956521739130162e-08 9.878519625902126844e-01
2.096989966555183637e-08 9.877363467951716380e-01
2.107023411371237113e-08 9.876202045717105138e-01
2.117056856187290588e-08 9.875035363159759827e-01
2.127090301003344064e-08 9.873863424258417787e-01
2.137123745819397539e-08 9.872686233009055901e-01
2.147157190635451345e-08 9.871503793424868389e-01
2.157190635451504821e-08 9.870316109536241278e-01
2.167224080267558296e-08 9.869123185390727970e-01
2.177257525083611771e-08 9.867925025053030375e-01
2.187290969899665247e-08 9.866721632604980030e-01
2.197324414715718722e-08 9.865513012145494809e-01
2.207357859531772198e-08 9.864299167790578915e-01
2.217391304347825673e-08 9.863080103673284027e-01
2.227424749163879148e-08 9.861855823943694865e-01
2.237458193979932955e-08 9.860626332768896996e-01
2.247491638795986430e-08 9.859391634332950183e-01
2.257525083612039905e-08 9.858151732836886172e-01
2.267558528428093381e-08 9.856906632498653176e-01
2.277591973244146856e-08 9.855656337553115875e-01
2.287625418060200332e-08 9.854400852252022114e-01
2.297658862876253807e-08 9.853140180863972919e-01
2.307692307692307282e-08 9.851874327674410292e-01
2.317725752508360758e-08 9.850603296985580570e-01
2.327759197324414233e-08 9.849327093116516663e-01
2.337792642140468040e-08 9.848045720403013625e-01
2.347826086956521515e-08 9.846759183197598686e-01
2.357859531772574990e-08 9.845467485869511259e-01
2.367892976588628466e-08 9.844170632804668530e-01
2.377926421404681941e-08 9.842868628405662124e-01
2.387959866220735417e-08 9.841561477091700372e-01
2.397993311036788892e-08 9.840249183298613866e-01
2.408026755852842367e-08 9.838931751478807719e-01
2.418060200668895843e-08 9.837609186101251568e-01
2.428093645484949649e-08 9.836281491651438502e-01
2.438127090301003124e-08 9.834948672631376176e-01
2.448160535117056600e-08 9.833610733559555728e-01
2.458193979933110075e-08 9.832267678970904035e-01
2.468227424749163551e-08 9.830919513416794819e-01
2.478260869565217026e-08 9.829566241464994247e-01
2.488294314381270501e-08 9.828207867699650935e-01
2.498327759197323977e-08 9.826844396721259312e-01
2.508361204013377452e-08 9.825475833146635196e-01
2.518394648829430928e-08 9.824102181608896922e-01
2.528428093645484734e-08 9.822723446757425370e-01
2.538461538461538209e-08 9.821339633257849533e-01
2.548494983277591685e-08 9.819950745792014324e-01
2.558528428093645160e-08 9.818556789057952816e-01
2.568561872909698635e-08 9.817157767769862931e-01
2.578595317725752111e-08 9.815753686658078569e-01
2.588628762541805586e-08 9.814344550469039641e-01
2.598662207357859062e-08 9.812930363965269853e-01
2.608695652173912537e-08 9.811511131925343410e-01
2.618729096989966343e-08 9.810086859143866134e-01
2.628762541806019819e-08 9.808657550431441052e-01
2.638795986622073294e-08 9.807223210614643971e-01
2.648829431438126769e-08 9.805783844535985727e-01
2.658862876254180245e-08 9.804339457053911078e-01
2.668896321070233720e-08 9.802890053042735419e-01
2.678929765886287196e-08 9.801435637392645894e-01
2.688963210702340671e-08 9.799976215009656988e-01
2.698996655518394146e-08 9.798511790815591649e-01
2.709030100334447622e-08 9.797042369748045765e-01
2.719063545150501428e-08 9.795567956760367068e-01
2.729096989966554904e-08 9.794088556821612945e-01
2.739130434782608379e-08 9.792604174916548221e-01
2.749163879598661854e-08 9.791114816045584091e-01
2.759197324414715330e-08 9.789620485224777013e-01
2.769230769230768805e-08 9.788121187485789854e-01
2.779264214046822281e-08 9.786616927875848582e-01
2.789297658862875756e-08 9.785107711457750046e-01
2.799331103678929231e-08 9.783593543309784257e-01
2.809364548494983038e-08 9.782074428525747711e-01
2.819397993311036513e-08 9.780550372214894539e-01
2.829431438127089988e-08 9.779021379501909861e-01
2.839464882943143464e-08 9.777487455526883142e-01
2.849498327759196939e-08 9.775948605445271555e-01
2.859531772575250415e-08 9.774404834427883326e-01
2.869565217391303890e-08 9.772856147660833326e-01
2.879598662207357365e-08 9.771302550345533078e-01
2.889632107023410841e-08 9.769744047698630807e-01
2.899665551839464316e-08 9.768180644952018099e-01
2.909698996655518122e-08 9.766612347352772172e-01
2.919732441471571598e-08 9.765039160163134779e-01
2.929765886287625073e-08 9.763461088660490006e-01
2.939799331103678549e-08 9.761878138137322081e-01
2.949832775919732024e-08 9.760290313901198722e-01
2.959866220735785499e-08 9.758697621274716738e-01
2.969899665551838975e-08 9.757100065595503136e-01
2.979933110367892450e-08 9.755497652216159610e-01
2.989966555183946256e-08 9.753890386504250332e-01
2.999999999999999732e-08 9.752278273842258649e-01
