0.000000000000000000e+00 9.999999999999995559e-01
1.003344481605351029e-10 9.999983732618074050e-01
2.006688963210702059e-10 9.999934930795433274e-01
3.010033444816052959e-10 9.999853595501424497e-01
4.013377926421404118e-10 9.999739728351606516e-01
5.016722408026755277e-10 9.999593331607689040e-01
6.020066889632105918e-10 9.999414408177446090e-01
7.023411371237457594e-10 9.999202961614629404e-01
8.026755852842808236e-10 9.998958996118842979e-01
9.030100334448158877e-10 9.998682516535410958e-01
1.003344481605351055e-09 9.998373528355199991e-01
1.103678929765886223e-09 9.998032037714451592e-01
1.204013377926421184e-09 9.997658051394566758e-01
1.304347826086956351e-09 9.997251576821880592e-01
1.404682274247491519e-09 9.996812622067418053e-01
1.505016722408026480e-09 9.996341195846610850e-01
1.605351170568561647e-09 9.995837307519022108e-01
1.705685618729096815e-09 9.995300967088023292e-01
1.806020066889631775e-09 9.994732185200456698e-01
1.906354515050166943e-09 9.994130973146282404e-01
2.006688963210702111e-09 9.993497342858205235e-01
2.107023411371237278e-09 9.992831306911263978e-01
2.207357859531772446e-09 9.992132878522416162e-01
2.307692307692307200e-09 9.991402071550097297e-01
2.408026755852842367e-09 9.990638900493751251e-01
2.508361204013377535e-09 9.989843380493355074e-01
2.608695652173912702e-09 9.989015527328893862e-01
2.709030100334447870e-09 9.988155357419847835e-01
2.809364548494983038e-09 9.987262887824635005e-01
2.909698996655517792e-09 9.986338136240052732e-01
3.010033444816052959e-09 9.985381121000664884e-01
3.110367892976588127e-09 9.984391861078194541e-01
3.210702341137123294e-09 9.983370376080907826e-01
3.311036789297658462e-09 9.982316686252930005e-01
3.411371237458193629e-09 9.981230812473586012e-01
3.511705685618728797e-09 9.980112776256697682e-01
3.612040133779263551e-09 9.978962599749855444e-01
3.712374581939798719e-09 9.977780305733701116e-01
3.812709030100333886e-09 9.976565917621125212e-01
3.913043478260868640e-09 9.975319459456530868e-01
4.013377926421404221e-09 9.974040955915002282e-01
4.113712374581938975e-09 9.972730432301470938e-01
4.214046822742474556e-09 9.971387914549904030e-01
4.314381270903009310e-09 9.970013429222402968e-01
4.414715719063544892e-09 9.968607003508332953e-01
4.515050167224079646e-09 9.967168665223421486e-01
4.615384615384614399e-09 9.965698442808803570e-01
4.715719063545149981e-09 9.964196365330098004e-01
4.816053511705684735e-09 9.962662462476424841e-01
4.916387959866220316e-09 9.961096764559413952e-01
5.016722408026755070e-09 9.959499302512191399e-01
5.117056856187290651e-09 9.957870107888355804e-01
5.217391304347825405e-09 9.956209212860912539e-01
5.317725752508360159e-09 9.954516650221217899e-01
5.418060200668895740e-09 9.952792453377862225e-01
5.518394648829430494e-09 9.951036656355572996e-01
5.618729096989966075e-09 9.949249293794074633e-01
5.719063545150500829e-09 9.947430400946936091e-01
5.819397993311035583e-09 9.945580013680392906e-01
5.919732441471571164e-09 9.943698168472147048e-01
6.020066889632105918e-09 9.941784902410164548e-01
6.120401337792641499e-09 9.939840253191425390e-01
6.220735785953176253e-09 9.937864259120677835e-01
6.321070234113711835e-09 9.935856959109164999e-01
6.421404682274246589e-09 9.933818392673312569e-01
6.521739130434781343e-09 9.931748599933436505e-01
6.622073578595316924e-09 9.929647621612394115e-01
6.722408026755851678e-09 9.927515499034232915e-01
6.822742474916387259e-09 9.925352274122806184e-01
6.923076923076922013e-09 9.923157989400404055e-01
7.023411371237457594e-09 9.920932687986314669e-01
7.123745819397992348e-09 9.918676413595398644e-01
7.224080267558527102e-09 9.916389210536646903e-01
7.324414715719062683e-09 9.914071123711692968e-01
7.424749163879597437e-09 9.911722198613335255e-01
7.525083612040133018e-09 9.909342481324017182e-01
7.625418060200667772e-09 9.906932018514306160e-01
7.725752508361202526e-09 9.904490857441338170e-01
7.826086956521737280e-09 9.902019045947245690e-01
7.926421404682273689e-09 9.899516632457593390e-01
8.026755852842808442e-09 9.896983665979739442e-01
8.127090301003343196e-09 9.894420196101246789e-01
8.227424749163877950e-09 9.891826272988213375e-01
8.327759197324414359e-09 9.889201947383620128e-01
8.428093645484949113e-09 9.886547270605646753e-01
8.528428093645483867e-09 9.883862294545990856e-01
8.628762541806018621e-09 9.881147071668119342e-01
8.729096989966553375e-09 9.878401655005567550e-01
8.829431438127089783e-09 9.875626098160149580e-01
8.929765886287624537e-09 9.872820455300219677e-01
9.030100334448159291e-09 9.869984781158864795e-01
9.130434782608694045e-09 9.867119131032093815e-01
9.230769230769228799e-09 9.864223560777014566e-01
9.331103678929765207e-09 9.861298126810003062e-01
9.431438127090299961e-09 9.858342886104823899e-01
9.531772575250834715e-09 9.855357896190748423e-01
9.632107023411369469e-09 9.852343215150681788e-01
9.732441471571904223e-09 9.849298901619217839e-01
9.832775919732440632e-09 9.846225014780730644e-01
9.933110367892975386e-09 9.843121614367411620e-01
1.003344481605351014e-08 9.839988760657306655e-01
1.013377926421404489e-08 9.836826514472333249e-01
1.023411371237458130e-08 9.833634937176271018e-01
1.033444816053511606e-08 9.830414090672755512e-01
1.043478260869565081e-08 9.827164037403236518e-01
1.053511705685618556e-08 9.823884840344920821e-01
1.063545150501672032e-08 9.820576563008713844e-01
1.073578595317725673e-08 9.817239269437123550e-01
1.083612040133779148e-08 9.813873024202166562e-01
1.093645484949832623e-08 9.810477892403246525e-01
1.103678929765886099e-08 9.807053939665009157e-01
1.113712374581939574e-08 9.803601232135210619e-01
1.123745819397993215e-08 9.800119836482531488e-01
1.133779264214046690e-08 9.796609819894396276e-01
1.143812709030100166e-08 9.793071250074787404e-01
1.153846153846153641e-08 9.789504195242010320e-01
1.163879598662207117e-08 9.785908724126470837e-01
1.173913043478260757e-08 9.782284905968428035e-01
1.183946488294314233e-08 9.778632810515728302e-01
1.193979933110367708e-08 9.774952508021528264e-01
1.204013377926421184e-08 9.771244069242005503e-01
1.214046822742474824e-08 9.767507565434031536e-01
1.224080267558528300e-08 9.763743068352872534e-01
1.234113712374581775e-08 9.759950650249823445e-01
1.244147157190635251e-08 9.756130383869875411e-01
1.254180602006688726e-08 9.752282342449334340e-01
1.264214046822742367e-08 9.748406599713429488e-01
1.274247491638795842e-08 9.744503229873930916e-01
1.284280936454849318e-08 9.740572307626721438e-01
1.294314381270902793e-08 9.736613908149375218e-01
1.304347826086956269e-08 9.732628107098715287e-01
1.314381270903009909e-08 9.728614980608345508e-01
1.324414715719063385e-08 9.724574605286189222e-01
1.334448160535116860e-08 9.720507058212004559e-01
1.344481605351170336e-08 9.716412416934877561e-01
1.354515050167223811e-08 9.712290759470714185e-01
1.364548494983277452e-08 9.708142164299706778e-01
1.374581939799330927e-08 9.703966710363796100e-01
1.384615384615384403e-08 9.699764477064127810e-01
1.394648829431437878e-08 9.695535544258461202e-01
1.404682274247491519e-08 9.691279992258605702e-01
1.414715719063544994e-08 9.686997901827820723e-01
1.424749163879598470e-08 9.682689354178206642e-01
1.434782608695651945e-08 9.678354430968091338e-01
1.444816053511705420e-08 9.673993214299382304e-01
1.454849498327759061e-08 9.669605786714929874e-01
1.464882943143812537e-08 9.665192231195873784e-01
1.474916387959866012e-08 9.660752631158960879e-01
1.484949832775919487e-08 9.656287070453861698e-01
1.494983277591973128e-08 9.651795633360475968e-01
1.505016722408026604e-08 9.647278404586231426e-01
1.515050167224080079e-08 9.642735469263360448e-01
1.525083612040133554e-08 9.638166912946146692e-01
1.535117056856187030e-08 9.633572821608213932e-01
1.545150501672240505e-08 9.628953281639747175e-01
1.555183946488293981e-08 9.624308379844731531e-01
1.565217391304347456e-08 9.619638203438178881e-01
1.575250836120401262e-08 9.614942840043317895e-01
1.585284280936454738e-08 9.610222377688820705e-01
1.595317725752508213e-08 9.605476904805962945e-01
1.605351170568561688e-08 9.600706510225813783e-01
1.615384615384615164e-08 9.595911283176404849e-01
1.625418060200668639e-08 9.591091313279870301e-01
1.635451505016722115e-08 9.586246690549601324e-01
1.645484949832775590e-08 9.581377505387377314e-01
1.655518394648829065e-08 9.576483848580481517e-01
1.665551839464882872e-08 9.571565811298825555e-01
1.675585284280936347e-08 9.566623485092043966e-01
1.685618729096989823e-08 9.561656961886585426e-01
1.695652173913043298e-08 9.556666333982802852e-01
1.705685618729096773e-08 9.551651694052011310e-01
1.715719063545150249e-08 9.546613135133570349e-01
1.725752508361203724e-08 9.541550750631921929e-01
1.735785953177257200e-08 9.536464634313638333e-01
1.745819397993310675e-08 9.531354880304460098e-01
1.755852842809364150e-08 9.526221583086319500e-01
1.765886287625417957e-08 9.521064837494357391e-01
1.775919732441471432e-08 9.515884738713930036e-01
1.785953177257524907e-08 9.510681382277607065e-01
1.795986622073578383e-08 9.505454864062160558e-01
1.806020066889631858e-08 9.500205280285554110e-01
1.816053511705685334e-08 9.494932727503910819e-01
1.826086956521738809e-08 9.489637302608471270e-01
1.836120401337792284e-08 9.484319102822564851e-01
1.846153846153845760e-08 9.478978225698544424e-01
1.856187290969899566e-08 9.473614769114739875e-01
1.866220735785953041e-08 9.468228831272380575e-01
1.876254180602006517e-08 9.462820510692520060e-01
1.886287625418059992e-08 9.457389906212976260e-01
1.896321070234113468e-08 9.451937116985210663e-01
1.906354515050166943e-08 9.446462242471251880e-01
1.916387959866220418e-08 9.440965382440585918e-01
1.926421404682273894e-08 9.435446636967043110e-01
1.936454849498327369e-08 9.429906106425687273e-01
1.946488294314380845e-08 9.424343891489689318e-01
1.956521739130434651e-08 9.418760093127191979e-01
1.966555183946488126e-08 9.413154812598174548e-01
1.976588628762541602e-08 9.407528151451310938e-01
1.986622073578595077e-08 9.401880211520826647e-01
1.996655518394648553e-08 9.396211094923324625e-01
2.006688963210702028e-08 9.390520904054641127e-01
2.016722408026755503e-08 9.384809741586672693e-01
2.026755852842808979e-08 9.379077710464197581e-01
2.036789297658862454e-08 9.373324913901708300e-01
2.046822742474916260e-08 9.367551455380210834e-01
2.056856187290969736e-08 9.361757438644054963e-01
2.066889632107023211e-08 9.355942967697725710e-01
2.076923076923076687e-08 9.350108146802652564e-01
2.086956521739130162e-08 9.344253080473989836e-01
2.096989966555183637e-08 9.338377873477434754e-01
2.107023411371237113e-08 9.332482630825980063e-01
2.117056856187290588e-08 9.326567457776726577e-01
2.127090301003344064e-08 9.320632459827642435e-01
2.137123745819397539e-08 9.314677742714345676e-01
2.147157190635451345e-08 9.308703412406860167e-01
2.157190635451504821e-08 9.302709575106403728e-01
2.167224080267558296e-08 9.296696337242125185e-01
2.177257525083611771e-08 9.290663805467875846e-01
2.187290969899665247e-08 9.284612086658960983e-01
2.197324414715718722e-08 9.278541287908897983e-01
2.207357859531772198e-08 9.272451516526146742e-01
2.217391304347825673e-08 9.266342880030870033e-01
2.227424749163879148e-08 9.260215486151670561e-01
2.237458193979932955e-08 9.254069442822325797e-01
2.247491638795986430e-08 9.247904858178522813e-01
2.257525083612039905e-08 9.241721840554607548e-01
2.267558528428093381e-08 9.235520498480295215e-01
2.277591973244146856e-08 9.229300940677406251e-01
2.287625418060200332e-08 9.223063276056595594e-01
2.297658862876253807e-08 9.216807613714077529e-01
2.307692307692307282e-08 9.210534062928344978e-01
2.317725752508360758e-08 9.204242733156885459e-01
2.327759197324414233e-08 9.197933734032918140e-01
2.337792642140468040e-08 9.191607175362080939e-01
2.347826086956521515e-08 9.185263167119175343e-01
2.357859531772574990e-08 9.178901819444870158e-01
2.367892976588628466e-08 9.172523242642409702e-01
2.377926421404681941e-08 9.166127547174330870e-01
2.387959866220735417e-08 9.159714843659181316e-01
2.397993311036788892e-08 9.153285242868219873e-01
2.408026755852842367e-08 9.146838855722129180e-01
2.418060200668895843e-08 9.140375793287734973e-01
2.428093645484949649e-08 9.133896166774699843e-01
2.438127090301003124e-08 9.127400087532251405e-01
2.448160535117056600e-08 9.120887667045868286e-01
2.458193979933110075e-08 9.114359016934017177e-01
2.468227424749163551e-08 9.107814248944834379e-01
2.478260869565217026e-08 9.101253474952862854e-01
2.488294314381270501e-08 9.094676806955734882e-01
2.498327759197323977e-08 9.088084357070904673e-01
2.508361204013377452e-08 9.081476237532348783e-01
2.518394648829430928e-08 9.074852560687286518e-01
2.528428093645484734e-08 9.068213438992885900e-01
2.538461538461538209e-08 9.061558985012980738e-01
2.548494983277591685e-08 9.054889311414784370e-01
2.558528428093645160e-08 9.048204530965614500e-01
2.568561872909698635e-08 9.041504756529599174e-01
2.578595317725752111e-08 9.034790101064413825e-01
2.588628762541805586e-08 9.028060677617988361e-01
2.598662207357859062e-08 9.021316599325236441e-01
2.608695652173912537e-08 9.014557979404778099e-01
2.618729096989966343e-08 9.007784931155677910e-01
2.628762541806019819e-08 9.000997567954166501e-01
2.638795986622073294e-08 8.994196003250370941e-01
2.648829431438126769e-08 8.987380350565062903e-01
2.658862876254180245e-08 8.980550723486380171e-01
2.668896321070233720e-08 8.973707235666577020e-01
2.678929765886287196e-08 8.966850000818769040e-01
2.688963210702340671e-08 8.959979132713673522e-01
2.698996655518394146e-08 8.953094745176367608e-01
2.709030100334447622e-08 8.946196952083032006e-01
2.719063545150501428e-08 8.939285867357702475e-01
2.729096989966554904e-08 8.932361604969063507e-01
2.739130434782608379e-08 8.925424278927164279e-01
2.749163879598661854e-08 8.918474003280220108e-01
2.759197324414715330e-08 8.911510892111373927e-01
2.769230769230768805e-08 8.904535059535467756e-01
2.779264214046822281e-08 8.897546619695825276e-01
2.789297658862875756e-08 8.890545686761042177e-01
2.799331103678929231e-08 8.883532374921757624e-01
2.809364548494983038e-08 8.876506798387467922e-01
2.819397993311036513e-08 8.869469071383309089e-01
2.829431438127089988e-08 8.862419308146869401e-01
2.839464882943143464e-08 8.855357622924977523e-01
2.849498327759196939e-08 8.848284129970548362e-01
2.859531772575250415e-08 8.841198943539361199e-01
2.869565217391303890e-08 8.834102177886912211e-01
2.879598662207357365e-08 8.826993947265231455e-01
2.889632107023410841e-08 8.819874365919713188e-01
2.899665551839464316e-08 8.812743548085959500e-01
2.909698996655518122e-08 8.805601607986621726e-01
2.919732441471571598e-08 8.798448659828255192e-01
2.929765886287625073e-08 8.791284817798179496e-01
2.939799331103678549e-08 8.784110196061326592e-01
2.949832775919732024e-08 8.776924908757118837e-01
2.959866220735785499e-08 8.769729069996354820e-01
2.969899665551838975e-08 8.762522793858070758e-01
2.979933110367892450e-08 8.755306194386442975e-01
2.989966555183946256e-08 8.748079385587670398e-01
2.999999999999999732e-08 8.740842481426902566e-01
