0.000000000000000000e+00 9.999999999999995559e-01
1.003344481605351029e-10 9.999947961340307501e-01
2.006688963210702059e-10 9.999791848667842764e-01
3.010033444816052959e-10 9.999531671902052166e-01
4.013377926421404118e-10 9.999167447574166534e-01
5.016722408026755277e-10 9.998699198825425905e-01
6.020066889632105918e-10 9.998126955404603722e-01
7.023411371237457594e-10 9.997450753664819389e-01
8.026755852842808236e-10 9.996670636559611411e-01
9.030100334448158877e-10 9.995786653638382147e-01
1.003344481605351055e-09 9.994798861041038762e-01
1.103678929765886223e-09 9.993707321491998030e-01
1.204013377926421184e-09 9.992512104293471698e-01
1.304347826086956351e-09 9.991213285318006898e-01
1.404682274247491519e-09 9.989810947000392627e-01
1.505016722408026480e-09 9.988305178328806821e-01
1.605351170568561647e-09 9.986696074835281767e-01
1.705685618729096815e-09 9.984983738585484492e-01
1.806020066889631775e-09 9.983168278167772192e-01
1.906354515050166943e-09 9.981249808681575963e-01
2.006688963210702111e-09 9.979228451725074001e-01
2.107023411371237278e-09 9.977104335382186440e-01
2.207357859531772446e-09 9.974877594208855225e-01
2.307692307692307200e-09 9.972548369218658948e-01
2.408026755852842367e-09 9.970116807867730468e-01
2.508361204013377535e-09 9.967583064038989527e-01
2.608695652173912702e-09 9.964947298025695899e-01
2.709030100334447870e-09 9.962209676514311996e-01
2.809364548494983038e-09 9.959370372566711538e-01
2.909698996655517792e-09 9.956429565601673248e-01
3.010033444816052959e-09 9.953387441375749489e-01
3.110367892976588127e-09 9.950244191963422136e-01
3.210702341137123294e-09 9.947000015736622291e-01
3.311036789297658462e-09 9.943655117343566108e-01
3.411371237458193629e-09 9.940209707686930019e-01
3.511705685618728797e-09 9.936664003901398701e-01
3.612040133779263551e-09 9.933018229330496940e-01
3.712374581939798719e-09 9.929272613502837519e-01
3.812709030100333886e-09 9.925427392107672997e-01
3.913043478260868640e-09 9.921482806969824653e-01
4.013377926421404221e-09 9.917439106023957507e-01
4.113712374581938975e-09 9.913296543288230289e-01
4.214046822742474556e-09 9.909055378837307027e-01
4.314381270903009310e-09 9.904715878774721372e-01
4.414715719063544892e-09 9.900278315204659174e-01
4.515050167224079646e-09 9.895742966203054936e-01
4.615384615384614399e-09 9.891110115788129820e-01
4.715719063545149981e-09 9.886380053890277964e-01
4.816053511705684735e-09 9.881553076321361040e-01
4.916387959866220316e-09 9.876629484743386644e-01
5.016722408026755070e-09 9.871609586636594935e-01
5.117056856187290651e-09 9.866493695266940200e-01
5.217391304347825405e-09 9.861282129652987338e-01
5.317725752508360159e-09 9.855975214532214368e-01
5.418060200668895740e-09 9.850573280326746506e-01
5.518394648829430494e-09 9.845076663108478510e-01
5.618729096989966075e-09 9.839485704563679658e-01
5.719063545150500829e-09 9.833800751956970343e-01
5.819397993311035583e-09 9.828022158094781302e-01
5.919732441471571164e-09 9.822150281288232199e-01
6.020066889632105918e-09 9.816185485315462866e-01
6.120401337792641499e-09 9.810128139383416102e-01
6.220735785953176253e-09 9.803978618089089769e-01
6.321070234113711835e-09 9.797737301380231578e-01
6.421404682274246589e-09 9.791404574515518711e-01
6.521739130434781343e-09 9.784980828024211208e-01
6.622073578595316924e-09 9.778466457665280220e-01
6.722408026755851678e-09 9.771861864386017782e-01
6.822742474916387259e-09 9.765167454280158088e-01
6.923076923076922013e-09 9.758383638545470307e-01
7.023411371237457594e-09 9.751510833440872883e-01
7.123745819397992348e-09 9.744549460243052685e-01
7.224080267558527102e-09 9.737499945202604534e-01
7.324414715719062683e-09 9.730362719499666690e-01
7.424749163879597437e-09 9.723138219199131127e-01
7.525083612040133018e-09 9.715826885205339769e-01
7.625418060200667772e-09 9.708429163216355517e-01
7.725752508361202526e-09 9.700945503677760318e-01
7.826086956521737280e-09 9.693376361736011360e-01
7.926421404682273689e-09 9.685722197191364291e-01
8.026755852842808442e-09 9.677983474450351231e-01
8.127090301003343196e-09 9.670160662477842450e-01
8.227424749163877950e-09 9.662254234748667292e-01
8.327759197324414359e-09 9.654264669198858728e-01
8.428093645484949113e-09 9.646192448176432732e-01
8.528428093645483867e-09 9.638038058391839025e-01
8.628762541806018621e-09 9.629801990867952188e-01
8.729096989966553375e-09 9.621484740889720833e-01
8.829431438127089783e-09 9.613086807953408197e-01
8.929765886287624537e-09 9.604608695715479705e-01
9.030100334448159291e-09 9.596050911941101935e-01
9.130434782608694045e-09 9.587413968452319635e-01
9.230769230769228799e-09 9.578698381075847479e-01
9.331103678929765207e-09 9.569904669590523216e-01
9.431438127090299961e-09 9.561033357674426636e-01
9.531772575250834715e-09 9.552084972851686562e-01
9.632107023411369469e-09 9.543060046438928135e-01
9.732441471571904223e-09 9.533959113491439208e-01
9.832775919732440632e-09 9.524782712749002567e-01
9.933110367892975386e-09 9.515531386581448370e-01
1.003344481605351014e-08 9.506205680933889068e-01
1.013377926421404489e-08 9.496806145271698973e-01
1.023411371237458130e-08 9.487333332525182961e-01
1.033444816053511606e-08 9.477787799033999816e-01
1.043478260869565081e-08 9.468170104491299144e-01
1.053511705685618556e-08 9.458480811887626238e-01
1.063545150501672032e-08 9.448720487454556061e-01
1.073578595317725673e-08 9.438889700608109612e-01
1.083612040133779148e-08 9.428989023891896082e-01
1.093645484949832623e-08 9.419019032920092904e-01
1.103678929765886099e-08 9.408980306320142706e-01
1.113712374581939574e-08 9.398873425675279281e-01
1.123745819397993215e-08 9.388698975466842622e-01
1.133779264214046690e-08 9.378457543016394116e-01
1.143812709030100166e-08 9.368149718427636330e-01
1.153846153846153641e-08 9.357776094528181821e-01
1.163879598662207117e-08 9.347337266811119871e-01
1.173913043478260757e-08 9.336833833376431135e-01
1.183946488294314233e-08 9.326266394872250176e-01
1.193979933110367708e-08 9.315635554435979238e-01
1.204013377926421184e-08 9.304941917635239923e-01
1.214046822742474824e-08 9.294186092408736055e-01
1.224080267558528300e-08 9.283368689006938901e-01
1.234113712374581775e-08 9.272490319932698011e-01
1.244147157190635251e-08 9.261551599881719943e-01
1.254180602006688726e-08 9.250553145682953726e-01
1.264214046822742367e-08 9.239495576238876406e-01
1.274247491638795842e-08 9.228379512465696433e-01
1.284280936454849318e-08 9.217205577233479330e-01
1.294314381270902793e-08 9.205974395306213420e-01
1.304347826086956269e-08 9.194686593281777842e-01
1.314381270903009909e-08 9.183342799531898359e-01
1.324414715719063385e-08 9.171943644142035446e-01
1.334448160535116860e-08 9.160489758851227959e-01
1.344481605351170336e-08 9.148981776991919057e-01
1.354515050167223811e-08 9.137420333429755459e-01
1.364548494983277452e-08 9.125806064503348969e-01
1.374581939799330927e-08 9.114139607964076850e-01
1.384615384615384403e-08 9.102421602915828913e-01
1.394648829431437878e-08 9.090652689754801230e-01
1.404682274247491519e-08 9.078833510109280969e-01
1.414715719063544994e-08 9.066964706779468974e-01
1.424749163879598470e-08 9.055046923677312343e-01
1.434782608695651945e-08 9.043080805766420260e-01
1.444816053511705420e-08 9.031066999001955420e-01
1.454849498327759061e-08 9.019006150270647559e-01
1.464882943143812537e-08 9.006898907330821435e-01
1.474916387959866012e-08 8.994745918752512504e-01
1.484949832775919487e-08 8.982547833857662534e-01
1.494983277591973128e-08 8.970305302660378510e-01
1.505016722408026604e-08 8.958018975807300333e-01
1.515050167224080079e-08 8.945689504518062884e-01
1.525083612040133554e-08 8.933317540525863576e-01
1.535117056856187030e-08 8.920903736018136465e-01
1.545150501672240505e-08 8.908448743577346285e-01
1.555183946488293981e-08 8.895953216121930129e-01
1.565217391304347456e-08 8.883417806847341280e-01
1.575250836120401262e-08 8.870843169167268449e-01
1.585284280936454738e-08 8.858229956654976034e-01
1.595317725752508213e-08 8.845578822984820899e-01
1.605351170568561688e-08 8.832890421873924591e-01
1.615384615384615164e-08 8.820165407024006532e-01
1.625418060200668639e-08 8.807404432063420385e-01
1.635451505016722115e-08 8.794608150489344744e-01
1.645484949832775590e-08 8.781777215610190312e-01
1.655518394648829065e-08 8.768912280488193600e-01
1.665551839464882872e-08 8.756013997882212685e-01
1.675585284280936347e-08 8.743083020190742793e-01
1.685618729096989823e-08 8.730119999395152819e-01
1.695652173913043298e-08 8.717125587003132781e-01
1.705685618729096773e-08 8.704100433992391084e-01
1.715719063545150249e-08 8.691045190754583816e-01
1.725752508361203724e-08 8.677960507039477189e-01
1.735785953177257200e-08 8.664847031899389762e-01
1.745819397993310675e-08 8.651705413633860031e-01
1.755852842809364150e-08 8.638536299734614898e-01
1.765886287625417957e-08 8.625340336830769061e-01
1.775919732441471432e-08 8.612118170634335268e-01
1.785953177257524907e-08 8.598870445885997693e-01
1.795986622073578383e-08 8.585597806301190626e-01
1.806020066889631858e-08 8.572300894516463599e-01
1.816053511705685334e-08 8.558980352036142936e-01
1.826086956521738809e-08 8.545636819179315280e-01
1.836120401337792284e-08 8.532270935027110870e-01
1.846153846153845760e-08 8.518883337370326547e-01
1.856187290969899566e-08 8.505474662657352969e-01
1.866220735785953041e-08 8.492045545942435991e-01
1.876254180602006517e-08 8.478596620834294439e-01
1.886287625418059992e-08 8.465128519445050959e-01
1.896321070234113468e-08 8.451641872339543671e-01
1.906354515050166943e-08 8.438137308484955357e-01
1.916387959866220418e-08 8.424615455200842318e-01
1.926421404682273894e-08 8.411076938109485202e-01
1.936454849498327369e-08 8.397522381086641730e-01
1.946488294314380845e-08 8.383952406212655806e-01
1.956521739130434651e-08 8.370367633723967415e-01
1.966555183946488126e-08 8.356768681964973355e-01
1.976588628762541602e-08 8.343156167340306517e-01
1.986622073578595077e-08 8.329530704267508190e-01
1.996655518394648553e-08 8.315892905130085611e-01
2.006688963210702028e-08 8.302243380230978076e-01
2.016722408026755503e-08 8.288582737746446050e-01
2.026755852842808979e-08 8.274911583680352178e-01
2.036789297658862454e-08 8.261230521818883066e-01
2.046822742474916260e-08 8.247540153685674058e-01
2.056856187290969736e-08 8.233841078497373678e-01
2.066889632107023211e-08 8.220133893119633273e-01
2.076923076923076687e-08 8.206419192023542974e-01
2.086956521739130162e-08 8.192697567242481771e-01
2.096989966555183637e-08 8.178969608329452745e-01
2.107023411371237113e-08 8.165235902314815775e-01
2.117056856187290588e-08 8.151497033664522052e-01
2.127090301003344064e-08 8.137753584238767157e-01
2.137123745819397539e-08 8.124006133251120421e-01
2.147157190635451345e-08 8.110255257228120573e-01
2.157190635451504821e-08 8.096501529969318822e-01
2.167224080267558296e-08 8.082745522507815972e-01
2.177257525083611771e-08 8.068987803071254739e-01
2.187290969899665247e-08 8.055228937043299453e-01
2.197324414715718722e-08 8.041469486925600929e-01
2.207357859531772198e-08 8.027710012300217635e-01
2.217391304347825673e-08 8.013951069792557558e-01
2.227424749163879148e-08 8.000193213034793027e-01
2.237458193979932955e-08 7.986436992629762921e-01
2.247491638795986430e-08 7.972682956115377806e-01
2.257525083612039905e-08 7.958931647929531339e-01
2.267558528428093381e-08 7.945183609375487954e-01
2.277591973244146856e-08 7.931439378587799016e-01
2.287625418060200332e-08 7.917699490498708581e-01
2.297658862876253807e-08 7.903964476805083184e-01
2.307692307692307282e-08 7.890234865935826791e-01
2.317725752508360758e-08 7.876511183019839768e-01
2.327759197324414233e-08 7.862793949854460784e-01
2.337792642140468040e-08 7.849083684874461619e-01
2.347826086956521515e-08 7.835380903121522689e-01
2.357859531772574990e-08 7.821686116214260354e-01
2.367892976588628466e-08 7.807999832318761602e-01
2.377926421404681941e-08 7.794322556119642753e-01
2.387959866220735417e-08 7.780654788791645515e-01
2.397993311036788892e-08 7.766997027971745959e-01
2.408026755852842367e-08 7.753349767731804176e-01
2.418060200668895843e-08 7.739713498551741289e-01
2.428093645484949649e-08 7.726088707293248259e-01
2.438127090301003124e-08 7.712475877174018724e-01
2.448160535117056600e-08 7.698875487742539159e-01
2.458193979933110075e-08 7.685288014853385308e-01
2.468227424749163551e-08 7.671713930643075940e-01
2.478260869565217026e-08 7.658153703506460630e-01
2.488294314381270501e-08 7.644607798073632665e-01
2.498327759197323977e-08 7.631076675187401515e-01
2.508361204013377452e-08 7.617560791881279325e-01
2.518394648829430928e-08 7.604060601358034743e-01
2.528428093645484734e-08 7.590576552968760771e-01
2.538461538461538209e-08 7.577109092192506612e-01
2.548494983277591685e-08 7.563658660616427998e-01
2.558528428093645160e-08 7.550225695916502611e-01
2.568561872909698635e-08 7.536810631838763985e-01
2.578595317725752111e-08 7.523413898181083859e-01
2.588628762541805586e-08 7.510035920775517404e-01
2.598662207357859062e-08 7.496677121471151395e-01
2.608695652173912537e-08 7.483337918117518583e-01
2.618729096989966343e-08 7.470018724548549427e-01
2.628762541806019819e-08 7.456719950567058941e-01
2.638795986622073294e-08 7.443442001929777563e-01
2.648829431438126769e-08 7.430185280332913811e-01
2.658862876254180245e-08 7.416950183398263174e-01
2.668896321070233720e-08 7.403737104659862123e-01
2.678929765886287196e-08 7.390546433551149486e-01
2.688963210702340671e-08 7.377378555392702930e-01
2.698996655518394146e-08 7.364233851380479479e-01
2.709030100334447622e-08 7.351112698574606696e-01
2.719063545150501428e-08 7.338015469888705677e-01
2.729096989966554904e-08 7.324942534079733614e-01
2.739130434782608379e-08 7.311894255738382586e-01
2.749163879598661854e-08 7.298870995279965745e-01
2.759197324414715330e-08 7.285873108935887466e-01
2.769230769230768805e-08 7.272900948745578686e-01
2.779264214046822281e-08 7.259954862549014010e-01
2.789297658862875756e-08 7.247035193979712853e-01
2.799331103678929231e-08 7.234142282458269069e-01
2.809364548494983038e-08 7.221276463186419026e-01
2.819397993311036513e-08 7.208438067141609285e-01
2.829431438127089988e-08 7.195627421072079422e-01
2.839464882943143464e-08 7.182844847492474427e-01
2.849498327759196939e-08 7.170090664679953374e-01
2.859531772575250415e-08 7.157365186670813229e-01
2.869565217391303890e-08 7.144668723257616705e-01
2.879598662207357365e-08 7.132001579986845252e-01
2.889632107023410841e-08 7.119364058157012787e-01
2.899665551839464316e-08 7.106756454817326762e-01
2.909698996655518122e-08 7.094179062766808874e-01
2.919732441471571598e-08 7.081632170553945338e-01
2.929765886287625073e-08 7.069116062476797913e-01
2.939799331103678549e-08 7.056631018583624515e-01
2.949832775919732024e-08 7.044177314673973900e-01
2.959866220735785499e-08 7.031755222300287711e-01
2.969899665551838975e-08 7.019365008769951064e-01
2.979933110367892450e-08 7.007006937147851611e-01
2.989966555183946256e-08 6.994681266259398233e-01
2.999999999999999732e-08 6.982388250694003817e-01
