0.000000000000000000e+00 9.999999999999995559e-01
1.003344481605351029e-10 9.999853708284514031e-01
2.006688963210702059e-10 9.999414859269498690e-01
3.010033444816052959e-10 9.998683531341393538e-01
4.013377926421404118e-10 9.997659855118004035e-01
5.016722408026755277e-10 9.996344013409135254e-01
6.020066889632105918e-10 9.994736241161482626e-01
7.023411371237457594e-10 9.992836825387833022e-01
8.026755852842808236e-10 9.990646105080572825e-01
9.030100334448158877e-10 9.988164471109567399e-01
1.003344481605351055e-09 9.985392366104427486e-01
1.103678929765886223e-09 9.982330284321235814e-01
1.204013377926421184e-09 9.978978771493753896e-01
1.304347826086956351e-09 9.975338424669200066e-01
1.404682274247491519e-09 9.971409892028654243e-01
1.505016722408026480e-09 9.967193872692140522e-01
1.605351170568561647e-09 9.962691116508499700e-01
1.705685618729096815e-09 9.957902423830117256e-01
1.806020066889631775e-09 9.952828645272602248e-01
1.906354515050166943e-09 9.947470681459482655e-01
2.006688963210702111e-09 9.941829482752088110e-01
2.107023411371237278e-09 9.935906048964656678e-01
2.207357859531772446e-09 9.929701429064814455e-01
2.307692307692307200e-09 9.923216720859533435e-01
2.408026755852842367e-09 9.916453070666733094e-01
2.508361204013377535e-09 9.909411672972581187e-01
2.608695652173912702e-09 9.902093770074683610e-01
2.709030100334447870e-09 9.894500651711324313e-01
2.809364548494983038e-09 9.886633654676830751e-01
2.909698996655517792e-09 9.878494162423284708e-01
3.010033444816052959e-09 9.870083604648699493e-01
3.110367892976588127e-09 9.861403456871843387e-01
3.210702341137123294e-09 9.852455239993873626e-01
3.311036789297658462e-09 9.843240519846941927e-01
3.411371237458193629e-09 9.833760906729979157e-01
3.511705685618728797e-09 9.824018054931813460e-01
3.612040133779263551e-09 9.814013662241815039e-01
3.712374581939798719e-09 9.803749469448287401e-01
3.812709030100333886e-09 9.793227259824761610e-01
3.913043478260868640e-09 9.782448858604426700e-01
4.013377926421404221e-09 9.771416132442893865e-01
4.113712374581938975e-09 9.760130988869499813e-01
4.214046822742474556e-09 9.748595375727374668e-01
4.314381270903009310e-09 9.736811280602480911e-01
4.414715719063544892e-09 9.724780730241857629e-01
4.515050167224079646e-09 9.712505789961300984e-01
4.615384615384614399e-09 9.699988563042697409e-01
4.715719063545149981e-09 9.687231190121257107e-01
4.816053511705684735e-09 9.674235848562880991e-01
4.916387959866220316e-09 9.661004751831907544e-01
5.016722408026755070e-09 9.647540148849484964e-01
5.117056856187290651e-09 9.633844323342801719e-01
5.217391304347825405e-09 9.619919593185459750e-01
5.317725752508360159e-09 9.605768309729222354e-01
5.418060200668895740e-09 9.591392857127387650e-01
5.518394648829430494e-09 9.576795651650075181e-01
5.618729096989966075e-09 9.561979140991674342e-01
5.719063545150500829e-09 9.546945803570712208e-01
5.819397993311035583e-09 9.531698147822424971e-01
5.919732441471571164e-09 9.516238711484305002e-01
6.020066889632105918e-09 9.500570060874874434e-01
6.120401337792641499e-09 9.484694790165990597e-01
6.220735785953176253e-09 9.468615520648941963e-01
6.321070234113711835e-09 9.452334899994617734e-01
6.421404682274246589e-09 9.435855601508023049e-01
6.521739130434781343e-09 9.419180323377455144e-01
6.622073578595316924e-09 9.402311787918580244e-01
6.722408026755851678e-09 9.385252740813723182e-01
6.822742474916387259e-09 9.368005950346648403e-01
6.923076923076922013e-09 9.350574206633130991e-01
7.023411371237457594e-09 9.332960320847585312e-01
7.123745819397992348e-09 9.315167124446053215e-01
7.224080267558527102e-09 9.297197468385847152e-01
7.324414715719062683e-09 9.279054222342119074e-01
7.424749163879597437e-09 9.260740273921681531e-01
7.525083612040133018e-09 9.242258527874313012e-01
7.625418060200667772e-09 9.223611905301913882e-01
7.725752508361202526e-09 9.204803342865727211e-01
7.826086956521737280e-09 9.185835791991977528e-01
7.926421404682273689e-09 9.166712218076200624e-01
8.026755852842808442e-09 9.147435599686505325e-01
8.127090301003343196e-09 9.128008927766146918e-01
8.227424749163877950e-09 9.108435204835629850e-01
8.327759197324414359e-09 9.088717444194651662e-01
8.428093645484949113e-09 9.068858669124186811e-01
8.528428093645483867e-09 9.048861912088975723e-01
8.628762541806018621e-09 9.028730213940721061e-01
8.729096989966553375e-09 9.008466623122263206e-01
8.829431438127089783e-09 8.988074194873031386e-01
8.929765886287624537e-09 8.967555990436031355e-01
9.030100334448159291e-09 8.946915076266686029e-01
9.130434782608694045e-09 8.926154523243738925e-01
9.230769230769228799e-09 8.905277405882577879e-01
9.331103678929765207e-09 8.884286801551216639e-01
9.431438127090299961e-09 8.863185789689159710e-01
9.531772575250834715e-09 8.841977451029507939e-01
9.632107023411369469e-09 8.820664866824513561e-01
9.732441471571904223e-09 8.799251118074847833e-01
9.832775919732440632e-09 8.777739284762892114e-01
9.933110367892975386e-09 8.756132445090238914e-01
1.003344481605351014e-08 8.734433674719734864e-01
1.013377926421404489e-08 8.712646046022249902e-01
1.023411371237458130e-08 8.690772627328494648e-01
1.033444816053511606e-08 8.668816482186050276e-01
1.043478260869565081e-08 8.646780668621951715e-01
1.053511705685618556e-08 8.624668238410955201e-01
1.063545150501672032e-08 8.602482236349848765e-01
1.073578595317725673e-08 8.580225699537917805e-01
1.083612040133779148e-08 8.557901656663902124e-01
1.093645484949832623e-08 8.535513127299599878e-01
1.103678929765886099e-08 8.513063121200366012e-01
1.113712374581939574e-08 8.490554637612731659e-01
1.123745819397993215e-08 8.467990664589358785e-01
1.133779264214046690e-08 8.445374178311515490e-01
1.143812709030100166e-08 8.422708142419309540e-01
1.153846153846153641e-08 8.399995507349877766e-01
1.163879598662207117e-08 8.377239209683702281e-01
1.173913043478260757e-08 8.354442171499292247e-01
1.183946488294314233e-08 8.331607299736383254e-01
1.193979933110367708e-08 8.308737485567848635e-01
1.204013377926421184e-08 8.285835603780534742e-01
1.214046822742474824e-08 8.262904512165129001e-01
1.224080267558528300e-08 8.239947050915307214e-01
1.234113712374581775e-08 8.216966042036278894e-01
1.244147157190635251e-08 8.193964288762906056e-01
1.254180602006688726e-08 8.170944574987548670e-01
1.264214046822742367e-08 8.147909664697796650e-01
1.274247491638795842e-08 8.124862301424241595e-01
1.284280936454849318e-08 8.101805207698389300e-01
1.294314381270902793e-08 8.078741084520909554e-01
1.304347826086956269e-08 8.055672610840327597e-01
1.314381270903009909e-08 8.032602443042251572e-01
1.324414715719063385e-08 8.009533214449318095e-01
1.334448160535116860e-08 7.986467534831938053e-01
1.344481605351170336e-08 7.963407989929952580e-01
1.354515050167223811e-08 7.940357140985305762e-01
1.364548494983277452e-08 7.917317524285858443e-01
1.374581939799330927e-08 7.894291650720407505e-01
1.384615384615384403e-08 7.871282005345016097e-01
1.394648829431437878e-08 7.848291046960745865e-01
1.404682274247491519e-08 7.825321207702845561e-01
1.414715719063544994e-08 7.802374892641505966e-01
1.424749163879598470e-08 7.779454479394219968e-01
1.434782608695651945e-08 7.756562317749821078e-01
1.444816053511705420e-08 7.733700729304272548e-01
1.454849498327759061e-08 7.710872007108222626e-01
1.464882943143812537e-08 7.688078415326430326e-01
1.474916387959866012e-08 7.665322188909030610e-01
1.484949832775919487e-08 7.642605533274757779e-01
1.494983277591973128e-08 7.619930624006084896e-01
1.505016722408026604e-08 7.597299606556352503e-01
1.515050167224080079e-08 7.574714595968875530e-01
1.525083612040133554e-08 7.552177676608085033e-01
1.535117056856187030e-08 7.529690901902666988e-01
1.545150501672240505e-08 7.507256294100721483e-01
1.555183946488293981e-08 7.484875844036970038e-01
1.565217391304347456e-08 7.462551510911963337e-01
1.575250836120401262e-08 7.440285222083293792e-01
1.585284280936454738e-08 7.418078872868811846e-01
1.595317725752508213e-08 7.395934326361794930e-01
1.605351170568561688e-08 7.373853413258079081e-01
1.615384615384615164e-08 7.351837931695088812e-01
1.625418060200668639e-08 7.329889647102751926e-01
1.635451505016722115e-08 7.308010292066253744e-01
1.645484949832775590e-08 7.286201566200557478e-01
1.655518394648829065e-08 7.264465136036711845e-01
1.665551839464882872e-08 7.242802634919776050e-01
1.675585284280936347e-08 7.221215662918443190e-01
1.685618729096989823e-08 7.199705786746140035e-01
1.695652173913043298e-08 7.178274539693714207e-01
1.705685618729096773e-08 7.156923421573427868e-01
1.715719063545150249e-08 7.135653898674385598e-01
1.725752508361203724e-08 7.114467403729149986e-01
1.735785953177257200e-08 7.093365335891558265e-01
1.745819397993310675e-08 7.072349060725604541e-01
1.755852842809364150e-08 7.051419910205299901e-01
1.765886287625417957e-08 7.030579182725414933e-01
1.775919732441471432e-08 7.009828143122989186e-01
1.785953177257524907e-08 6.989168022709537631e-01
1.795986622073578383e-08 6.968600019313775373e-01
1.806020066889631858e-08 6.948125297334806216e-01
1.816053511705685334e-08 6.927744987805631860e-01
1.826086956521738809e-08 6.907460188466850726e-01
1.836120401337792284e-08 6.887271963850439827e-01
1.846153846153845760e-08 6.867181345373463142e-01
1.856187290969899566e-08 6.847189331441617677e-01
1.866220735785953041e-08 6.827296887562404049e-01
1.876254180602006517e-08 6.807504946467884954e-01
1.886287625418059992e-08 6.787814408246789499e-01
1.896321070234113468e-08 6.768226140485880116e-01
1.906354515050166943e-08 6.748740978420406655e-01
1.916387959866220418e-08 6.729359725093509992e-01
1.926421404682273894e-08 6.710083151524398604e-01
1.936454849498327369e-08 6.690911996885177127e-01
1.946488294314380845e-08 6.671846968686112600e-01
1.956521739130434651e-08 6.652888742969242930e-01
1.966555183946488126e-08 6.634037964510111074e-01
1.976588628762541602e-08 6.615295247027466186e-01
1.986622073578595077e-08 6.596661173400785172e-01
1.996655518394648553e-08 6.578136295895440355e-01
2.006688963210702028e-08 6.559721136395292307e-01
2.016722408026755503e-08 6.541416186642603492e-01
2.026755852842808979e-08 6.523221908485057341e-01
2.036789297658862454e-08 6.505138734129695122e-01
2.046822742474916260e-08 6.487167066403611848e-01
2.056856187290969736e-08 6.469307279021233592e-01
2.066889632107023211e-08 6.451559716857965254e-01
2.076923076923076687e-08 6.433924696230044482e-01
2.086956521739130162e-08 6.416402505180432980e-01
2.096989966555183637e-08 6.398993403770507626e-01
2.107023411371237113e-08 6.381697624377432598e-01
2.117056856187290588e-08 6.364515371996952720e-01
2.127090301003344064e-08 6.347446824551490341e-01
2.137123745819397539e-08 6.330492133203287075e-01
2.147157190635451345e-08 6.313651422672458269e-01
2.157190635451504821e-08 6.296924791559734835e-01
2.167224080267558296e-08 6.280312312673715924e-01
2.177257525083611771e-08 6.263814033362447020e-01
2.187290969899665247e-08 6.247429975849101425e-01
2.197324414715718722e-08 6.231160137571623014e-01
2.207357859531772198e-08 6.215004491526094910e-01
2.217391304347825673e-08 6.198962986613667514e-01
2.227424749163879148e-08 6.183035547990854974e-01
2.237458193979932955e-08 6.167222077422997994e-01
2.247491638795986430e-08 6.151522453640706489e-01
2.257525083612039905e-08 6.135936532699105550e-01
2.267558528428093381e-08 6.120464148339679333e-01
2.277591973244146856e-08 6.105105112354546337e-01
2.287625418060200332e-08 6.089859214952946243e-01
2.297658862876253807e-08 6.074726225129787327e-01
2.307692307692307282e-08 6.059705891036054615e-01
2.317725752508360758e-08 6.044797940350885579e-01
2.327759197324414233e-08 6.030002080655152419e-01
2.337792642140468040e-08 6.015317999806346627e-01
2.347826086956521515e-08 6.000745366314605977e-01
2.357859531772574990e-08 5.986283829719707406e-01
2.367892976588628466e-08 5.971933020968805961e-01
2.377926421404681941e-08 5.957692552794812135e-01
2.387959866220735417e-08 5.943562020095187748e-01
2.397993311036788892e-08 5.929541000310994958e-01
2.408026755852842367e-08 5.915629053806039650e-01
2.418060200668895843e-08 5.901825724245940430e-01
2.428093645484949649e-08 5.888130538976956707e-01
2.438127090301003124e-08 5.874543009404389338e-01
2.448160535117056600e-08 5.861062631370437259e-01
2.458193979933110075e-08 5.847688885531314718e-01
2.468227424749163551e-08 5.834421237733481425e-01
2.478260869565217026e-08 5.821259139388839099e-01
2.488294314381270501e-08 5.808202027848732296e-01
2.498327759197323977e-08 5.795249326776613641e-01
2.508361204013377452e-08 5.782400446519215809e-01
2.518394648829430928e-08 5.769654784476093701e-01
2.528428093645484734e-08 5.757011725467389152e-01
2.538461538461538209e-08 5.744470642099694935e-01
2.548494983277591685e-08 5.732030895129853754e-01
2.558528428093645160e-08 5.719691833826580085e-01
2.568561872909698635e-08 5.707452796329774980e-01
2.578595317725752111e-08 5.695313110007398372e-01
2.588628762541805586e-08 5.683272091809766779e-01
2.598662207357859062e-08 5.671329048621174262e-01
2.608695652173912537e-08 5.659483277608712282e-01
2.618729096989966343e-08 5.647734066568149691e-01
2.628762541806019819e-08 5.636080694266806246e-01
2.638795986622073294e-08 5.624522430783259752e-01
2.648829431438126769e-08 5.613058537843821361e-01
2.658862876254180245e-08 5.601688269155652433e-01
2.668896321070233720e-08 5.590410870736437499e-01
2.678929765886287196e-08 5.579225581240503384e-01
2.688963210702340671e-08 5.568131632281306809e-01
2.698996655518394146e-08 5.557128248750189403e-01
2.709030100334447622e-08 5.546214649131314678e-01
2.719063545150501428e-08 5.535390045812718096e-01
2.729096989966554904e-08 5.524653645393373669e-01
2.739130434782608379e-08 5.514004648986202684e-01
2.749163879598661854e-08 5.503442252516961286e-01
2.759197324414715330e-08 5.492965647018942521e-01
2.769230769230768805e-08 5.482574018923402903e-01
2.779264214046822281e-08 5.472266550345671332e-01
2.789297658862875756e-08 5.462042419366889279e-01
2.799331103678929231e-08 5.451900800311276774e-01
2.809364548494983038e-08 5.441840864018963053e-01
2.819397993311036513e-08 5.431861778114230876e-01
2.829431438127089988e-08 5.421962707269201154e-01
2.839464882943143464e-08 5.412142813462889057e-01
2.849498327759196939e-08 5.402401256235600524e-01
2.859531772575250415e-08 5.392737192938605872e-01
2.869565217391303890e-08 5.383149778979130495e-01
2.879598662207357365e-08 5.373638168060532738e-01
2.889632107023410841e-08 5.364201512417735573e-01
2.899665551839464316e-08 5.354838963047845457e-01
2.909698996655518122e-08 5.345549669935930615e-01
2.919732441471571598e-08 5.336332782275987618e-01
2.929765886287625073e-08 5.327187448687032978e-01
2.939799331103678549e-08 5.318112817424351935e-01
2.949832775919732024e-08 5.309108036585870050e-01
2.959866220735785499e-08 5.300172254313678666e-01
2.969899665551838975e-08 5.291304618990667619e-01
2.979933110367892450e-08 5.282504279432315153e-01
2.989966555183946256e-08 5.273770385073613953e-01
2.999999999999999732e-08 5.265102086151168814e-01
