0.000000000000000000e+00 9.999999999999995559e-01
1.003344481605351029e-10 9.999998849152624825e-01
2.006688963210702059e-10 9.999995396612131326e-01
3.010033444816052959e-10 9.999989642383362298e-01
4.013377926421404118e-10 9.999981586474410156e-01
5.016722408026755277e-10 9.999971228896586961e-01
6.020066889632105918e-10 9.999958569664454400e-01
7.023411371237457594e-10 9.999943608795800465e-01
8.026755852842808236e-10 9.999926346311646119e-01
9.030100334448158877e-10 9.999906782236253067e-01
1.003344481605351055e-09 9.999884916597110429e-01
1.103678929765886223e-09 9.999860749424944739e-01
1.204013377926421184e-09 9.999834280753714388e-01
1.304347826086956351e-09 9.999805510620616289e-01
1.404682274247491519e-09 9.999774439066075882e-01
1.505016722408026480e-09 9.999741066133757128e-01
1.605351170568561647e-09 9.999705391870553628e-01
1.705685618729096815e-09 9.999667416326595282e-01
1.806020066889631775e-09 9.999627139555242739e-01
1.906354515050166943e-09 9.999584561613096279e-01
2.006688963210702111e-09 9.999539682559980269e-01
2.107023411371237278e-09 9.999492502458958709e-01
2.207357859531772446e-09 9.999443021376327456e-01
2.307692307692307200e-09 9.999391239381609786e-01
2.408026755852842367e-09 9.999337156547567496e-01
2.508361204013377535e-09 9.999280772950198681e-01
2.608695652173912702e-09 9.999222088668723307e-01
2.709030100334447870e-09 9.999161103785596527e-01
2.809364548494983038e-09 9.999097818386507575e-01
2.909698996655517792e-09 9.999032232560383093e-01
3.010033444816052959e-09 9.998964346399367153e-01
3.110367892976588127e-09 9.998894159998847897e-01
3.210702341137123294e-09 9.998821673457437553e-01
3.311036789297658462e-09 9.998746886876976880e-01
3.411371237458193629e-09 9.998669800362546267e-01
3.511705685618728797e-09 9.998590414022449080e-01
3.612040133779263551e-09 9.998508727968223875e-01
3.712374581939798719e-09 9.998424742314632185e-01
3.812709030100333886e-09 9.998338457179666294e-01
3.913043478260868640e-09 9.998249872684554784e-01
4.013377926421404221e-09 9.998158988953750326e-01
4.113712374581938975e-09 9.998065806114933007e-01
4.214046822742474556e-09 9.997970324299013667e-01
4.314381270903009310e-09 9.997872543640127230e-01
4.414715719063544892e-09 9.997772464275641591e-01
4.515050167224079646e-09 9.997670086346144291e-01
4.615384615384614399e-09 9.997565409995462504e-01
4.715719063545149981e-09 9.997458435370638608e-01
4.816053511705684735e-09 9.997349162621942398e-01
4.916387959866220316e-09 9.997237591902879972e-01
5.016722408026755070e-09 9.997123723370169301e-01
5.117056856187290651e-09 9.997007557183759108e-01
5.217391304347825405e-09 9.996889093506828861e-01
5.317725752508360159e-09 9.996768332505775456e-01
5.418060200668895740e-09 9.996645274350218768e-01
5.518394648829430494e-09 9.996519919213009420e-01
5.618729096989966075e-09 9.996392267270213239e-01
5.719063545150500829e-09 9.996262318701125693e-01
5.819397993311035583e-09 9.996130073688260786e-01
5.919732441471571164e-09 9.995995532417356610e-01
6.020066889632105918e-09 9.995858695077369793e-01
6.120401337792641499e-09 9.995719561860483271e-01
6.220735785953176253e-09 9.995578132962089635e-01
6.321070234113711835e-09 9.995434408580819996e-01
6.421404682274246589e-09 9.995288388918504019e-01
6.521739130434781343e-09 9.995140074180209888e-01
6.622073578595316924e-09 9.994989464574208782e-01
6.722408026755851678e-09 9.994836560312000406e-01
6.822742474916387259e-09 9.994681361608299675e-01
6.923076923076922013e-09 9.994523868681036705e-01
7.023411371237457594e-09 9.994364081751361262e-01
7.123745819397992348e-09 9.994202001043631656e-01
7.224080267558527102e-09 9.994037626785434725e-01
7.324414715719062683e-09 9.993870959207560301e-01
7.424749163879597437e-09 9.993701998544024523e-01
7.525083612040133018e-09 9.993530745032042084e-01
7.625418060200667772e-09 9.993357198912058426e-01
7.725752508361202526e-09 9.993181360427716431e-01
7.826086956521737280e-09 9.993003229825884182e-01
7.926421404682273689e-09 9.992822807356633863e-01
8.026755852842808442e-09 9.992640093273249535e-01
8.127090301003343196e-09 9.992455087832226024e-01
8.227424749163877950e-09 9.992267791293272250e-01
8.327759197324414359e-09 9.992078203919301238e-01
8.428093645484949113e-09 9.991886325976434557e-01
8.528428093645483867e-09 9.991692157734006763e-01
8.628762541806018621e-09 9.991495699464556512e-01
8.729096989966553375e-09 9.991296951443831009e-01
8.829431438127089783e-09 9.991095913950777119e-01
8.929765886287624537e-09 9.990892587267558023e-01
9.030100334448159291e-09 9.990686971679531014e-01
9.130434782608694045e-09 9.990479067475264152e-01
9.230769230769228799e-09 9.990268874946530708e-01
9.331103678929765207e-09 9.990056394388299177e-01
9.431438127090299961e-09 9.989841626098743266e-01
9.531772575250834715e-09 9.989624570379243007e-01
9.632107023411369469e-09 9.989405227534373655e-01
9.732441471571904223e-09 9.989183597871906795e-01
9.832775919732440632e-09 9.988959681702825888e-01
9.933110367892975386e-09 9.988733479341298516e-01
1.003344481605351014e-08 9.988504991104700803e-01
1.013377926421404489e-08 9.988274217313596326e-01
1.023411371237458130e-08 9.988041158291753874e-01
1.033444816053511606e-08 9.987805814366131907e-01
1.043478260869565081e-08 9.987568185866887438e-01
1.053511705685618556e-08 9.987328273127367151e-01
1.063545150501672032e-08 9.987086076484117392e-01
1.073578595317725673e-08 9.986841596276860855e-01
1.083612040133779148e-08 9.986594832848534331e-01
1.093645484949832623e-08 9.986345786545250958e-01
1.103678929765886099e-08 9.986094457716313544e-01
1.113712374581939574e-08 9.985840846714216790e-01
1.123745819397993215e-08 9.985584953894652838e-01
1.133779264214046690e-08 9.985326779616481296e-01
1.143812709030100166e-08 9.985066324241763658e-01
1.153846153846153641e-08 9.984803588135743313e-01
1.163879598662207117e-08 9.984538571666845552e-01
1.173913043478260757e-08 9.984271275206684226e-01
1.183946488294314233e-08 9.984001699130051755e-01
1.193979933110367708e-08 9.983729843814923566e-01
1.204013377926421184e-08 9.983455709642460318e-01
1.214046822742474824e-08 9.983179296996994578e-01
1.224080267558528300e-08 9.982900606266048582e-01
1.234113712374581775e-08 9.982619637840317584e-01
1.244147157190635251e-08 9.982336392113672074e-01
1.254180602006688726e-08 9.982050869483163336e-01
1.264214046822742367e-08 9.981763070349016775e-01
1.274247491638795842e-08 9.981472995114637481e-01
1.284280936454849318e-08 9.981180644186593565e-01
1.294314381270902793e-08 9.980886017974632818e-01
1.304347826086956269e-08 9.980589116891678270e-01
1.314381270903009909e-08 9.980289941353813754e-01
1.324414715719063385e-08 9.979988491780302784e-01
1.334448160535116860e-08 9.979684768593573008e-01
1.344481605351170336e-08 9.979378772219222871e-01
1.354515050167223811e-08 9.979070503086012733e-01
1.364548494983277452e-08 9.978759961625873753e-01
1.374581939799330927e-08 9.978447148273900114e-01
1.384615384615384403e-08 9.978132063468347912e-01
1.394648829431437878e-08 9.977814707650640713e-01
1.404682274247491519e-08 9.977495081265357335e-01
1.414715719063544994e-08 9.977173184760247393e-01
1.424749163879598470e-08 9.976849018586205764e-01
1.434782608695651945e-08 9.976522583197298122e-01
1.444816053511705420e-08 9.976193879050743174e-01
1.454849498327759061e-08 9.975862906606913771e-01
1.464882943143812537e-08 9.975529666329350231e-01
1.474916387959866012e-08 9.975194158684725920e-01
1.484949832775919487e-08 9.974856384142882781e-01
1.494983277591973128e-08 9.974516343176811350e-01
1.505016722408026604e-08 9.974174036262651866e-01
1.515050167224080079e-08 9.973829463879697599e-01
1.525083612040133554e-08 9.973482626510384863e-01
1.535117056856187030e-08 9.973133524640303005e-01
1.545150501672240505e-08 9.972782158758183302e-01
1.555183946488293981e-08 9.972428529355903404e-01
1.565217391304347456e-08 9.972072636928490663e-01
1.575250836120401262e-08 9.971714481974103261e-01
1.585284280936454738e-08 9.971354064994054633e-01
1.595317725752508213e-08 9.970991386492787933e-01
1.605351170568561688e-08 9.970626446977894908e-01
1.615384615384615164e-08 9.970259246960093691e-01
1.625418060200668639e-08 9.969889786953252120e-01
1.635451505016722115e-08 9.969518067474362200e-01
1.645484949832775590e-08 9.969144089043561197e-01
1.655518394648829065e-08 9.968767852184111655e-01
1.665551839464882872e-08 9.968389357422413610e-01
1.675585284280936347e-08 9.968008605287987933e-01
1.685618729096989823e-08 9.967625596313500758e-01
1.695652173913043298e-08 9.967240331034733503e-01
1.705685618729096773e-08 9.966852809990598416e-01
1.715719063545150249e-08 9.966463033723135245e-01
1.725752508361203724e-08 9.966071002777505683e-01
1.735785953177257200e-08 9.965676717701997811e-01
1.745819397993310675e-08 9.965280179048016107e-01
1.755852842809364150e-08 9.964881387370092547e-01
1.765886287625417957e-08 9.964480343225869952e-01
1.775919732441471432e-08 9.964077047176120860e-01
1.785953177257524907e-08 9.963671499784716445e-01
1.795986622073578383e-08 9.963263701618667589e-01
1.806020066889631858e-08 9.962853653248073815e-01
1.816053511705685334e-08 9.962441355246164365e-01
1.826086956521738809e-08 9.962026808189275995e-01
1.836120401337792284e-08 9.961610012656848534e-01
1.846153846153845760e-08 9.961190969231438208e-01
1.856187290969899566e-08 9.960769678498704316e-01
1.866220735785953041e-08 9.960346141047418111e-01
1.876254180602006517e-08 9.959920357469439489e-01
1.886287625418059992e-08 9.959492328359750291e-01
1.896321070234113468e-08 9.959062054316424328e-01
1.906354515050166943e-08 9.958629535940637378e-01
1.916387959866220418e-08 9.958194773836659408e-01
1.926421404682273894e-08 9.957757768611861238e-01
1.936454849498327369e-08 9.957318520876714540e-01
1.946488294314380845e-08 9.956877031244777410e-01
1.956521739130434651e-08 9.956433300332705461e-01
1.966555183946488126e-08 9.955987328760244059e-01
1.976588628762541602e-08 9.955539117150227213e-01
1.986622073578595077e-08 9.955088666128579789e-01
1.996655518394648553e-08 9.954635976324317514e-01
2.006688963210702028e-08 9.954181048369531437e-01
2.016722408026755503e-08 9.953723882899405684e-01
2.026755852842808979e-08 9.953264480552206361e-01
2.036789297658862454e-08 9.952802841969271563e-01
2.046822742474916260e-08 9.952338967795032465e-01
2.056856187290969736e-08 9.951872858676988898e-01
2.066889632107023211e-08 9.951404515265717121e-01
2.076923076923076687e-08 9.950933938214877594e-01
2.086956521739130162e-08 9.950461128181192771e-01
2.096989966555183637e-08 9.949986085824464865e-01
2.107023411371237113e-08 9.949508811807562525e-01
2.117056856187290588e-08 9.949029306796423056e-01
2.127090301003344064e-08 9.948547571460053529e-01
2.137123745819397539e-08 9.948063606470525233e-01
2.147157190635451345e-08 9.947577412502974781e-01
2.157190635451504821e-08 9.947088990235601891e-01
2.167224080267558296e-08 9.946598340349658285e-01
2.177257525083611771e-08 9.946105463529471002e-01
2.187290969899665247e-08 9.945610360462411315e-01
2.197324414715718722e-08 9.945113031838914708e-01
2.207357859531772198e-08 9.944613478352457570e-01
2.217391304347825673e-08 9.944111700699592715e-01
2.227424749163879148e-08 9.943607699579903869e-01
2.237458193979932955e-08 9.943101475696026759e-01
2.247491638795986430e-08 9.942593029753654665e-01
2.257525083612039905e-08 9.942082362461519551e-01
2.267558528428093381e-08 9.941569474531400941e-01
2.277591973244146856e-08 9.941054366678111487e-01
2.287625418060200332e-08 9.940537039619531390e-01
2.297658862876253807e-08 9.940017494076546223e-01
2.307692307692307282e-08 9.939495730773099114e-01
2.317725752508360758e-08 9.938971750436168540e-01
2.327759197324414233e-08 9.938445553795763887e-01
2.337792642140468040e-08 9.937917141584924341e-01
2.347826086956521515e-08 9.937386514539724436e-01
2.357859531772574990e-08 9.936853673399267395e-01
2.367892976588628466e-08 9.936318618905685129e-01
2.377926421404681941e-08 9.935781351804129358e-01
2.387959866220735417e-08 9.935241872842780486e-01
2.397993311036788892e-08 9.934700182772837618e-01
2.408026755852842367e-08 9.934156282348531875e-01
2.418060200668895843e-08 9.933610172327090870e-01
2.428093645484949649e-08 9.933061853468784230e-01
2.438127090301003124e-08 9.932511326536873630e-01
2.448160535117056600e-08 9.931958592297652766e-01
2.458193979933110075e-08 9.931403651520414044e-01
2.468227424749163551e-08 9.930846504977464129e-01
2.478260869565217026e-08 9.930287153444121717e-01
2.488294314381270501e-08 9.929725597698702000e-01
2.498327759197323977e-08 9.929161838522531092e-01
2.508361204013377452e-08 9.928595876699937151e-01
2.518394648829430928e-08 9.928027713018250378e-01
2.528428093645484734e-08 9.927457348267787474e-01
2.538461538461538209e-08 9.926884783241881616e-01
2.548494983277591685e-08 9.926310018736844709e-01
2.558528428093645160e-08 9.925733055551989592e-01
2.568561872909698635e-08 9.925153894489612272e-01
2.578595317725752111e-08 9.924572536355013019e-01
2.588628762541805586e-08 9.923988981956459732e-01
2.598662207357859062e-08 9.923403232105226790e-01
2.608695652173912537e-08 9.922815287615556201e-01
2.618729096989966343e-08 9.922225149304675362e-01
2.628762541806019819e-08 9.921632817992795950e-01
2.638795986622073294e-08 9.921038294503101707e-01
2.648829431438126769e-08 9.920441579661758436e-01
2.658862876254180245e-08 9.919842674297900675e-01
2.668896321070233720e-08 9.919241579243633922e-01
2.678929765886287196e-08 9.918638295334042398e-01
2.688963210702340671e-08 9.918032823407164633e-01
2.698996655518394146e-08 9.917425164304020102e-01
2.709030100334447622e-08 9.916815318868581475e-01
2.719063545150501428e-08 9.916203287947787937e-01
2.729096989966554904e-08 9.915589072391536307e-01
2.739130434782608379e-08 9.914972673052687702e-01
2.749163879598661854e-08 9.914354090787048657e-01
2.759197324414715330e-08 9.913733326453391115e-01
2.769230769230768805e-08 9.913110380913434660e-01
2.779264214046822281e-08 9.912485255031846521e-01
2.789297658862875756e-08 9.911857949676240453e-01
2.799331103678929231e-08 9.911228465717184521e-01
2.809364548494983038e-08 9.910596804028183326e-01
2.819397993311036513e-08 9.909962965485688002e-01
2.829431438127089988e-08 9.909326950969084002e-01
2.839464882943143464e-08 9.908688761360705533e-01
2.849498327759196939e-08 9.908048397545805575e-01
2.859531772575250415e-08 9.907405860412584753e-01
2.869565217391303890e-08 9.906761150852171349e-01
2.879598662207357365e-08 9.906114269758621305e-01
2.889632107023410841e-08 9.905465218028915997e-01
2.899665551839464316e-08 9.904813996562971123e-01
2.909698996655518122e-08 9.904160606263614497e-01
2.919732441471571598e-08 9.903505048036601588e-01
2.929765886287625073e-08 9.902847322790607754e-01
2.939799331103678549e-08 9.902187431437220466e-01
2.949832775919732024e-08 9.901525374890940423e-01
2.959866220735785499e-08 9.900861154069189318e-01
2.969899665551838975e-08 9.900194769892293190e-01
2.979933110367892450e-08 9.899526223283486859e-01
2.989966555183946256e-08 9.898855515168909491e-01
2.999999999999999732e-08 9.898182646477606816e-01
