0.000000000000000000e+00 9.999999999999995559e-01
1.003344481605351029e-10 9.999810572828136124e-01
2.006688963210702059e-10 9.999242335125838599e-01
3.010033444816052959e-10 9.998295418315843452e-01
4.013377926421404118e-10 9.996970041379055205e-01
5.016722408026755277e-10 9.995266510769071910e-01
6.020066889632105918e-10 9.993185220292577498e-01
7.023411371237457594e-10 9.990726650955692456e-01
8.026755852842808236e-10 9.987891370776320610e-01
9.030100334448158877e-10 9.984680034562624096e-01
1.003344481605351055e-09 9.981093383657700935e-01
1.103678929765886223e-09 9.977132245650657261e-01
1.204013377926421184e-09 9.972797534054159696e-01
1.304347826086956351e-09 9.968090247948675486e-01
1.404682274247491519e-09 9.963011471593568036e-01
1.505016722408026480e-09 9.957562374005273220e-01
1.605351170568561647e-09 9.951744208502708577e-01
1.705685618729096815e-09 9.945558312220257324e-01
1.806020066889631775e-09 9.939006105588478190e-01
1.906354515050166943e-09 9.932089091782839718e-01
2.006688963210702111e-09 9.924808856140824309e-01
2.107023411371237278e-09 9.917167065547602967e-01
2.207357859531772446e-09 9.909165467790659321e-01
2.307692307692307200e-09 9.900805890883686011e-01
2.408026755852842367e-09 9.892090242360108698e-01
2.508361204013377535e-09 9.883020508536559667e-01
2.608695652173912702e-09 9.873598753746738454e-01
2.709030100334447870e-09 9.863827119546006994e-01
2.809364548494983038e-09 9.853707823887152273e-01
2.909698996655517792e-09 9.843243160267728387e-01
3.010033444816052959e-09 9.832435496849416534e-01
3.110367892976588127e-09 9.821287275549865914e-01
3.210702341137123294e-09 9.809801011107442958e-01
3.311036789297658462e-09 9.797979290119420703e-01
3.411371237458193629e-09 9.785824770054056820e-01
3.511705685618728797e-09 9.773340178237075460e-01
3.612040133779263551e-09 9.760528310813080255e-01
3.712374581939798719e-09 9.747392031682403646e-01
3.812709030100333886e-09 9.733934271413964279e-01
3.913043478260868640e-09 9.720158026134636531e-01
4.013377926421404221e-09 9.706066356395769423e-01
4.113712374581938975e-09 9.691662386017323438e-01
4.214046822742474556e-09 9.676949300910318019e-01
4.314381270903009310e-09 9.661930347878109338e-01
4.414715719063544892e-09 9.646608833397136706e-01
4.515050167224079646e-09 9.630988122377720506e-01
4.615384615384614399e-09 9.615071636905569985e-01
4.715719063545149981e-09 9.598862854964622660e-01
4.816053511705684735e-09 9.582365309141814835e-01
4.916387959866220316e-09 9.565582585314501562e-01
5.016722408026755070e-09 9.548518321321101121e-01
5.117056856187290651e-09 9.531176205615684571e-01
5.217391304347825405e-09 9.513559975907166510e-01
5.317725752508360159e-09 9.495673417783740966e-01
5.418060200668895740e-09 9.477520363323272967e-01
5.518394648829430494e-09 9.459104689690334133e-01
5.618729096989966075e-09 9.440430317720541753e-01
5.719063545150500829e-09 9.421501210492936318e-01
5.819397993311035583e-09 9.402321371891064761e-01
5.919732441471571164e-09 9.382894845153487706e-01
6.020066889632105918e-09 9.363225711414417951e-01
6.120401337792641499e-09 9.343318088235205154e-01
6.220735785953176253e-09 9.323176128127356188e-01
6.321070234113711835e-09 9.302804017067826114e-01
6.421404682274246589e-09 9.282205973007316979e-01
6.521739130434781343e-09 9.261386244372235010e-01
6.622073578595316924e-09 9.240349108561088931e-01
6.722408026755851678e-09 9.219098870436032156e-01
6.822742474916387259e-09 9.197639860810256085e-01
6.923076923076922013e-09 9.175976434931958359e-01
7.023411371237457594e-09 9.154112970965597729e-01
7.123745819397992348e-09 9.132053868471167180e-01
7.224080267558527102e-09 9.109803546882218050e-01
7.324414715719062683e-09 9.087366443983264652e-01
7.424749163879597437e-09 9.064747014387412039e-01
7.525083612040133018e-09 9.041949728014767595e-01
7.625418060200667772e-09 9.018979068572494651e-01
7.725752508361202526e-09 8.995839532037056552e-01
7.826086956521737280e-09 8.972535625139481663e-01
7.926421404682273689e-09 8.949071863854242137e-01
8.026755852842808442e-09 8.925452771892504744e-01
8.127090301003343196e-09 8.901682879200388809e-01
8.227424749163877950e-09 8.877766720462929584e-01
8.327759197324414359e-09 8.853708833614432061e-01
8.428093645484949113e-09 8.829513758355838071e-01
8.528428093645483867e-09 8.805186034679814977e-01
8.628762541806018621e-09 8.780730201404171043e-01
8.729096989966553375e-09 8.756150794714286922e-01
8.829431438127089783e-09 8.731452346715161683e-01
8.929765886287624537e-09 8.706639383993706183e-01
9.030100334448159291e-09 8.681716426191938840e-01
9.130434782608694045e-09 8.656687984591646678e-01
9.230769230769228799e-09 8.631558560711145578e-01
9.331103678929765207e-09 8.606332644914722607e-01
9.431438127090299961e-09 8.581014715035323315e-01
9.531772575250834715e-09 8.555609235011113478e-01
9.632107023411369469e-09 8.530120653536402697e-01
9.732441471571904223e-09 8.504553402727532685e-01
9.832775919732440632e-09 8.478911896804263160e-01
9.933110367892975386e-09 8.453200530787174927e-01
1.003344481605351014e-08 8.427423679211604179e-01
1.013377926421404489e-08 8.401585694858632047e-01
1.023411371237458130e-08 8.375690907503613447e-01
1.033444816053511606e-08 8.349743622682723743e-01
1.043478260869565081e-08 8.323748120478006163e-01
1.053511705685618556e-08 8.297708654321371835e-01
1.063545150501672032e-08 8.271629449817975432e-01
1.073578595317725673e-08 8.245514703589452710e-01
1.083612040133779148e-08 8.219368582137359658e-01
1.093645484949832623e-08 8.193195220727309547e-01
1.103678929765886099e-08 8.166998722294116497e-01
1.113712374581939574e-08 8.140783156368377460e-01
1.123745819397993215e-08 8.114552558024831219e-01
1.133779264214046690e-08 8.088310926852845251e-01
1.143812709030100166e-08 8.062062225949390148e-01
1.153846153846153641e-08 8.035810380934779174e-01
1.163879598662207117e-08 8.009559278991534859e-01
1.173913043478260757e-08 7.983312767926608045e-01
1.183946488294314233e-08 7.957074655257302398e-01
1.193979933110367708e-08 7.930848707321095370e-01
1.204013377926421184e-08 7.904638648409663126e-01
1.214046822742474824e-08 7.878448159927297079e-01
1.224080267558528300e-08 7.852280879573958483e-01
1.234113712374581775e-08 7.826140400553174281e-01
1.244147157190635251e-08 7.800030270804918509e-01
1.254180602006688726e-08 7.773953992263742396e-01
1.264214046822742367e-08 7.747915020142200904e-01
1.274247491638795842e-08 7.721916762239818821e-01
1.284280936454849318e-08 7.695962578277636412e-01
1.294314381270902793e-08 7.670055779258532214e-01
1.304347826086956269e-08 7.644199626853342977e-01
1.314381270903009909e-08 7.618397332812930633e-01
1.324414715719063385e-08 7.592652058406201832e-01
1.334448160535116860e-08 7.566966913884189960e-01
1.344481605351170336e-08 7.541344957970184115e-01
1.354515050167223811e-08 7.515789197375988273e-01
1.364548494983277452e-08 7.490302586344237401e-01
1.374581939799330927e-08 7.464888026216882633e-01
1.384615384615384403e-08 7.439548365029666765e-01
1.394648829431437878e-08 7.414286397132718864e-01
1.404682274247491519e-08 7.389104862837094778e-01
1.414715719063544994e-08 7.364006448087264678e-01
1.424749163879598470e-08 7.338993784159442146e-01
1.434782608695651945e-08 7.314069447385683764e-01
1.444816053511705420e-08 7.289235958903628187e-01
1.454849498327759061e-08 7.264495784431768133e-01
1.464882943143812537e-08 7.239851334070140920e-01
1.474916387959866012e-08 7.215304962126244392e-01
1.484949832775919487e-08 7.190858966966078292e-01
1.494983277591973128e-08 7.166515590890073506e-01
1.505016722408026604e-08 7.142277020033797053e-01
1.515050167224080079e-08 7.118145384293156352e-01
1.525083612040133554e-08 7.094122757273968460e-01
1.535117056856187030e-08 7.070211156265616692e-01
1.545150501672240505e-08 7.046412542238584820e-01
1.555183946488293981e-08 7.022728819865620142e-01
1.565217391304347456e-08 6.999161837566282296e-01
1.575250836120401262e-08 6.975713387574558055e-01
1.585284280936454738e-08 6.952385206029351172e-01
1.595317725752508213e-08 6.929178973087463111e-01
1.605351170568561688e-08 6.906096313058830427e-01
1.615384615384615164e-08 6.883138794563689045e-01
1.625418060200668639e-08 6.860307930711324609e-01
1.635451505016722115e-08 6.837605179300128011e-01
1.645484949832775590e-08 6.815031943038549755e-01
1.655518394648829065e-08 6.792589569786670056e-01
1.665551839464882872e-08 6.770279352817990537e-01
1.675585284280936347e-08 6.748102531101105583e-01
1.685618729096989823e-08 6.726060289600841458e-01
1.695652173913043298e-08 6.704153759598523443e-01
1.705685618729096773e-08 6.682384019030975786e-01
1.715719063545150249e-08 6.660752092847840311e-01
1.725752508361203724e-08 6.639258953386806272e-01
1.735785953177257200e-08 6.617905520766389493e-01
1.745819397993310675e-08 6.596692663295784520e-01
1.755852842809364150e-08 6.575621197901423409e-01
1.765886287625417957e-08 6.554691890569747104e-01
1.775919732441471432e-08 6.533905456805860767e-01
1.785953177257524907e-08 6.513262562107495768e-01
1.795986622073578383e-08 6.492763822453991862e-01
1.806020066889631858e-08 6.472409804809717837e-01
1.816053511705685334e-08 6.452201027641563114e-01
1.826086956521738809e-08 6.432137961450028474e-01
1.836120401337792284e-08 6.412221029313438514e-01
1.846153846153845760e-08 6.392450607444837285e-01
1.856187290969899566e-08 6.372827025761096387e-01
1.866220735785953041e-08 6.353350568463773662e-01
1.876254180602006517e-08 6.334021474631253978e-01
1.886287625418059992e-08 6.314839938821698029e-01
1.896321070234113468e-08 6.295806111686343964e-01
1.906354515050166943e-08 6.276920100592682239e-01
1.916387959866220418e-08 6.258181970257020721e-01
1.926421404682273894e-08 6.239591743385989320e-01
1.936454849498327369e-08 6.221149401326507844e-01
1.946488294314380845e-08 6.202854884723727480e-01
1.956521739130434651e-08 6.184708094186489591e-01
1.966555183946488126e-08 6.166708890959848866e-01
1.976588628762541602e-08 6.148857097604149002e-01
1.986622073578595077e-08 6.131152498680224605e-01
1.996655518394648553e-08 6.113594841440235239e-01
2.006688963210702028e-08 6.096183836523696442e-01
2.016722408026755503e-08 6.078919158658214750e-01
2.026755852842808979e-08 6.061800447364500410e-01
2.036789297658862454e-08 6.044827307665168181e-01
2.046822742474916260e-08 6.027999310796913202e-01
2.056856187290969736e-08 6.011315994925588990e-01
2.066889632107023211e-08 5.994776865863743476e-01
2.076923076923076687e-08 5.978381397790172302e-01
2.086956521739130162e-08 5.962129033971084180e-01
2.096989966555183637e-08 5.946019187482396440e-01
2.107023411371237113e-08 5.930051241932777772e-01
2.117056856187290588e-08 5.914224552186985173e-01
2.127090301003344064e-08 5.898538445089117621e-01
2.137123745819397539e-08 5.882992220185332410e-01
2.147157190635451345e-08 5.867585150445644437e-01
2.157190635451504821e-08 5.852316482984429857e-01
2.167224080267558296e-08 5.837185439779188911e-01
2.177257525083611771e-08 5.822191218387235967e-01
2.187290969899665247e-08 5.807332992659915982e-01
2.197324414715718722e-08 5.792609913453967696e-01
2.207357859531772198e-08 5.778021109339681605e-01
2.217391304347825673e-08 5.763565687305507446e-01
2.227424749163879148e-08 5.749242733458734822e-01
2.237458193979932955e-08 5.735051313721919453e-01
2.247491638795986430e-08 5.720990474524729752e-01
2.257525083612039905e-08 5.707059243490865130e-01
2.267558528428093381e-08 5.693256630119768458e-01
2.277591973244146856e-08 5.679581626462764099e-01
2.287625418060200332e-08 5.666033207793391702e-01
2.297658862876253807e-08 5.652610333271574916e-01
2.307692307692307282e-08 5.639311946601390790e-01
2.317725752508360758e-08 5.626136976682154511e-01
2.327759197324414233e-08 5.613084338252529726e-01
2.337792642140468040e-08 5.600152932527434624e-01
2.347826086956521515e-08 5.587341647827508417e-01
2.357859531772574990e-08 5.574649360200834014e-01
2.367892976588628466e-08 5.562074934036786988e-01
2.377926421404681941e-08 5.549617222671693328e-01
2.387959866220735417e-08 5.537275068986157178e-01
2.397993311036788892e-08 5.525047305993835423e-01
2.408026755852842367e-08 5.512932757421433738e-01
2.418060200668895843e-08 5.500930238279811979e-01
2.428093645484949649e-08 5.489038555425960197e-01
2.438127090301003124e-08 5.477256508115723177e-01
2.448160535117056600e-08 5.465582888547104723e-01
2.458193979933110075e-08 5.454016482394021814e-01
2.468227424749163551e-08 5.442556069330353186e-01
2.478260869565217026e-08 5.431200423544177980e-01
2.488294314381270501e-08 5.419948314242093446e-01
2.498327759197323977e-08 5.408798506143471796e-01
2.508361204013377452e-08 5.397749759964624028e-01
2.518394648829430928e-08 5.386800832892710833e-01
2.528428093645484734e-08 5.375950479049389497e-01
2.538461538461538209e-08 5.365197449944097974e-01
2.548494983277591685e-08 5.354540494916908422e-01
2.558528428093645160e-08 5.343978361570937974e-01
2.568561872909698635e-08 5.333509796194237929e-01
2.578595317725752111e-08 5.323133544171191334e-01
2.588628762541805586e-08 5.312848350383293505e-01
2.598662207357859062e-08 5.302652959599438720e-01
2.608695652173912537e-08 5.292546116855594285e-01
2.618729096989966343e-08 5.282526567823940811e-01
2.628762541806019819e-08 5.272593059171455376e-01
2.638795986622073294e-08 5.262744338907975328e-01
2.648829431438126769e-08 5.252979156723783793e-01
2.658862876254180245e-08 5.243296264316730237e-01
2.668896321070233720e-08 5.233694415708963765e-01
2.678929765886287196e-08 5.224172367553313601e-01
2.688963210702340671e-08 5.214728879429392228e-01
2.698996655518394146e-08 5.205362714129491142e-01
2.709030100334447622e-08 5.196072637934344707e-01
2.719063545150501428e-08 5.186857420878856484e-01
2.729096989966554904e-08 5.177715837007867972e-01
2.739130434782608379e-08 5.168646664622096321e-01
2.749163879598661854e-08 5.159648686514310967e-01
2.759197324414715330e-08 5.150720690195907947e-01
2.769230769230768805e-08 5.141861468113961831e-01
2.779264214046822281e-08 5.133069817858914030e-01
2.789297658862875756e-08 5.124344542363016286e-01
2.799331103678929231e-08 5.115684450089670321e-01
2.809364548494983038e-08 5.107088355213805775e-01
2.819397993311036513e-08 5.098555077793459622e-01
2.829431438127089988e-08 5.090083443932704732e-01
2.839464882943143464e-08 5.081672285936078559e-01
2.849498327759196939e-08 5.073320442454708479e-01
2.859531772575250415e-08 5.065026758624264769e-01
2.869565217391303890e-08 5.056790086194955514e-01
2.879598662207357365e-08 5.048609283653716640e-01
2.889632107023410841e-08 5.040483216338784711e-01
2.899665551839464316e-08 5.032410756546857877e-01
2.909698996655518122e-08 5.024390783633019275e-01
2.919732441471571598e-08 5.016422184103611626e-01
2.929765886287625073e-08 5.008503851702290621e-01
2.939799331103678549e-08 5.000634687489412533e-01
2.949832775919732024e-08 4.992813599915014722e-01
2.959866220735785499e-08 4.985039504885552253e-01
2.969899665551838975e-08 4.977311325824603228e-01
2.979933110367892450e-08 4.969627993727777637e-01
2.989966555183946256e-08 4.961988447212024034e-01
2.999999999999999732e-08 4.954391632559551617e-01
