0.000000000000000000e+00 9.999999999999995559e-01
1.003344481605351029e-10 9.999999798858006939e-01
2.006688963210702059e-10 9.999999195432087706e-01
3.010033444816052959e-10 9.999998189722386632e-01
4.013377926421404118e-10 9.999996781729147965e-01
5.016722408026755277e-10 9.999994971452724757e-01
6.020066889632105918e-10 9.999992758893555544e-01
7.023411371237457594e-10 9.999990144052186558e-01
8.026755852842808236e-10 9.999987126929257286e-01
9.030100334448158877e-10 9.999983707525509358e-01
1.003344481605351055e-09 9.999979885841786542e-01
1.103678929765886223e-09 9.999975661879020317e-01
1.204013377926421184e-09 9.999971035638257622e-01
1.304347826086956351e-09 9.999966007120627554e-01
1.404682274247491519e-09 9.999960576327366901e-01
1.505016722408026480e-09 9.999954743259806822e-01
1.605351170568561647e-09 9.999948507919385055e-01
1.705685618729096815e-09 9.999941870307629266e-01
1.806020066889631775e-09 9.999934830426171484e-01
1.906354515050166943e-09 9.999927388276741436e-01
2.006688963210702111e-09 9.999919543861164328e-01
2.107023411371237278e-09 9.999911297181369729e-01
2.207357859531772446e-09 9.999902648239378244e-01
2.307692307692307200e-09 9.999893597037320392e-01
2.408026755852842367e-09 9.999884143577415507e-01
2.508361204013377535e-09 9.999874287861987288e-01
2.608695652173912702e-09 9.999864029893448247e-01
2.709030100334447870e-09 9.999853369674331915e-01
2.809364548494983038e-09 9.999842307207245096e-01
2.909698996655517792e-09 9.999830842494908945e-01
3.010033444816052959e-09 9.999818975540138988e-01
3.110367892976588127e-09 9.999806706345849561e-01
3.210702341137123294e-09 9.999794034915056029e-01
3.311036789297658462e-09 9.999780961250863687e-01
3.411371237458193629e-09 9.999767485356493291e-01
3.511705685618728797e-09 9.999753607235245534e-01
3.612040133779263551e-09 9.999739326890533242e-01
3.712374581939798719e-09 9.999724644325862499e-01
3.812709030100333886e-09 9.999709559544840420e-01
3.913043478260868640e-09 9.999694072551171820e-01
4.013377926421404221e-09 9.999678183348656990e-01
4.113712374581938975e-09 9.999661891941200587e-01
4.214046822742474556e-09 9.999645198332807183e-01
4.314381270903009310e-09 9.999628102527569062e-01
4.414715719063544892e-09 9.999610604529689528e-01
4.515050167224079646e-09 9.999592704343464034e-01
4.615384615384614399e-09 9.999574401973293503e-01
4.715719063545149981e-09 9.999555697423666567e-01
4.816053511705684735e-09 9.999536590699181771e-01
4.916387959866220316e-09 9.999517081804526475e-01
5.016722408026755070e-09 9.999497170744494623e-01
5.117056856187290651e-09 9.999476857523975637e-01
5.217391304347825405e-09 9.999456142147958859e-01
5.317725752508360159e-09 9.999435024621532442e-01
5.418060200668895740e-09 9.999413504949884457e-01
5.518394648829430494e-09 9.999391583138292905e-01
5.618729096989966075e-09 9.999369259192144588e-01
5.719063545150500829e-09 9.999346533116924007e-01
5.819397993311035583e-09 9.999323404918208924e-01
5.919732441471571164e-09 9.999299874601684790e-01
6.020066889632105918e-09 9.999275942173124765e-01
6.120401337792641499e-09 9.999251607638406369e-01
6.220735785953176253e-09 9.999226871003507044e-01
6.321070234113711835e-09 9.999201732274506371e-01
6.421404682274246589e-09 9.999176191457568308e-01
6.521739130434781343e-09 9.999150248558974496e-01
6.622073578595316924e-09 9.999123903585087625e-01
6.722408026755851678e-09 9.999097156542381404e-01
6.822742474916387259e-09 9.999070007437423913e-01
6.923076923076922013e-09 9.999042456276883151e-01
7.023411371237457594e-09 9.999014503067523707e-01
7.123745819397992348e-09 9.998986147816207870e-01
7.224080267558527102e-09 9.998957390529904510e-01
7.324414715719062683e-09 9.998928231215670204e-01
7.424749163879597437e-09 9.998898669880670331e-01
7.525083612040133018e-09 9.998868706532160200e-01
7.625418060200667772e-09 9.998838341177496147e-01
7.725752508361202526e-09 9.998807573824139983e-01
7.826086956521737280e-09 9.998776404479643443e-01
7.926421404682273689e-09 9.998744833151664846e-01
8.026755852842808442e-09 9.998712859847951329e-01
8.127090301003343196e-09 9.998680484576355498e-01
8.227424749163877950e-09 9.998647707344832103e-01
8.327759197324414359e-09 9.998614528161424708e-01
8.428093645484949113e-09 9.998580947034284572e-01
8.528428093645483867e-09 9.998546963971650658e-01
8.628762541806018621e-09 9.998512578981877397e-01
8.729096989966553375e-09 9.998477792073402481e-01
8.829431438127089783e-09 9.998442603254765748e-01
8.929765886287624537e-09 9.998407012534614724e-01
9.030100334448159291e-09 9.998371019921681313e-01
9.130434782608694045e-09 9.998334625424810662e-01
9.230769230769228799e-09 9.998297829052934516e-01
9.331103678929765207e-09 9.998260630815088978e-01
9.431438127090299961e-09 9.998223030720407856e-01
9.531772575250834715e-09 9.998185028778124872e-01
9.632107023411369469e-09 9.998146624997569232e-01
9.732441471571904223e-09 9.998107819388171169e-01
9.832775919732440632e-09 9.998068611959458618e-01
9.933110367892975386e-09 9.998029002721062763e-01
1.003344481605351014e-08 9.997988991682704718e-01
1.013377926421404489e-08 9.997948578854206625e-01
1.023411371237458130e-08 9.997907764245494988e-01
1.033444816053511606e-08 9.997866547866591791e-01
1.043478260869565081e-08 9.997824929727617826e-01
1.053511705685618556e-08 9.997782909838786036e-01
1.063545150501672032e-08 9.997740488210417054e-01
1.073578595317725673e-08 9.997697664852924770e-01
1.083612040133779148e-08 9.997654439776825219e-01
1.093645484949832623e-08 9.997610812992732132e-01
1.103678929765886099e-08 9.997566784511355831e-01
1.113712374581939574e-08 9.997522354343504336e-01
1.123745819397993215e-08 9.997477522500087810e-01
1.133779264214046690e-08 9.997432288992115224e-01
1.143812709030100166e-08 9.997386653830691028e-01
1.153846153846153641e-08 9.997340617027015153e-01
1.163879598662207117e-08 9.997294178592394109e-01
1.173913043478260757e-08 9.997247338538229888e-01
1.183946488294314233e-08 9.997200096876018849e-01
1.193979933110367708e-08 9.997152453617363932e-01
1.204013377926421184e-08 9.997104408773958006e-01
1.214046822742474824e-08 9.997055962357596082e-01
1.224080267558528300e-08 9.997007114380177528e-01
1.234113712374581775e-08 9.996957864853686093e-01
1.244147157190635251e-08 9.996908213790217657e-01
1.254180602006688726e-08 9.996858161201961357e-01
1.264214046822742367e-08 9.996807707101204032e-01
1.274247491638795842e-08 9.996756851500333552e-01
1.284280936454849318e-08 9.996705594411831042e-01
1.294314381270902793e-08 9.996653935848284211e-01
1.304347826086956269e-08 9.996601875822368477e-01
1.314381270903009909e-08 9.996549414346874718e-01
1.324414715719063385e-08 9.996496551434668199e-01
1.334448160535116860e-08 9.996443287098735198e-01
1.344481605351170336e-08 9.996389621352146371e-01
1.354515050167223811e-08 9.996335554208080065e-01
1.364548494983277452e-08 9.996281085679803446e-01
1.374581939799330927e-08 9.996226215780692481e-01
1.384615384615384403e-08 9.996170944524214175e-01
1.394648829431437878e-08 9.996115271923935452e-01
1.404682274247491519e-08 9.996059197993522050e-01
1.414715719063544994e-08 9.996002722746738511e-01
1.424749163879598470e-08 9.995945846197450413e-01
1.434782608695651945e-08 9.995888568359616588e-01
1.444816053511705420e-08 9.995830889247294682e-01
1.454849498327759061e-08 9.995772808874647808e-01
1.464882943143812537e-08 9.995714327255927900e-01
1.474916387959866012e-08 9.995655444405491252e-01
1.484949832775919487e-08 9.995596160337790748e-01
1.494983277591973128e-08 9.995536475067380300e-01
1.505016722408026604e-08 9.995476388608907081e-01
1.515050167224080079e-08 9.995415900977118184e-01
1.525083612040133554e-08 9.995355012186861732e-01
1.535117056856187030e-08 9.995293722253085766e-01
1.545150501672240505e-08 9.995232031190827149e-01
1.555183946488293981e-08 9.995169939015231542e-01
1.565217391304347456e-08 9.995107445741537866e-01
1.575250836120401262e-08 9.995044551385087184e-01
1.585284280936454738e-08 9.994981255961310485e-01
1.595317725752508213e-08 9.994917559485743119e-01
1.605351170568561688e-08 9.994853461974024800e-01
1.615384615384615164e-08 9.994788963441878504e-01
1.625418060200668639e-08 9.994724063905138234e-01
1.635451505016722115e-08 9.994658763379732358e-01
1.645484949832775590e-08 9.994593061881684726e-01
1.655518394648829065e-08 9.994526959427123547e-01
1.665551839464882872e-08 9.994460456032262519e-01
1.675585284280936347e-08 9.994393551713435242e-01
1.685618729096989823e-08 9.994326246487050813e-01
1.695652173913043298e-08 9.994258540369632682e-01
1.705685618729096773e-08 9.994190433377792004e-01
1.715719063545150249e-08 9.994121925528244299e-01
1.725752508361203724e-08 9.994053016837802783e-01
1.735785953177257200e-08 9.993983707323377264e-01
1.745819397993310675e-08 9.993913997001976357e-01
1.755852842809364150e-08 9.993843885890705270e-01
1.765886287625417957e-08 9.993773374006768018e-01
1.775919732441471432e-08 9.993702461367468537e-01
1.785953177257524907e-08 9.993631147990212904e-01
1.795986622073578383e-08 9.993559433892493793e-01
1.806020066889631858e-08 9.993487319091911569e-01
1.816053511705685334e-08 9.993414803606159857e-01
1.826086956521738809e-08 9.993341887453032202e-01
1.836120401337792284e-08 9.993268570650426508e-01
1.846153846153845760e-08 9.993194853216325058e-01
1.856187290969899566e-08 9.993120735168820046e-01
1.866220735785953041e-08 9.993046216526101366e-01
1.876254180602006517e-08 9.992971297306445511e-01
1.886287625418059992e-08 9.992895977528236662e-01
1.896321070234113468e-08 9.992820257209958923e-01
1.906354515050166943e-08 9.992744136370188546e-01
1.916387959866220418e-08 9.992667615027605033e-01
1.926421404682273894e-08 9.992590693200978924e-01
1.936454849498327369e-08 9.992513370909184012e-01
1.946488294314380845e-08 9.992435648171190676e-01
1.956521739130434651e-08 9.992357525006073660e-01
1.966555183946488126e-08 9.992279001432994301e-01
1.976588628762541602e-08 9.992200077471217190e-01
1.986622073578595077e-08 9.992120753140105727e-01
1.996655518394648553e-08 9.992041028459123231e-01
2.006688963210702028e-08 9.991960903447828501e-01
2.016722408026755503e-08 9.991880378125876927e-01
2.026755852842808979e-08 9.991799452513022706e-01
2.036789297658862454e-08 9.991718126629122176e-01
2.046822742474916260e-08 9.991636400494121606e-01
2.056856187290969736e-08 9.991554274128074953e-01
2.066889632107023211e-08 9.991471747551126104e-01
2.076923076923076687e-08 9.991388820783517755e-01
2.086956521739130162e-08 9.991305493845596963e-01
2.096989966555183637e-08 9.991221766757801825e-01
2.107023411371237113e-08 9.991137639540670357e-01
2.117056856187290588e-08 9.991053112214841603e-01
2.127090301003344064e-08 9.990968184801046759e-01
2.137123745819397539e-08 9.990882857320122490e-01
2.147157190635451345e-08 9.990797129792994280e-01
2.157190635451504821e-08 9.990711002240694194e-01
2.167224080267558296e-08 9.990624474684340894e-01
2.177257525083611771e-08 9.990537547145167396e-01
2.187290969899665247e-08 9.990450219644491092e-01
2.197324414715718722e-08 9.990362492203729294e-01
2.207357859531772198e-08 9.990274364844401456e-01
2.217391304347825673e-08 9.990185837588123619e-01
2.227424749163879148e-08 9.990096910456606194e-01
2.237458193979932955e-08 9.990007583471662844e-01
2.247491638795986430e-08 9.989917856655198269e-01
2.257525083612039905e-08 9.989827730029222641e-01
2.267558528428093381e-08 9.989737203615833838e-01
2.277591973244146856e-08 9.989646277437244093e-01
2.287625418060200332e-08 9.989554951515742243e-01
2.297658862876253807e-08 9.989463225873733698e-01
2.307692307692307282e-08 9.989371100533709358e-01
2.317725752508360758e-08 9.989278575518261150e-01
2.327759197324414233e-08 9.989185650850085363e-01
2.337792642140468040e-08 9.989092326551960443e-01
2.347826086956521515e-08 9.988998602646781411e-01
2.357859531772574990e-08 9.988904479157527661e-01
2.367892976588628466e-08 9.988809956107280730e-01
2.377926421404681941e-08 9.988715033519219855e-01
2.387959866220735417e-08 9.988619711416623081e-01
2.397993311036788892e-08 9.988523989822863935e-01
2.408026755852842367e-08 9.988427868761413642e-01
2.418060200668895843e-08 9.988331348255845565e-01
2.428093645484949649e-08 9.988234428329816339e-01
2.438127090301003124e-08 9.988137109007102499e-01
2.448160535117056600e-08 9.988039390311562737e-01
2.458193979933110075e-08 9.987941272267153447e-01
2.468227424749163551e-08 9.987842754897939823e-01
2.478260869565217026e-08 9.987743838228070326e-01
2.488294314381270501e-08 9.987644522281797776e-01
2.498327759197323977e-08 9.987544807083474918e-01
2.508361204013377452e-08 9.987444692657547751e-01
2.518394648829430928e-08 9.987344179028566638e-01
2.528428093645484734e-08 9.987243266221171867e-01
2.538461538461538209e-08 9.987141954260101429e-01
2.548494983277591685e-08 9.987040243170195453e-01
2.558528428093645160e-08 9.986938132976385107e-01
2.568561872909698635e-08 9.986835623703710363e-01
2.578595317725752111e-08 9.986732715377301117e-01
2.588628762541805586e-08 9.986629408022376087e-01
2.598662207357859062e-08 9.986525701664271670e-01
2.608695652173912537e-08 9.986421596328404204e-01
2.618729096989966343e-08 9.986317092040296606e-01
2.628762541806019819e-08 9.986212188825563940e-01
2.638795986622073294e-08 9.986106886709924524e-01
2.648829431438126769e-08 9.986001185719188822e-01
2.658862876254180245e-08 9.985895085879262778e-01
2.668896321070233720e-08 9.985788587216163359e-01
2.678929765886287196e-08 9.985681689755987467e-01
2.688963210702340671e-08 9.985574393524937475e-01
2.698996655518394146e-08 9.985466698549317899e-01
2.709030100334447622e-08 9.985358604855519848e-01
2.719063545150501428e-08 9.985250112470036576e-01
2.729096989966554904e-08 9.985141221419466806e-01
2.739130434782608379e-08 9.985031931730492527e-01
2.749163879598661854e-08 9.984922243429901201e-01
2.759197324414715330e-08 9.984812156544577988e-01
2.769230769230768805e-08 9.984701671101500198e-01
2.779264214046822281e-08 9.984590787127742839e-01
2.789297658862875756e-08 9.984479504650489723e-01
2.799331103678929231e-08 9.984367823697004596e-01
2.809364548494983038e-08 9.984255744294663337e-01
2.819397993311036513e-08 9.984143266470927314e-01
2.829431438127089988e-08 9.984030390253362253e-01
2.839464882943143464e-08 9.983917115669630471e-01
2.849498327759196939e-08 9.983803442747488655e-01
2.859531772575250415e-08 9.983689371514791189e-01
2.869565217391303890e-08 9.983574901999495710e-01
2.879598662207357365e-08 9.983460034229644231e-01
2.889632107023410841e-08 9.983344768233388677e-01
2.899665551839464316e-08 9.983229104038972013e-01
2.909698996655518122e-08 9.983113041674734900e-01
2.919732441471571598e-08 9.982996581169114592e-01
2.929765886287625073e-08 9.982879722550646040e-01
2.939799331103678549e-08 9.982762465847964117e-01
2.949832775919732024e-08 9.982644811089795844e-01
2.959866220735785499e-08 9.982526758304969272e-01
2.969899665551838975e-08 9.982408307522406821e-01
2.979933110367892450e-08 9.982289458771127499e-01
2.989966555183946256e-08 9.982170212080252458e-01
2.999999999999999732e-08 9.982050567478991665e-01
