0.000000000000000000e+00 9.999999999999995559e-01
1.003344481605351029e-10 9.999999948200637423e-01
2.006688963210702059e-10 9.999999792802560794e-01
3.010033444816052959e-10 9.999999533805780105e-01
4.013377926421404118e-10 9.999999171210307569e-01
5.016722408026755277e-10 9.999998705016168721e-01
6.020066889632105918e-10 9.999998135223391316e-01
7.023411371237457594e-10 9.999997461832013101e-01
8.026755852842808236e-10 9.999996684842074046e-01
9.030100334448158877e-10 9.999995804253626330e-01
1.003344481605351055e-09 9.999994820066726575e-01
1.103678929765886223e-09 9.999993732281431402e-01
1.204013377926421184e-09 9.999992540897817417e-01
1.304347826086956351e-09 9.999991245915954563e-01
1.404682274247491519e-09 9.999989847335924997e-01
1.505016722408026480e-09 9.999988345157817538e-01
1.605351170568561647e-09 9.999986739381727663e-01
1.705685618729096815e-09 9.999985030007759734e-01
1.806020066889631775e-09 9.999983217036013672e-01
1.906354515050166943e-09 9.999981300466614931e-01
2.006688963210702111e-09 9.999979280299677864e-01
2.107023411371237278e-09 9.999977156535333478e-01
2.207357859531772446e-09 9.999974929173711669e-01
2.307692307692307200e-09 9.999972598214956765e-01
2.408026755852842367e-09 9.999970163659215316e-01
2.508361204013377535e-09 9.999967625506643865e-01
2.608695652173912702e-09 9.999964983757398951e-01
2.709030100334447870e-09 9.999962238411649329e-01
2.809364548494983038e-09 9.999959389469568194e-01
2.909698996655517792e-09 9.999956436931335402e-01
3.010033444816052959e-09 9.999953380797138580e-01
3.110367892976588127e-09 9.999950221067174239e-01
3.210702341137123294e-09 9.999946957741635556e-01
3.311036789297658462e-09 9.999943590820733474e-01
3.411371237458193629e-09 9.999940120304680047e-01
3.511705685618728797e-09 9.999936546193693987e-01
3.612040133779263551e-09 9.999932868488001780e-01
3.712374581939798719e-09 9.999929087187836574e-01
3.812709030100333886e-09 9.999925202293437065e-01
3.913043478260868640e-09 9.999921213805047504e-01
4.013377926421404221e-09 9.999917121722924351e-01
4.113712374581938975e-09 9.999912926047322959e-01
4.214046822742474556e-09 9.999908626778509779e-01
4.314381270903009310e-09 9.999904223916754598e-01
4.414715719063544892e-09 9.999899717462337190e-01
4.515050167224079646e-09 9.999895107415546214e-01
4.615384615384614399e-09 9.999890393776668107e-01
4.715719063545149981e-09 9.999885576546001520e-01
4.816053511705684735e-09 9.999880655723856204e-01
4.916387959866220316e-09 9.999875631310535251e-01
5.016722408026755070e-09 9.999870503306366176e-01
5.117056856187290651e-09 9.999865271711666503e-01
5.217391304347825405e-09 9.999859936526768189e-01
5.317725752508360159e-09 9.999854497752006521e-01
5.418060200668895740e-09 9.999848955387733440e-01
5.518394648829430494e-09 9.999843309434290894e-01
5.618729096989966075e-09 9.999837559892037486e-01
5.719063545150500829e-09 9.999831706761344030e-01
5.819397993311035583e-09 9.999825750042573569e-01
5.919732441471571164e-09 9.999819689736103578e-01
6.020066889632105918e-09 9.999813525842315975e-01
6.120401337792641499e-09 9.999807258361609330e-01
6.220735785953176253e-09 9.999800887294367779e-01
6.321070234113711835e-09 9.999794412641006547e-01
6.421404682274246589e-09 9.999787834401924203e-01
6.521739130434781343e-09 9.999781152577543741e-01
6.622073578595316924e-09 9.999774367168285938e-01
6.722408026755851678e-09 9.999767478174577118e-01
6.822742474916387259e-09 9.999760485596859150e-01
6.923076923076922013e-09 9.999753389435566131e-01
7.023411371237457594e-09 9.999746189691153253e-01
7.123745819397992348e-09 9.999738886364074597e-01
7.224080267558527102e-09 9.999731479454789795e-01
7.324414715719062683e-09 9.999723968963771803e-01
7.424749163879597437e-09 9.999716354891490244e-01
7.525083612040133018e-09 9.999708637238432507e-01
7.625418060200667772e-09 9.999700816005080428e-01
7.725752508361202526e-09 9.999692891191934718e-01
7.826086956521737280e-09 9.999684862799489427e-01
7.926421404682273689e-09 9.999676730828260807e-01
8.026755852842808442e-09 9.999668495278756231e-01
8.127090301003343196e-09 9.999660156151500834e-01
8.227424749163877950e-09 9.999651713447017531e-01
8.327759197324414359e-09 9.999643167165844782e-01
8.428093645484949113e-09 9.999634517308524373e-01
8.528428093645483867e-09 9.999625763875595874e-01
8.628762541806018621e-09 9.999616906867621058e-01
8.729096989966553375e-09 9.999607946285152815e-01
8.829431438127089783e-09 9.999598882128767352e-01
8.929765886287624537e-09 9.999589714399028662e-01
9.030100334448159291e-09 9.999580443096519611e-01
9.130434782608694045e-09 9.999571068221825287e-01
9.230769230769228799e-09 9.999561589775542991e-01
9.331103678929765207e-09 9.999552007758270022e-01
9.431438127090299961e-09 9.999542322170611452e-01
9.531772575250834715e-09 9.999532533013180124e-01
9.632107023411369469e-09 9.999522640286596653e-01
9.732441471571904223e-09 9.999512643991484984e-01
9.832775919732440632e-09 9.999502544128475723e-01
9.933110367892975386e-09 9.999492340698211690e-01
1.003344481605351014e-08 9.999482033701336814e-01
1.013377926421404489e-08 9.999471623138500576e-01
1.023411371237458130e-08 9.999461109010366888e-01
1.033444816053511606e-08 9.999450491317591894e-01
1.043478260869565081e-08 9.999439770060856159e-01
1.053511705685618556e-08 9.999428945240833588e-01
1.063545150501672032e-08 9.999418016858203639e-01
1.073578595317725673e-08 9.999406984913671304e-01
1.083612040133779148e-08 9.999395849407919368e-01
1.093645484949832623e-08 9.999384610341661705e-01
1.103678929765886099e-08 9.999373267715604419e-01
1.113712374581939574e-08 9.999361821530466932e-01
1.123745819397993215e-08 9.999350271786974220e-01
1.133779264214046690e-08 9.999338618485853480e-01
1.143812709030100166e-08 9.999326861627844121e-01
1.153846153846153641e-08 9.999315001213685550e-01
1.163879598662207117e-08 9.999303037244136050e-01
1.173913043478260757e-08 9.999290969719942801e-01
1.183946488294314233e-08 9.999278798641877408e-01
1.193979933110367708e-08 9.999266524010708146e-01
1.204013377926421184e-08 9.999254145827205509e-01
1.214046822742474824e-08 9.999241664092155535e-01
1.224080267558528300e-08 9.999229078806347593e-01
1.234113712374581775e-08 9.999216389970578822e-01
1.244147157190635251e-08 9.999203597585651915e-01
1.254180602006688726e-08 9.999190701652372892e-01
1.264214046822742367e-08 9.999177702171559989e-01
1.274247491638795842e-08 9.999164599144034771e-01
1.284280936454849318e-08 9.999151392570626573e-01
1.294314381270902793e-08 9.999138082452170284e-01
1.304347826086956269e-08 9.999124668789504122e-01
1.314381270903009909e-08 9.999111151583480739e-01
1.324414715719063385e-08 9.999097530834953895e-01
1.334448160535116860e-08 9.999083806544785125e-01
1.344481605351170336e-08 9.999069978713839291e-01
1.354515050167223811e-08 9.999056047342997910e-01
1.364548494983277452e-08 9.999042012433134730e-01
1.374581939799330927e-08 9.999027873985141257e-01
1.384615384615384403e-08 9.999013631999911222e-01
1.394648829431437878e-08 9.998999286478342796e-01
1.404682274247491519e-08 9.998984837421345251e-01
1.414715719063544994e-08 9.998970284829835631e-01
1.424749163879598470e-08 9.998955628704727649e-01
1.434782608695651945e-08 9.998940869046951674e-01
1.444816053511705420e-08 9.998926005857440291e-01
1.454849498327759061e-08 9.998911039137136081e-01
1.464882943143812537e-08 9.998895968886979402e-01
1.474916387959866012e-08 9.998880795107931707e-01
1.484949832775919487e-08 9.998865517800946678e-01
1.494983277591973128e-08 9.998850136966990210e-01
1.505016722408026604e-08 9.998834652607039297e-01
1.515050167224080079e-08 9.998819064722070937e-01
1.525083612040133554e-08 9.998803373313067677e-01
1.535117056856187030e-08 9.998787578381025387e-01
1.545150501672240505e-08 9.998771679926942157e-01
1.555183946488293981e-08 9.998755677951826071e-01
1.565217391304347456e-08 9.998739572456684099e-01
1.575250836120401262e-08 9.998723363442535428e-01
1.585284280936454738e-08 9.998707050910409233e-01
1.595317725752508213e-08 9.998690634861333582e-01
1.605351170568561688e-08 9.998674115296348752e-01
1.615384615384615164e-08 9.998657492216496134e-01
1.625418060200668639e-08 9.998640765622830440e-01
1.635451505016722115e-08 9.998623935516408601e-01
1.645484949832775590e-08 9.998607001898293101e-01
1.655518394648829065e-08 9.998589964769556415e-01
1.665551839464882872e-08 9.998572824131276571e-01
1.675585284280936347e-08 9.998555579984534925e-01
1.685618729096989823e-08 9.998538232330422826e-01
1.695652173913043298e-08 9.998520781170040506e-01
1.705685618729096773e-08 9.998503226504485975e-01
1.715719063545150249e-08 9.998485568334872786e-01
1.725752508361203724e-08 9.998467806662317825e-01
1.735785953177257200e-08 9.998449941487945747e-01
1.745819397993310675e-08 9.998431972812881208e-01
1.755852842809364150e-08 9.998413900638263296e-01
1.765886287625417957e-08 9.998395724965234432e-01
1.775919732441471432e-08 9.998377445794944807e-01
1.785953177257524907e-08 9.998359063128551272e-01
1.795986622073578383e-08 9.998340576967215121e-01
1.806020066889631858e-08 9.998321987312103198e-01
1.816053511705685334e-08 9.998303294164394561e-01
1.826086956521738809e-08 9.998284497525266046e-01
1.836120401337792284e-08 9.998265597395912252e-01
1.846153846153845760e-08 9.998246593777524449e-01
1.856187290969899566e-08 9.998227486671307229e-01
1.866220735785953041e-08 9.998208276078466294e-01
1.876254180602006517e-08 9.998188962000217339e-01
1.886287625418059992e-08 9.998169544437782719e-01
1.896321070234113468e-08 9.998150023392388119e-01
1.906354515050166943e-08 9.998130398865268109e-01
1.916387959866220418e-08 9.998110670857667248e-01
1.926421404682273894e-08 9.998090839370827876e-01
1.936454849498327369e-08 9.998070904406006765e-01
1.946488294314380845e-08 9.998050865964465128e-01
1.956521739130434651e-08 9.998030724047466400e-01
1.966555183946488126e-08 9.998010478656290667e-01
1.976588628762541602e-08 9.997990129792212466e-01
1.986622073578595077e-08 9.997969677456518545e-01
1.996655518394648553e-08 9.997949121650504534e-01
2.006688963210702028e-08 9.997928462375471614e-01
2.016722408026755503e-08 9.997907699632724299e-01
2.026755852842808979e-08 9.997886833423570430e-01
2.036789297658862454e-08 9.997865863749340054e-01
2.046822742474916260e-08 9.997844790611347676e-01
2.056856187290969736e-08 9.997823614010934445e-01
2.066889632107023211e-08 9.997802333949435960e-01
2.076923076923076687e-08 9.997780950428195590e-01
2.086956521739130162e-08 9.997759463448571138e-01
2.096989966555183637e-08 9.997737873011915966e-01
2.107023411371237113e-08 9.997716179119598978e-01
2.117056856187290588e-08 9.997694381772986860e-01
2.127090301003344064e-08 9.997672480973461839e-01
2.137123745819397539e-08 9.997650476722408364e-01
2.147157190635451345e-08 9.997628369021217543e-01
2.157190635451504821e-08 9.997606157871283816e-01
2.167224080267558296e-08 9.997583843274020499e-01
2.177257525083611771e-08 9.997561425230828691e-01
2.187290969899665247e-08 9.997538903743129479e-01
2.197324414715718722e-08 9.997516278812348389e-01
2.207357859531772198e-08 9.997493550439914278e-01
2.217391304347825673e-08 9.997470718627265995e-01
2.227424749163879148e-08 9.997447783375840169e-01
2.237458193979932955e-08 9.997424744687100073e-01
2.247491638795986430e-08 9.997401602562490108e-01
2.257525083612039905e-08 9.997378357003479099e-01
2.267558528428093381e-08 9.997355008011536981e-01
2.277591973244146856e-08 9.997331555588138130e-01
2.287625418060200332e-08 9.997307999734765804e-01
2.297658862876253807e-08 9.997284340452909923e-01
2.307692307692307282e-08 9.997260577744063736e-01
2.317725752508360758e-08 9.997236711609733817e-01
2.327759197324414233e-08 9.997212742051426737e-01
2.337792642140468040e-08 9.997188669070659062e-01
2.347826086956521515e-08 9.997164492668954017e-01
2.357859531772574990e-08 9.997140212847833718e-01
2.367892976588628466e-08 9.997115829608843596e-01
2.377926421404681941e-08 9.997091342953515758e-01
2.387959866220735417e-08 9.997066752883404517e-01
2.397993311036788892e-08 9.997042059400060854e-01
2.408026755852842367e-08 9.997017262505047963e-01
2.418060200668895843e-08 9.996992362199930149e-01
2.428093645484949649e-08 9.996967358486287258e-01
2.438127090301003124e-08 9.996942251365695808e-01
2.448160535117056600e-08 9.996917040839745638e-01
2.458193979933110075e-08 9.996891726910028808e-01
2.468227424749163551e-08 9.996866309578147369e-01
2.478260869565217026e-08 9.996840788845706705e-01
2.488294314381270501e-08 9.996815164714319968e-01
2.498327759197323977e-08 9.996789437185610305e-01
2.508361204013377452e-08 9.996763606261200863e-01
2.518394648829430928e-08 9.996737671942726999e-01
2.528428093645484734e-08 9.996711634231825183e-01
2.538461538461538209e-08 9.996685493130144096e-01
2.548494983277591685e-08 9.996659248639335749e-01
2.558528428093645160e-08 9.996632900761059926e-01
2.568561872909698635e-08 9.996606449496983071e-01
2.578595317725752111e-08 9.996579894848774961e-01
2.588628762541805586e-08 9.996553236818112032e-01
2.598662207357859062e-08 9.996526475406688483e-01
2.608695652173912537e-08 9.996499610616189635e-01
2.618729096989966343e-08 9.996472642448314128e-01
2.628762541806019819e-08 9.996445570904767264e-01
2.638795986622073294e-08 9.996418395987261007e-01
2.648829431438126769e-08 9.996391117697513984e-01
2.658862876254180245e-08 9.996363736037249259e-01
2.668896321070233720e-08 9.996336251008198781e-01
2.678929765886287196e-08 9.996308662612097828e-01
2.688963210702340671e-08 9.996280970850697223e-01
2.698996655518394146e-08 9.996253175725737794e-01
2.709030100334447622e-08 9.996225277238983686e-01
2.719063545150501428e-08 9.996197275392195714e-01
2.729096989966554904e-08 9.996169170187143571e-01
2.739130434782608379e-08 9.996140961625608057e-01
2.749163879598661854e-08 9.996112649709366638e-01
2.759197324414715330e-08 9.996084234440212324e-01
2.769230769230768805e-08 9.996055715819943677e-01
2.779264214046822281e-08 9.996027093850357037e-01
2.789297658862875756e-08 9.995998368533267620e-01
2.799331103678929231e-08 9.995969539870486198e-01
2.809364548494983038e-08 9.995940607863840199e-01
2.819397993311036513e-08 9.995911572515158161e-01
2.829431438127089988e-08 9.995882433826269731e-01
2.839464882943143464e-08 9.995853191799024540e-01
2.849498327759196939e-08 9.995823846435263338e-01
2.859531772575250415e-08 9.995794397736849080e-01
2.869565217391303890e-08 9.995764845705636947e-01
2.879598662207357365e-08 9.995735190343498777e-01
2.889632107023410841e-08 9.995705431652306405e-01
2.899665551839464316e-08 9.995675569633944990e-01
2.909698996655518122e-08 9.995645604290295250e-01
2.919732441471571598e-08 9.995615535623258996e-01
2.929765886287625073e-08 9.995585363634730269e-01
2.939799331103678549e-08 9.995555088326618653e-01
2.949832775919732024e-08 9.995524709700841504e-01
2.959866220735785499e-08 9.995494227759316175e-01
2.969899665551838975e-08 9.995463642503967794e-01
2.979933110367892450e-08 9.995432953936731479e-01
2.989966555183946256e-08 9.995402162059545681e-01
2.999999999999999732e-08 9.995371266874363281e-01
