0.000000000000000000e+00 9.999999999999995559e-01
1.003344481605351029e-10 9.999999396806528162e-01
2.006688963210702059e-10 9.999997587226558959e-01
3.010033444816052959e-10 9.999994571261424658e-01
4.013377926421404118e-10 9.999990348913350147e-01
5.016722408026755277e-10 9.999984920185442938e-01
6.020066889632105918e-10 9.999978285081699836e-01
7.023411371237457594e-10 9.999970443607010262e-01
8.026755852842808236e-10 9.999961395767147376e-01
9.030100334448158877e-10 9.999951141568776958e-01
1.003344481605351055e-09 9.999939681019448523e-01
1.103678929765886223e-09 9.999927014127608649e-01
1.204013377926421184e-09 9.999913140902579878e-01
1.304347826086956351e-09 9.999898061354584033e-01
1.404682274247491519e-09 9.999881775494728897e-01
1.505016722408026480e-09 9.999864283335004878e-01
1.605351170568561647e-09 9.999845584888300554e-01
1.705685618729096815e-09 9.999825680168382691e-01
1.806020066889631775e-09 9.999804569189911785e-01
1.906354515050166943e-09 9.999782251968442059e-01
2.006688963210702111e-09 9.999758728520404816e-01
2.107023411371237278e-09 9.999733998863125084e-01
2.207357859531772446e-09 9.999708063014817183e-01
2.307692307692307200e-09 9.999680920994584721e-01
2.408026755852842367e-09 9.999652572822417262e-01
2.508361204013377535e-09 9.999623018519188111e-01
2.608695652173912702e-09 9.999592258106673182e-01
2.709030100334447870e-09 9.999560291607518803e-01
2.809364548494983038e-09 9.999527119045267254e-01
2.909698996655517792e-09 9.999492740444357874e-01
3.010033444816052959e-09 9.999457155830104860e-01
3.110367892976588127e-09 9.999420365228715024e-01
3.210702341137123294e-09 9.999382368667281140e-01
3.311036789297658462e-09 9.999343166173791930e-01
3.411371237458193629e-09 9.999302757777114303e-01
3.511705685618728797e-09 9.999261143507008898e-01
3.612040133779263551e-09 9.999218323394124530e-01
3.712374581939798719e-09 9.999174297469993755e-01
3.812709030100333886e-09 9.999129065767038416e-01
3.913043478260868640e-09 9.999082628318567423e-01
4.013377926421404221e-09 9.999034985158784528e-01
4.113712374581938975e-09 9.998986136322772778e-01
4.214046822742474556e-09 9.998936081846506729e-01
4.314381270903009310e-09 9.998884821766845787e-01
4.414715719063544892e-09 9.998832356121539755e-01
4.515050167224079646e-09 9.998778684949224393e-01
4.615384615384614399e-09 9.998723808289425863e-01
4.715719063545149981e-09 9.998667726182549620e-01
4.816053511705684735e-09 9.998610438669898182e-01
4.916387959866220316e-09 9.998551945793657802e-01
5.016722408026755070e-09 9.998492247596904026e-01
5.117056856187290651e-09 9.998431344123589470e-01
5.217391304347825405e-09 9.998369235418564926e-01
5.317725752508360159e-09 9.998305921527568252e-01
5.418060200668895740e-09 9.998241402497219932e-01
5.518394648829430494e-09 9.998175678375025299e-01
5.618729096989966075e-09 9.998108749209385637e-01
5.719063545150500829e-09 9.998040615049575974e-01
5.819397993311035583e-09 9.997971275945768399e-01
5.919732441471571164e-09 9.997900731949023179e-01
6.020066889632105918e-09 9.997828983111278767e-01
6.120401337792641499e-09 9.997756029485362905e-01
6.220735785953176253e-09 9.997681871124994846e-01
6.321070234113711835e-09 9.997606508084773136e-01
6.421404682274246589e-09 9.997529940420194494e-01
6.521739130434781343e-09 9.997452168187624943e-01
6.622073578595316924e-09 9.997373191444328677e-01
6.722408026755851678e-09 9.997293010248456957e-01
6.822742474916387259e-09 9.997211624659039231e-01
6.923076923076922013e-09 9.997129034735992015e-01
7.023411371237457594e-09 9.997045240540132216e-01
7.123745819397992348e-09 9.996960242133139385e-01
7.224080267558527102e-09 9.996874039577596793e-01
7.324414715719062683e-09 9.996786632936969230e-01
7.424749163879597437e-09 9.996698022275599671e-01
7.525083612040133018e-09 9.996608207658730372e-01
7.625418060200667772e-09 9.996517189152475114e-01
7.725752508361202526e-09 9.996424966823840297e-01
7.826086956521737280e-09 9.996331540740719390e-01
7.926421404682273689e-09 9.996236910971888490e-01
8.026755852842808442e-09 9.996141077587005208e-01
8.127090301003343196e-09 9.996044040656616447e-01
8.227424749163877950e-09 9.995945800252156177e-01
8.327759197324414359e-09 9.995846356445939884e-01
8.428093645484949113e-09 9.995745709311167904e-01
8.528428093645483867e-09 9.995643858921926528e-01
8.628762541806018621e-09 9.995540805353185787e-01
8.729096989966553375e-09 9.995436548680800559e-01
8.829431438127089783e-09 9.995331088981510570e-01
8.929765886287624537e-09 9.995224426332942613e-01
9.030100334448159291e-09 9.995116560813597228e-01
9.130434782608694045e-09 9.995007492502874236e-01
9.230769230769228799e-09 9.994897221481048311e-01
9.331103678929765207e-09 9.994785747829274536e-01
9.431438127090299961e-09 9.994673071629603944e-01
9.531772575250834715e-09 9.994559192964959093e-01
9.632107023411369469e-09 9.994444111919156271e-01
9.732441471571904223e-09 9.994327828576885508e-01
9.832775919732440632e-09 9.994210343023732790e-01
9.933110367892975386e-09 9.994091655346154512e-01
1.003344481605351014e-08 9.993971765631494142e-01
1.013377926421404489e-08 9.993850673967985543e-01
1.023411371237458130e-08 9.993728380444737436e-01
1.033444816053511606e-08 9.993604885151743389e-01
1.043478260869565081e-08 9.993480188179879597e-01
1.053511705685618556e-08 9.993354289620909325e-01
1.063545150501672032e-08 9.993227189567471802e-01
1.073578595317725673e-08 9.993098888113093325e-01
1.083612040133779148e-08 9.992969385352179490e-01
1.093645484949832623e-08 9.992838681380024068e-01
1.103678929765886099e-08 9.992706776292794579e-01
1.113712374581939574e-08 9.992573670187541168e-01
1.123745819397993215e-08 9.992439363162206600e-01
1.133779264214046690e-08 9.992303855315605166e-01
1.143812709030100166e-08 9.992167146747432671e-01
1.153846153846153641e-08 9.992029237558271992e-01
1.163879598662207117e-08 9.991890127849585301e-01
1.173913043478260757e-08 9.991749817723714067e-01
1.183946488294314233e-08 9.991608307283881274e-01
1.193979933110367708e-08 9.991465596634193647e-01
1.204013377926421184e-08 9.991321685879637204e-01
1.214046822742474824e-08 9.991176575126075043e-01
1.224080267558528300e-08 9.991030264480260659e-01
1.234113712374581775e-08 9.990882754049815739e-01
1.244147157190635251e-08 9.990734043943249043e-01
1.254180602006688726e-08 9.990584134269953065e-01
1.264214046822742367e-08 9.990433025140191825e-01
1.274247491638795842e-08 9.990280716665110861e-01
1.284280936454849318e-08 9.990127208956746108e-01
1.294314381270902793e-08 9.989972502128000587e-01
1.304347826086956269e-08 9.989816596292661055e-01
1.314381270903009909e-08 9.989659491565390237e-01
1.324414715719063385e-08 9.989501188061742365e-01
1.334448160535116860e-08 9.989341685898135426e-01
1.344481605351170336e-08 9.989180985191878914e-01
1.354515050167223811e-08 9.989019086061149411e-01
1.364548494983277452e-08 9.988855988625009452e-01
1.374581939799330927e-08 9.988691693003398653e-01
1.384615384615384403e-08 9.988526199317140364e-01
1.394648829431437878e-08 9.988359507687922800e-01
1.404682274247491519e-08 9.988191618238325686e-01
1.414715719063544994e-08 9.988022531091798051e-01
1.424749163879598470e-08 9.987852246372668219e-01
1.434782608695651945e-08 9.987680764206149364e-01
1.444816053511705420e-08 9.987508084718325074e-01
1.454849498327759061e-08 9.987334208036151573e-01
1.464882943143812537e-08 9.987159134287473261e-01
1.474916387959866012e-08 9.986982863601004956e-01
1.484949832775919487e-08 9.986805396106341881e-01
1.494983277591973128e-08 9.986626731933948564e-01
1.505016722408026604e-08 9.986446871215178822e-01
1.515050167224080079e-08 9.986265814082248005e-01
1.525083612040133554e-08 9.986083560668258530e-01
1.535117056856187030e-08 9.985900111107183230e-01
1.545150501672240505e-08 9.985715465533875346e-01
1.555183946488293981e-08 9.985529624084055200e-01
1.565217391304347456e-08 9.985342586894327965e-01
1.575250836120401262e-08 9.985154354102171448e-01
1.585284280936454738e-08 9.984964925845937200e-01
1.595317725752508213e-08 9.984774302264850521e-01
1.605351170568561688e-08 9.984582483499013783e-01
1.615384615384615164e-08 9.984389469689405328e-01
1.625418060200668639e-08 9.984195260977875019e-01
1.635451505016722115e-08 9.983999857507145359e-01
1.645484949832775590e-08 9.983803259420820364e-01
1.655518394648829065e-08 9.983605466863367806e-01
1.665551839464882872e-08 9.983406479980136972e-01
1.675585284280936347e-08 9.983206298917353116e-01
1.685618729096989823e-08 9.983004923822100807e-01
1.695652173913043298e-08 9.982802354842355008e-01
1.705685618729096773e-08 9.982598592126949999e-01
1.715719063545150249e-08 9.982393635825604905e-01
1.725752508361203724e-08 9.982187486088897055e-01
1.735785953177257200e-08 9.981980143068291955e-01
1.745819397993310675e-08 9.981771606916112205e-01
1.755852842809364150e-08 9.981561877785569692e-01
1.765886287625417957e-08 9.981350955830730065e-01
1.775919732441471432e-08 9.981138841206543821e-01
1.785953177257524907e-08 9.980925534068826321e-01
1.795986622073578383e-08 9.980711034574270002e-01
1.806020066889631858e-08 9.980495342880428833e-01
1.816053511705685334e-08 9.980278459145736081e-01
1.826086956521738809e-08 9.980060383529492096e-01
1.836120401337792284e-08 9.979841116191872086e-01
1.846153846153845760e-08 9.979620657293915009e-01
1.856187290969899566e-08 9.979399006997535793e-01
1.866220735785953041e-08 9.979176165465516446e-01
1.876254180602006517e-08 9.978952132861508284e-01
1.886287625418059992e-08 9.978726909350033036e-01
1.896321070234113468e-08 9.978500495096481737e-01
1.906354515050166943e-08 9.978272890267112505e-01
1.916387959866220418e-08 9.978044095029054983e-01
1.926421404682273894e-08 9.977814109550309229e-01
1.936454849498327369e-08 9.977582933999740167e-01
1.946488294314380845e-08 9.977350568547083132e-01
1.956521739130434651e-08 9.977117013362936104e-01
1.966555183946488126e-08 9.976882268618774141e-01
1.976588628762541602e-08 9.976646334486933831e-01
1.986622073578595077e-08 9.976409211140622180e-01
1.996655518394648553e-08 9.976170898753908833e-01
2.006688963210702028e-08 9.975931397501733855e-01
2.016722408026755503e-08 9.975690707559905501e-01
2.026755852842808979e-08 9.975448829105096893e-01
2.036789297658862454e-08 9.975205762314844904e-01
2.046822742474916260e-08 9.974961507367556823e-01
2.056856187290969736e-08 9.974716064442504804e-01
2.066889632107023211e-08 9.974469433719824751e-01
2.076923076923076687e-08 9.974221615380517436e-01
2.086956521739130162e-08 9.973972609606455153e-01
2.096989966555183637e-08 9.973722416580368400e-01
2.107023411371237113e-08 9.973471036485853647e-01
2.117056856187290588e-08 9.973218469507372230e-01
2.127090301003344064e-08 9.972964715830252569e-01
2.137123745819397539e-08 9.972709775640684615e-01
2.147157190635451345e-08 9.972453649125723185e-01
2.157190635451504821e-08 9.972196336473286848e-01
2.167224080267558296e-08 9.971937837872156818e-01
2.177257525083611771e-08 9.971678153511978060e-01
2.187290969899665247e-08 9.971417283583253743e-01
2.197324414715718722e-08 9.971155228277361893e-01
2.207357859531772198e-08 9.970891987786529853e-01
2.217391304347825673e-08 9.970627562303852054e-01
2.227424749163879148e-08 9.970361952023287788e-01
2.237458193979932955e-08 9.970095157139657882e-01
2.247491638795986430e-08 9.969827177848638033e-01
2.257525083612039905e-08 9.969558014346774355e-01
2.267558528428093381e-08 9.969287666831464501e-01
2.277591973244146856e-08 9.969016135500974318e-01
2.287625418060200332e-08 9.968743420554427859e-01
2.297658862876253807e-08 9.968469522191809595e-01
2.307692307692307282e-08 9.968194440613957763e-01
2.317725752508360758e-08 9.967918176022586563e-01
2.327759197324414233e-08 9.967640728620248414e-01
2.337792642140468040e-08 9.967362098610376142e-01
2.347826086956521515e-08 9.967082286197244123e-01
2.357859531772574990e-08 9.966801291586000477e-01
2.367892976588628466e-08 9.966519114982633765e-01
2.377926421404681941e-08 9.966235756594009620e-01
2.387959866220735417e-08 9.965951216627839671e-01
2.397993311036788892e-08 9.965665495292697074e-01
2.408026755852842367e-08 9.965378592798015411e-01
2.418060200668895843e-08 9.965090509354082027e-01
2.428093645484949649e-08 9.964801245172036914e-01
2.438127090301003124e-08 9.964510800463884932e-01
2.448160535117056600e-08 9.964219175442486920e-01
2.458193979933110075e-08 9.963926370321550818e-01
2.468227424749163551e-08 9.963632385315654982e-01
2.478260869565217026e-08 9.963337220640217096e-01
2.488294314381270501e-08 9.963040876511519706e-01
2.498327759197323977e-08 9.962743353146702452e-01
2.508361204013377452e-08 9.962444650763753184e-01
2.518394648829430928e-08 9.962144769581524617e-01
2.528428093645484734e-08 9.961843709819706572e-01
2.538461538461538209e-08 9.961541471698858174e-01
2.548494983277591685e-08 9.961238055440386763e-01
2.558528428093645160e-08 9.960933461266555655e-01
2.568561872909698635e-08 9.960627689400476381e-01
2.578595317725752111e-08 9.960320740066119782e-01
2.588628762541805586e-08 9.960012613488303801e-01
2.598662207357859062e-08 9.959703309892699030e-01
2.608695652173912537e-08 9.959392829505836486e-01
2.618729096989966343e-08 9.959081172555086514e-01
2.628762541806019819e-08 9.958768339268679881e-01
2.638795986622073294e-08 9.958454329875694455e-01
2.648829431438126769e-08 9.958139144606061866e-01
2.658862876254180245e-08 9.957822783690564172e-01
2.668896321070233720e-08 9.957505247360829426e-01
2.678929765886287196e-08 9.957186535849340547e-01
2.688963210702340671e-08 9.956866649389435331e-01
2.698996655518394146e-08 9.956545588215284237e-01
2.709030100334447622e-08 9.956223352561924811e-01
2.719063545150501428e-08 9.955899942665231706e-01
2.729096989966554904e-08 9.955575358761934446e-01
2.739130434782608379e-08 9.955249601089610767e-01
2.749163879598661854e-08 9.954922669886682174e-01
2.759197324414715330e-08 9.954594565392426153e-01
2.769230769230768805e-08 9.954265287846958410e-01
2.779264214046822281e-08 9.953934837491245080e-01
2.789297658862875756e-08 9.953603214567101620e-01
2.799331103678929231e-08 9.953270419317186146e-01
2.809364548494983038e-08 9.952936451985008315e-01
2.819397993311036513e-08 9.952601312814919332e-01
2.829431438127089988e-08 9.952265002052120835e-01
2.839464882943143464e-08 9.951927519942650457e-01
2.849498327759196939e-08 9.951588866733400707e-01
2.859531772575250415e-08 9.951249042672103418e-01
2.869565217391303890e-08 9.950908048007341966e-01
2.879598662207357365e-08 9.950565882988534616e-01
2.889632107023410841e-08 9.950222547865943401e-01
2.899665551839464316e-08 9.949878042890687446e-01
2.909698996655518122e-08 9.949532368314711883e-01
2.919732441471571598e-08 9.949185524390820046e-01
2.929765886287625073e-08 9.948837511372644604e-01
2.939799331103678549e-08 9.948488329514665329e-01
2.949832775919732024e-08 9.948137979072211312e-01
2.959866220735785499e-08 9.947786460301443201e-01
2.969899665551838975e-08 9.947433773459365414e-01
2.979933110367892450e-08 9.947079918803829468e-01
2.989966555183946256e-08 9.946724896593519549e-01
2.999999999999999732e-08 9.946368707087965833e-01
