0.000000000000000000e+00 9.999999999999995559e-01
1.003344481605351029e-10 9.999999880035194133e-01
2.006688963210702059e-10 9.999999520140799847e-01
3.010033444816052959e-10 9.999998920316869322e-01
4.013377926421404118e-10 9.999998080563491376e-01
5.016722408026755277e-10 9.999997000880783693e-01
6.020066889632105918e-10 9.999995681268910586e-01
7.023411371237457594e-10 9.999994121728060792e-01
8.026755852842808236e-10 9.999992322258468569e-01
9.030100334448158877e-10 9.999990282860388158e-01
1.003344481605351055e-09 9.999988003534129311e-01
1.103678929765886223e-09 9.999985484280016212e-01
1.204013377926421184e-09 9.999982725098421898e-01
1.304347826086956351e-09 9.999979725989754931e-01
1.404682274247491519e-09 9.999976486954449406e-01
1.505016722408026480e-09 9.999973007992978280e-01
1.605351170568561647e-09 9.999969289105855585e-01
1.705685618729096815e-09 9.999965330293620891e-01
1.806020066889631775e-09 9.999961131556860394e-01
1.906354515050166943e-09 9.999956692896186938e-01
2.006688963210702111e-09 9.999952014312247783e-01
2.107023411371237278e-09 9.999947095805732378e-01
2.207357859531772446e-09 9.999941937377356815e-01
2.307692307692307200e-09 9.999936539027880489e-01
2.408026755852842367e-09 9.999930900758091656e-01
2.508361204013377535e-09 9.999925022568819655e-01
2.608695652173912702e-09 9.999918904460922686e-01
2.709030100334447870e-09 9.999912546435294480e-01
2.809364548494983038e-09 9.999905948492870955e-01
2.909698996655517792e-09 9.999899110634619115e-01
3.010033444816052959e-09 9.999892032861534830e-01
3.110367892976588127e-09 9.999884715174661709e-01
3.210702341137123294e-09 9.999877157575064457e-01
3.311036789297658462e-09 9.999869360063857737e-01
3.411371237458193629e-09 9.999861322642177308e-01
3.511705685618728797e-09 9.999853045311206667e-01
3.612040133779263551e-09 9.999844528072150407e-01
3.712374581939798719e-09 9.999835770926264189e-01
3.812709030100333886e-09 9.999826773874825880e-01
3.913043478260868640e-09 9.999817536919154426e-01
4.013377926421404221e-09 9.999808060060602077e-01
4.113712374581938975e-09 9.999798343300557724e-01
4.214046822742474556e-09 9.999788386640446891e-01
4.314381270903009310e-09 9.999778190081725082e-01
4.414715719063544892e-09 9.999767753625887767e-01
4.515050167224079646e-09 9.999757077274460393e-01
4.615384615384614399e-09 9.999746161029010594e-01
4.715719063545149981e-09 9.999735004891135981e-01
4.816053511705684735e-09 9.999723608862469693e-01
4.916387959866220316e-09 9.999711972944682614e-01
5.016722408026755070e-09 9.999700097139476718e-01
5.117056856187290651e-09 9.999687981448595053e-01
5.217391304347825405e-09 9.999675625873809537e-01
5.317725752508360159e-09 9.999663030416933163e-01
5.418060200668895740e-09 9.999650195079805570e-01
5.518394648829430494e-09 9.999637119864308588e-01
5.618729096989966075e-09 9.999623804772360680e-01
5.719063545150500829e-09 9.999610249805911399e-01
5.819397993311035583e-09 9.999596454966944714e-01
5.919732441471571164e-09 9.999582420257481230e-01
6.020066889632105918e-09 9.999568145679575970e-01
6.120401337792641499e-09 9.999553631235320594e-01
6.220735785953176253e-09 9.999538876926842290e-01
6.321070234113711835e-09 9.999523882756300441e-01
6.421404682274246589e-09 9.999508648725891069e-01
6.521739130434781343e-09 9.999493174837846832e-01
6.622073578595316924e-09 9.999477461094431474e-01
6.722408026755851678e-09 9.999461507497953150e-01
6.822742474916387259e-09 9.999445314050743328e-01
6.923076923076922013e-09 9.999428880755172333e-01
7.023411371237457594e-09 9.999412207613653791e-01
7.123745819397992348e-09 9.999395294628624642e-01
7.224080267558527102e-09 9.999378141802559572e-01
7.324414715719062683e-09 9.999360749137977677e-01
7.424749163879597437e-09 9.999343116637424700e-01
7.525083612040133018e-09 9.999325244303479687e-01
7.625418060200667772e-09 9.999307132138766097e-01
7.725752508361202526e-09 9.999288780145930700e-01
7.826086956521737280e-09 9.999270188327665787e-01
7.926421404682273689e-09 9.999251356686692516e-01
8.026755852842808442e-09 9.999232285225768679e-01
8.127090301003343196e-09 9.999212973947688710e-01
8.227424749163877950e-09 9.999193422855282565e-01
8.327759197324414359e-09 9.999173631951409069e-01
8.428093645484949113e-09 9.999153601238973677e-01
8.528428093645483867e-09 9.999133330720900714e-01
8.628762541806018621e-09 9.999112820400170021e-01
8.729096989966553375e-09 9.999092070279780309e-01
8.829431438127089783e-09 9.999071080362769148e-01
8.929765886287624537e-09 9.999049850652212967e-01
9.030100334448159291e-09 9.999028381151218170e-01
9.130434782608694045e-09 9.999006671862936679e-01
9.230769230769228799e-09 9.998984722790539292e-01
9.331103678929765207e-09 9.998962533937247876e-01
9.431438127090299961e-09 9.998940105306307613e-01
9.531772575250834715e-09 9.998917436901002542e-01
9.632107023411369469e-09 9.998894528724656672e-01
9.732441471571904223e-09 9.998871380780623985e-01
9.832775919732440632e-09 9.998847993072293994e-01
9.933110367892975386e-09 9.998824365603090625e-01
1.003344481605351014e-08 9.998800498376478885e-01
1.013377926421404489e-08 9.998776391395950425e-01
1.023411371237458130e-08 9.998752044665034644e-01
1.033444816053511606e-08 9.998727458187302020e-01
1.043478260869565081e-08 9.998702631966351895e-01
1.053511705685618556e-08 9.998677566005818029e-01
1.063545150501672032e-08 9.998652260309371931e-01
1.073578595317725673e-08 9.998626714880720634e-01
1.083612040133779148e-08 9.998600929723605590e-01
1.093645484949832623e-08 9.998574904841802669e-01
1.103678929765886099e-08 9.998548640239125485e-01
1.113712374581939574e-08 9.998522135919418741e-01
1.123745819397993215e-08 9.998495391886558226e-01
1.133779264214046690e-08 9.998468408144470798e-01
1.143812709030100166e-08 9.998441184697103301e-01
1.153846153846153641e-08 9.998413721548442545e-01
1.163879598662207117e-08 9.998386018702514200e-01
1.173913043478260757e-08 9.998358076163369468e-01
1.183946488294314233e-08 9.998329893935103962e-01
1.193979933110367708e-08 9.998301472021844383e-01
1.204013377926421184e-08 9.998272810427752955e-01
1.214046822742474824e-08 9.998243909157025211e-01
1.224080267558528300e-08 9.998214768213898873e-01
1.234113712374581775e-08 9.998185387602634977e-01
1.244147157190635251e-08 9.998155767327541188e-01
1.254180602006688726e-08 9.998125907392955147e-01
1.264214046822742367e-08 9.998095807803245583e-01
1.274247491638795842e-08 9.998065468562823410e-01
1.284280936454849318e-08 9.998034889676132853e-01
1.294314381270902793e-08 9.998004071147650329e-01
1.304347826086956269e-08 9.997973012981886676e-01
1.314381270903009909e-08 9.997941715183392697e-01
1.324414715719063385e-08 9.997910177756750283e-01
1.334448160535116860e-08 9.997878400706581292e-01
1.344481605351170336e-08 9.997846384037534229e-01
1.354515050167223811e-08 9.997814127754303115e-01
1.364548494983277452e-08 9.997781631861605289e-01
1.374581939799330927e-08 9.997748896364201387e-01
1.384615384615384403e-08 9.997715921266889794e-01
1.394648829431437878e-08 9.997682706574495537e-01
1.404682274247491519e-08 9.997649252291878064e-01
1.414715719063544994e-08 9.997615558423946780e-01
1.424749163879598470e-08 9.997581624975624415e-01
1.434782608695651945e-08 9.997547451951889208e-01
1.444816053511705420e-08 9.997513039357736053e-01
1.454849498327759061e-08 9.997478387198213134e-01
1.464882943143812537e-08 9.997443495478388620e-01
1.474916387959866012e-08 9.997408364203376196e-01
1.484949832775919487e-08 9.997372993378313977e-01
1.494983277591973128e-08 9.997337383008387812e-01
1.505016722408026604e-08 9.997301533098809090e-01
1.515050167224080079e-08 9.997265443654826944e-01
1.525083612040133554e-08 9.997229114681721596e-01
1.535117056856187030e-08 9.997192546184824335e-01
1.545150501672240505e-08 9.997155738169476447e-01
1.555183946488293981e-08 9.997118690641078054e-01
1.565217391304347456e-08 9.997081403605050376e-01
1.575250836120401262e-08 9.997043877066847939e-01
1.585284280936454738e-08 9.997006111031969677e-01
1.595317725752508213e-08 9.996968105505947833e-01
1.605351170568561688e-08 9.996929860494345732e-01
1.615384615384615164e-08 9.996891376002758900e-01
1.625418060200668639e-08 9.996852652036830600e-01
1.635451505016722115e-08 9.996813688602221859e-01
1.645484949832775590e-08 9.996774485704640334e-01
1.655518394648829065e-08 9.996735043349829208e-01
1.665551839464882872e-08 9.996695361543561642e-01
1.675585284280936347e-08 9.996655440291648542e-01
1.685618729096989823e-08 9.996615279599933013e-01
1.695652173913043298e-08 9.996574879474293684e-01
1.705685618729096773e-08 9.996534239920649156e-01
1.715719063545150249e-08 9.996493360944948003e-01
1.725752508361203724e-08 9.996452242553177658e-01
1.735785953177257200e-08 9.996410884751355530e-01
1.745819397993310675e-08 9.996369287545536775e-01
1.755852842809364150e-08 9.996327450941812076e-01
1.765886287625417957e-08 9.996285374946307645e-01
1.775919732441471432e-08 9.996243059565181888e-01
1.785953177257524907e-08 9.996200504804632070e-01
1.795986622073578383e-08 9.996157710670886543e-01
1.806020066889631858e-08 9.996114677170214735e-01
1.816053511705685334e-08 9.996071404308910502e-01
1.826086956521738809e-08 9.996027892093315437e-01
1.836120401337792284e-08 9.995984140529795559e-01
1.846153846153845760e-08 9.995940149624755744e-01
1.856187290969899566e-08 9.995895919384638617e-01
1.866220735785953041e-08 9.995851449815918999e-01
1.876254180602006517e-08 9.995806740925106126e-01
1.886287625418059992e-08 9.995761792718745875e-01
1.896321070234113468e-08 9.995716605203417426e-01
1.906354515050166943e-08 9.995671178385738820e-01
1.916387959866220418e-08 9.995625512272361402e-01
1.926421404682273894e-08 9.995579606869962053e-01
1.936454849498327369e-08 9.995533462185268725e-01
1.946488294314380845e-08 9.995487078225032684e-01
1.956521739130434651e-08 9.995440454996047386e-01
1.966555183946488126e-08 9.995393592505136260e-01
1.976588628762541602e-08 9.995346490759161595e-01
1.986622073578595077e-08 9.995299149765012325e-01
1.996655518394648553e-08 9.995251569529625124e-01
2.006688963210702028e-08 9.995203750059964420e-01
2.016722408026755503e-08 9.995155691363027950e-01
2.026755852842808979e-08 9.995107393445850086e-01
2.036789297658862454e-08 9.995058856315502949e-01
2.046822742474916260e-08 9.995010079979090856e-01
2.056856187290969736e-08 9.994961064443752541e-01
2.066889632107023211e-08 9.994911809716662265e-01
2.076923076923076687e-08 9.994862315805032038e-01
2.086956521739130162e-08 9.994812582716108285e-01
2.096989966555183637e-08 9.994762610457168517e-01
2.107023411371237113e-08 9.994712399035524664e-01
2.117056856187290588e-08 9.994661948458531953e-01
2.127090301003344064e-08 9.994611258733572257e-01
2.137123745819397539e-08 9.994560329868065196e-01
2.147157190635451345e-08 9.994509161869462588e-01
2.157190635451504821e-08 9.994457754745257327e-01
2.167224080267558296e-08 9.994406108502977837e-01
2.177257525083611771e-08 9.994354223150174743e-01
2.187290969899665247e-08 9.994302098694448633e-01
2.197324414715718722e-08 9.994249735143424518e-01
2.207357859531772198e-08 9.994197132504769598e-01
2.217391304347825673e-08 9.994144290786182161e-01
2.227424749163879148e-08 9.994091209995398239e-01
2.237458193979932955e-08 9.994037890140183844e-01
2.247491638795986430e-08 9.993984331228341622e-01
2.257525083612039905e-08 9.993930533267716410e-01
2.267558528428093381e-08 9.993876496266177467e-01
2.277591973244146856e-08 9.993822220231631803e-01
2.287625418060200332e-08 9.993767705172029725e-01
2.297658862876253807e-08 9.993712951095343744e-01
2.307692307692307282e-08 9.993657958009588560e-01
2.317725752508360758e-08 9.993602725922815511e-01
2.327759197324414233e-08 9.993547254843104799e-01
2.337792642140468040e-08 9.993491544778576596e-01
2.347826086956521515e-08 9.993435595737379940e-01
2.357859531772574990e-08 9.993379407727711605e-01
2.367892976588628466e-08 9.993322980757786134e-01
2.377926421404681941e-08 9.993266314835863584e-01
2.387959866220735417e-08 9.993209409970240653e-01
2.397993311036788892e-08 9.993152266169240683e-01
2.408026755852842367e-08 9.993094883441223653e-01
2.418060200668895843e-08 9.993037261794597281e-01
2.428093645484949649e-08 9.992979401237783721e-01
2.438127090301003124e-08 9.992921301779257304e-01
2.448160535117056600e-08 9.992862963427512346e-01
2.458193979933110075e-08 9.992804386191094235e-01
2.468227424749163551e-08 9.992745570078572781e-01
2.478260869565217026e-08 9.992686515098549993e-01
2.488294314381270501e-08 9.992627221259673398e-01
2.498327759197323977e-08 9.992567688570614948e-01
2.508361204013377452e-08 9.992507917040088783e-01
2.518394648829430928e-08 9.992447906676839020e-01
2.528428093645484734e-08 9.992387657489651964e-01
2.538461538461538209e-08 9.992327169487338345e-01
2.548494983277591685e-08 9.992266442678751082e-01
2.558528428093645160e-08 9.992205477072776398e-01
2.568561872909698635e-08 9.992144272678334938e-01
2.578595317725752111e-08 9.992082829504380648e-01
2.588628762541805586e-08 9.992021147559907446e-01
2.598662207357859062e-08 9.991959226853935894e-01
2.608695652173912537e-08 9.991897067395529852e-01
2.618729096989966343e-08 9.991834669193783158e-01
2.628762541806019819e-08 9.991772032257826286e-01
2.638795986622073294e-08 9.991709156596824126e-01
2.648829431438126769e-08 9.991646042219973767e-01
2.658862876254180245e-08 9.991582689136511153e-01
2.668896321070233720e-08 9.991519097355706647e-01
2.678929765886287196e-08 9.991455266886861697e-01
2.688963210702340671e-08 9.991391197739316610e-01
2.698996655518394146e-08 9.991326889922447219e-01
2.709030100334447622e-08 9.991262343445659333e-01
2.719063545150501428e-08 9.991197558318396510e-01
2.729096989966554904e-08 9.991132534550137834e-01
2.739130434782608379e-08 9.991067272150395695e-01
2.749163879598661854e-08 9.991001771128722453e-01
2.759197324414715330e-08 9.990936031494692671e-01
2.769230769230768805e-08 9.990870053257928651e-01
2.779264214046822281e-08 9.990803836428084894e-01
2.789297658862875756e-08 9.990737381014845875e-01
2.799331103678929231e-08 9.990670687027929375e-01
2.809364548494983038e-08 9.990603754477099807e-01
2.819397993311036513e-08 9.990536583372141566e-01
2.829431438127089988e-08 9.990469173722887897e-01
2.839464882943143464e-08 9.990401525539197580e-01
2.849498327759196939e-08 9.990333638830964924e-01
2.859531772575250415e-08 9.990265513608123094e-01
2.869565217391303890e-08 9.990197149880635230e-01
2.879598662207357365e-08 9.990128547658503333e-01
2.889632107023410841e-08 9.990059706951763818e-01
2.899665551839464316e-08 9.989990627770483078e-01
2.909698996655518122e-08 9.989921310124768583e-01
2.919732441471571598e-08 9.989851754024757780e-01
2.929765886287625073e-08 9.989781959480626972e-01
2.939799331103678549e-08 9.989711926502585770e-01
2.949832775919732024e-08 9.989641655100878204e-01
2.959866220735785499e-08 9.989571145285779386e-01
2.969899665551838975e-08 9.989500397067605508e-01
2.979933110367892450e-08 9.989429410456702740e-01
2.989966555183946256e-08 9.989358185463457218e-01
2.999999999999999732e-08 9.989286722098287274e-01
