0.000000000000000000e+00 9.999999999999995559e-01
1.003344481605351029e-10 9.999871439281241559e-01
2.006688963210702059e-10 9.999485777305930911e-01
3.010033444816052959e-10 9.998843074611547532e-01
4.013377926421404118e-10 9.997943432076096260e-01
5.016722408026755277e-10 9.996786990891354252e-01
6.020066889632105918e-10 9.995373932525493110e-01
7.023411371237457594e-10 9.993704478674991787e-01
8.026755852842808236e-10 9.991778891205952418e-01
9.030100334448158877e-10 9.989597472084742469e-01
1.003344481605351055e-09 9.987160563298074223e-01
1.103678929765886223e-09 9.984468546762486074e-01
1.204013377926421184e-09 9.981521844223295581e-01
1.304347826086956351e-09 9.978320917143039814e-01
1.404682274247491519e-09 9.974866266579458518e-01
1.505016722408026480e-09 9.971158433053031178e-01
1.605351170568561647e-09 9.967197996404180138e-01
1.705685618729096815e-09 9.962985575640085356e-01
1.806020066889631775e-09 9.958521828771287332e-01
1.906354515050166943e-09 9.953807452638029352e-01
2.006688963210702111e-09 9.948843182726474499e-01
2.107023411371237278e-09 9.943629792974802983e-01
2.207357859531772446e-09 9.938168095569325233e-01
2.307692307692307200e-09 9.932458940730592989e-01
2.408026755852842367e-09 9.926503216489683812e-01
2.508361204013377535e-09 9.920301848454662341e-01
2.608695652173912702e-09 9.913855799567328209e-01
2.709030100334447870e-09 9.907166069850321666e-01
2.809364548494983038e-09 9.900233696144713491e-01
2.909698996655517792e-09 9.893059751838125804e-01
3.010033444816052959e-09 9.885645346583481485e-01
3.110367892976588127e-09 9.877991626008536530e-01
3.210702341137123294e-09 9.870099771416217527e-01
3.311036789297658462e-09 9.861970999475917488e-01
3.411371237458193629e-09 9.853606561905861039e-01
3.511705685618728797e-09 9.845007745146605593e-01
3.612040133779263551e-09 9.836175870025850587e-01
3.712374581939798719e-09 9.827112291414632494e-01
3.812709030100333886e-09 9.817818397875009984e-01
3.913043478260868640e-09 9.808295611299443495e-01
4.013377926421404221e-09 9.798545386541857027e-01
4.113712374581938975e-09 9.788569211040663021e-01
4.214046822742474556e-09 9.778368604433761435e-01
4.314381270903009310e-09 9.767945118165707319e-01
4.414715719063544892e-09 9.757300335087168985e-01
4.515050167224079646e-09 9.746435869046803369e-01
4.615384615384614399e-09 9.735353364475701765e-01
4.715719063545149981e-09 9.724054495964550293e-01
4.816053511705684735e-09 9.712540967833629413e-01
4.916387959866220316e-09 9.700814513695853458e-01
5.016722408026755070e-09 9.688876896012902362e-01
5.117056856187290651e-09 9.676729905644719798e-01
5.217391304347825405e-09 9.664375361392431030e-01
5.317725752508360159e-09 9.651815109534890302e-01
5.418060200668895740e-09 9.639051023358987669e-01
5.518394648829430494e-09 9.626085002683911762e-01
5.618729096989966075e-09 9.612918973379482868e-01
5.719063545150500829e-09 9.599554886878770565e-01
5.819397993311035583e-09 9.585994719685098087e-01
5.919732441471571164e-09 9.572240472873670969e-01
6.020066889632105918e-09 9.558294171587956578e-01
6.120401337792641499e-09 9.544157864530979918e-01
6.220735785953176253e-09 9.529833623451731128e-01
6.321070234113711835e-09 9.515323542626857867e-01
6.421404682274246589e-09 9.500629738337771357e-01
6.521739130434781343e-09 9.485754348343410358e-01
6.622073578595316924e-09 9.470699531348789613e-01
6.722408026755851678e-09 9.455467466469532622e-01
6.822742474916387259e-09 9.440060352692539736e-01
6.923076923076922013e-09 9.424480408333032466e-01
7.023411371237457594e-09 9.408729870488072855e-01
7.123745819397992348e-09 9.392810994486793241e-01
7.224080267558527102e-09 9.376726053337528510e-01
7.324414715719062683e-09 9.360477337171982937e-01
7.424749163879597437e-09 9.344067152686641453e-01
7.525083612040133018e-09 9.327497822581642950e-01
7.625418060200667772e-09 9.310771684997215525e-01
7.725752508361202526e-09 9.293891092947969002e-01
7.826086956521737280e-09 9.276858413755114663e-01
7.926421404682273689e-09 9.259676028476895304e-01
8.026755852842808442e-09 9.242346331337338849e-01
8.127090301003343196e-09 9.224871729153565347e-01
8.227424749163877950e-09 9.207254640761823872e-01
8.327759197324414359e-09 9.189497496442410318e-01
8.428093645484949113e-09 9.171602737343707012e-01
8.528428093645483867e-09 9.153572814905494015e-01
8.628762541806018621e-09 9.135410190281709752e-01
8.729096989966553375e-09 9.117117333762869702e-01
8.829431438127089783e-09 9.098696724198318542e-01
8.929765886287624537e-09 9.080150848418490073e-01
9.030100334448159291e-09 9.061482200657353658e-01
9.130434782608694045e-09 9.042693281975269226e-01
9.230769230769228799e-09 9.023786599682351861e-01
9.331103678929765207e-09 9.004764666762641312e-01
9.431438127090299961e-09 8.985630001299127478e-01
9.531772575250834715e-09 8.966385125899902775e-01
9.632107023411369469e-09 8.947032567125605684e-01
9.732441471571904223e-09 8.927574854918272074e-01
9.832775919732440632e-09 8.908014522031859617e-01
9.933110367892975386e-09 8.888354103464550793e-01
1.003344481605351014e-08 8.868596135893008769e-01
1.013377926421404489e-08 8.848743157108837076e-01
1.023411371237458130e-08 8.828797705457289702e-01
1.033444816053511606e-08 8.808762319278515829e-01
1.043478260869565081e-08 8.788639536351425807e-01
1.053511705685618556e-08 8.768431893340388195e-01
1.063545150501672032e-08 8.748141925244903305e-01
1.073578595317725673e-08 8.727772164852422021e-01
1.083612040133779148e-08 8.707325142194468626e-01
1.093645484949832623e-08 8.686803384006220874e-01
1.103678929765886099e-08 8.666209413189719379e-01
1.113712374581939574e-08 8.645545748280846210e-01
1.123745819397993215e-08 8.624814902920221460e-01
1.133779264214046690e-08 8.604019385328189884e-01
1.143812709030100166e-08 8.583161697784036370e-01
1.153846153846153641e-08 8.562244336109554599e-01
1.163879598662207117e-08 8.541269789157160952e-01
1.173913043478260757e-08 8.520240538302641387e-01
1.183946488294314233e-08 8.499159056942714452e-01
1.193979933110367708e-08 8.478027809997528141e-01
1.204013377926421184e-08 8.456849253418211587e-01
1.214046822742474824e-08 8.435625833699664788e-01
1.224080267558528300e-08 8.414359987398652985e-01
1.234113712374581775e-08 8.393054140657369988e-01
1.244147157190635251e-08 8.371710708732592598e-01
1.254180602006688726e-08 8.350332095530551557e-01
1.264214046822742367e-08 8.328920693147612297e-01
1.274247491638795842e-08 8.307478881416914263e-01
1.284280936454849318e-08 8.286009027461072041e-01
1.294314381270902793e-08 8.264513485251039349e-01
1.304347826086956269e-08 8.242994595171263539e-01
1.314381270903009909e-08 8.221454683591222778e-01
1.324414715719063385e-08 8.199896062443442490e-01
1.334448160535116860e-08 8.178321028808120952e-01
1.344481605351170336e-08 8.156731864504437324e-01
1.354515050167223811e-08 8.135130835688610951e-01
1.364548494983277452e-08 8.113520192458888447e-01
1.374581939799330927e-08 8.091902168467437484e-01
1.384615384615384403e-08 8.070278980539323799e-01
1.394648829431437878e-08 8.048652828298599182e-01
1.404682274247491519e-08 8.027025893801597034e-01
1.414715719063544994e-08 8.005400341177525414e-01
1.424749163879598470e-08 7.983778316276397558e-01
1.434782608695651945e-08 7.962161946324403106e-01
1.444816053511705420e-08 7.940553339586778892e-01
1.454849498327759061e-08 7.918954585038194827e-01
1.464882943143812537e-08 7.897367752040835853e-01
1.474916387959866012e-08 7.875794890030058948e-01
1.484949832775919487e-08 7.854238028207880529e-01
1.494983277591973128e-08 7.832699175244154377e-01
1.505016722408026604e-08 7.811180318985652127e-01
1.515050167224080079e-08 7.789683426172949732e-01
1.525083612040133554e-08 7.768210442165279783e-01
1.535117056856187030e-08 7.746763290673303048e-01
1.545150501672240505e-08 7.725343873499886937e-01
1.555183946488293981e-08 7.703954070288878686e-01
1.565217391304347456e-08 7.682595738281954301e-01
1.575250836120401262e-08 7.661270712083511070e-01
1.585284280936454738e-08 7.639980803433679135e-01
1.595317725752508213e-08 7.618727800989418819e-01
1.605351170568561688e-08 7.597513470113779199e-01
1.615384615384615164e-08 7.576339552673270195e-01
1.625418060200668639e-08 7.555207766843395900e-01
1.635451505016722115e-08 7.534119806922349172e-01
1.645484949832775590e-08 7.513077343152868570e-01
1.655518394648829065e-08 7.492082021552237681e-01
1.665551839464882872e-08 7.471135463750460115e-01
1.675585284280936347e-08 7.450239266836582441e-01
1.685618729096989823e-08 7.429395003213150606e-01
1.695652173913043298e-08 7.408604220458807621e-01
1.705685618729096773e-08 7.387868441198994773e-01
1.715719063545150249e-08 7.367189162984759676e-01
1.725752508361203724e-08 7.346567858179630095e-01
1.735785953177257200e-08 7.326005973854549103e-01
1.745819397993310675e-08 7.305504931690817161e-01
1.755852842809364150e-08 7.285066127891044463e-01
1.765886287625417957e-08 7.264690933098065795e-01
1.775919732441471432e-08 7.244380692321755744e-01
1.785953177257524907e-08 7.224136724873759796e-01
1.795986622073578383e-08 7.203960324310060281e-01
1.806020066889631858e-08 7.183852758381329418e-01
1.816053511705685334e-08 7.163815268991059471e-01
1.826086956521738809e-08 7.143849072161388980e-01
1.836120401337792284e-08 7.123955358006570648e-01
1.846153846153845760e-08 7.104135290714055362e-01
1.856187290969899566e-08 7.084390008533111294e-01
1.866220735785953041e-08 7.064720623770907038e-01
1.876254180602006517e-08 7.045128222796054329e-01
1.886287625418059992e-08 7.025613866049457146e-01
1.896321070234113468e-08 7.006178588062478285e-01
1.906354515050166943e-08 6.986823397482321285e-01
1.916387959866220418e-08 6.967549277104545524e-01
1.926421404682273894e-08 6.948357183912665658e-01
1.936454849498327369e-08 6.929248049124746567e-01
1.946488294314380845e-08 6.910222778246891684e-01
1.956521739130434651e-08 6.891282251133611370e-01
1.966555183946488126e-08 6.872427322054913690e-01
1.976588628762541602e-08 6.853658819770066524e-01
1.986622073578595077e-08 6.834977547607953285e-01
1.996655518394648553e-08 6.816384283553917900e-01
2.006688963210702028e-08 6.797879780343019096e-01
2.016722408026755503e-08 6.779464765559579664e-01
2.026755852842808979e-08 6.761139941742976278e-01
2.036789297658862454e-08 6.742905986499533322e-01
2.046822742474916260e-08 6.724763552620451890e-01
2.056856187290969736e-08 6.706713268205649614e-01
2.066889632107023211e-08 6.688755736793445816e-01
2.076923076923076687e-08 6.670891537495945434e-01
2.086956521739130162e-08 6.653121225140068429e-01
2.096989966555183637e-08 6.635445330414070364e-01
2.107023411371237113e-08 6.617864360019473091e-01
2.117056856187290588e-08 6.600378796828304528e-01
2.127090301003344064e-08 6.582989100045532060e-01
2.137123745819397539e-08 6.565695705376555225e-01
2.147157190635451345e-08 6.548499025199698842e-01
2.157190635451504821e-08 6.531399448743532288e-01
2.167224080267558296e-08 6.514397342268956059e-01
2.177257525083611771e-08 6.497493049255906872e-01
2.187290969899665247e-08 6.480686890594575811e-01
2.197324414715718722e-08 6.463979164781038511e-01
2.207357859531772198e-08 6.447370148117154143e-01
2.217391304347825673e-08 6.430860094914634395e-01
2.227424749163879148e-08 6.414449237703155893e-01
2.237458193979932955e-08 6.398137787442412794e-01
2.247491638795986430e-08 6.381925933737951917e-01
2.257525083612039905e-08 6.365813845060730447e-01
2.267558528428093381e-08 6.349801668970219692e-01
2.277591973244146856e-08 6.333889532340968298e-01
2.287625418060200332e-08 6.318077541592471702e-01
2.297658862876253807e-08 6.302365782922290105e-01
2.307692307692307282e-08 6.286754322542210671e-01
2.317725752508360758e-08 6.271243206917396229e-01
2.327759197324414233e-08 6.255832463008366151e-01
2.337792642140468040e-08 6.240522098515705052e-01
2.347826086956521515e-08 6.225312102127371627e-01
2.357859531772574990e-08 6.210202443768475522e-01
2.367892976588628466e-08 6.195193074853423409e-01
2.377926421404681941e-08 6.180283928540288851e-01
2.387959866220735417e-08 6.165474919987310454e-01
2.397993311036788892e-08 6.150765946611380652e-01
2.408026755852842367e-08 6.136156888348385241e-01
2.418060200668895843e-08 6.121647607915344791e-01
2.428093645484949649e-08 6.107237951074133697e-01
2.438127090301003124e-08 6.092927746896783514e-01
2.448160535117056600e-08 6.078716808032105234e-01
2.458193979933110075e-08 6.064604930973670482e-01
2.468227424749163551e-08 6.050591896328884056e-01
2.478260869565217026e-08 6.036677469089171133e-01
2.488294314381270501e-08 6.022861398901040442e-01
2.498327759197323977e-08 6.009143420337997865e-01
2.508361204013377452e-08 5.995523253173150602e-01
2.518394648829430928e-08 5.982000602652410848e-01
2.528428093645484734e-08 5.968575159768159111e-01
2.538461538461538209e-08 5.955246601533298323e-01
2.548494983277591685e-08 5.942014591255546652e-01
2.558528428093645160e-08 5.928878778811896844e-01
2.568561872909698635e-08 5.915838800923097773e-01
2.578595317725752111e-08 5.902894281428076040e-01
2.588628762541805586e-08 5.890044831558212124e-01
2.598662207357859062e-08 5.877290050211292360e-01
2.608695652173912537e-08 5.864629524225124513e-01
2.618729096989966343e-08 5.852062828650664850e-01
2.628762541806019819e-08 5.839589527024552362e-01
2.638795986622073294e-08 5.827209171640981289e-01
2.648829431438126769e-08 5.814921303822786491e-01
2.658862876254180245e-08 5.802725454191677290e-01
2.668896321070233720e-08 5.790621142937470989e-01
2.678929765886287196e-08 5.778607880086313875e-01
2.688963210702340671e-08 5.766685165767719834e-01
2.698996655518394146e-08 5.754852490480381055e-01
2.709030100334447622e-08 5.743109335356653133e-01
2.719063545150501428e-08 5.731455172425636846e-01
2.729096989966554904e-08 5.719889464874750029e-01
2.739130434782608379e-08 5.708411667309717386e-01
2.749163879598661854e-08 5.697021226012921602e-01
2.759197324414715330e-08 5.685717579199993654e-01
2.769230769230768805e-08 5.674500157274591228e-01
2.779264214046822281e-08 5.663368383081291979e-01
2.789297658862875756e-08 5.652321672156513932e-01
2.799331103678929231e-08 5.641359432977395283e-01
2.809364548494983038e-08 5.630481067208572554e-01
2.819397993311036513e-08 5.619685969946783821e-01
2.829431438127089988e-08 5.608973529963210414e-01
2.839464882943143464e-08 5.598343129943541552e-01
2.849498327759196939e-08 5.587794146725647559e-01
2.859531772575250415e-08 5.577325951534827242e-01
2.869565217391303890e-08 5.566937910216573915e-01
2.879598662207357365e-08 5.556629383466796801e-01
2.889632107023410841e-08 5.546399727059427853e-01
2.899665551839464316e-08 5.536248292071405119e-01
2.909698996655518122e-08 5.526174425104923849e-01
2.919732441471571598e-08 5.516177468506973103e-01
2.929765886287625073e-08 5.506256760586033527e-01
2.939799331103678549e-08 5.496411635825972919e-01
2.949832775919732024e-08 5.486641425097039670e-01
2.959866220735785499e-08 5.476945455863935219e-01
2.969899665551838975e-08 5.467323052390932192e-01
2.979933110367892450e-08 5.457773535943982735e-01
2.989966555183946256e-08 5.448296224989814807e-01
2.999999999999999732e-08 5.438890435391945388e-01
