0.000000000000000000e+00 9.999999999999995559e-01
1.003344481605351029e-10 9.999964682482588296e-01
2.006688963210702059e-10 9.999858731453402649e-01
3.010033444816052959e-10 9.999682151481446013e-01
4.013377926421404118e-10 9.999434950181355086e-01
5.016722408026755277e-10 9.999117138212850753e-01
6.020066889632105918e-10 9.998728729279957594e-01
7.023411371237457594e-10 9.998269740130002470e-01
8.026755852842808236e-10 9.997740190552402151e-01
9.030100334448158877e-10 9.997140103377226694e-01
1.003344481605351055e-09 9.996469504473524115e-01
1.103678929765886223e-09 9.995728422747450770e-01
1.204013377926421184e-09 9.994916890140166377e-01
1.304347826086956351e-09 9.994034941625504764e-01
1.404682274247491519e-09 9.993082615207431463e-01
1.505016722408026480e-09 9.992059951917285909e-01
1.605351170568561647e-09 9.990966995810787177e-01
1.705685618729096815e-09 9.989803793964837642e-01
1.806020066889631775e-09 9.988570396474096835e-01
1.906354515050166943e-09 9.987266856447342134e-01
2.006688963210702111e-09 9.985893230003602961e-01
2.107023411371237278e-09 9.984449576268079607e-01
2.207357859531772446e-09 9.982935957367861102e-01
2.307692307692307200e-09 9.981352438427403273e-01
2.408026755852842367e-09 9.979699087563778104e-01
2.508361204013377535e-09 9.977975975881765436e-01
2.608695652173912702e-09 9.976183177468649355e-01
2.709030100334447870e-09 9.974320769388869135e-01
2.809364548494983038e-09 9.972388831678398180e-01
2.909698996655517792e-09 9.970387447338965314e-01
3.010033444816052959e-09 9.968316702332006285e-01
3.110367892976588127e-09 9.966176685572437632e-01
3.210702341137123294e-09 9.963967488922201854e-01
3.311036789297658462e-09 9.961689207183632710e-01
3.411371237458193629e-09 9.959341938092529656e-01
3.511705685618728797e-09 9.956925782311127904e-01
3.612040133779263551e-09 9.954440843420774288e-01
3.712374581939798719e-09 9.951887227914437695e-01
3.812709030100333886e-09 9.949265045188984136e-01
3.913043478260868640e-09 9.946574407537269735e-01
4.013377926421404221e-09 9.943815430140008349e-01
4.113712374581938975e-09 9.940988231057441560e-01
4.214046822742474556e-09 9.938092931220784410e-01
4.314381270903009310e-09 9.935129654423507928e-01
4.414715719063544892e-09 9.932098527312361869e-01
4.515050167224079646e-09 9.928999679378257559e-01
4.615384615384614399e-09 9.925833242946873192e-01
4.715719063545149981e-09 9.922599353169133662e-01
4.816053511705684735e-09 9.919298148011445049e-01
4.916387959866220316e-09 9.915929768245728138e-01
5.016722408026755070e-09 9.912494357439285420e-01
5.117056856187290651e-09 9.908992061944431606e-01
5.217391304347825405e-09 9.905423030887959834e-01
5.317725752508360159e-09 9.901787416160395816e-01
5.418060200668895740e-09 9.898085372405051041e-01
5.518394648829430494e-09 9.894317057006906113e-01
5.618729096989966075e-09 9.890482630081280924e-01
5.719063545150500829e-09 9.886582254462312758e-01
5.819397993311035583e-09 9.882616095691268976e-01
5.919732441471571164e-09 9.878584322004639873e-01
6.020066889632105918e-09 9.874487104322057229e-01
6.120401337792641499e-09 9.870324616234027459e-01
6.220735785953176253e-09 9.866097033989486009e-01
6.321070234113711835e-09 9.861804536483143035e-01
6.421404682274246589e-09 9.857447305242676983e-01
6.521739130434781343e-09 9.853025524415714997e-01
6.622073578595316924e-09 9.848539380756671235e-01
6.722408026755851678e-09 9.843989063613345358e-01
6.822742474916387259e-09 9.839374764913422222e-01
6.923076923076922013e-09 9.834696679150726206e-01
7.023411371237457594e-09 9.829955003371331212e-01
7.123745819397992348e-09 9.825149937159493030e-01
7.224080267558527102e-09 9.820281682623409614e-01
7.324414715719062683e-09 9.815350444380807060e-01
7.424749163879597437e-09 9.810356429544344614e-01
7.525083612040133018e-09 9.805299847706874239e-01
7.625418060200667772e-09 9.800180910926515887e-01
7.725752508361202526e-09 9.794999833711571791e-01
7.826086956521737280e-09 9.789756833005269776e-01
7.926421404682273689e-09 9.784452128170363361e-01
8.026755852842808442e-09 9.779085940973532010e-01
8.127090301003343196e-09 9.773658495569665927e-01
8.227424749163877950e-09 9.768170018485964334e-01
8.327759197324414359e-09 9.762620738605882753e-01
8.428093645484949113e-09 9.757010887152922640e-01
8.528428093645483867e-09 9.751340697674267810e-01
8.628762541806018621e-09 9.745610406024287631e-01
8.729096989966553375e-09 9.739820250347841490e-01
8.829431438127089783e-09 9.733970471063478902e-01
8.929765886287624537e-09 9.728061310846495280e-01
9.030100334448159291e-09 9.722093014611781214e-01
9.130434782608694045e-09 9.716065829496607353e-01
9.230769230769228799e-09 9.709980004843198342e-01
9.331103678929765207e-09 9.703835792181211284e-01
9.431438127090299961e-09 9.697633445210054326e-01
9.531772575250834715e-09 9.691373219781064252e-01
9.632107023411369469e-09 9.685055373879556395e-01
9.732441471571904223e-09 9.678680167606742435e-01
9.832775919732440632e-09 9.672247863161498316e-01
9.933110367892975386e-09 9.665758724822026693e-01
1.003344481605351014e-08 9.659213018927356176e-01
1.013377926421404489e-08 9.652611013858749534e-01
1.023411371237458130e-08 9.645952980020955358e-01
1.033444816053511606e-08 9.639239189823356480e-01
1.043478260869565081e-08 9.632469917660982928e-01
1.053511705685618556e-08 9.625645439895402777e-01
1.063545150501672032e-08 9.618766034835514178e-01
1.073578595317725673e-08 9.611831982718184175e-01
1.083612040133779148e-08 9.604843565688816476e-01
1.093645484949832623e-08 9.597801067781759343e-01
1.103678929765886099e-08 9.590704774900642438e-01
1.113712374581939574e-08 9.583554974798570436e-01
1.123745819397993215e-08 9.576351957058238940e-01
1.133779264214046690e-08 9.569096013071916040e-01
1.143812709030100166e-08 9.561787436021340625e-01
1.153846153846153641e-08 9.554426520857494110e-01
1.163879598662207117e-08 9.547013564280313336e-01
1.173913043478260757e-08 9.539548864718252474e-01
1.183946488294314233e-08 9.532032722307786088e-01
1.193979933110367708e-08 9.524465438872796730e-01
1.204013377926421184e-08 9.516847317903894821e-01
1.214046822742474824e-08 9.509178664537598635e-01
1.224080267558528300e-08 9.501459785535487645e-01
1.234113712374581775e-08 9.493690989263217084e-01
1.244147157190635251e-08 9.485872585669465895e-01
1.254180602006688726e-08 9.478004886264815854e-01
1.264214046822742367e-08 9.470088204100525209e-01
1.274247491638795842e-08 9.462122853747221285e-01
1.284280936454849318e-08 9.454109151273554223e-01
1.294314381270902793e-08 9.446047414224713057e-01
1.304347826086956269e-08 9.437937961600932901e-01
1.314381270903009909e-08 9.429781113835871142e-01
1.324414715719063385e-08 9.421577192774968079e-01
1.334448160535116860e-08 9.413326521653692103e-01
1.344481605351170336e-08 9.405029425075742688e-01
1.354515050167223811e-08 9.396686228991202317e-01
1.364548494983277452e-08 9.388297260674599576e-01
1.374581939799330927e-08 9.379862848702910094e-01
1.384615384615384403e-08 9.371383322933543036e-01
1.394648829431437878e-08 9.362859014482216580e-01
1.404682274247491519e-08 9.354290255700806744e-01
1.414715719063544994e-08 9.345677380155158476e-01
1.424749163879598470e-08 9.337020722602804579e-01
1.434782608695651945e-08 9.328320618970679101e-01
1.444816053511705420e-08 9.319577406332772984e-01
1.454849498327759061e-08 9.310791422887710889e-01
1.464882943143812537e-08 9.301963007936350225e-01
1.474916387959866012e-08 9.293092501859282484e-01
1.484949832775919487e-08 9.284180246094322353e-01
1.494983277591973128e-08 9.275226583113963530e-01
1.505016722408026604e-08 9.266231856402789013e-01
1.515050167224080079e-08 9.257196410434869183e-01
1.525083612040133554e-08 9.248120590651088824e-01
1.535117056856187030e-08 9.239004743436496359e-01
1.545150501672240505e-08 9.229849216097599784e-01
1.555183946488293981e-08 9.220654356839628196e-01
1.565217391304347456e-08 9.211420514743814403e-01
1.575250836120401262e-08 9.202148039744600938e-01
1.585284280936454738e-08 9.192837282606868277e-01
1.595317725752508213e-08 9.183488594903147506e-01
1.605351170568561688e-08 9.174102328990780819e-01
1.615384615384615164e-08 9.164678837989121973e-01
1.625418060200668639e-08 9.155218475756686791e-01
1.635451505016722115e-08 9.145721596868314762e-01
1.645484949832775590e-08 9.136188556592319543e-01
1.655518394648829065e-08 9.126619710867647228e-01
1.665551839464882872e-08 9.117015416280995765e-01
1.675585284280936347e-08 9.107376030043996540e-01
1.685618729096989823e-08 9.097701909970328238e-01
1.695652173913043298e-08 9.087993414452893992e-01
1.705685618729096773e-08 9.078250902440959669e-01
1.715719063545150249e-08 9.068474733417342115e-01
1.725752508361203724e-08 9.058665267375569652e-01
1.735785953177257200e-08 9.048822864797065879e-01
1.745819397993310675e-08 9.038947886628376782e-01
1.755852842809364150e-08 9.029040694258354538e-01
1.765886287625417957e-08 9.019101649495424589e-01
1.775919732441471432e-08 9.009131114544821628e-01
1.785953177257524907e-08 8.999129451985868888e-01
1.795986622073578383e-08 8.989097024749292952e-01
1.806020066889631858e-08 8.979034196094536346e-01
1.816053511705685334e-08 8.968941329587114542e-01
1.826086956521738809e-08 8.958818789076004041e-01
1.836120401337792284e-08 8.948666938671058224e-01
1.846153846153845760e-08 8.938486142720442063e-01
1.856187290969899566e-08 8.928276765788140112e-01
1.866220735785953041e-08 8.918039172631445632e-01
1.876254180602006517e-08 8.907773728178550732e-01
1.886287625418059992e-08 8.897480797506125416e-01
1.896321070234113468e-08 8.887160745816967689e-01
1.906354515050166943e-08 8.876813938417693617e-01
1.916387959866220418e-08 8.866440740696472922e-01
1.926421404682273894e-08 8.856041518100792320e-01
1.936454849498327369e-08 8.845616636115317677e-01
1.946488294314380845e-08 8.835166460239748387e-01
1.956521739130434651e-08 8.824691355966777229e-01
1.966555183946488126e-08 8.814191688760073529e-01
1.976588628762541602e-08 8.803667824032331835e-01
1.986622073578595077e-08 8.793120127123383867e-01
1.996655518394648553e-08 8.782548963278379306e-01
2.006688963210702028e-08 8.771954697625996555e-01
2.016722408026755503e-08 8.761337695156758976e-01
2.026755852842808979e-08 8.750698320701396637e-01
2.036789297658862454e-08 8.740036938909266917e-01
2.046822742474916260e-08 8.729353914226870570e-01
2.056856187290969736e-08 8.718649610876407774e-01
2.066889632107023211e-08 8.707924392834445193e-01
2.076923076923076687e-08 8.697178623810614129e-01
2.086956521739130162e-08 8.686412667226423023e-01
2.096989966555183637e-08 8.675626886194127696e-01
2.107023411371237113e-08 8.664821643495685954e-01
2.117056856187290588e-08 8.653997301561792144e-01
2.127090301003344064e-08 8.643154222451009394e-01
2.137123745819397539e-08 8.632292767828947389e-01
2.147157190635451345e-08 8.621413298947583348e-01
2.157190635451504821e-08 8.610516176624624096e-01
2.167224080267558296e-08 8.599601761222976926e-01
2.177257525083611771e-08 8.588670412630305950e-01
2.187290969899665247e-08 8.577722490238695041e-01
2.197324414715718722e-08 8.566758352924379594e-01
2.207357859531772198e-08 8.555778359027609303e-01
2.217391304347825673e-08 8.544782866332563120e-01
2.227424749163879148e-08 8.533772232047405204e-01
2.237458193979932955e-08 8.522746812784420811e-01
2.247491638795986430e-08 8.511706964540247666e-01
2.257525083612039905e-08 8.500653042676238336e-01
2.267558528428093381e-08 8.489585401898892547e-01
2.277591973244146856e-08 8.478504396240419405e-01
2.287625418060200332e-08 8.467410379039401747e-01
2.297658862876253807e-08 8.456303702921565968e-01
2.307692307692307282e-08 8.445184719780660654e-01
2.317725752508360758e-08 8.434053780759460661e-01
2.327759197324414233e-08 8.422911236230870013e-01
2.337792642140468040e-08 8.411757435779144698e-01
2.347826086956521515e-08 8.400592728181227598e-01
2.357859531772574990e-08 8.389417461388207764e-01
2.367892976588628466e-08 8.378231982506905151e-01
2.377926421404681941e-08 8.367036637781544162e-01
2.387959866220735417e-08 8.355831772575584848e-01
2.397993311036788892e-08 8.344617731353661805e-01
2.408026755852842367e-08 8.333394857663635191e-01
2.418060200668895843e-08 8.322163494118791638e-01
2.428093645484949649e-08 8.310923982380147290e-01
2.438127090301003124e-08 8.299676663138892962e-01
2.448160535117056600e-08 8.288421876098963637e-01
2.458193979933110075e-08 8.277159959959743407e-01
2.468227424749163551e-08 8.265891252398884781e-01
2.478260869565217026e-08 8.254616090055280075e-01
2.488294314381270501e-08 8.243334808512154943e-01
2.498327759197323977e-08 8.232047742280304004e-01
2.508361204013377452e-08 8.220755224781441939e-01
2.518394648829430928e-08 8.209457588331725564e-01
2.528428093645484734e-08 8.198155164125376926e-01
2.538461538461538209e-08 8.186848282218479600e-01
2.548494983277591685e-08 8.175537271512882675e-01
2.558528428093645160e-08 8.164222459740262394e-01
2.568561872909698635e-08 8.152904173446335889e-01
2.578595317725752111e-08 8.141582737975189277e-01
2.588628762541805586e-08 8.130258477453771171e-01
2.598662207357859062e-08 8.118931714776528308e-01
2.608695652173912537e-08 8.107602771590181057e-01
2.618729096989966343e-08 8.096271968278647702e-01
2.628762541806019819e-08 8.084939623948115273e-01
2.638795986622073294e-08 8.073606056412261367e-01
2.648829431438126769e-08 8.062271582177621410e-01
2.658862876254180245e-08 8.050936516429114675e-01
2.668896321070233720e-08 8.039601173015695768e-01
2.678929765886287196e-08 8.028265864436197052e-01
2.688963210702340671e-08 8.016930901825295441e-01
2.698996655518394146e-08 8.005596594939626831e-01
2.709030100334447622e-08 7.994263252144098164e-01
2.719063545150501428e-08 7.982931180398274984e-01
2.729096989966554904e-08 7.971600685243027673e-01
2.739130434782608379e-08 7.960272070787229870e-01
2.749163879598661854e-08 7.948945639694693366e-01
2.759197324414715330e-08 7.937621693171211801e-01
2.769230769230768805e-08 7.926300530951791989e-01
2.779264214046822281e-08 7.914982451288025134e-01
2.789297658862875756e-08 7.903667750935619019e-01
2.799331103678929231e-08 7.892356725142110063e-01
2.809364548494983038e-08 7.881049667634699718e-01
2.819397993311036513e-08 7.869746870608292921e-01
2.829431438127089988e-08 7.858448624713665343e-01
2.839464882943143464e-08 7.847155219045808261e-01
2.849498327759196939e-08 7.835866941132437757e-01
2.859531772575250415e-08 7.824584076922653786e-01
2.869565217391303890e-08 7.813306910775775771e-01
2.879598662207357365e-08 7.802035725450340298e-01
2.889632107023410841e-08 7.790770802093254233e-01
2.899665551839464316e-08 7.779512420229124370e-01
2.909698996655518122e-08 7.768260857749743620e-01
2.919732441471571598e-08 7.757016390903743730e-01
2.929765886287625073e-08 7.745779294286422312e-01
2.939799331103678549e-08 7.734549840829723077e-01
2.949832775919732024e-08 7.723328301792392603e-01
2.959866220735785499e-08 7.712114946750309175e-01
2.969899665551838975e-08 7.700910043586942644e-01
2.979933110367892450e-08 7.689713858484050757e-01
2.989966555183946256e-08 7.678526655912462084e-01
2.999999999999999732e-08 7.667348698623092096e-01
