0.000000000000000000e+00 9.999999999999995559e-01
1.003344481605351029e-10 9.999976030774782032e-01
2.006688963210702059e-10 9.999904123800655853e-01
3.010033444816052959e-10 9.999784281182144685e-01
4.013377926421404118e-10 9.999616506426662887e-01
5.016722408026755277e-10 9.999400804444357194e-01
6.020066889632105918e-10 9.999137181547861353e-01
7.023411371237457594e-10 9.998825645451973054e-01
8.026755852842808236e-10 9.998466205273283114e-01
9.030100334448158877e-10 9.998058871529721392e-01
1.003344481605351055e-09 9.997603656140041650e-01
1.103678929765886223e-09 9.997100572423229803e-01
1.204013377926421184e-09 9.996549635097833342e-01
1.304347826086956351e-09 9.995950860281264116e-01
1.404682274247491519e-09 9.995304265488980100e-01
1.505016722408026480e-09 9.994609869633621635e-01
1.605351170568561647e-09 9.993867693024078847e-01
1.705685618729096815e-09 9.993077757364507985e-01
1.806020066889631775e-09 9.992240085753223422e-01
1.906354515050166943e-09 9.991354702681596311e-01
2.006688963210702111e-09 9.990421634032814469e-01
2.107023411371237278e-09 9.989440907080625598e-01
2.207357859531772446e-09 9.988412550487983932e-01
2.307692307692307200e-09 9.987336594305631365e-01
2.408026755852842367e-09 9.986213069970624190e-01
2.508361204013377535e-09 9.985042010304778781e-01
2.608695652173912702e-09 9.983823449513044013e-01
2.709030100334447870e-09 9.982557423181831480e-01
2.809364548494983038e-09 9.981243968277243583e-01
2.909698996655517792e-09 9.979883123143268309e-01
3.010033444816052959e-09 9.978474927499871860e-01
3.110367892976588127e-09 9.977019422441048002e-01
3.210702341137123294e-09 9.975516650432801891e-01
3.311036789297658462e-09 9.973966655311037321e-01
3.411371237458193629e-09 9.972369482279423991e-01
3.511705685618728797e-09 9.970725177907142633e-01
3.612040133779263551e-09 9.969033790126612393e-01
3.712374581939798719e-09 9.967295368231121611e-01
3.812709030100333886e-09 9.965509962872409755e-01
3.913043478260868640e-09 9.963677626058151660e-01
4.013377926421404221e-09 9.961798411149433985e-01
4.113712374581938975e-09 9.959872372858098455e-01
4.214046822742474556e-09 9.957899567244066219e-01
4.314381270903009310e-09 9.955880051712581169e-01
4.414715719063544892e-09 9.953813885011374429e-01
4.515050167224079646e-09 9.951701127227797761e-01
4.615384615384614399e-09 9.949541839785849273e-01
4.715719063545149981e-09 9.947336085443171383e-01
4.816053511705684735e-09 9.945083928287961061e-01
4.916387959866220316e-09 9.942785433735827905e-01
5.016722408026755070e-09 9.940440668526567825e-01
5.117056856187290651e-09 9.938049700720907875e-01
5.217391304347825405e-09 9.935612599697155600e-01
5.317725752508360159e-09 9.933129436147791758e-01
5.418060200668895740e-09 9.930600282076016416e-01
5.518394648829430494e-09 9.928025210792206234e-01
5.618729096989966075e-09 9.925404296910330659e-01
5.719063545150500829e-09 9.922737616344284861e-01
5.819397993311035583e-09 9.920025246304186028e-01
5.919732441471571164e-09 9.917267265292579737e-01
6.020066889632105918e-09 9.914463753100605237e-01
6.120401337792641499e-09 9.911614790804087471e-01
6.220735785953176253e-09 9.908720460759570248e-01
6.321070234113711835e-09 9.905780846600286127e-01
6.421404682274246589e-09 9.902796033232081907e-01
6.521739130434781343e-09 9.899766106829246404e-01
6.622073578595316924e-09 9.896691154830318249e-01
6.722408026755851678e-09 9.893571265933808201e-01
6.822742474916387259e-09 9.890406530093879267e-01
6.923076923076922013e-09 9.887197038515935787e-01
7.023411371237457594e-09 9.883942883652198086e-01
7.123745819397992348e-09 9.880644159197172760e-01
7.224080267558527102e-09 9.877300960083102987e-01
7.324414715719062683e-09 9.873913382475341116e-01
7.424749163879597437e-09 9.870481523767650200e-01
7.525083612040133018e-09 9.867005482577471120e-01
7.625418060200667772e-09 9.863485358741131970e-01
7.725752508361202526e-09 9.859921253308978617e-01
7.826086956521737280e-09 9.856313268540463080e-01
7.926421404682273689e-09 9.852661507899180826e-01
8.026755852842808442e-09 9.848966076047840357e-01
8.127090301003343196e-09 9.845227078843169499e-01
8.227424749163877950e-09 9.841444623330800612e-01
8.327759197324414359e-09 9.837618817740053645e-01
8.428093645484949113e-09 9.833749771478699220e-01
8.528428093645483867e-09 9.829837595127655092e-01
8.628762541806018621e-09 9.825882400435619335e-01
8.729096989966553375e-09 9.821884300313681315e-01
8.829431438127089783e-09 9.817843408829823870e-01
8.929765886287624537e-09 9.813759841203428813e-01
9.030100334448159291e-09 9.809633713799701393e-01
9.130434782608694045e-09 9.805465144124039245e-01
9.230769230769228799e-09 9.801254250816356928e-01
9.331103678929765207e-09 9.797001153645364946e-01
9.431438127090299961e-09 9.792705973502786598e-01
9.531772575250834715e-09 9.788368832397523756e-01
9.632107023411369469e-09 9.783989853449778229e-01
9.732441471571904223e-09 9.779569160885114298e-01
9.832775919732440632e-09 9.775106880028494594e-01
9.933110367892975386e-09 9.770603137298233820e-01
1.003344481605351014e-08 9.766058060199908075e-01
1.013377926421404489e-08 9.761471777320253063e-01
1.023411371237458130e-08 9.756844418320965717e-01
1.033444816053511606e-08 9.752176113932483625e-01
1.043478260869565081e-08 9.747466995947715596e-01
1.053511705685618556e-08 9.742717197215711167e-01
1.063545150501672032e-08 9.737926851635305692e-01
1.073578595317725673e-08 9.733096094148701027e-01
1.083612040133779148e-08 9.728225060735004037e-01
1.093645484949832623e-08 9.723313888403722904e-01
1.103678929765886099e-08 9.718362715188212375e-01
1.113712374581939574e-08 9.713371680139089026e-01
1.123745819397993215e-08 9.708340923317577698e-01
1.133779264214046690e-08 9.703270585788845715e-01
1.143812709030100166e-08 9.698160809615259392e-01
1.153846153846153641e-08 9.693011737849616116e-01
1.163879598662207117e-08 9.687823514528343116e-01
1.173913043478260757e-08 9.682596284664636288e-01
1.183946488294314233e-08 9.677330194241556827e-01
1.193979933110367708e-08 9.672025390205102324e-01
1.204013377926421184e-08 9.666682020457231239e-01
1.214046822742474824e-08 9.661300233848828523e-01
1.224080267558528300e-08 9.655880180172665694e-01
1.234113712374581775e-08 9.650422010156283203e-01
1.244147157190635251e-08 9.644925875454871678e-01
1.254180602006688726e-08 9.639391928644084340e-01
1.264214046822742367e-08 9.633820323212823888e-01
1.274247491638795842e-08 9.628211213555986081e-01
1.284280936454849318e-08 9.622564754967183331e-01
1.294314381270902793e-08 9.616881103631411687e-01
1.304347826086956269e-08 9.611160416617685609e-01
1.314381270903009909e-08 9.605402851871636116e-01
1.324414715719063385e-08 9.599608568208094495e-01
1.334448160535116860e-08 9.593777725303606063e-01
1.344481605351170336e-08 9.587910483688932839e-01
1.354515050167223811e-08 9.582007004741519562e-01
1.364548494983277452e-08 9.576067450677920867e-01
1.374581939799330927e-08 9.570091984546195141e-01
1.384615384615384403e-08 9.564080770218277294e-01
1.394648829431437878e-08 9.558033972382300458e-01
1.404682274247491519e-08 9.551951756534898808e-01
1.414715719063544994e-08 9.545834288973485959e-01
1.424749163879598470e-08 9.539681736788476751e-01
1.434782608695651945e-08 9.533494267855515680e-01
1.444816053511705420e-08 9.527272050827634287e-01
1.454849498327759061e-08 9.521015255127420751e-01
1.464882943143812537e-08 9.514724050939131761e-01
1.474916387959866012e-08 9.508398609200777729e-01
1.484949832775919487e-08 9.502039101596211346e-01
1.494983277591973128e-08 9.495645700547131751e-01
1.505016722408026604e-08 9.489218579205134230e-01
1.515050167224080079e-08 9.482757911443657761e-01
1.525083612040133554e-08 9.476263871849976983e-01
1.535117056856187030e-08 9.469736635717117545e-01
1.545150501672240505e-08 9.463176379035768138e-01
1.555183946488293981e-08 9.456583278486172528e-01
1.565217391304347456e-08 9.449957511429984969e-01
1.575250836120401262e-08 9.443299255902108946e-01
1.585284280936454738e-08 9.436608690602520388e-01
1.595317725752508213e-08 9.429885994888059786e-01
1.605351170568561688e-08 9.423131348764191006e-01
1.615384615384615164e-08 9.416344932876765661e-01
1.625418060200668639e-08 9.409526928503757492e-01
1.635451505016722115e-08 9.402677517546960129e-01
1.645484949832775590e-08 9.395796882523685944e-01
1.655518394648829065e-08 9.388885206558426066e-01
1.665551839464882872e-08 9.381942673374525921e-01
1.675585284280936347e-08 9.374969467285798608e-01
1.685618729096989823e-08 9.367965773188151601e-01
1.695652173913043298e-08 9.360931776551185690e-01
1.705685618729096773e-08 9.353867663409782818e-01
1.715719063545150249e-08 9.346773620355658396e-01
1.725752508361203724e-08 9.339649834528941375e-01
1.735785953177257200e-08 9.332496493609678812e-01
1.745819397993310675e-08 9.325313785809390410e-01
1.755852842809364150e-08 9.318101899862551996e-01
1.765886287625417957e-08 9.310861025018100090e-01
1.775919732441471432e-08 9.303591351030923162e-01
1.785953177257524907e-08 9.296293068153317352e-01
1.795986622073578383e-08 9.288966367126456625e-01
1.806020066889631858e-08 9.281611439171830735e-01
1.816053511705685334e-08 9.274228475982684294e-01
1.826086956521738809e-08 9.266817669715445849e-01
1.836120401337792284e-08 9.259379212981139196e-01
1.846153846153845760e-08 9.251913298836794697e-01
1.856187290969899566e-08 9.244420120776839500e-01
1.866220735785953041e-08 9.236899872724493310e-01
1.876254180602006517e-08 9.229352749023151947e-01
1.886287625418059992e-08 9.221778944427759805e-01
1.896321070234113468e-08 9.214178654096170096e-01
1.906354515050166943e-08 9.206552073580516193e-01
1.916387959866220418e-08 9.198899398818569662e-01
1.926421404682273894e-08 9.191220826125081622e-01
1.936454849498327369e-08 9.183516552183136339e-01
1.946488294314380845e-08 9.175786774035483706e-01
1.956521739130434651e-08 9.168031689075898383e-01
1.966555183946488126e-08 9.160251495040491188e-01
1.976588628762541602e-08 9.152446389999059351e-01
1.986622073578595077e-08 9.144616572346406791e-01
1.996655518394648553e-08 9.136762240793676604e-01
2.006688963210702028e-08 9.128883594359691322e-01
2.016722408026755503e-08 9.120980832362255430e-01
2.026755852842808979e-08 9.113054154409503393e-01
2.036789297658862454e-08 9.105103760391228818e-01
2.046822742474916260e-08 9.097129850470195844e-01
2.056856187290969736e-08 9.089132625073491623e-01
2.066889632107023211e-08 9.081112284883844366e-01
2.076923076923076687e-08 9.073069030830964721e-01
2.086956521739130162e-08 9.065003064082886031e-01
2.096989966555183637e-08 9.056914586037293491e-01
2.107023411371237113e-08 9.048803798312896607e-01
2.117056856187290588e-08 9.040670902740748360e-01
2.127090301003344064e-08 9.032516101355627658e-01
2.137123745819397539e-08 9.024339596387386253e-01
2.147157190635451345e-08 9.016141590252317872e-01
2.157190635451504821e-08 9.007922285544532892e-01
2.167224080267558296e-08 8.999681885027347450e-01
2.177257525083611771e-08 8.991420591624659231e-01
2.187290969899665247e-08 8.983138608412354342e-01
2.197324414715718722e-08 8.974836138609704195e-01
2.207357859531772198e-08 8.966513385570794581e-01
2.217391304347825673e-08 8.958170552775925888e-01
2.227424749163879148e-08 8.949807843823072151e-01
2.237458193979932955e-08 8.941425462419307912e-01
2.247491638795986430e-08 8.933023612372278377e-01
2.257525083612039905e-08 8.924602497581648475e-01
2.267558528428093381e-08 8.916162322030599663e-01
2.277591973244146856e-08 8.907703289777307853e-01
2.287625418060200332e-08 8.899225604946466861e-01
2.297658862876253807e-08 8.890729471720777433e-01
2.307692307692307282e-08 8.882215094332506222e-01
2.317725752508360758e-08 8.873682677055019230e-01
2.327759197324414233e-08 8.865132424194340777e-01
2.337792642140468040e-08 8.856564540080742454e-01
2.347826086956521515e-08 8.847979229060320971e-01
2.357859531772574990e-08 8.839376695486618196e-01
2.367892976588628466e-08 8.830757143712237855e-01
2.377926421404681941e-08 8.822120778080496661e-01
2.387959866220735417e-08 8.813467802917075433e-01
2.397993311036788892e-08 8.804798422521711299e-01
2.408026755852842367e-08 8.796112841159874352e-01
2.418060200668895843e-08 8.787411263054503152e-01
2.428093645484949649e-08 8.778693892377731345e-01
2.438127090301003124e-08 8.769960933242646473e-01
2.448160535117056600e-08 8.761212589695062114e-01
2.458193979933110075e-08 8.752449065705321107e-01
2.468227424749163551e-08 8.743670565160105435e-01
2.478260869565217026e-08 8.734877291854284964e-01
2.488294314381270501e-08 8.726069449482776186e-01
2.498327759197323977e-08 8.717247241632426480e-01
2.508361204013377452e-08 8.708410871773920592e-01
2.518394648829430928e-08 8.699560543253721523e-01
2.528428093645484734e-08 8.690696459286013642e-01
2.538461538461538209e-08 8.681818822944693537e-01
2.548494983277591685e-08 8.672927837155364195e-01
2.558528428093645160e-08 8.664023704687380256e-01
2.568561872909698635e-08 8.655106628145883274e-01
2.578595317725752111e-08 8.646176809963903587e-01
2.588628762541805586e-08 8.637234452394462192e-01
2.598662207357859062e-08 8.628279757502695935e-01
2.608695652173912537e-08 8.619312927158039317e-01
2.618729096989966343e-08 8.610334163026397425e-01
2.628762541806019819e-08 8.601343666562375478e-01
2.638795986622073294e-08 8.592341639001525033e-01
2.648829431438126769e-08 8.583328281352609057e-01
2.658862876254180245e-08 8.574303794389929179e-01
2.668896321070233720e-08 8.565268378645645164e-01
2.678929765886287196e-08 8.556222234402141025e-01
2.688963210702340671e-08 8.547165561684428869e-01
2.698996655518394146e-08 8.538098560252567193e-01
2.709030100334447622e-08 8.529021429594134673e-01
2.719063545150501428e-08 8.519934368916701750e-01
2.729096989966554904e-08 8.510837577140366594e-01
2.739130434782608379e-08 8.501731252890304402e-01
2.749163879598661854e-08 8.492615594489359987e-01
2.759197324414715330e-08 8.483490799950661465e-01
2.769230769230768805e-08 8.474357066970281682e-01
2.779264214046822281e-08 8.465214592919926284e-01
2.789297658862875756e-08 8.456063574839652874e-01
2.799331103678929231e-08 8.446904209430635690e-01
2.809364548494983038e-08 8.437736693047950265e-01
2.819397993311036513e-08 8.428561221693406935e-01
2.829431438127089988e-08 8.419377991008418771e-01
2.839464882943143464e-08 8.410187196266893928e-01
2.849498327759196939e-08 8.400989032368174625e-01
2.859531772575250415e-08 8.391783693830014990e-01
2.869565217391303890e-08 8.382571374781589979e-01
2.879598662207357365e-08 8.373352268956536504e-01
2.889632107023410841e-08 8.364126569686057833e-01
2.899665551839464316e-08 8.354894469892023556e-01
2.909698996655518122e-08 8.345656162080148377e-01
2.919732441471571598e-08 8.336411838333198654e-01
2.929765886287625073e-08 8.327161690304205610e-01
2.939799331103678549e-08 8.317905909209786230e-01
2.949832775919732024e-08 8.308644685823427523e-01
2.959866220735785499e-08 8.299378210468860706e-01
2.969899665551838975e-08 8.290106673013466487e-01
2.979933110367892450e-08 8.280830262861704760e-01
2.989966555183946256e-08 8.271549168948604258e-01
2.999999999999999732e-08 8.262263579733287733e-01
