0.000000000000000000e+00 9.999999999999995559e-01
1.003344481605351029e-10 9.999738350659307384e-01
2.006688963210702059e-10 9.998953486227581955e-01
3.010033444816052959e-10 9.997645657430807020e-01
4.013377926421404118e-10 9.995815281995397150e-01
5.016722408026755277e-10 9.993462944423027183e-01
6.020066889632105918e-10 9.990589395675592010e-01
7.023411371237457594e-10 9.987195552770534723e-01
8.026755852842808236e-10 9.983282498286824014e-01
9.030100334448158877e-10 9.978851479782000489e-01
1.003344481605351055e-09 9.973903909120609423e-01
1.103678929765886223e-09 9.968441361714559523e-01
1.204013377926421184e-09 9.962465575675956142e-01
1.304347826086956351e-09 9.955978450882979613e-01
1.404682274247491519e-09 9.948982047959515906e-01
1.505016722408026480e-09 9.941478587169196857e-01
1.605351170568561647e-09 9.933470447224765909e-01
1.705685618729096815e-09 9.924960164013464370e-01
1.806020066889631775e-09 9.915950429239474007e-01
1.906354515050166943e-09 9.906444088984306395e-01
2.006688963210702111e-09 9.896444142186194837e-01
2.107023411371237278e-09 9.885953739039562427e-01
2.207357859531772446e-09 9.874976179315712033e-01
2.307692307692307200e-09 9.863514910605907238e-01
2.408026755852842367e-09 9.851573526488115462e-01
2.508361204013377535e-09 9.839155764618695565e-01
2.608695652173912702e-09 9.826265504750392177e-01
2.709030100334447870e-09 9.812906766678020087e-01
2.809364548494983038e-09 9.799083708113324187e-01
2.909698996655517792e-09 9.784800622490442690e-01
3.010033444816052959e-09 9.770061936703615668e-01
3.110367892976588127e-09 9.754872208778653242e-01
3.210702341137123294e-09 9.739236125479826534e-01
3.311036789297658462e-09 9.723158499853851167e-01
3.411371237458193629e-09 9.706644268712725232e-01
3.511705685618728797e-09 9.689698490057087055e-01
3.612040133779263551e-09 9.672326340442002346e-01
3.712374581939798719e-09 9.654533112286927121e-01
3.812709030100333886e-09 9.636324211131784834e-01
3.913043478260868640e-09 9.617705152840987370e-01
4.013377926421404221e-09 9.598681560757434950e-01
4.113712374581938975e-09 9.579259162808364536e-01
4.214046822742474556e-09 9.559443788565099576e-01
4.314381270903009310e-09 9.539241366258718324e-01
4.414715719063544892e-09 9.518657919753690244e-01
4.515050167224079646e-09 9.497699565481527717e-01
4.615384615384614399e-09 9.476372509336612460e-01
4.715719063545149981e-09 9.454683043536229459e-01
4.816053511705684735e-09 9.432637543447021100e-01
4.916387959866220316e-09 9.410242464379964256e-01
5.016722408026755070e-09 9.387504338356078559e-01
5.117056856187290651e-09 9.364429770845006384e-01
5.217391304347825405e-09 9.341025437478689408e-01
5.317725752508360159e-09 9.317298080742338895e-01
5.418060200668895740e-09 9.293254506644912372e-01
5.518394648829430494e-09 9.268901581371302711e-01
5.618729096989966075e-09 9.244246227918480052e-01
5.719063545150500829e-09 9.219295422717820321e-01
5.819397993311035583e-09 9.194056192245803061e-01
5.919732441471571164e-09 9.168535609625356742e-01
6.020066889632105918e-09 9.142740791220069774e-01
6.120401337792641499e-09 9.116678893223451041e-01
6.220735785953176253e-09 9.090357108245469275e-01
6.321070234113711835e-09 9.063782661898613924e-01
6.421404682274246589e-09 9.036962809385621354e-01
6.521739130434781343e-09 9.009904832091081284e-01
6.622073578595316924e-09 8.982616034179093933e-01
6.722408026755851678e-09 8.955103739199122836e-01
6.822742474916387259e-09 8.927375286702191604e-01
6.923076923076922013e-09 8.899438028869568473e-01
7.023411371237457594e-09 8.871299327155995895e-01
7.123745819397992348e-09 8.842966548949577898e-01
7.224080267558527102e-09 8.814447064250414687e-01
7.324414715719062683e-09 8.785748242369932903e-01
7.424749163879597437e-09 8.756877448653014318e-01
7.525083612040133018e-09 8.727842041224846970e-01
7.625418060200667772e-09 8.698649367764462736e-01
7.725752508361202526e-09 8.669306762306899783e-01
7.826086956521737280e-09 8.639821542075866168e-01
7.926421404682273689e-09 8.610201004348758680e-01
8.026755852842808442e-09 8.580452423355855451e-01
8.127090301003343196e-09 8.550583047215504218e-01
8.227424749163877950e-09 8.520600094907004873e-01
8.327759197324414359e-09 8.490510753282943801e-01
8.428093645484949113e-09 8.460322174122595351e-01
8.528428093645483867e-09 8.430041471228089112e-01
8.628762541806018621e-09 8.399675717564885069e-01
8.729096989966553375e-09 8.369231942448096540e-01
8.829431438127089783e-09 8.338717128776216292e-01
8.929765886287624537e-09 8.308138210313638083e-01
9.030100334448159291e-09 8.277502069023415787e-01
9.130434782608694045e-09 8.246815532451630126e-01
9.230769230769228799e-09 8.216085371164671969e-01
9.331103678929765207e-09 8.185318296240691183e-01
9.431438127090299961e-09 8.154520956816464494e-01
9.531772575250834715e-09 8.123699937690813666e-01
9.632107023411369469e-09 8.092861756985729738e-01
9.732441471571904223e-09 8.062012863866223622e-01
9.832775919732440632e-09 8.031159636319973316e-01
9.933110367892975386e-09 8.000308378997667003e-01
1.003344481605351014e-08 7.969465321115019041e-01
1.013377926421404489e-08 7.938636614417241555e-01
1.023411371237458130e-08 7.907828331206834260e-01
1.033444816053511606e-08 7.877046462435420837e-01
1.043478260869565081e-08 7.846296915860294652e-01
1.053511705685618556e-08 7.815585514266366607e-01
1.063545150501672032e-08 7.784917993754071341e-01
1.073578595317725673e-08 7.754300002093735822e-01
1.083612040133779148e-08 7.723737097146947672e-01
1.093645484949832623e-08 7.693234745355281845e-01
1.103678929765886099e-08 7.662798320296786425e-01
1.113712374581939574e-08 7.632433101310518442e-01
1.123745819397993215e-08 7.602144272189412799e-01
1.133779264214046690e-08 7.571936919941637534e-01
1.143812709030100166e-08 7.541816033620634130e-01
1.153846153846153641e-08 7.511786503223885081e-01
1.163879598662207117e-08 7.481853118660503066e-01
1.173913043478260757e-08 7.452020568787571797e-01
1.183946488294314233e-08 7.422293440515214114e-01
1.193979933110367708e-08 7.392676217980207465e-01
1.204013377926421184e-08 7.363173281788080171e-01
1.214046822742474824e-08 7.333788908323332079e-01
1.224080267558528300e-08 7.304527269127626399e-01
1.234113712374581775e-08 7.275392430345520856e-01
1.244147157190635251e-08 7.246388352237453923e-01
1.254180602006688726e-08 7.217518888759506535e-01
1.264214046822742367e-08 7.188787787209476310e-01
1.274247491638795842e-08 7.160198687938776896e-01
1.284280936454849318e-08 7.131755124129528500e-01
1.294314381270902793e-08 7.103460521636315583e-01
1.304347826086956269e-08 7.075318198891891175e-01
1.314381270903009909e-08 7.047331366876131709e-01
1.324414715719063385e-08 7.019503129147544040e-01
1.334448160535116860e-08 6.991836481936478664e-01
1.344481605351170336e-08 6.964334314299289730e-01
1.354515050167223811e-08 6.936999408332499284e-01
1.364548494983277452e-08 6.909834439446134180e-01
1.374581939799330927e-08 6.882841976695254216e-01
1.384615384615384403e-08 6.856024483168700057e-01
1.394648829431437878e-08 6.829384316434036206e-01
1.404682274247491519e-08 6.802923729037678724e-01
1.414715719063544994e-08 6.776644869059098575e-01
1.424749163879598470e-08 6.750549780717961523e-01
1.434782608695651945e-08 6.724640405033145418e-01
1.444816053511705420e-08 6.698918580532369216e-01
1.454849498327759061e-08 6.673386044011316853e-01
1.464882943143812537e-08 6.648044431340951466e-01
1.474916387959866012e-08 6.622895278321860868e-01
1.484949832775919487e-08 6.597940021584266512e-01
1.494983277591973128e-08 6.573179999532480222e-01
1.505016722408026604e-08 6.548616453332450904e-01
1.515050167224080079e-08 6.524250527941052313e-01
1.525083612040133554e-08 6.500083273175804033e-01
1.535117056856187030e-08 6.476115644823619011e-01
1.545150501672240505e-08 6.452348505787197652e-01
1.555183946488293981e-08 6.428782627267685124e-01
1.565217391304347456e-08 6.405418689982144143e-01
1.575250836120401262e-08 6.382257285414476566e-01
1.585284280936454738e-08 6.359298917098294979e-01
1.595317725752508213e-08 6.336544001930350944e-01
1.605351170568561688e-08 6.313992871513054439e-01
1.615384615384615164e-08 6.291645773524635610e-01
1.625418060200668639e-08 6.269502873115481156e-01
1.635451505016722115e-08 6.247564254329195377e-01
1.645484949832775590e-08 6.225829921546930379e-01
1.655518394648829065e-08 6.204299800953502197e-01
1.665551839464882872e-08 6.182973742023853969e-01
1.675585284280936347e-08 6.161851519028415103e-01
1.685618729096989823e-08 6.140932832555859866e-01
1.695652173913043298e-08 6.120217311051889819e-01
1.705685618729096773e-08 6.099704512372525755e-01
1.715719063545150249e-08 6.079393925350533578e-01
1.725752508361203724e-08 6.059284971373528617e-01
1.735785953177257200e-08 6.039377005972369483e-01
1.745819397993310675e-08 6.019669320418402636e-01
1.755852842809364150e-08 6.000161143328232027e-01
1.765886287625417957e-08 5.980851642274580549e-01
1.775919732441471432e-08 5.961739925401924323e-01
1.785953177257524907e-08 5.942825043045534272e-01
1.795986622073578383e-08 5.924105989352614898e-01
1.806020066889631858e-08 5.905581703904255741e-01
1.816053511705685334e-08 5.887251073336854379e-01
1.826086956521738809e-08 5.869112932961801921e-01
1.836120401337792284e-08 5.851166068382165353e-01
1.846153846153845760e-08 5.833409217105145483e-01
1.856187290969899566e-08 5.815841070149119219e-01
1.866220735785953041e-08 5.798460273644095997e-01
1.876254180602006517e-08 5.781265430424441520e-01
1.886287625418059992e-08 5.764255101612746346e-01
1.896321070234113468e-08 5.747427808193737997e-01
1.906354515050166943e-08 5.730782032577198537e-01
1.916387959866220418e-08 5.714316220148826231e-01
1.926421404682273894e-08 5.698028780808044313e-01
1.936454849498327369e-08 5.681918090491764328e-01
1.946488294314380845e-08 5.665982492683189209e-01
1.956521739130434651e-08 5.650220299904706867e-01
1.966555183946488126e-08 5.634629795194012747e-01
1.976588628762541602e-08 5.619209233562592054e-01
1.986622073578595077e-08 5.603956843435752289e-01
1.996655518394648553e-08 5.588870828073423391e-01
2.006688963210702028e-08 5.573949366970948338e-01
2.016722408026755503e-08 5.559190617239185839e-01
2.026755852842808979e-08 5.544592714963201274e-01
2.036789297658862454e-08 5.530153776538900834e-01
2.046822742474916260e-08 5.515871899987013771e-01
2.056856187290969736e-08 5.501745166243824370e-01
2.066889632107023211e-08 5.487771640428097397e-01
2.076923076923076687e-08 5.473949373083705217e-01
2.086956521739130162e-08 5.460276401397466950e-01
2.096989966555183637e-08 5.446750750391758933e-01
2.107023411371237113e-08 5.433370434091486789e-01
2.117056856187290588e-08 5.420133456665053862e-01
2.127090301003344064e-08 5.407037813538985160e-01
2.137123745819397539e-08 5.394081492485900409e-01
2.147157190635451345e-08 5.381262474685575281e-01
2.157190635451504821e-08 5.368578735758855469e-01
2.167224080267558296e-08 5.356028246774220403e-01
2.177257525083611771e-08 5.343608975226827873e-01
2.187290969899665247e-08 5.331318885989938527e-01
2.197324414715718722e-08 5.319155942238578128e-01
2.207357859531772198e-08 5.307118106345389830e-01
2.217391304347825673e-08 5.295203340748678711e-01
2.227424749163879148e-08 5.283409608792585255e-01
2.237458193979932955e-08 5.271734875539469956e-01
2.247491638795986430e-08 5.260177108554554559e-01
2.257525083612039905e-08 5.248734278662913200e-01
2.267558528428093381e-08 5.237404360678927784e-01
2.277591973244146856e-08 5.226185334108400804e-01
2.287625418060200332e-08 5.215075183823443261e-01
2.297658862876253807e-08 5.204071900710421916e-01
2.307692307692307282e-08 5.193173482291129073e-01
2.317725752508360758e-08 5.182377933317529051e-01
2.327759197324414233e-08 5.171683266340273422e-01
2.337792642140468040e-08 5.161087502251392456e-01
2.347826086956521515e-08 5.150588670801452551e-01
2.357859531772574990e-08 5.140184811091553785e-01
2.367892976588628466e-08 5.129873972040585040e-01
2.377926421404681941e-08 5.119654212828101958e-01
2.387959866220735417e-08 5.109523603313328444e-01
2.397993311036788892e-08 5.099480224430642528e-01
2.408026755852842367e-08 5.089522168562137239e-01
2.418060200668895843e-08 5.079647539887639507e-01
2.428093645484949649e-08 5.069854454712782177e-01
2.438127090301003124e-08 5.060141041775604309e-01
2.448160535117056600e-08 5.050505442532260414e-01
2.458193979933110075e-08 5.040945811422382627e-01
2.468227424749163551e-08 5.031460316114665376e-01
2.478260869565217026e-08 5.022047137733287592e-01
2.488294314381270501e-08 5.012704471065737577e-01
2.498327759197323977e-08 5.003430524752701114e-01
2.508361204013377452e-08 4.994223521460571247e-01
2.518394648829430928e-08 4.985081698037289177e-01
2.528428093645484734e-08 4.976003305652092479e-01
2.538461538461538209e-08 4.966986609919863405e-01
2.548494983277591685e-08 4.958029891010714563e-01
2.558528428093645160e-08 4.949131443745481418e-01
2.568561872909698635e-08 4.940289577677776656e-01
2.578595317725752111e-08 4.931502617163308066e-01
2.588628762541805586e-08 4.922768901417085008e-01
2.598662207357859062e-08 4.914086784559247856e-01
2.608695652173912537e-08 4.905454635650142725e-01
2.618729096989966343e-08 4.896870838715363661e-01
2.628762541806019819e-08 4.888333792761406227e-01
2.638795986622073294e-08 4.879841911782610286e-01
2.648829431438126769e-08 4.871393624760104180e-01
2.658862876254180245e-08 4.862987375653347599e-01
2.668896321070233720e-08 4.854621623385007578e-01
2.678929765886287196e-08 4.846294841819773769e-01
2.688963210702340671e-08 4.838005519737795801e-01
2.698996655518394146e-08 4.829752160803373329e-01
2.709030100334447622e-08 4.821533283529533809e-01
2.719063545150501428e-08 4.813347421239150270e-01
2.729096989966554904e-08 4.805193122023175833e-01
2.739130434782608379e-08 4.797068948696642798e-01
2.749163879598661854e-08 4.788973478753005275e-01
2.759197324414715330e-08 4.780905304317403792e-01
2.769230769230768805e-08 4.772863032099453062e-01
2.779264214046822281e-08 4.764845283346071936e-01
2.789297658862875756e-08 4.756850693794947293e-01
2.799331103678929231e-08 4.748877913629122038e-01
2.809364548494983038e-08 4.740925607433241762e-01
2.819397993311036513e-08 4.732992454151982442e-01
2.829431438127089988e-08 4.725077147051089943e-01
2.839464882943143464e-08 4.717178393681558113e-01
2.849498327759196939e-08 4.709294915847345164e-01
2.859531772575250415e-08 4.701425449577097959e-01
2.869565217391303890e-08 4.693568745100281103e-01
2.879598662207357365e-08 4.685723566828098874e-01
2.889632107023410841e-08 4.677888693339611881e-01
2.899665551839464316e-08 4.670062917373358213e-01
2.909698996655518122e-08 4.662245045824881529e-01
2.919732441471571598e-08 4.654433899750419767e-01
2.929765886287625073e-08 4.646628314377074798e-01
2.939799331103678549e-08 4.638827139119757192e-01
2.949832775919732024e-08 4.631029237605117643e-01
2.959866220735785499e-08 4.623233487702741451e-01
2.969899665551838975e-08 4.615438781563769854e-01
2.979933110367892450e-08 4.607644025667190779e-01
2.989966555183946256e-08 4.599848140873910585e-01
2.999999999999999732e-08 4.592050062488800544e-01
