0.000000000000000000e+00 9.999999999999995559e-01
1.003344481605351029e-10 9.999995810715639477e-01
2.006688963210702059e-10 9.999983242883996315e-01
3.010033444816052959e-10 9.999962296569359088e-01
4.013377926421404118e-10 9.999932971878869870e-01
5.016722408026755277e-10 9.999895268962533113e-01
6.020066889632105918e-10 9.999849188013213430e-01
7.023411371237457594e-10 9.999794729266620052e-01
8.026755852842808236e-10 9.999731893001322369e-01
9.030100334448158877e-10 9.999660679538737718e-01
1.003344481605351055e-09 9.999581089243126941e-01
1.103678929765886223e-09 9.999493122521604382e-01
1.204013377926421184e-09 9.999396779824107906e-01
1.304347826086956351e-09 9.999292061643431095e-01
1.404682274247491519e-09 9.999178968515188837e-01
1.505016722408026480e-09 9.999057501017826199e-01
1.605351170568561647e-09 9.998927659772608445e-01
1.705685618729096815e-09 9.998789445443626578e-01
1.806020066889631775e-09 9.998642858737775141e-01
1.906354515050166943e-09 9.998487900404753326e-01
2.006688963210702111e-09 9.998324571237066083e-01
2.107023411371237278e-09 9.998152872070007469e-01
2.207357859531772446e-09 9.997972803781656204e-01
2.307692307692307200e-09 9.997784367292870122e-01
2.408026755852842367e-09 9.997587563567270630e-01
2.508361204013377535e-09 9.997382393611249363e-01
2.608695652173912702e-09 9.997168858473942654e-01
2.709030100334447870e-09 9.996946959247235975e-01
2.809364548494983038e-09 9.996716697065741730e-01
2.909698996655517792e-09 9.996478073106811468e-01
3.010033444816052959e-09 9.996231088590487035e-01
3.110367892976588127e-09 9.995975744779539429e-01
3.210702341137123294e-09 9.995712042979412182e-01
3.311036789297658462e-09 9.995439984538243561e-01
3.411371237458193629e-09 9.995159570846832153e-01
3.511705685618728797e-09 9.994870803338637977e-01
3.612040133779263551e-09 9.994573683489773597e-01
3.712374581939798719e-09 9.994268212818968600e-01
3.812709030100333886e-09 9.993954392887587357e-01
3.913043478260868640e-09 9.993632225299591276e-01
4.013377926421404221e-09 9.993301711701538803e-01
4.113712374581938975e-09 9.992962853782560995e-01
4.214046822742474556e-09 9.992615653274358190e-01
4.314381270903009310e-09 9.992260111951176693e-01
4.414715719063544892e-09 9.991896231629791014e-01
4.515050167224079646e-09 9.991524014169508305e-01
4.615384615384614399e-09 9.991143461472117293e-01
4.715719063545149981e-09 9.990754575481904931e-01
4.816053511705684735e-09 9.990357358185624204e-01
4.916387959866220316e-09 9.989951811612480803e-01
5.016722408026755070e-09 9.989537937834104264e-01
5.117056856187290651e-09 9.989115738964549074e-01
5.217391304347825405e-09 9.988685217160273577e-01
5.317725752508360159e-09 9.988246374620095569e-01
5.418060200668895740e-09 9.987799213585213387e-01
5.518394648829430494e-09 9.987343736339152622e-01
5.618729096989966075e-09 9.986879945207766118e-01
5.719063545150500829e-09 9.986407842559203996e-01
5.819397993311035583e-09 9.985927430803895888e-01
5.919732441471571164e-09 9.985438712394543170e-01
6.020066889632105918e-09 9.984941689826067890e-01
6.120401337792641499e-09 9.984436365635620536e-01
6.220735785953176253e-09 9.983922742402546735e-01
6.321070234113711835e-09 9.983400822748363934e-01
6.421404682274246589e-09 9.982870609336734757e-01
6.521739130434781343e-09 9.982332104873454792e-01
6.622073578595316924e-09 9.981785312106423724e-01
6.722408026755851678e-09 9.981230233825617582e-01
6.822742474916387259e-09 9.980666872863075412e-01
6.923076923076922013e-09 9.980095232092863755e-01
7.023411371237457594e-09 9.979515314431055550e-01
7.123745819397992348e-09 9.978927122835712371e-01
7.224080267558527102e-09 9.978330660306840016e-01
7.324414715719062683e-09 9.977725929886388512e-01
7.424749163879597437e-09 9.977112934658206589e-01
7.525083612040133018e-09 9.976491677748020592e-01
7.625418060200667772e-09 9.975862162323407833e-01
7.725752508361202526e-09 9.975224391593773277e-01
7.826086956521737280e-09 9.974578368810312901e-01
7.926421404682273689e-09 9.973924097265998157e-01
8.026755852842808442e-09 9.973261580295530448e-01
8.127090301003343196e-09 9.972590821275328921e-01
8.227424749163877950e-09 9.971911823623496041e-01
8.327759197324414359e-09 9.971224590799783183e-01
8.428093645484949113e-09 9.970529126305566203e-01
8.528428093645483867e-09 9.969825433683818794e-01
8.628762541806018621e-09 9.969113516519064744e-01
8.729096989966553375e-09 9.968393378437366836e-01
8.829431438127089783e-09 9.967665023106292432e-01
8.929765886287624537e-09 9.966928454234871282e-01
9.030100334448159291e-09 9.966183675573576650e-01
9.130434782608694045e-09 9.965430690914274248e-01
9.230769230769228799e-09 9.964669504090210017e-01
9.331103678929765207e-09 9.963900118975972386e-01
9.431438127090299961e-09 9.963122539487447860e-01
9.531772575250834715e-09 9.962336769581804363e-01
9.632107023411369469e-09 9.961542813257435736e-01
9.732441471571904223e-09 9.960740674553945073e-01
9.832775919732440632e-09 9.959930357552106983e-01
9.933110367892975386e-09 9.959111866373826505e-01
1.003344481605351014e-08 9.958285205182111355e-01
1.013377926421404489e-08 9.957450378181027517e-01
1.023411371237458130e-08 9.956607389615667048e-01
1.033444816053511606e-08 9.955756243772115877e-01
1.043478260869565081e-08 9.954896944977408291e-01
1.053511705685618556e-08 9.954029497599499177e-01
1.063545150501672032e-08 9.953153906047219612e-01
1.073578595317725673e-08 9.952270174770245781e-01
1.083612040133779148e-08 9.951378308259046790e-01
1.093645484949832623e-08 9.950478311044863577e-01
1.103678929765886099e-08 9.949570187699658952e-01
1.113712374581939574e-08 9.948653942836083175e-01
1.123745819397993215e-08 9.947729581107430663e-01
1.133779264214046690e-08 9.946797107207604460e-01
1.143812709030100166e-08 9.945856525871068499e-01
1.153846153846153641e-08 9.944907841872824283e-01
1.163879598662207117e-08 9.943951060028336508e-01
1.173913043478260757e-08 9.942986185193535276e-01
1.183946488294314233e-08 9.942013222264738381e-01
1.193979933110367708e-08 9.941032176178622448e-01
1.204013377926421184e-08 9.940043051912190730e-01
1.214046822742474824e-08 9.939045854482715381e-01
1.224080267558528300e-08 9.938040588947693044e-01
1.234113712374581775e-08 9.937027260404821538e-01
1.244147157190635251e-08 9.936005873991935466e-01
1.254180602006688726e-08 9.934976434886968466e-01
1.264214046822742367e-08 9.933938948307911021e-01
1.274247491638795842e-08 9.932893419512769384e-01
1.284280936454849318e-08 9.931839853799505624e-01
1.294314381270902793e-08 9.930778256506014312e-01
1.304347826086956269e-08 9.929708633010058128e-01
1.314381270903009909e-08 9.928630988729227891e-01
1.324414715719063385e-08 9.927545329120904816e-01
1.334448160535116860e-08 9.926451659682189455e-01
1.344481605351170336e-08 9.925349985949889486e-01
1.354515050167223811e-08 9.924240313500443111e-01
1.364548494983277452e-08 9.923122647949885744e-01
1.374581939799330927e-08 9.921996994953795612e-01
1.384615384615384403e-08 9.920863360207249348e-01
1.394648829431437878e-08 9.919721749444773140e-01
1.404682274247491519e-08 9.918572168440289438e-01
1.414715719063544994e-08 9.917414623007074770e-01
1.424749163879598470e-08 9.916249118997698675e-01
1.434782608695651945e-08 9.915075662303993731e-01
1.444816053511705420e-08 9.913894258856974506e-01
1.454849498327759061e-08 9.912704914626819797e-01
1.464882943143812537e-08 9.911507635622800461e-01
1.474916387959866012e-08 9.910302427893228350e-01
1.484949832775919487e-08 9.909089297525421891e-01
1.494983277591973128e-08 9.907868250645632813e-01
1.505016722408026604e-08 9.906639293419009507e-01
1.515050167224080079e-08 9.905402432049530415e-01
1.525083612040133554e-08 9.904157672779971833e-01
1.535117056856187030e-08 9.902905021891822424e-01
1.545150501672240505e-08 9.901644485705268783e-01
1.555183946488293981e-08 9.900376070579109955e-01
1.565217391304347456e-08 9.899099782910718570e-01
1.575250836120401262e-08 9.897815629135978677e-01
1.585284280936454738e-08 9.896523615729235779e-01
1.595317725752508213e-08 9.895223749203246877e-01
1.605351170568561688e-08 9.893916036109109413e-01
1.615384615384615164e-08 9.892600483036213532e-01
1.625418060200668639e-08 9.891277096612195452e-01
1.635451505016722115e-08 9.889945883502864188e-01
1.645484949832775590e-08 9.888606850412159366e-01
1.655518394648829065e-08 9.887260004082085718e-01
1.665551839464882872e-08 9.885905351292647580e-01
1.675585284280936347e-08 9.884542898861814475e-01
1.685618729096989823e-08 9.883172653645442285e-01
1.695652173913043298e-08 9.881794622537219963e-01
1.705685618729096773e-08 9.880408812468621793e-01
1.715719063545150249e-08 9.879015230408825232e-01
1.725752508361203724e-08 9.877613883364679825e-01
1.735785953177257200e-08 9.876204778380628380e-01
1.745819397993310675e-08 9.874787922538645901e-01
1.755852842809364150e-08 9.873363322958192967e-01
1.765886287625417957e-08 9.871930986796144669e-01
1.775919732441471432e-08 9.870490921246738436e-01
1.785953177257524907e-08 9.869043133541488544e-01
1.795986622073578383e-08 9.867587630949169464e-01
1.806020066889631858e-08 9.866124420775704840e-01
1.816053511705685334e-08 9.864653510364147504e-01
1.826086956521738809e-08 9.863174907094580668e-01
1.836120401337792284e-08 9.861688618384084615e-01
1.846153846153845760e-08 9.860194651686653433e-01
1.856187290969899566e-08 9.858693014493143947e-01
1.866220735785953041e-08 9.857183714331209101e-01
1.876254180602006517e-08 9.855666758765224689e-01
1.886287625418059992e-08 9.854142155396246050e-01
1.896321070234113468e-08 9.852609911861915926e-01
1.906354515050166943e-08 9.851070035836427818e-01
1.916387959866220418e-08 9.849522535030438286e-01
1.926421404682273894e-08 9.847967417191014761e-01
1.936454849498327369e-08 9.846404690101568935e-01
1.946488294314380845e-08 9.844834361581773496e-01
1.956521739130434651e-08 9.843256439487528819e-01
1.966555183946488126e-08 9.841670931710867487e-01
1.976588628762541602e-08 9.840077846179889898e-01
1.986622073578595077e-08 9.838477190858722077e-01
1.996655518394648553e-08 9.836868973747414646e-01
2.006688963210702028e-08 9.835253202881898416e-01
2.016722408026755503e-08 9.833629886333909997e-01
2.026755852842808979e-08 9.831999032210921863e-01
2.036789297658862454e-08 9.830360648656067957e-01
2.046822742474916260e-08 9.828714743848087076e-01
2.056856187290969736e-08 9.827061326001245156e-01
2.066889632107023211e-08 9.825400403365269764e-01
2.076923076923076687e-08 9.823731984225276825e-01
2.086956521739130162e-08 9.822056076901707344e-01
2.096989966555183637e-08 9.820372689750243023e-01
2.107023411371237113e-08 9.818681831161750750e-01
2.117056856187290588e-08 9.816983509562207111e-01
2.127090301003344064e-08 9.815277733412621775e-01
2.137123745819397539e-08 9.813564511208973107e-01
2.147157190635451345e-08 9.811843851482128231e-01
2.157190635451504821e-08 9.810115762797781969e-01
2.167224080267558296e-08 9.808380253756373568e-01
2.177257525083611771e-08 9.806637332993024536e-01
2.187290969899665247e-08 9.804887009177453150e-01
2.197324414715718722e-08 9.803129291013913393e-01
2.207357859531772198e-08 9.801364187241116133e-01
2.217391304347825673e-08 9.799591706632155841e-01
2.227424749163879148e-08 9.797811857994436213e-01
2.237458193979932955e-08 9.796024650169589121e-01
2.247491638795986430e-08 9.794230092033422430e-01
2.257525083612039905e-08 9.792428192495818973e-01
2.267558528428093381e-08 9.790618960500672152e-01
2.277591973244146856e-08 9.788802405025813780e-01
2.287625418060200332e-08 9.786978535082940800e-01
2.297658862876253807e-08 9.785147359717522031e-01
2.307692307692307282e-08 9.783308888008748205e-01
2.317725752508360758e-08 9.781463129069429829e-01
2.327759197324414233e-08 9.779610092045940561e-01
2.337792642140468040e-08 9.777749786118121733e-01
2.347826086956521515e-08 9.775882220499230169e-01
2.357859531772574990e-08 9.774007404435836044e-01
2.367892976588628466e-08 9.772125347207752943e-01
2.377926421404681941e-08 9.770236058127971246e-01
2.387959866220735417e-08 9.768339546542560425e-01
2.397993311036788892e-08 9.766435821830612429e-01
2.408026755852842367e-08 9.764524893404138428e-01
2.418060200668895843e-08 9.762606770708013304e-01
2.428093645484949649e-08 9.760681463219874621e-01
2.438127090301003124e-08 9.758748980450067112e-01
2.448160535117056600e-08 9.756809331941540542e-01
2.458193979933110075e-08 9.754862527269785311e-01
2.468227424749163551e-08 9.752908576042736977e-01
2.478260869565217026e-08 9.750947487900712973e-01
2.488294314381270501e-08 9.748979272516320460e-01
2.498327759197323977e-08 9.747003939594379718e-01
2.508361204013377452e-08 9.745021498871836441e-01
2.518394648829430928e-08 9.743031960117690682e-01
2.528428093645484734e-08 9.741035333132908036e-01
2.538461538461538209e-08 9.739031627750341924e-01
2.548494983277591685e-08 9.737020853834637002e-01
2.558528428093645160e-08 9.735003021282172542e-01
2.568561872909698635e-08 9.732978140020955848e-01
2.578595317725752111e-08 9.730946220010555647e-01
2.588628762541805586e-08 9.728907271242002164e-01
2.598662207357859062e-08 9.726861303737722730e-01
2.608695652173912537e-08 9.724808327551445197e-01
2.618729096989966343e-08 9.722748352768110225e-01
2.628762541806019819e-08 9.720681389503810221e-01
2.638795986622073294e-08 9.718607447905669439e-01
2.648829431438126769e-08 9.716526538151797343e-01
2.658862876254180245e-08 9.714438670451170932e-01
2.668896321070233720e-08 9.712343855043567009e-01
2.678929765886287196e-08 9.710242102199478920e-01
2.688963210702340671e-08 9.708133422220019959e-01
2.698996655518394146e-08 9.706017825436846769e-01
2.709030100334447622e-08 9.703895322212062746e-01
2.719063545150501428e-08 9.701765922938148101e-01
2.729096989966554904e-08 9.699629638037851054e-01
2.739130434782608379e-08 9.697486477964130103e-01
2.749163879598661854e-08 9.695336453200035232e-01
2.759197324414715330e-08 9.693179574258645737e-01
2.769230769230768805e-08 9.691015851682964755e-01
2.779264214046822281e-08 9.688845296045847100e-01
2.789297658862875756e-08 9.686667917949904894e-01
2.799331103678929231e-08 9.684483728027408755e-01
2.809364548494983038e-08 9.682292736940217859e-01
2.819397993311036513e-08 9.680094955379685562e-01
2.829431438127089988e-08 9.677890394066557267e-01
2.839464882943143464e-08 9.675679063750902698e-01
2.849498327759196939e-08 9.673460975212009316e-01
2.859531772575250415e-08 9.671236139258300168e-01
2.869565217391303890e-08 9.669004566727249506e-01
2.879598662207357365e-08 9.666766268485278424e-01
2.889632107023410841e-08 9.664521255427680479e-01
2.899665551839464316e-08 9.662269538478522879e-01
2.909698996655518122e-08 9.660011128590552110e-01
2.919732441471571598e-08 9.657746036745117335e-01
2.929765886287625073e-08 9.655474273952067144e-01
2.939799331103678549e-08 9.653195851249656290e-01
2.949832775919732024e-08 9.650910779704467979e-01
2.959866220735785499e-08 9.648619070411313947e-01
2.969899665551838975e-08 9.646320734493138982e-01
2.979933110367892450e-08 9.644015783100934325e-01
2.989966555183946256e-08 9.641704227413647743e-01
2.999999999999999732e-08 9.639386078638084721e-01
