0.000000000000000000e+00 9.999999999999995559e-01
1.003344481605351029e-10 9.999995531148323513e-01
2.006688963210702059e-10 9.999982124617694534e-01
3.010033444816052959e-10 9.999959780481263438e-01
4.013377926421404118e-10 9.999928498860952697e-01
5.016722408026755277e-10 9.999888279927455770e-01
6.020066889632105918e-10 9.999839123900228222e-01
7.023411371237457594e-10 9.999781031047501045e-01
8.026755852842808236e-10 9.999714001686257348e-01
9.030100334448158877e-10 9.999638036182239009e-01
1.003344481605351055e-09 9.999553134949947797e-01
1.103678929765886223e-09 9.999459298452637590e-01
1.204013377926421184e-09 9.999356527202307721e-01
1.304347826086956351e-09 9.999244821759704083e-01
1.404682274247491519e-09 9.999124182734304700e-01
1.505016722408026480e-09 9.998994610784325276e-01
1.605351170568561647e-09 9.998856106616704764e-01
1.705685618729096815e-09 9.998708670987104252e-01
1.806020066889631775e-09 9.998552304699892535e-01
1.906354515050166943e-09 9.998387008608147219e-01
2.006688963210702111e-09 9.998212783613645849e-01
2.107023411371237278e-09 9.998029630666851464e-01
2.207357859531772446e-09 9.997837550766905945e-01
2.307692307692307200e-09 9.997636544961627791e-01
2.408026755852842367e-09 9.997426614347493246e-01
2.508361204013377535e-09 9.997207760069629634e-01
2.608695652173912702e-09 9.996979983321807595e-01
2.709030100334447870e-09 9.996743285346428864e-01
2.809364548494983038e-09 9.996497667434504075e-01
2.909698996655517792e-09 9.996243130925662745e-01
3.010033444816052959e-09 9.995979677208123304e-01
3.110367892976588127e-09 9.995707307718686430e-01
3.210702341137123294e-09 9.995426023942715066e-01
3.311036789297658462e-09 9.995135827414139973e-01
3.411371237458193629e-09 9.994836719715417539e-01
3.511705685618728797e-09 9.994528702477541993e-01
3.612040133779263551e-09 9.994211777380013206e-01
3.712374581939798719e-09 9.993885946150821153e-01
3.812709030100333886e-09 9.993551210566444798e-01
3.913043478260868640e-09 9.993207572451825449e-01
4.013377926421404221e-09 9.992855033680345667e-01
4.113712374581938975e-09 9.992493596173814829e-01
4.214046822742474556e-09 9.992123261902461362e-01
4.314381270903009310e-09 9.991744032884903870e-01
4.414715719063544892e-09 9.991355911188136707e-01
4.515050167224079646e-09 9.990958898927503329e-01
4.615384615384614399e-09 9.990552998266696294e-01
4.715719063545149981e-09 9.990138211417711744e-01
4.816053511705684735e-09 9.989714540640848295e-01
4.916387959866220316e-09 9.989281988244684829e-01
5.016722408026755070e-09 9.988840556586037200e-01
5.117056856187290651e-09 9.988390248069971555e-01
5.217391304347825405e-09 9.987931065149755483e-01
5.317725752508360159e-09 9.987463010326845803e-01
5.418060200668895740e-09 9.986986086150863029e-01
5.518394648829430494e-09 9.986500295219570278e-01
5.618729096989966075e-09 9.986005640178846621e-01
5.719063545150500829e-09 9.985502123722667100e-01
5.819397993311035583e-09 9.984989748593069425e-01
5.919732441471571164e-09 9.984468517580139535e-01
6.020066889632105918e-09 9.983938433521976075e-01
6.120401337792641499e-09 9.983399499304672631e-01
6.220735785953176253e-09 9.982851717862288865e-01
6.321070234113711835e-09 9.982295092176814988e-01
6.421404682274246589e-09 9.981729625278159546e-01
6.521739130434781343e-09 9.981155320244106122e-01
6.622073578595316924e-09 9.980572180200300014e-01
6.722408026755851678e-09 9.979980208320203827e-01
6.822742474916387259e-09 9.979379407825085257e-01
6.923076923076922013e-09 9.978769781983972686e-01
7.023411371237457594e-09 9.978151334113629645e-01
7.123745819397992348e-09 9.977524067578531497e-01
7.224080267558527102e-09 9.976887985790825475e-01
7.324414715719062683e-09 9.976243092210305141e-01
7.424749163879597437e-09 9.975589390344370422e-01
7.525083612040133018e-09 9.974926883748008732e-01
7.625418060200667772e-09 9.974255576023745018e-01
7.725752508361202526e-09 9.973575470821633981e-01
7.826086956521737280e-09 9.972886571839193470e-01
7.926421404682273689e-09 9.972188882821400036e-01
8.026755852842808442e-09 9.971482407560635641e-01
8.127090301003343196e-09 9.970767149896664350e-01
8.227424749163877950e-09 9.970043113716590133e-01
8.327759197324414359e-09 9.969310302954821346e-01
8.428093645484949113e-09 9.968568721593046300e-01
8.528428093645483867e-09 9.967818373660171094e-01
8.628762541806018621e-09 9.967059263232318500e-01
8.729096989966553375e-09 9.966291394432752471e-01
8.829431438127089783e-09 9.965514771431867036e-01
8.929765886287624537e-09 9.964729398447141895e-01
9.030100334448159291e-09 9.963935279743100226e-01
9.130434782608694045e-09 9.963132419631265391e-01
9.230769230769228799e-09 9.962320822470129844e-01
9.331103678929765207e-09 9.961500492665116280e-01
9.431438127090299961e-09 9.960671434668528779e-01
9.531772575250834715e-09 9.959833652979517282e-01
9.632107023411369469e-09 9.958987152144033184e-01
9.732441471571904223e-09 9.958131936754797131e-01
9.832775919732440632e-09 9.957268011451240186e-01
9.933110367892975386e-09 9.956395380919478288e-01
1.003344481605351014e-08 9.955514049892253414e-01
1.013377926421404489e-08 9.954624023148910261e-01
1.023411371237458130e-08 9.953725305515325195e-01
1.033444816053511606e-08 9.952817901863892924e-01
1.043478260869565081e-08 9.951901817113462112e-01
1.053511705685618556e-08 9.950977056229284301e-01
1.063545150501672032e-08 9.950043624222995042e-01
1.073578595317725673e-08 9.949101526152539510e-01
1.083612040133779148e-08 9.948150767122145854e-01
1.093645484949832623e-08 9.947191352282263033e-01
1.103678929765886099e-08 9.946223286829529719e-01
1.113712374581939574e-08 9.945246576006713246e-01
1.123745819397993215e-08 9.944261225102674073e-01
1.133779264214046690e-08 9.943267239452302508e-01
1.143812709030100166e-08 9.942264624436482068e-01
1.153846153846153641e-08 9.941253385482033966e-01
1.163879598662207117e-08 9.940233528061670487e-01
1.173913043478260757e-08 9.939205057693943912e-01
1.183946488294314233e-08 9.938167979943194341e-01
1.193979933110367708e-08 9.937122300419499732e-01
1.204013377926421184e-08 9.936068024778634822e-01
1.214046822742474824e-08 9.935005158721997853e-01
1.224080267558528300e-08 9.933933707996572826e-01
1.234113712374581775e-08 9.932853678394877317e-01
1.244147157190635251e-08 9.931765075754908079e-01
1.254180602006688726e-08 9.930667905960086639e-01
1.264214046822742367e-08 9.929562174939199348e-01
1.274247491638795842e-08 9.928447888666356302e-01
1.284280936454849318e-08 9.927325053160923618e-01
1.294314381270902793e-08 9.926193674487476803e-01
1.304347826086956269e-08 9.925053758755748579e-01
1.314381270903009909e-08 9.923905312120555600e-01
1.324414715719063385e-08 9.922748340781769594e-01
1.334448160535116860e-08 9.921582850984225210e-01
1.344481605351170336e-08 9.920408849017707809e-01
1.354515050167223811e-08 9.919226341216847986e-01
1.364548494983277452e-08 9.918035333961104927e-01
1.374581939799330927e-08 9.916835833674680911e-01
1.384615384615384403e-08 9.915627846826468028e-01
1.394648829431437878e-08 9.914411379930009316e-01
1.404682274247491519e-08 9.913186439543409945e-01
1.414715719063544994e-08 9.911953032269296138e-01
1.424749163879598470e-08 9.910711164754743008e-01
1.434782608695651945e-08 9.909460843691232368e-01
1.444816053511705420e-08 9.908202075814570575e-01
1.454849498327759061e-08 9.906934867904838571e-01
1.464882943143812537e-08 9.905659226786331928e-01
1.474916387959866012e-08 9.904375159327489797e-01
1.484949832775919487e-08 9.903082672440839396e-01
1.494983277591973128e-08 9.901781773082933835e-01
1.505016722408026604e-08 9.900472468254282177e-01
1.515050167224080079e-08 9.899154764999286149e-01
1.525083612040133554e-08 9.897828670406192408e-01
1.535117056856187030e-08 9.896494191606999280e-01
1.545150501672240505e-08 9.895151335777414570e-01
1.555183946488293981e-08 9.893800110136785619e-01
1.565217391304347456e-08 9.892440521948028254e-01
1.575250836120401262e-08 9.891072578517560165e-01
1.585284280936454738e-08 9.889696287195248736e-01
1.595317725752508213e-08 9.888311655374317777e-01
1.605351170568561688e-08 9.886918690491310890e-01
1.615384615384615164e-08 9.885517400025999324e-01
1.625418060200668639e-08 9.884107791501323126e-01
1.635451505016722115e-08 9.882689872483333415e-01
1.645484949832775590e-08 9.881263650581098013e-01
1.655518394648829065e-08 9.879829133446669243e-01
1.665551839464882872e-08 9.878386328774962921e-01
1.675585284280936347e-08 9.876935244303746142e-01
1.685618729096989823e-08 9.875475887813525144e-01
1.695652173913043298e-08 9.874008267127490912e-01
1.705685618729096773e-08 9.872532390111448120e-01
1.715719063545150249e-08 9.871048264673736305e-01
1.725752508361203724e-08 9.869555898765169921e-01
1.735785953177257200e-08 9.868055300378961725e-01
1.745819397993310675e-08 9.866546477550637295e-01
1.755852842809364150e-08 9.865029438357982849e-01
1.765886287625417957e-08 9.863504190920956427e-01
1.775919732441471432e-08 9.861970743401622386e-01
1.785953177257524907e-08 9.860429104004078127e-01
1.795986622073578383e-08 9.858879280974374160e-01
1.806020066889631858e-08 9.857321282600440826e-01
1.816053511705685334e-08 9.855755117212011696e-01
1.826086956521738809e-08 9.854180793180558062e-01
1.836120401337792284e-08 9.852598318919202347e-01
1.846153846153845760e-08 9.851007702882640382e-01
1.856187290969899566e-08 9.849408953567080349e-01
1.866220735785953041e-08 9.847802079510146189e-01
1.876254180602006517e-08 9.846187089290814320e-01
1.886287625418059992e-08 9.844563991529331481e-01
1.896321070234113468e-08 9.842932794887130354e-01
1.906354515050166943e-08 9.841293508066766282e-01
1.916387959866220418e-08 9.839646139811822900e-01
1.926421404682273894e-08 9.837990698906846632e-01
1.936454849498327369e-08 9.836327194177251210e-01
1.946488294314380845e-08 9.834655634489258835e-01
1.956521739130434651e-08 9.832976028749795816e-01
1.966555183946488126e-08 9.831288385906433724e-01
1.976588628762541602e-08 9.829592714947300580e-01
1.986622073578595077e-08 9.827889024900990922e-01
1.996655518394648553e-08 9.826177324836496974e-01
2.006688963210702028e-08 9.824457623863123157e-01
2.016722408026755503e-08 9.822729931130403935e-01
2.026755852842808979e-08 9.820994255828010555e-01
2.036789297658862454e-08 9.819250607185692203e-01
2.046822742474916260e-08 9.817498994473164986e-01
2.056856187290969736e-08 9.815739427000054196e-01
2.066889632107023211e-08 9.813971914115779960e-01
2.076923076923076687e-08 9.812196465209510610e-01
2.086956521739130162e-08 9.810413089710044998e-01
2.096989966555183637e-08 9.808621797085748106e-01
2.107023411371237113e-08 9.806822596844453344e-01
2.117056856187290588e-08 9.805015498533385943e-01
2.127090301003344064e-08 9.803200511739069700e-01
2.137123745819397539e-08 9.801377646087250373e-01
2.147157190635451345e-08 9.799546911242791314e-01
2.157190635451504821e-08 9.797708316909613524e-01
2.167224080267558296e-08 9.795861872830582406e-01
2.177257525083611771e-08 9.794007588787430052e-01
2.187290969899665247e-08 9.792145474600675303e-01
2.197324414715718722e-08 9.790275540129522724e-01
2.207357859531772198e-08 9.788397795271779334e-01
2.217391304347825673e-08 9.786512249963771337e-01
2.227424749163879148e-08 9.784618914180239768e-01
2.237458193979932955e-08 9.782717797934269433e-01
2.247491638795986430e-08 9.780808911277188988e-01
2.257525083612039905e-08 9.778892264298473247e-01
2.267558528428093381e-08 9.776967867125672118e-01
2.277591973244146856e-08 9.775035729924301808e-01
2.287625418060200332e-08 9.773095862897764885e-01
2.297658862876253807e-08 9.771148276287257017e-01
2.307692307692307282e-08 9.769192980371658175e-01
2.317725752508360758e-08 9.767229985467474895e-01
2.327759197324414233e-08 9.765259301928715940e-01
2.337792642140468040e-08 9.763280940146812359e-01
2.347826086956521515e-08 9.761294910550532000e-01
2.357859531772574990e-08 9.759301223605869602e-01
2.367892976588628466e-08 9.757299889815962413e-01
2.377926421404681941e-08 9.755290919720994713e-01
2.387959866220735417e-08 9.753274323898108999e-01
2.397993311036788892e-08 9.751250112961303840e-01
2.408026755852842367e-08 9.749218297561343949e-01
2.418060200668895843e-08 9.747178888385650275e-01
2.428093645484949649e-08 9.745131896158233387e-01
2.438127090301003124e-08 9.743077331639575789e-01
2.448160535117056600e-08 9.741015205626535334e-01
2.458193979933110075e-08 9.738945528952259734e-01
2.468227424749163551e-08 9.736868312486084420e-01
2.478260869565217026e-08 9.734783567133438176e-01
2.488294314381270501e-08 9.732691303835733221e-01
2.498327759197323977e-08 9.730591533570288609e-01
2.508361204013377452e-08 9.728484267350219206e-01
2.518394648829430928e-08 9.726369516224336875e-01
2.528428093645484734e-08 9.724247291277058336e-01
2.538461538461538209e-08 9.722117603628303018e-01
2.548494983277591685e-08 9.719980464433388700e-01
2.558528428093645160e-08 9.717835884882944919e-01
2.568561872909698635e-08 9.715683876202800828e-01
2.578595317725752111e-08 9.713524449653894166e-01
2.588628762541805586e-08 9.711357616532163561e-01
2.598662207357859062e-08 9.709183388168456386e-01
2.608695652173912537e-08 9.707001775928417731e-01
2.618729096989966343e-08 9.704812791212403811e-01
2.628762541806019819e-08 9.702616445455354288e-01
2.638795986622073294e-08 9.700412750126734540e-01
2.648829431438126769e-08 9.698201716730383559e-01
2.658862876254180245e-08 9.695983356804448450e-01
2.668896321070233720e-08 9.693757681921268965e-01
2.678929765886287196e-08 9.691524703687268705e-01
2.688963210702340671e-08 9.689284433742864078e-01
2.698996655518394146e-08 9.687036883762353279e-01
2.709030100334447622e-08 9.684782065453818589e-01
2.719063545150501428e-08 9.682519990559009804e-01
2.729096989966554904e-08 9.680250670853264294e-01
2.739130434782608379e-08 9.677974118145370452e-01
2.749163879598661854e-08 9.675690344277501076e-01
2.759197324414715330e-08 9.673399361125064599e-01
2.769230769230768805e-08 9.671101180596644031e-01
2.779264214046822281e-08 9.668795814633857066e-01
2.789297658862875756e-08 9.666483275211269488e-01
2.799331103678929231e-08 9.664163574336290807e-01
2.809364548494983038e-08 9.661836724049045477e-01
2.819397993311036513e-08 9.659502736422296287e-01
2.829431438127089988e-08 9.657161623561318908e-01
2.839464882943143464e-08 9.654813397603803082e-01
2.849498327759196939e-08 9.652458070719732719e-01
2.859531772575250415e-08 9.650095655111301518e-01
2.869565217391303890e-08 9.647726163012780853e-01
2.879598662207357365e-08 9.645349606690433175e-01
2.889632107023410841e-08 9.642965998442378783e-01
2.899665551839464316e-08 9.640575350598519222e-01
2.909698996655518122e-08 9.638177675520401833e-01
2.919732441471571598e-08 9.635772985601118723e-01
2.929765886287625073e-08 9.633361293265209069e-01
2.939799331103678549e-08 9.630942610968533657e-01
2.949832775919732024e-08 9.628516951198167195e-01
2.959866220735785499e-08 9.626084326472302832e-01
2.969899665551838975e-08 9.623644749340130033e-01
2.979933110367892450e-08 9.621198232381725779e-01
2.989966555183946256e-08 9.618744788207937990e-01
2.999999999999999732e-08 9.616284429460294492e-01
