0.000000000000000000e+00 9.999999999999995559e-01
1.003344481605351029e-10 9.999990904784991086e-01
2.006688963210702059e-10 9.999963619240983537e-01
3.010033444816052959e-10 9.999918143670994963e-01
4.013377926421404118e-10 9.999854478580063599e-01
5.016722408026755277e-10 9.999772624675222765e-01
6.020066889632105918e-10 9.999672582865484216e-01
7.023411371237457594e-10 9.999554354261848133e-01
8.026755852842808236e-10 9.999417940177244279e-01
9.030100334448158877e-10 9.999263342126546439e-01
1.003344481605351055e-09 9.999090561826505796e-01
1.103678929765886223e-09 9.998899601195747611e-01
1.204013377926421184e-09 9.998690462354720143e-01
1.304347826086956351e-09 9.998463147625666902e-01
1.404682274247491519e-09 9.998217659532564472e-01
1.505016722408026480e-09 9.997954000801101415e-01
1.605351170568561647e-09 9.997672174358602781e-01
1.705685618729096815e-09 9.997372183333982365e-01
1.806020066889631775e-09 9.997054031057693857e-01
1.906354515050166943e-09 9.996717721061655348e-01
2.006688963210702111e-09 9.996363257079197151e-01
2.107023411371237278e-09 9.995990643044976309e-01
2.207357859531772446e-09 9.995599883094909988e-01
2.307692307692307200e-09 9.995190981566103305e-01
2.408026755852842367e-09 9.994763942996761630e-01
2.508361204013377535e-09 9.994318772126103978e-01
2.608695652173912702e-09 9.993855473894278640e-01
2.709030100334447870e-09 9.993374053442272142e-01
2.809364548494983038e-09 9.992874516111805994e-01
2.909698996655517792e-09 9.992356867445238988e-01
3.010033444816052959e-09 9.991821113185475056e-01
3.110367892976588127e-09 9.991267259275834478e-01
3.210702341137123294e-09 9.990695311859965067e-01
3.311036789297658462e-09 9.990105277281696727e-01
3.411371237458193629e-09 9.989497162084969295e-01
3.511705685618728797e-09 9.988870973013657117e-01
3.612040133779263551e-09 9.988226717011482458e-01
3.712374581939798719e-09 9.987564401221871169e-01
3.812709030100333886e-09 9.986884032987806137e-01
3.913043478260868640e-09 9.986185619851722928e-01
4.013377926421404221e-09 9.985469169555334368e-01
4.113712374581938975e-09 9.984734690039501759e-01
4.214046822742474556e-09 9.983982189444086108e-01
4.314381270903009310e-09 9.983211676107797139e-01
4.414715719063544892e-09 9.982423158568025645e-01
4.515050167224079646e-09 9.981616645560699164e-01
4.615384615384614399e-09 9.980792146020109890e-01
4.715719063545149981e-09 9.979949669078751473e-01
4.816053511705684735e-09 9.979089224067140274e-01
4.916387959866220316e-09 9.978210820513655488e-01
5.016722408026755070e-09 9.977314468144337090e-01
5.117056856187290651e-09 9.976400176882735948e-01
5.217391304347825405e-09 9.975467956849703999e-01
5.317725752508360159e-09 9.974517818363211052e-01
5.418060200668895740e-09 9.973549771938152730e-01
5.518394648829430494e-09 9.972563828286158394e-01
5.618729096989966075e-09 9.971559998315382423e-01
5.719063545150500829e-09 9.970538293130309926e-01
5.819397993311035583e-09 9.969498724031540249e-01
5.919732441471571164e-09 9.968441302515581581e-01
6.020066889632105918e-09 9.967366040274634464e-01
6.120401337792641499e-09 9.966272949196370856e-01
6.220735785953176253e-09 9.965162041363720968e-01
6.321070234113711835e-09 9.964033329054634569e-01
6.421404682274246589e-09 9.962886824741862268e-01
6.521739130434781343e-09 9.961722541092720151e-01
6.622073578595316924e-09 9.960540490968844418e-01
6.722408026755851678e-09 9.959340687425971561e-01
6.822742474916387259e-09 9.958123143713670800e-01
6.923076923076922013e-09 9.956887873275116485e-01
7.023411371237457594e-09 9.955634889746819427e-01
7.123745819397992348e-09 9.954364206958395966e-01
7.224080267558527102e-09 9.953075838932287089e-01
7.324414715719062683e-09 9.951769799883499745e-01
7.424749163879597437e-09 9.950446104219369259e-01
7.525083612040133018e-09 9.949104766539247358e-01
7.625418060200667772e-09 9.947745801634263474e-01
7.725752508361202526e-09 9.946369224487036087e-01
7.826086956521737280e-09 9.944975050271397388e-01
7.926421404682273689e-09 9.943563294352103510e-01
8.026755852842808442e-09 9.942133972284563637e-01
8.127090301003343196e-09 9.940687099814524696e-01
8.227424749163877950e-09 9.939222692877809351e-01
8.327759197324414359e-09 9.937740767599991809e-01
8.428093645484949113e-09 9.936241340296111391e-01
8.528428093645483867e-09 9.934724427470377206e-01
8.628762541806018621e-09 9.933190045815833980e-01
8.729096989966553375e-09 9.931638212214082273e-01
8.829431438127089783e-09 9.930068943734943199e-01
8.929765886287624537e-09 9.928482257636148667e-01
9.030100334448159291e-09 9.926878171363027192e-01
9.130434782608694045e-09 9.925256702548151955e-01
9.230769230769228799e-09 9.923617869011059911e-01
9.331103678929765207e-09 9.921961688757874320e-01
9.431438127090299961e-09 9.920288179980999432e-01
9.531772575250834715e-09 9.918597361058769657e-01
9.632107023411369469e-09 9.916889250555114277e-01
9.732441471571904223e-09 9.915163867219201066e-01
9.832775919732440632e-09 9.913421229985104333e-01
9.933110367892975386e-09 9.911661357971448538e-01
1.003344481605351014e-08 9.909884270481046364e-01
1.013377926421404489e-08 9.908089987000542331e-01
1.023411371237458130e-08 9.906278527200064188e-01
1.033444816053511606e-08 9.904449910932838774e-01
1.043478260869565081e-08 9.902604158234832310e-01
1.053511705685618556e-08 9.900741289324389571e-01
1.063545150501672032e-08 9.898861324601837541e-01
1.073578595317725673e-08 9.896964284649127919e-01
1.083612040133779148e-08 9.895050190229442988e-01
1.093645484949832623e-08 9.893119062286811483e-01
1.103678929765886099e-08 9.891170921945735550e-01
1.113712374581939574e-08 9.889205790510772198e-01
1.123745819397993215e-08 9.887223689466173582e-01
1.133779264214046690e-08 9.885224640475450686e-01
1.143812709030100166e-08 9.883208665381008062e-01
1.153846153846153641e-08 9.881175786203715283e-01
1.163879598662207117e-08 9.879126025142519474e-01
1.173913043478260757e-08 9.877059404574011214e-01
1.183946488294314233e-08 9.874975947052030412e-01
1.193979933110367708e-08 9.872875675307244414e-01
1.204013377926421184e-08 9.870758612246721686e-01
1.214046822742474824e-08 9.868624780953516584e-01
1.224080267558528300e-08 9.866474204686245253e-01
1.234113712374581775e-08 9.864306906878638204e-01
1.244147157190635251e-08 9.862122911139131753e-01
1.254180602006688726e-08 9.859922241250417274e-01
1.264214046822742367e-08 9.857704921169012646e-01
1.274247491638795842e-08 9.855470975024802627e-01
1.284280936454849318e-08 9.853220427120614744e-01
1.294314381270902793e-08 9.850953301931757444e-01
1.304347826086956269e-08 9.848669624105583775e-01
1.314381270903009909e-08 9.846369418461009548e-01
1.324414715719063385e-08 9.844052709988092564e-01
1.334448160535116860e-08 9.841719523847545226e-01
1.344481605351170336e-08 9.839369885370282676e-01
1.354515050167223811e-08 9.837003820056949843e-01
1.364548494983277452e-08 9.834621353577464031e-01
1.374581939799330927e-08 9.832222511770533080e-01
1.384615384615384403e-08 9.829807320643182411e-01
1.394648829431437878e-08 9.827375806370272082e-01
1.404682274247491519e-08 9.824927995294037153e-01
1.414715719063544994e-08 9.822463913923569212e-01
1.424749163879598470e-08 9.819983588934357854e-01
1.434782608695651945e-08 9.817487047167791081e-01
1.444816053511705420e-08 9.814974315630666801e-01
1.454849498327759061e-08 9.812445421494684350e-01
1.464882943143812537e-08 9.809900392095962651e-01
1.474916387959866012e-08 9.807339254934528405e-01
1.484949832775919487e-08 9.804762037673817598e-01
1.494983277591973128e-08 9.802168768140167021e-01
1.505016722408026604e-08 9.799559474322300234e-01
1.515050167224080079e-08 9.796934184370827969e-01
1.525083612040133554e-08 9.794292926597706339e-01
1.535117056856187030e-08 9.791635729475753891e-01
1.545150501672240505e-08 9.788962621638107597e-01
1.555183946488293981e-08 9.786273631877697721e-01
1.565217391304347456e-08 9.783568789146737110e-01
1.575250836120401262e-08 9.780848122556179414e-01
1.585284280936454738e-08 9.778111661375188390e-01
1.595317725752508213e-08 9.775359435030611666e-01
1.605351170568561688e-08 9.772591473106435611e-01
1.615384615384615164e-08 9.769807805343245777e-01
1.625418060200668639e-08 9.767008461637692873e-01
1.635451505016722115e-08 9.764193472041933219e-01
1.645484949832775590e-08 9.761362866763092505e-01
1.655518394648829065e-08 9.758516676162706238e-01
1.665551839464882872e-08 9.755654930756185728e-01
1.675585284280936347e-08 9.752777661212229665e-01
1.685618729096989823e-08 9.749884898352302320e-01
1.695652173913043298e-08 9.746976673150040682e-01
1.705685618729096773e-08 9.744053016730718220e-01
1.715719063545150249e-08 9.741113960370655356e-01
1.725752508361203724e-08 9.738159535496661023e-01
1.735785953177257200e-08 9.735189773685477554e-01
1.745819397993310675e-08 9.732204706663176719e-01
1.755852842809364150e-08 9.729204366304600171e-01
1.765886287625417957e-08 9.726188784632788797e-01
1.775919732441471432e-08 9.723157993818382083e-01
1.785953177257524907e-08 9.720112026179050790e-01
1.795986622073578383e-08 9.717050914178904097e-01
1.806020066889631858e-08 9.713974690427908953e-01
1.816053511705685334e-08 9.710883387681279455e-01
1.826086956521738809e-08 9.707777038838910633e-01
1.836120401337792284e-08 9.704655676944764497e-01
1.846153846153845760e-08 9.701519335186274962e-01
1.856187290969899566e-08 9.698368046893754979e-01
1.866220735785953041e-08 9.695201845539790364e-01
1.876254180602006517e-08 9.692020764738626948e-01
1.886287625418059992e-08 9.688824838245578830e-01
1.896321070234113468e-08 9.685614099956401102e-01
1.906354515050166943e-08 9.682388583906701429e-01
1.916387959866220418e-08 9.679148324271300563e-01
1.926421404682273894e-08 9.675893355363635040e-01
1.936454849498327369e-08 9.672623711635121024e-01
1.946488294314380845e-08 9.669339427674561449e-01
1.956521739130434651e-08 9.666040538207489874e-01
1.966555183946488126e-08 9.662727078095573185e-01
1.976588628762541602e-08 9.659399082335966558e-01
1.986622073578595077e-08 9.656056586060692837e-01
1.996655518394648553e-08 9.652699624536009715e-01
2.006688963210702028e-08 9.649328233161773571e-01
2.016722408026755503e-08 9.645942447470799985e-01
2.026755852842808979e-08 9.642542303128244230e-01
2.036789297658862454e-08 9.639127835930934030e-01
2.046822742474916260e-08 9.635699081806754496e-01
2.056856187290969736e-08 9.632256076813979773e-01
2.066889632107023211e-08 9.628798857140647982e-01
2.076923076923076687e-08 9.625327459103902861e-01
2.086956521739130162e-08 9.621841919149338729e-01
2.096989966555183637e-08 9.618342273850357671e-01
2.107023411371237113e-08 9.614828559907513394e-01
2.117056856187290588e-08 9.611300814147851757e-01
2.127090301003344064e-08 9.607759073524263504e-01
2.137123745819397539e-08 9.604203375114804819e-01
2.147157190635451345e-08 9.600633756122047835e-01
2.157190635451504821e-08 9.597050253872426717e-01
2.167224080267558296e-08 9.593452905815552656e-01
2.177257525083611771e-08 9.589841749523553283e-01
2.187290969899665247e-08 9.586216822690410977e-01
2.197324414715718722e-08 9.582578163131291182e-01
2.207357859531772198e-08 9.578925808781847406e-01
2.217391304347825673e-08 9.575259797697582842e-01
2.227424749163879148e-08 9.571580168053143156e-01
2.237458193979932955e-08 9.567886958141653686e-01
2.247491638795986430e-08 9.564180206374036652e-01
2.257525083612039905e-08 9.560459951278325041e-01
2.267558528428093381e-08 9.556726231498986479e-01
2.277591973244146856e-08 9.552979085796232672e-01
2.287625418060200332e-08 9.549218553045333291e-01
2.297658862876253807e-08 9.545444672235934291e-01
2.307692307692307282e-08 9.541657482471351814e-01
2.317725752508360758e-08 9.537857022967900500e-01
2.327759197324414233e-08 9.534043333054186276e-01
2.337792642140468040e-08 9.530216452170414687e-01
2.347826086956521515e-08 9.526376419867694789e-01
2.357859531772574990e-08 9.522523275807348586e-01
2.367892976588628466e-08 9.518657059760189387e-01
2.377926421404681941e-08 9.514777811605850122e-01
2.387959866220735417e-08 9.510885571332059474e-01
2.397993311036788892e-08 9.506980379033943551e-01
2.408026755852842367e-08 9.503062274913322005e-01
2.418060200668895843e-08 9.499131299277998597e-01
2.428093645484949649e-08 9.495187492541056207e-01
2.438127090301003124e-08 9.491230895220138519e-01
2.448160535117056600e-08 9.487261547936750583e-01
2.458193979933110075e-08 9.483279491415536055e-01
2.468227424749163551e-08 9.479284766483568880e-01
2.478260869565217026e-08 9.475277414069629422e-01
2.488294314381270501e-08 9.471257475203498366e-01
2.498327759197323977e-08 9.467224991015238400e-01
2.508361204013377452e-08 9.463180002734449259e-01
2.518394648829430928e-08 9.459122551689596037e-01
2.528428093645484734e-08 9.455052679307229813e-01
2.538461538461538209e-08 9.450970427111310412e-01
2.548494983277591685e-08 9.446875836722460340e-01
2.558528428093645160e-08 9.442768949857236471e-01
2.568561872909698635e-08 9.438649808327413959e-01
2.578595317725752111e-08 9.434518454039250157e-01
2.588628762541805586e-08 9.430374928992756312e-01
2.598662207357859062e-08 9.426219275280970367e-01
2.608695652173912537e-08 9.422051535089216445e-01
2.618729096989966343e-08 9.417871750694388755e-01
2.628762541806019819e-08 9.413679964464195526e-01
2.638795986622073294e-08 9.409476218856442920e-01
2.648829431438126769e-08 9.405260556418286733e-01
2.658862876254180245e-08 9.401033019785498546e-01
2.668896321070233720e-08 9.396793651681731863e-01
2.678929765886287196e-08 9.392542494917776041e-01
2.688963210702340671e-08 9.388279592390817996e-01
2.698996655518394146e-08 9.384004987083702787e-01
2.709030100334447622e-08 9.379718722064186442e-01
2.719063545150501428e-08 9.375420840484204321e-01
2.729096989966554904e-08 9.371111385579110609e-01
2.739130434782608379e-08 9.366790400666943350e-01
2.749163879598661854e-08 9.362457929147678382e-01
2.759197324414715330e-08 9.358114014502469935e-01
2.769230769230768805e-08 9.353758700292935657e-01
2.779264214046822281e-08 9.349392030160358358e-01
2.789297658862875756e-08 9.345014047824978798e-01
2.799331103678929231e-08 9.340624797085222975e-01
2.809364548494983038e-08 9.336224321816966043e-01
2.819397993311036513e-08 9.331812665972768484e-01
2.829431438127089988e-08 9.327389873581117818e-01
2.839464882943143464e-08 9.322955988745695866e-01
2.849498327759196939e-08 9.318511055644610463e-01
2.859531772575250415e-08 9.314055118529633859e-01
2.869565217391303890e-08 9.309588221725474400e-01
2.879598662207357365e-08 9.305110409628979395e-01
2.889632107023410841e-08 9.300621726708421244e-01
2.899665551839464316e-08 9.296122217502712504e-01
2.909698996655518122e-08 9.291611926620645390e-01
2.919732441471571598e-08 9.287090898740154588e-01
2.929765886287625073e-08 9.282559178607541206e-01
2.939799331103678549e-08 9.278016811036714495e-01
2.949832775919732024e-08 9.273463840908435785e-01
2.959866220735785499e-08 9.268900313169559091e-01
2.969899665551838975e-08 9.264326272832258402e-01
2.979933110367892450e-08 9.259741764973276057e-01
2.989966555183946256e-08 9.255146834733162242e-01
2.999999999999999732e-08 9.250541527315500057e-01
