0.000000000000000000e+00 9.999999999999995559e-01
1.003344481605351029e-10 9.999906925802808377e-01
2.006688963210702059e-10 9.999627713788807881e-01
3.010033444816052959e-10 9.999162395688659943e-01
4.013377926421404118e-10 9.998511024380041246e-01
5.016722408026755277e-10 9.997673673877507383e-01
6.020066889632105918e-10 9.996650439318294223e-01
7.023411371237457594e-10 9.995441436944062508e-01
8.026755852842808236e-10 9.994046804078617896e-01
9.030100334448158877e-10 9.992466699101596461e-01
1.003344481605351055e-09 9.990701301418077884e-01
1.103678929765886223e-09 9.988750811424216280e-01
1.204013377926421184e-09 9.986615450468840915e-01
1.304347826086956351e-09 9.984295460811042355e-01
1.404682274247491519e-09 9.981791105573762923e-01
1.505016722408026480e-09 9.979102668693435874e-01
1.605351170568561647e-09 9.976230454865602226e-01
1.705685618729096815e-09 9.973174789486609626e-01
1.806020066889631775e-09 9.969936018591349924e-01
1.906354515050166943e-09 9.966514508787086557e-01
2.006688963210702111e-09 9.962910647183359503e-01
2.107023411371237278e-09 9.959124841317990029e-01
2.207357859531772446e-09 9.955157519079247397e-01
2.307692307692307200e-09 9.951009128624118683e-01
2.408026755852842367e-09 9.946680138292779416e-01
2.508361204013377535e-09 9.942171036519237282e-01
2.608695652173912702e-09 9.937482331738197727e-01
2.709030100334447870e-09 9.932614552288147047e-01
2.809364548494983038e-09 9.927568246310723987e-01
2.909698996655517792e-09 9.922343981646352118e-01
3.010033444816052959e-09 9.916942345726191821e-01
3.110367892976588127e-09 9.911363945460440750e-01
3.210702341137123294e-09 9.905609407122990540e-01
3.311036789297658462e-09 9.899679376232485284e-01
3.411371237458193629e-09 9.893574517429812865e-01
3.511705685618728797e-09 9.887295514352026915e-01
3.612040133779263551e-09 9.880843069502809328e-01
3.712374581939798719e-09 9.874217904119407807e-01
3.812709030100333886e-09 9.867420758036147266e-01
3.913043478260868640e-09 9.860452389544538399e-01
4.013377926421404221e-09 9.853313575249988965e-01
4.113712374581938975e-09 9.846005109925222154e-01
4.214046822742474556e-09 9.838527806360334305e-01
4.314381270903009310e-09 9.830882495209634087e-01
4.414715719063544892e-09 9.823070024835247604e-01
4.515050167224079646e-09 9.815091261147508295e-01
4.615384615384614399e-09 9.806947087442243749e-01
4.715719063545149981e-09 9.798638404234939481e-01
4.816053511705684735e-09 9.790166129091816272e-01
4.916387959866220316e-09 9.781531196457929900e-01
5.016722408026755070e-09 9.772734557482255502e-01
5.117056856187290651e-09 9.763777179839856490e-01
5.217391304347825405e-09 9.754660047551159119e-01
5.317725752508360159e-09 9.745384160798382656e-01
5.418060200668895740e-09 9.735950535739159584e-01
5.518394648829430494e-09 9.726360204317424651e-01
5.618729096989966075e-09 9.716614214071571665e-01
5.719063545150500829e-09 9.706713627939989042e-01
5.819397993311035583e-09 9.696659524063926394e-01
5.919732441471571164e-09 9.686452995587868653e-01
6.020066889632105918e-09 9.676095150457346694e-01
6.120401337792641499e-09 9.665587111214313243e-01
6.220735785953176253e-09 9.654930014790096271e-01
6.321070234113711835e-09 9.644125012295998722e-01
6.421404682274246589e-09 9.633173268811580092e-01
6.521739130434781343e-09 9.622075963170704238e-01
6.622073578595316924e-09 9.610834287745352311e-01
6.722408026755851678e-09 9.599449448227309611e-01
6.822742474916387259e-09 9.587922663407750790e-01
6.923076923076922013e-09 9.576255164954768917e-01
7.023411371237457594e-09 9.564448197188942791e-01
7.123745819397992348e-09 9.552503016856940254e-01
7.224080267558527102e-09 9.540420892903265226e-01
7.324414715719062683e-09 9.528203106240177300e-01
7.424749163879597437e-09 9.515850949515844981e-01
7.525083612040133018e-09 9.503365726880771414e-01
7.625418060200667772e-09 9.490748753752608069e-01
7.725752508361202526e-09 9.478001356579326409e-01
7.826086956521737280e-09 9.465124872600881867e-01
7.926421404682273689e-09 9.452120649609380143e-01
8.026755852842808442e-09 9.438990045707832399e-01
8.127090301003343196e-09 9.425734429067533782e-01
8.227424749163877950e-09 9.412355177684134100e-01
8.327759197324414359e-09 9.398853679132487260e-01
8.428093645484949113e-09 9.385231330320259469e-01
8.528428093645483867e-09 9.371489537240464962e-01
8.628762541806018621e-09 9.357629714722884851e-01
8.729096989966553375e-09 9.343653286184494533e-01
8.829431438127089783e-09 9.329561683378945203e-01
8.929765886287624537e-09 9.315356346145126087e-01
9.030100334448159291e-09 9.301038722154916227e-01
9.130434782608694045e-09 9.286610266660153545e-01
9.230769230769228799e-09 9.272072442238893375e-01
9.331103678929765207e-09 9.257426718541001964e-01
9.431438127090299961e-09 9.242674572033166003e-01
9.531772575250834715e-09 9.227817485743368131e-01
9.632107023411369469e-09 9.212856949004868401e-01
9.732441471571904223e-09 9.197794457199799378e-01
9.832775919732440632e-09 9.182631511502383770e-01
9.933110367892975386e-09 9.167369618621858951e-01
1.003344481605351014e-08 9.152010290545177229e-01
1.013377926421404489e-08 9.136555044279507376e-01
1.023411371237458130e-08 9.121005401594651785e-01
1.033444816053511606e-08 9.105362888765362595e-01
1.043478260869565081e-08 9.089629036313696675e-01
1.053511705685618556e-08 9.073805378751407247e-01
1.063545150501672032e-08 9.057893454322462068e-01
1.073578595317725673e-08 9.041894804745751468e-01
1.083612040133779148e-08 9.025810974957990673e-01
1.093645484949832623e-08 9.009643512856974068e-01
1.103678929765886099e-08 8.993393969045134773e-01
1.113712374581939574e-08 8.977063896573526103e-01
1.123745819397993215e-08 8.960654850686295969e-01
1.133779264214046690e-08 8.944168388565629790e-01
1.143812709030100166e-08 8.927606069077329565e-01
1.153846153846153641e-08 8.910969452517004674e-01
1.163879598662207117e-08 8.894260100356947696e-01
1.173913043478260757e-08 8.877479574993784039e-01
1.183946488294314233e-08 8.860629439496894300e-01
1.193979933110367708e-08 8.843711257357731448e-01
1.204013377926421184e-08 8.826726592240023983e-01
1.214046822742474824e-08 8.809677007730956078e-01
1.224080267558528300e-08 8.792564067093378011e-01
1.234113712374581775e-08 8.775389333019081306e-01
1.244147157190635251e-08 8.758154367383201855e-01
1.254180602006688726e-08 8.740860730999825412e-01
1.264214046822742367e-08 8.723509983378789912e-01
1.274247491638795842e-08 8.706103682483797845e-01
1.284280936454849318e-08 8.688643384491860910e-01
1.294314381270902793e-08 8.671130643554116890e-01
1.304347826086956269e-08 8.653567011558117583e-01
1.314381270903009909e-08 8.635954037891533375e-01
1.324414715719063385e-08 8.618293269207478735e-01
1.334448160535116860e-08 8.600586249191346511e-01
1.344481605351170336e-08 8.582834518329307549e-01
1.354515050167223811e-08 8.565039613678485653e-01
1.364548494983277452e-08 8.547203068638846712e-01
1.374581939799330927e-08 8.529326412726859763e-01
1.384615384615384403e-08 8.511411171350974358e-01
1.394648829431437878e-08 8.493458865588945361e-01
1.404682274247491519e-08 8.475471011967088408e-01
1.414715719063544994e-08 8.457449122241446071e-01
1.424749163879598470e-08 8.439394703180955748e-01
1.434782608695651945e-08 8.421309256352675909e-01
1.444816053511705420e-08 8.403194277909026288e-01
1.454849498327759061e-08 8.385051258377187455e-01
1.464882943143812537e-08 8.366881682450634239e-01
1.474916387959866012e-08 8.348687028782866282e-01
1.484949832775919487e-08 8.330468769783350158e-01
1.494983277591973128e-08 8.312228371415746331e-01
1.505016722408026604e-08 8.293967292998433161e-01
1.515050167224080079e-08 8.275686987007365714e-01
1.525083612040133554e-08 8.257388898881317107e-01
1.535117056856187030e-08 8.239074466829514609e-01
1.545150501672240505e-08 8.220745121641738207e-01
1.555183946488293981e-08 8.202402286500877215e-01
1.565217391304347456e-08 8.184047376798000428e-01
1.575250836120401262e-08 8.165681799949962016e-01
1.585284280936454738e-08 8.147306955219588698e-01
1.595317725752508213e-08 8.128924233538449284e-01
1.605351170568561688e-08 8.110535017332254348e-01
1.615384615384615164e-08 8.092140680348925974e-01
1.625418060200668639e-08 8.073742587489342037e-01
1.635451505016722115e-08 8.055342094640784989e-01
1.645484949832775590e-08 8.036940548513109572e-01
1.655518394648829065e-08 8.018539286477724959e-01
1.665551839464882872e-08 8.000139636409300259e-01
1.675585284280936347e-08 7.981742916530301102e-01
1.685618729096989823e-08 7.963350435258370608e-01
1.695652173913043298e-08 7.944963491056514782e-01
1.705685618729096773e-08 7.926583372286211127e-01
1.715719063545150249e-08 7.908211357063370528e-01
1.725752508361203724e-08 7.889848713117213475e-01
1.735785953177257200e-08 7.871496697652085039e-01
1.745819397993310675e-08 7.853156557212191968e-01
1.755852842809364150e-08 7.834829527549334038e-01
1.765886287625417957e-08 7.816516833493550864e-01
1.775919732441471432e-08 7.798219688826819596e-01
1.785953177257524907e-08 7.779939296159705808e-01
1.795986622073578383e-08 7.761676846811061958e-01
1.806020066889631858e-08 7.743433520690730099e-01
1.816053511705685334e-08 7.725210486185288827e-01
1.826086956521738809e-08 7.707008900046835587e-01
1.836120401337792284e-08 7.688829907284856491e-01
1.846153846153845760e-08 7.670674641061109300e-01
1.856187290969899566e-08 7.652544222587622791e-01
1.866220735785953041e-08 7.634439761027745908e-01
1.876254180602006517e-08 7.616362353400281116e-01
1.886287625418059992e-08 7.598313084486723046e-01
1.896321070234113468e-08 7.580293026741565798e-01
1.906354515050166943e-08 7.562303240205703325e-01
1.916387959866220418e-08 7.544344772422961753e-01
1.926421404682273894e-08 7.526418658359664837e-01
1.936454849498327369e-08 7.508525920327357994e-01
1.946488294314380845e-08 7.490667567908587676e-01
1.956521739130434651e-08 7.472844597885799356e-01
1.966555183946488126e-08 7.455057994173314162e-01
1.976588628762541602e-08 7.437308727752391935e-01
1.986622073578595077e-08 7.419597756609398465e-01
1.996655518394648553e-08 7.401926025677034726e-01
2.006688963210702028e-08 7.384294466778645871e-01
2.016722408026755503e-08 7.366703998575615531e-01
2.026755852842808979e-08 7.349155526517781034e-01
2.036789297658862454e-08 7.331649942796953923e-01
2.046822742474916260e-08 7.314188126303442505e-01
2.056856187290969736e-08 7.296770942585627528e-01
2.066889632107023211e-08 7.279399243812572085e-01
2.076923076923076687e-08 7.262073868739611360e-01
2.086956521739130162e-08 7.244795642676988834e-01
2.096989966555183637e-08 7.227565377461436791e-01
2.107023411371237113e-08 7.210383871430762204e-01
2.117056856187290588e-08 7.193251909401383593e-01
2.127090301003344064e-08 7.176170262648809972e-01
2.137123745819397539e-08 7.159139688891055231e-01
2.147157190635451345e-08 7.142160932274954632e-01
2.157190635451504821e-08 7.125234723365397871e-01
2.167224080267558296e-08 7.108361779137419845e-01
2.177257525083611771e-08 7.091542802971173565e-01
2.187290969899665247e-08 7.074778484649701937e-01
2.197324414715718722e-08 7.058069500359588355e-01
2.207357859531772198e-08 7.041416512694360641e-01
2.217391304347825673e-08 7.024820170660688312e-01
2.227424749163879148e-08 7.008281109687344301e-01
2.237458193979932955e-08 6.991799951636883392e-01
2.247491638795986430e-08 6.975377304820049584e-01
2.257525083612039905e-08 6.959013764012862424e-01
2.267558528428093381e-08 6.942709910476350110e-01
2.277591973244146856e-08 6.926466311978951573e-01
2.287625418060200332e-08 6.910283522821500934e-01
2.297658862876253807e-08 6.894162083864816548e-01
2.307692307692307282e-08 6.878102522559831344e-01
2.317725752508360758e-08 6.862105352980271133e-01
2.327759197324414233e-08 6.846171075857817589e-01
2.337792642140468040e-08 6.830300178619774787e-01
2.347826086956521515e-08 6.814493135429140480e-01
2.357859531772574990e-08 6.798750407227128756e-01
2.367892976588628466e-08 6.783072441778066342e-01
2.377926421404681941e-08 6.767459673716627044e-01
2.387959866220735417e-08 6.751912524597433185e-01
2.397993311036788892e-08 6.736431402946907454e-01
2.408026755852842367e-08 6.721016704317404056e-01
2.418060200668895843e-08 6.705668811343573621e-01
2.428093645484949649e-08 6.690388093800911928e-01
2.438127090301003124e-08 6.675174908666494655e-01
2.448160535117056600e-08 6.660029600181802678e-01
2.458193979933110075e-08 6.644952499917687883e-01
2.468227424749163551e-08 6.629943926841370683e-01
2.478260869565217026e-08 6.615004187385469248e-01
2.488294314381270501e-08 6.600133575519037121e-01
2.498327759197323977e-08 6.585332372820529301e-01
2.508361204013377452e-08 6.570600848552721196e-01
2.518394648829430928e-08 6.555939259739486102e-01
2.528428093645484734e-08 6.541347851244437850e-01
2.538461538461538209e-08 6.526826855851377562e-01
2.548494983277591685e-08 6.512376494346521216e-01
2.558528428093645160e-08 6.497996975602461367e-01
2.568561872909698635e-08 6.483688496663836398e-01
2.578595317725752111e-08 6.469451242834652893e-01
2.588628762541805586e-08 6.455285387767247807e-01
2.598662207357859062e-08 6.441191093552832703e-01
2.608695652173912537e-08 6.427168510813578983e-01
2.618729096989966343e-08 6.413217778796236335e-01
2.628762541806019819e-08 6.399339025467204456e-01
2.638795986622073294e-08 6.385532367609049187e-01
2.648829431438126769e-08 6.371797910918418628e-01
2.658862876254180245e-08 6.358135750105303741e-01
2.668896321070233720e-08 6.344545968993637874e-01
2.678929765886287196e-08 6.331028640623149739e-01
2.688963210702340671e-08 6.317583827352486470e-01
2.698996655518394146e-08 6.304211580963509087e-01
2.709030100334447622e-08 6.290911942766787002e-01
2.719063545150501428e-08 6.277684943708166099e-01
2.729096989966554904e-08 6.264530604476470366e-01
2.739130434782608379e-08 6.251448935612211599e-01
2.749163879598661854e-08 6.238439937617332731e-01
2.759197324414715330e-08 6.225503601065894843e-01
2.769230769230768805e-08 6.212639906715703431e-01
2.779264214046822281e-08 6.199848825620820625e-01
2.789297658862875756e-08 6.187130319244927845e-01
2.799331103678929231e-08 6.174484339575490033e-01
2.809364548494983038e-08 6.161910829238705922e-01
2.819397993311036513e-08 6.149409721615175517e-01
2.829431438127089988e-08 6.136980940956267006e-01
2.839464882943143464e-08 6.124624402501138709e-01
2.849498327759196939e-08 6.112340012594382754e-01
2.859531772575250415e-08 6.100127668804237180e-01
2.869565217391303890e-08 6.087987260041330950e-01
2.879598662207357365e-08 6.075918666677962987e-01
2.889632107023410841e-08 6.063921760667806415e-01
2.899665551839464316e-08 6.051996405666056900e-01
2.909698996655518122e-08 6.040142457149979549e-01
2.919732441471571598e-08 6.028359762539785560e-01
2.929765886287625073e-08 6.016648161319830823e-01
2.939799331103678549e-08 6.005007485160113179e-01
2.949832775919732024e-08 5.993437558037972845e-01
2.959866220735785499e-08 5.981938196360031545e-01
2.969899665551838975e-08 5.970509209084271518e-01
2.979933110367892450e-08 5.959150397842281066e-01
2.989966555183946256e-08 5.947861557061560056e-01
2.999999999999999732e-08 5.936642474087923116e-01
