0.000000000000000000e+00 9.999999999999995559e-01
1.003344481605351029e-10 9.999951216816969080e-01
2.006688963210702059e-10 9.999804870173716331e-01
3.010033444816052959e-10 9.999560968787426507e-01
4.013377926421404118e-10 9.999219527185791989e-01
5.016722408026755277e-10 9.998780565705519541e-01
6.020066889632105918e-10 9.998244110490314140e-01
7.023411371237457594e-10 9.997610193488228880e-01
8.026755852842808236e-10 9.996878852448457531e-01
9.030100334448158877e-10 9.996050130917558674e-01
1.003344481605351055e-09 9.995124078235056997e-01
1.103678929765886223e-09 9.994100749528491701e-01
1.204013377926421184e-09 9.992980205707882035e-01
1.304347826086956351e-09 9.991762513459606643e-01
1.404682274247491519e-09 9.990447745239700028e-01
1.505016722408026480e-09 9.989035979266575049e-01
1.605351170568561647e-09 9.987527299513170309e-01
1.705685618729096815e-09 9.985921795698518011e-01
1.806020066889631775e-09 9.984219563278727838e-01
1.906354515050166943e-09 9.982420703437417941e-01
2.006688963210702111e-09 9.980525323075551958e-01
2.107023411371237278e-09 9.978533534800712035e-01
2.207357859531772446e-09 9.976445456915803423e-01
2.307692307692307200e-09 9.974261213407189519e-01
2.408026755852842367e-09 9.971980933932254043e-01
2.508361204013377535e-09 9.969604753806409203e-01
2.608695652173912702e-09 9.967132813989535434e-01
2.709030100334447870e-09 9.964565261071836044e-01
2.809364548494983038e-09 9.961902247259185605e-01
2.909698996655517792e-09 9.959143930357863272e-01
3.010033444816052959e-09 9.956290473758759862e-01
3.110367892976588127e-09 9.953342046421032041e-01
3.210702341137123294e-09 9.950298822855181413e-01
3.311036789297658462e-09 9.947160983105627352e-01
3.411371237458193629e-09 9.943928712732682529e-01
3.511705685618728797e-09 9.940602202794007747e-01
3.612040133779263551e-09 9.937181649825549412e-01
3.712374581939798719e-09 9.933667255821865272e-01
3.812709030100333886e-09 9.930059228216007172e-01
3.913043478260868640e-09 9.926357779858783204e-01
4.013377926421404221e-09 9.922563128997559101e-01
4.113712374581938975e-09 9.918675499254460126e-01
4.214046822742474556e-09 9.914695119604119977e-01
4.314381270903009310e-09 9.910622224350837950e-01
4.414715719063544892e-09 9.906457053105270916e-01
4.515050167224079646e-09 9.902199850760582400e-01
4.615384615384614399e-09 9.897850867468070968e-01
4.715719063545149981e-09 9.893410358612313438e-01
4.816053511705684735e-09 9.888878584785760761e-01
4.916387959866220316e-09 9.884255811762885369e-01
5.016722408026755070e-09 9.879542310473775624e-01
5.117056856187290651e-09 9.874738356977256215e-01
5.217391304347825405e-09 9.869844232433523379e-01
5.317725752508360159e-09 9.864860223076274970e-01
5.418060200668895740e-09 9.859786620184355366e-01
5.518394648829430494e-09 9.854623720052922975e-01
5.618729096989966075e-09 9.849371823964151451e-01
5.719063545150500829e-09 9.844031238157413544e-01
5.819397993311035583e-09 9.838602273799056386e-01
5.919732441471571164e-09 9.833085246951653868e-01
6.020066889632105918e-09 9.827480478542829356e-01
6.120401337792641499e-09 9.821788294333597680e-01
6.220735785953176253e-09 9.816009024886281908e-01
6.321070234113711835e-09 9.810143005531939409e-01
6.421404682274246589e-09 9.804190576337390439e-01
6.521739130434781343e-09 9.798152082071744928e-01
6.622073578595316924e-09 9.792027872172559544e-01
6.722408026755851678e-09 9.785818300711507378e-01
6.822742474916387259e-09 9.779523726359637958e-01
6.923076923076922013e-09 9.773144512352229807e-01
7.023411371237457594e-09 9.766681026453195580e-01
7.123745819397992348e-09 9.760133640919079756e-01
7.224080267558527102e-09 9.753502732462677738e-01
7.324414715719062683e-09 9.746788682216201982e-01
7.424749163879597437e-09 9.739991875694073986e-01
7.525083612040133018e-09 9.733112702755316592e-01
7.625418060200667772e-09 9.726151557565564376e-01
7.725752508361202526e-09 9.719108838558663255e-01
7.826086956521737280e-09 9.711984948397927031e-01
7.926421404682273689e-09 9.704780293936980939e-01
8.026755852842808442e-09 9.697495286180246588e-01
8.127090301003343196e-09 9.690130340243090501e-01
8.227424749163877950e-09 9.682685875311555224e-01
8.327759197324414359e-09 9.675162314601795099e-01
8.428093645484949113e-09 9.667560085319113483e-01
8.528428093645483867e-09 9.659879618616695751e-01
8.628762541806018621e-09 9.652121349553972607e-01
8.729096989966553375e-09 9.644285717054654761e-01
8.829431438127089783e-09 9.636373163864470071e-01
8.929765886287624537e-09 9.628384136508529867e-01
9.030100334448159291e-09 9.620319085248403290e-01
9.130434782608694045e-09 9.612178464038901859e-01
9.230769230769228799e-09 9.603962730484497667e-01
9.331103678929765207e-09 9.595672345795511760e-01
9.431438127090299961e-09 9.587307774743945021e-01
9.531772575250834715e-09 9.578869485619072588e-01
9.632107023411369469e-09 9.570357950182704077e-01
9.732441471571904223e-09 9.561773643624215113e-01
9.832775919732440632e-09 9.553117044515263556e-01
9.933110367892975386e-09 9.544388634764274792e-01
1.003344481605351014e-08 9.535588899570636157e-01
1.013377926421404489e-08 9.526718327378653761e-01
1.023411371237458130e-08 9.517777409831275071e-01
1.033444816053511606e-08 9.508766641723522817e-01
1.043478260869565081e-08 9.499686520955734625e-01
1.053511705685618556e-08 9.490537548486571717e-01
1.063545150501672032e-08 9.481320228285750051e-01
1.073578595317725673e-08 9.472035067286623811e-01
1.083612040133779148e-08 9.462682575338507984e-01
1.093645484949832623e-08 9.453263265158808881e-01
1.103678929765886099e-08 9.443777652284951474e-01
1.113712374581939574e-08 9.434226255026112451e-01
1.123745819397993215e-08 9.424609594414771196e-01
1.133779264214046690e-08 9.414928194158056485e-01
1.143812709030100166e-08 9.405182580588946628e-01
1.153846153846153641e-08 9.395373282617281996e-01
1.163879598662207117e-08 9.385500831680598788e-01
1.173913043478260757e-08 9.375565761694842903e-01
1.183946488294314233e-08 9.365568609004887302e-01
1.193979933110367708e-08 9.355509912334947220e-01
1.204013377926421184e-08 9.345390212738813318e-01
1.214046822742474824e-08 9.335210053549989340e-01
1.224080267558528300e-08 9.324969980331674346e-01
1.234113712374581775e-08 9.314670540826637257e-01
1.244147157190635251e-08 9.304312284906974817e-01
1.254180602006688726e-08 9.293895764523747438e-01
1.264214046822742367e-08 9.283421533656559532e-01
1.274247491638795842e-08 9.272890148262959986e-01
1.284280936454849318e-08 9.262302166227847078e-01
1.294314381270902793e-08 9.251658147312707969e-01
1.304347826086956269e-08 9.240958653104839327e-01
1.314381270903009909e-08 9.230204246966475790e-01
1.324414715719063385e-08 9.219395493983830736e-01
1.334448160535116860e-08 9.208532960916119281e-01
1.344481605351170336e-08 9.197617216144502450e-01
1.354515050167223811e-08 9.186648829620982504e-01
1.364548494983277452e-08 9.175628372817282719e-01
1.374581939799330927e-08 9.164556418673670546e-01
1.384615384615384403e-08 9.153433541547750796e-01
1.394648829431437878e-08 9.142260317163257710e-01
1.404682274247491519e-08 9.131037322558817060e-01
1.414715719063544994e-08 9.119765136036702691e-01
1.424749163879598470e-08 9.108444337111584188e-01
1.434782608695651945e-08 9.097075506459287864e-01
1.444816053511705420e-08 9.085659225865564403e-01
1.454849498327759061e-08 9.074196078174865399e-01
1.464882943143812537e-08 9.062686647239149851e-01
1.474916387959866012e-08 9.051131517866706222e-01
1.484949832775919487e-08 9.039531275771029994e-01
1.494983277591973128e-08 9.027886507519703452e-01
1.505016722408026604e-08 9.016197800483380931e-01
1.515050167224080079e-08 9.004465742784751869e-01
1.525083612040133554e-08 8.992690923247624868e-01
1.535117056856187030e-08 8.980873931346047279e-01
1.545150501672240505e-08 8.969015357153484747e-01
1.555183946488293981e-08 8.957115791292106222e-01
1.565217391304347456e-08 8.945175824882118931e-01
1.575250836120401262e-08 8.933196049491226587e-01
1.585284280936454738e-08 8.921177057084137552e-01
1.595317725752508213e-08 8.909119439972207344e-01
1.605351170568561688e-08 8.897023790763175510e-01
1.615384615384615164e-08 8.884890702311013522e-01
1.625418060200668639e-08 8.872720767665874808e-01
1.635451505016722115e-08 8.860514580024203557e-01
1.645484949832775590e-08 8.848272732678924557e-01
1.655518394648829065e-08 8.835995818969808457e-01
1.665551839464882872e-08 8.823684432233949160e-01
1.675585284280936347e-08 8.811339165756402192e-01
1.685618729096989823e-08 8.798960612720970742e-01
1.695652173913043298e-08 8.786549366161128249e-01
1.705685618729096773e-08 8.774106018911140836e-01
1.715719063545150249e-08 8.761631163557322965e-01
1.725752508361203724e-08 8.749125392389480727e-01
1.735785953177257200e-08 8.736589297352534977e-01
1.745819397993310675e-08 8.724023469998315461e-01
1.755852842809364150e-08 8.711428501437564753e-01
1.765886287625417957e-08 8.698804982292106525e-01
1.775919732441471432e-08 8.686153502647249169e-01
1.785953177257524907e-08 8.673474652004364849e-01
1.795986622073578383e-08 8.660769019233680588e-01
1.806020066889631858e-08 8.648037192527311401e-01
1.816053511705685334e-08 8.635279759352477713e-01
1.826086956521738809e-08 8.622497306404970363e-01
1.836120401337792284e-08 8.609690419562840979e-01
1.846153846153845760e-08 8.596859683840316624e-01
1.856187290969899566e-08 8.584005683341979775e-01
1.866220735785953041e-08 8.571129001217155929e-01
1.876254180602006517e-08 8.558230219614588741e-01
1.886287625418059992e-08 8.545309919637340546e-01
1.896321070234113468e-08 8.532368681297965995e-01
1.906354515050166943e-08 8.519407083473951037e-01
1.916387959866220418e-08 8.506425703863411680e-01
1.926421404682273894e-08 8.493425118941062557e-01
1.936454849498327369e-08 8.480405903914493004e-01
1.946488294314380845e-08 8.467368632680668528e-01
1.956521739130434651e-08 8.454313877782783093e-01
1.966555183946488126e-08 8.441242210367352339e-01
1.976588628762541602e-08 8.428154200141625418e-01
1.986622073578595077e-08 8.415050415331295497e-01
1.996655518394648553e-08 8.401931422638500013e-01
2.006688963210702028e-08 8.388797787200149569e-01
2.016722408026755503e-08 8.375650072546551028e-01
2.026755852842808979e-08 8.362488840560334813e-01
2.036789297658862454e-08 8.349314651435764123e-01
2.046822742474916260e-08 8.336128063638276187e-01
2.056856187290969736e-08 8.322929633864423193e-01
2.066889632107023211e-08 8.309719917002114098e-01
2.076923076923076687e-08 8.296499466091198371e-01
2.086956521739130162e-08 8.283268832284380601e-01
2.096989966555183637e-08 8.270028564808492577e-01
2.107023411371237113e-08 8.256779210926101786e-01
2.117056856187290588e-08 8.243521315897472945e-01
2.127090301003344064e-08 8.230255422942867050e-01
2.137123745819397539e-08 8.216982073205226778e-01
2.147157190635451345e-08 8.203701805713210504e-01
2.157190635451504821e-08 8.190415157344557162e-01
2.167224080267558296e-08 8.177122662789876317e-01
2.177257525083611771e-08 8.163824854516756879e-01
2.187290969899665247e-08 8.150522262734284373e-01
2.197324414715718722e-08 8.137215415357892390e-01
2.207357859531772198e-08 8.123904837974650350e-01
2.217391304347825673e-08 8.110591053808885453e-01
2.227424749163879148e-08 8.097274583688192084e-01
2.237458193979932955e-08 8.083955946009870885e-01
2.247491638795986430e-08 8.070635656707705330e-01
2.257525083612039905e-08 8.057314229219155743e-01
2.267558528428093381e-08 8.043992174452965216e-01
2.277591973244146856e-08 8.030670000757120786e-01
2.287625418060200332e-08 8.017348213887258712e-01
2.297658862876253807e-08 8.004027316975445006e-01
2.307692307692307282e-08 7.990707810499366737e-01
2.317725752508360758e-08 7.977390192251945233e-01
2.327759197324414233e-08 7.964074957311331193e-01
2.337792642140468040e-08 7.950762598011336113e-01
2.347826086956521515e-08 7.937453603912281164e-01
2.357859531772574990e-08 7.924148461772219099e-01
2.367892976588628466e-08 7.910847655518642441e-01
2.377926421404681941e-08 7.897551666220539168e-01
2.387959866220735417e-08 7.884260972060932460e-01
2.397993311036788892e-08 7.870976048309797912e-01
2.408026755852842367e-08 7.857697367297433733e-01
2.418060200668895843e-08 7.844425398388242821e-01
2.428093645484949649e-08 7.831160607954950059e-01
2.438127090301003124e-08 7.817903459353251483e-01
2.448160535117056600e-08 7.804654412896880888e-01
2.458193979933110075e-08 7.791413925833126086e-01
2.468227424749163551e-08 7.778182452318772588e-01
2.478260869565217026e-08 7.764960443396475842e-01
2.488294314381270501e-08 7.751748346971583103e-01
2.498327759197323977e-08 7.738546607789372755e-01
2.508361204013377452e-08 7.725355667412749927e-01
2.518394648829430928e-08 7.712175964200386202e-01
2.528428093645484734e-08 7.699007933285267891e-01
2.538461538461538209e-08 7.685852006553720583e-01
2.548494983277591685e-08 7.672708612624866698e-01
2.558528428093645160e-08 7.659578176830492691e-01
2.568561872909698635e-08 7.646461121195424759e-01
2.578595317725752111e-08 7.633357864418274241e-01
2.588628762541805586e-08 7.620268821852691499e-01
2.598662207357859062e-08 7.607194405489015043e-01
2.608695652173912537e-08 7.594135023936400275e-01
2.618729096989966343e-08 7.581091082405374548e-01
2.628762541806019819e-08 7.568062982690839657e-01
2.638795986622073294e-08 7.555051123155540616e-01
2.648829431438126769e-08 7.542055898713935225e-01
2.658862876254180245e-08 7.529077700816564356e-01
2.668896321070233720e-08 7.516116917434820799e-01
2.678929765886287196e-08 7.503173933046205502e-01
2.688963210702340671e-08 7.490249128619990149e-01
2.698996655518394146e-08 7.477342881603349367e-01
2.709030100334447622e-08 7.464455565907932577e-01
2.719063545150501428e-08 7.451587551896886596e-01
2.729096989966554904e-08 7.438739206372303459e-01
2.739130434782608379e-08 7.425910892563136745e-01
2.749163879598661854e-08 7.413102970113545354e-01
2.759197324414715330e-08 7.400315795071678027e-01
2.769230769230768805e-08 7.387549719878921950e-01
2.779264214046822281e-08 7.374805093359559915e-01
2.789297658862875756e-08 7.362082260710897108e-01
2.799331103678929231e-08 7.349381563493808667e-01
2.809364548494983038e-08 7.336703339623745768e-01
2.819397993311036513e-08 7.324047923362153600e-01
2.829431438127089988e-08 7.311415645308344535e-01
2.839464882943143464e-08 7.298806832391816490e-01
2.849498327759196939e-08 7.286221807864967648e-01
2.859531772575250415e-08 7.273660891296294118e-01
2.869565217391303890e-08 7.261124398563980620e-01
2.879598662207357365e-08 7.248612641849944138e-01
2.889632107023410841e-08 7.236125929634298348e-01
2.899665551839464316e-08 7.223664566690243261e-01
2.909698996655518122e-08 7.211228854079402284e-01
2.919732441471571598e-08 7.198819089147550088e-01
2.929765886287625073e-08 7.186435565520796764e-01
2.939799331103678549e-08 7.174078573102170564e-01
2.949832775919732024e-08 7.161748398068633614e-01
2.959866220735785499e-08 7.149445322868520636e-01
2.969899665551838975e-08 7.137169626219374008e-01
2.979933110367892450e-08 7.124921583106218481e-01
2.989966555183946256e-08 7.112701464780225580e-01
2.999999999999999732e-08 7.100509538757808770e-01
