0.000000000000000000e+00 9.999999999999995559e-01
1.003344481605351029e-10 9.999999739548302014e-01
2.006688963210702059e-10 9.999998958193299092e-01
3.010033444816052959e-10 9.999997655935237706e-01
4.013377926421404118e-10 9.999995832774533078e-01
5.016722408026755277e-10 9.999993488711764744e-01
6.020066889632105918e-10 9.999990623747676555e-01
7.023411371237457594e-10 9.999987237883178892e-01
8.026755852842808236e-10 9.999983331119349783e-01
9.030100334448158877e-10 9.999978903457433788e-01
1.003344481605351055e-09 9.999973954898835338e-01
1.103678929765886223e-09 9.999968485445130950e-01
1.204013377926421184e-09 9.999962495098060344e-01
1.304347826086956351e-09 9.999955983859523112e-01
1.404682274247491519e-09 9.999948951731597591e-01
1.505016722408026480e-09 9.999941398716516439e-01
1.605351170568561647e-09 9.999933324816681068e-01
1.705685618729096815e-09 9.999924730034660536e-01
1.806020066889631775e-09 9.999915614373185990e-01
1.906354515050166943e-09 9.999905977835159554e-01
2.006688963210702111e-09 9.999895820423644333e-01
2.107023411371237278e-09 9.999885142141869965e-01
2.207357859531772446e-09 9.999873942993232623e-01
2.307692307692307200e-09 9.999862222981297233e-01
2.408026755852842367e-09 9.999849982109785262e-01
2.508361204013377535e-09 9.999837220382593594e-01
2.608695652173912702e-09 9.999823937803775653e-01
2.709030100334447870e-09 9.999810134377559168e-01
2.809364548494983038e-09 9.999795810108338401e-01
2.909698996655517792e-09 9.999780965000661936e-01
3.010033444816052959e-09 9.999765599059253773e-01
3.110367892976588127e-09 9.999749712288998893e-01
3.210702341137123294e-09 9.999733304694947700e-01
3.311036789297658462e-09 9.999716376282324903e-01
3.411371237458193629e-09 9.999698927056506204e-01
3.511705685618728797e-09 9.999680957023044936e-01
3.612040133779263551e-09 9.999662466187656529e-01
3.712374581939798719e-09 9.999643454556218503e-01
3.812709030100333886e-09 9.999623922134777132e-01
3.913043478260868640e-09 9.999603868929545225e-01
4.013377926421404221e-09 9.999583294946895462e-01
4.113712374581938975e-09 9.999562200193381489e-01
4.214046822742474556e-09 9.999540584675696842e-01
4.314381270903009310e-09 9.999518448400727122e-01
4.414715719063544892e-09 9.999495791375505593e-01
4.515050167224079646e-09 9.999472613607240934e-01
4.615384615384614399e-09 9.999448915103298363e-01
4.715719063545149981e-09 9.999424695871219626e-01
4.816053511705684735e-09 9.999399955918705230e-01
4.916387959866220316e-09 9.999374695253618883e-01
5.016722408026755070e-09 9.999348913883996381e-01
5.117056856187290651e-09 9.999322611818037831e-01
5.217391304347825405e-09 9.999295789064103213e-01
5.317725752508360159e-09 9.999268445630722368e-01
5.418060200668895740e-09 9.999240581526592786e-01
5.518394648829430494e-09 9.999212196760572935e-01
5.618729096989966075e-09 9.999183291341690039e-01
5.719063545150500829e-09 9.999153865279136744e-01
5.819397993311035583e-09 9.999123918582268900e-01
5.919732441471571164e-09 9.999093451260606669e-01
6.020066889632105918e-09 9.999062463323844518e-01
6.120401337792641499e-09 9.999030954781826797e-01
6.220735785953176253e-09 9.998998925644581037e-01
6.321070234113711835e-09 9.998966375922286876e-01
6.421404682274246589e-09 9.998933305625298251e-01
6.521739130434781343e-09 9.998899714764128976e-01
6.622073578595316924e-09 9.998865603349457176e-01
6.722408026755851678e-09 9.998830971392136391e-01
6.822742474916387259e-09 9.998795818903171151e-01
6.923076923076922013e-09 9.998760145893742513e-01
7.023411371237457594e-09 9.998723952375195845e-01
7.123745819397992348e-09 9.998687238359035279e-01
7.224080267558527102e-09 9.998650003856932589e-01
7.324414715719062683e-09 9.998612248880737186e-01
7.424749163879597437e-09 9.998573973442445029e-01
7.525083612040133018e-09 9.998535177554226383e-01
7.625418060200667772e-09 9.998495861228421377e-01
7.725752508361202526e-09 9.998456024477523352e-01
7.826086956521737280e-09 9.998415667314207722e-01
7.926421404682273689e-09 9.998374789751303116e-01
8.026755852842808442e-09 9.998333391801805803e-01
8.127090301003343196e-09 9.998291473478874147e-01
8.227424749163877950e-09 9.998249034795843038e-01
8.327759197324414359e-09 9.998206075766202794e-01
8.428093645484949113e-09 9.998162596403610269e-01
8.528428093645483867e-09 9.998118596721892182e-01
8.628762541806018621e-09 9.998074076735038451e-01
8.729096989966553375e-09 9.998029036457198870e-01
8.829431438127089783e-09 9.997983475902698647e-01
8.929765886287624537e-09 9.997937395086021750e-01
9.030100334448159291e-09 9.997890794021815353e-01
9.130434782608694045e-09 9.997843672724903152e-01
9.230769230769228799e-09 9.997796031210257617e-01
9.331103678929765207e-09 9.997747869493029960e-01
9.431438127090299961e-09 9.997699187588530156e-01
9.531772575250834715e-09 9.997649985512238047e-01
9.632107023411369469e-09 9.997600263279792232e-01
9.732441471571904223e-09 9.997550020907003399e-01
9.832775919732440632e-09 9.997499258409843215e-01
9.933110367892975386e-09 9.997447975804449882e-01
1.003344481605351014e-08 9.997396173107123696e-01
1.013377926421404489e-08 9.997343850334343696e-01
1.023411371237458130e-08 9.997291007502728810e-01
1.033444816053511606e-08 9.997237644629088926e-01
1.043478260869565081e-08 9.997183761730384921e-01
1.053511705685618556e-08 9.997129358823743095e-01
1.063545150501672032e-08 9.997074435926461833e-01
1.073578595317725673e-08 9.997018993056000502e-01
1.083612040133779148e-08 9.996963030229985003e-01
1.093645484949832623e-08 9.996906547466199999e-01
1.103678929765886099e-08 9.996849544782604458e-01
1.113712374581939574e-08 9.996792022197320549e-01
1.123745819397993215e-08 9.996733979728631425e-01
1.133779264214046690e-08 9.996675417394990104e-01
1.143812709030100166e-08 9.996616335215007254e-01
1.153846153846153641e-08 9.996556733207465628e-01
1.163879598662207117e-08 9.996496611391313403e-01
1.173913043478260757e-08 9.996435969785657516e-01
1.183946488294314233e-08 9.996374808409778101e-01
1.193979933110367708e-08 9.996313127283114053e-01
1.204013377926421184e-08 9.996250926425270800e-01
1.214046822742474824e-08 9.996188205856018083e-01
1.224080267558528300e-08 9.996124965595297729e-01
1.234113712374581775e-08 9.996061205663206994e-01
1.244147157190635251e-08 9.995996926080010780e-01
1.254180602006688726e-08 9.995932126866143852e-01
1.264214046822742367e-08 9.995866808042197516e-01
1.274247491638795842e-08 9.995800969628934052e-01
1.284280936454849318e-08 9.995734611647282275e-01
1.294314381270902793e-08 9.995667734118331982e-01
1.304347826086956269e-08 9.995600337063341723e-01
1.314381270903009909e-08 9.995532420503722149e-01
1.324414715719063385e-08 9.995463984461070428e-01
1.334448160535116860e-08 9.995395028957133610e-01
1.344481605351170336e-08 9.995325554013823055e-01
1.354515050167223811e-08 9.995255559653224431e-01
1.364548494983277452e-08 9.995185045897581055e-01
1.374581939799330927e-08 9.995114012769298339e-01
1.384615384615384403e-08 9.995042460290961550e-01
1.394648829431437878e-08 9.994970388485300283e-01
1.404682274247491519e-08 9.994897797375223991e-01
1.414715719063544994e-08 9.994824686983801998e-01
1.424749163879598470e-08 9.994751057334269051e-01
1.434782608695651945e-08 9.994676908450020880e-01
1.444816053511705420e-08 9.994602240354620859e-01
1.454849498327759061e-08 9.994527053071803335e-01
1.464882943143812537e-08 9.994451346625450316e-01
1.474916387959866012e-08 9.994375121039633658e-01
1.484949832775919487e-08 9.994298376338571765e-01
1.494983277591973128e-08 9.994221112546644026e-01
1.505016722408026604e-08 9.994143329688408572e-01
1.515050167224080079e-08 9.994065027788582301e-01
1.525083612040133554e-08 9.993986206872046418e-01
1.535117056856187030e-08 9.993906866963844227e-01
1.545150501672240505e-08 9.993827008089186670e-01
1.555183946488293981e-08 9.993746630273454556e-01
1.565217391304347456e-08 9.993665733542183016e-01
1.575250836120401262e-08 9.993584317921073712e-01
1.585284280936454738e-08 9.993502383436002612e-01
1.595317725752508213e-08 9.993419930112997784e-01
1.605351170568561688e-08 9.993336957978259383e-01
1.615384615384615164e-08 9.993253467058149653e-01
1.625418060200668639e-08 9.993169457379198484e-01
1.635451505016722115e-08 9.993084928968088976e-01
1.645484949832775590e-08 9.992999881851691857e-01
1.655518394648829065e-08 9.992914316057012192e-01
1.665551839464882872e-08 9.992828231611246004e-01
1.675585284280936347e-08 9.992741628541735865e-01
1.685618729096989823e-08 9.992654506876007536e-01
1.695652173913043298e-08 9.992566866641721113e-01
1.705685618729096773e-08 9.992478707866733201e-01
1.715719063545150249e-08 9.992390030579049176e-01
1.725752508361203724e-08 9.992300834806835397e-01
1.735785953177257200e-08 9.992211120578433636e-01
1.745819397993310675e-08 9.992120887922339989e-01
1.755852842809364150e-08 9.992030136867221524e-01
1.765886287625417957e-08 9.991938867441905181e-01
1.775919732441471432e-08 9.991847079675388876e-01
1.785953177257524907e-08 9.991754773596823735e-01
1.795986622073578383e-08 9.991661949235535189e-01
1.806020066889631858e-08 9.991568606621012982e-01
1.816053511705685334e-08 9.991474745782897848e-01
1.826086956521738809e-08 9.991380366751015929e-01
1.836120401337792284e-08 9.991285469555332144e-01
1.846153846153845760e-08 9.991190054226002371e-01
1.856187290969899566e-08 9.991094120793326816e-01
1.866220735785953041e-08 9.990997669287777772e-01
1.876254180602006517e-08 9.990900699739992952e-01
1.886287625418059992e-08 9.990803212180768833e-01
1.896321070234113468e-08 9.990705206641070646e-01
1.906354515050166943e-08 9.990606683152025713e-01
1.916387959866220418e-08 9.990507641744925671e-01
1.926421404682273894e-08 9.990408082451229799e-01
1.936454849498327369e-08 9.990308005302552807e-01
1.946488294314380845e-08 9.990207410330681492e-01
1.956521739130434651e-08 9.990106297567562521e-01
1.966555183946488126e-08 9.990004667045307984e-01
1.976588628762541602e-08 9.989902518796195396e-01
1.986622073578595077e-08 9.989799852852664364e-01
1.996655518394648553e-08 9.989696669247313254e-01
2.006688963210702028e-08 9.989592968012918073e-01
2.016722408026755503e-08 9.989488749182406924e-01
2.026755852842808979e-08 9.989384012788875555e-01
2.036789297658862454e-08 9.989278758865580699e-01
2.046822742474916260e-08 9.989172987445948948e-01
2.056856187290969736e-08 9.989066698563564550e-01
2.066889632107023211e-08 9.988959892252182726e-01
2.076923076923076687e-08 9.988852568545713018e-01
2.086956521739130162e-08 9.988744727478238161e-01
2.096989966555183637e-08 9.988636369083998545e-01
2.107023411371237113e-08 9.988527493397401091e-01
2.117056856187290588e-08 9.988418100453012594e-01
2.127090301003344064e-08 9.988308190285568600e-01
2.137123745819397539e-08 9.988197762929964529e-01
2.147157190635451345e-08 9.988086818421263446e-01
2.157190635451504821e-08 9.987975356794689397e-01
2.167224080267558296e-08 9.987863378085628518e-01
2.177257525083611771e-08 9.987750882329635704e-01
2.187290969899665247e-08 9.987637869562424608e-01
2.197324414715718722e-08 9.987524339819870978e-01
2.207357859531772198e-08 9.987410293138018202e-01
2.217391304347825673e-08 9.987295729553075097e-01
2.227424749163879148e-08 9.987180649101413676e-01
2.237458193979932955e-08 9.987065051819558059e-01
2.247491638795986430e-08 9.986948937744213328e-01
2.257525083612039905e-08 9.986832306912230006e-01
2.267558528428093381e-08 9.986715159360639582e-01
2.277591973244146856e-08 9.986597495126627866e-01
2.287625418060200332e-08 9.986479314247539429e-01
2.297658862876253807e-08 9.986360616760889819e-01
2.307692307692307282e-08 9.986241402704358894e-01
2.317725752508360758e-08 9.986121672115784165e-01
2.327759197324414233e-08 9.986001425033171897e-01
2.337792642140468040e-08 9.985880661494682675e-01
2.347826086956521515e-08 9.985759381538652502e-01
2.357859531772574990e-08 9.985637585203575028e-01
2.367892976588628466e-08 9.985515272528101560e-01
2.377926421404681941e-08 9.985392443551055486e-01
2.387959866220735417e-08 9.985269098311420066e-01
2.397993311036788892e-08 9.985145236848339545e-01
2.408026755852842367e-08 9.985020859201124699e-01
2.418060200668895843e-08 9.984895965409243956e-01
2.428093645484949649e-08 9.984770555512335610e-01
2.438127090301003124e-08 9.984644629550200046e-01
2.448160535117056600e-08 9.984518187562800851e-01
2.458193979933110075e-08 9.984391229590253714e-01
2.468227424749163551e-08 9.984263755672854179e-01
2.478260869565217026e-08 9.984135765851048783e-01
2.488294314381270501e-08 9.984007260165453923e-01
2.498327759197323977e-08 9.983878238656842541e-01
2.508361204013377452e-08 9.983748701366159661e-01
2.518394648829430928e-08 9.983618648334502410e-01
2.528428093645484734e-08 9.983488079603141108e-01
2.538461538461538209e-08 9.983356995213501506e-01
2.548494983277591685e-08 9.983225395207172559e-01
2.558528428093645160e-08 9.983093279625909755e-01
2.568561872909698635e-08 9.982960648511629564e-01
2.578595317725752111e-08 9.982827501906412770e-01
2.588628762541805586e-08 9.982693839852501139e-01
2.598662207357859062e-08 9.982559662392299638e-01
2.608695652173912537e-08 9.982424969568376438e-01
2.618729096989966343e-08 9.982289761423458474e-01
2.628762541806019819e-08 9.982154038000442542e-01
2.638795986622073294e-08 9.982017799342385311e-01
2.648829431438126769e-08 9.981881045492501103e-01
2.658862876254180245e-08 9.981743776494171883e-01
2.668896321070233720e-08 9.981605992390941706e-01
2.678929765886287196e-08 9.981467693226521165e-01
2.688963210702340671e-08 9.981328879044770730e-01
2.698996655518394146e-08 9.981189549889726287e-01
2.709030100334447622e-08 9.981049705805578043e-01
2.719063545150501428e-08 9.980909346836687179e-01
2.729096989966554904e-08 9.980768473027565868e-01
2.739130434782608379e-08 9.980627084422902806e-01
2.749163879598661854e-08 9.980485181067534350e-01
2.759197324414715330e-08 9.980342763006466722e-01
2.769230769230768805e-08 9.980199830284869345e-01
2.779264214046822281e-08 9.980056382948074845e-01
2.789297658862875756e-08 9.979912421041572390e-01
2.799331103678929231e-08 9.979767944611018793e-01
2.809364548494983038e-08 9.979622953702225185e-01
2.819397993311036513e-08 9.979477448361180336e-01
2.829431438127089988e-08 9.979331428634022894e-01
2.839464882943143464e-08 9.979184894567051378e-01
2.849498327759196939e-08 9.979037846206735285e-01
2.859531772575250415e-08 9.978890283599700650e-01
2.869565217391303890e-08 9.978742206792740044e-01
2.879598662207357365e-08 9.978593615832804797e-01
2.889632107023410841e-08 9.978444510767007225e-01
2.899665551839464316e-08 9.978294891642626174e-01
2.909698996655518122e-08 9.978144758507093703e-01
2.919732441471571598e-08 9.977994111408016176e-01
2.929765886287625073e-08 9.977842950393153165e-01
2.939799331103678549e-08 9.977691275510429669e-01
2.949832775919732024e-08 9.977539086807929447e-01
2.959866220735785499e-08 9.977386384333903901e-01
2.969899665551838975e-08 9.977233168136757646e-01
2.979933110367892450e-08 9.977079438265061828e-01
2.989966555183946256e-08 9.976925194767554128e-01
2.999999999999999732e-08 9.976770437693127658e-01
