0.000000000000000000e+00 9.999999999999995559e-01
1.003344481605351029e-10 9.999999662750249652e-01
2.006688963210702059e-10 9.999998651001145156e-01
3.010033444816052959e-10 9.999996964753100626e-01
4.013377926421404118e-10 9.999994604006808840e-01
5.016722408026755277e-10 9.999991568763246796e-01
6.020066889632105918e-10 9.999987859023660164e-01
7.023411371237457594e-10 9.999983474789577720e-01
8.026755852842808236e-10 9.999978416062802467e-01
9.030100334448158877e-10 9.999972682845420513e-01
1.003344481605351055e-09 9.999966275139793304e-01
1.103678929765886223e-09 9.999959192948554287e-01
1.204013377926421184e-09 9.999951436274627792e-01
1.304347826086956351e-09 9.999943005121205708e-01
1.404682274247491519e-09 9.999933899491759703e-01
1.505016722408026480e-09 9.999924119390030119e-01
1.605351170568561647e-09 9.999913664820057058e-01
1.705685618729096815e-09 9.999902535786141522e-01
1.806020066889631775e-09 9.999890732292865403e-01
1.906354515050166943e-09 9.999878254345088147e-01
2.006688963210702111e-09 9.999865101947952306e-01
2.107023411371237278e-09 9.999851275106869108e-01
2.207357859531772446e-09 9.999836773827533998e-01
2.307692307692307200e-09 9.999821598115919974e-01
2.408026755852842367e-09 9.999805747978273152e-01
2.508361204013377535e-09 9.999789223421121642e-01
2.608695652173912702e-09 9.999772024451273333e-01
2.709030100334447870e-09 9.999754151075807007e-01
2.809364548494983038e-09 9.999735603302082332e-01
2.909698996655517792e-09 9.999716381137738752e-01
3.010033444816052959e-09 9.999696484590694379e-01
3.110367892976588127e-09 9.999675913669134886e-01
3.210702341137123294e-09 9.999654668381533495e-01
3.311036789297658462e-09 9.999632748736644317e-01
3.411371237458193629e-09 9.999610154743487911e-01
3.511705685618728797e-09 9.999586886411366837e-01
3.612040133779263551e-09 9.999562943749867872e-01
3.712374581939798719e-09 9.999538326768844243e-01
3.812709030100333886e-09 9.999513035478436729e-01
3.913043478260868640e-09 9.999487069889055890e-01
4.013377926421404221e-09 9.999460430011396506e-01
4.113712374581938975e-09 9.999433115856427579e-01
4.214046822742474556e-09 9.999405127435394558e-01
4.314381270903009310e-09 9.999376464759824890e-01
4.414715719063544892e-09 9.999347127841518024e-01
4.515050167224079646e-09 9.999317116692554297e-01
4.615384615384614399e-09 9.999286431325291602e-01
4.715719063545149981e-09 9.999255071752366497e-01
4.816053511705684735e-09 9.999223037986688656e-01
4.916387959866220316e-09 9.999190330041448638e-01
5.016722408026755070e-09 9.999156947930116779e-01
5.117056856187290651e-09 9.999122891666436530e-01
5.217391304347825405e-09 9.999088161264430008e-01
5.317725752508360159e-09 9.999052756738393555e-01
5.418060200668895740e-09 9.999016678102909950e-01
5.518394648829430494e-09 9.998979925372833977e-01
5.618729096989966075e-09 9.998942498563297976e-01
5.719063545150500829e-09 9.998904397689709622e-01
5.819397993311035583e-09 9.998865622767760808e-01
5.919732441471571164e-09 9.998826173813413210e-01
6.020066889632105918e-09 9.998786050842909390e-01
6.120401337792641499e-09 9.998745253872768357e-01
6.220735785953176253e-09 9.998703782919787786e-01
6.321070234113711835e-09 9.998661638001045127e-01
6.421404682274246589e-09 9.998618819133887614e-01
6.521739130434781343e-09 9.998575326335947810e-01
6.622073578595316924e-09 9.998531159625135833e-01
6.722408026755851678e-09 9.998486319019629365e-01
6.822742474916387259e-09 9.998440804537889193e-01
6.923076923076922013e-09 9.998394616198659213e-01
7.023411371237457594e-09 9.998347754020955325e-01
7.123745819397992348e-09 9.998300218024067654e-01
7.224080267558527102e-09 9.998252008227567211e-01
7.324414715719062683e-09 9.998203124651304785e-01
7.424749163879597437e-09 9.998153567315403167e-01
7.525083612040133018e-09 9.998103336240263816e-01
7.625418060200667772e-09 9.998052431446569077e-01
7.725752508361202526e-09 9.998000852955274409e-01
7.826086956521737280e-09 9.997948600787613938e-01
7.926421404682273689e-09 9.997895674965098234e-01
8.026755852842808442e-09 9.997842075509514315e-01
8.127090301003343196e-09 9.997787802442932303e-01
8.227424749163877950e-09 9.997732855787694328e-01
8.327759197324414359e-09 9.997677235566416742e-01
8.428093645484949113e-09 9.997620941801996786e-01
8.528428093645483867e-09 9.997563974517613694e-01
8.628762541806018621e-09 9.997506333736712048e-01
8.729096989966553375e-09 9.997448019483021753e-01
8.829431438127089783e-09 9.997389031780550273e-01
8.929765886287624537e-09 9.997329370653577074e-01
9.030100334448159291e-09 9.997269036126663622e-01
9.130434782608694045e-09 9.997208028224648935e-01
9.230769230769228799e-09 9.997146346972637376e-01
9.331103678929765207e-09 9.997083992396027519e-01
9.431438127090299961e-09 9.997020964520482167e-01
9.531772575250834715e-09 9.996957263371948343e-01
9.632107023411369469e-09 9.996892888976643965e-01
9.732441471571904223e-09 9.996827841361068945e-01
9.832775919732440632e-09 9.996762120551995201e-01
9.933110367892975386e-09 9.996695726576478869e-01
1.003344481605351014e-08 9.996628659461844757e-01
1.013377926421404489e-08 9.996560919235697451e-01
1.023411371237458130e-08 9.996492505925925753e-01
1.033444816053511606e-08 9.996423419560679369e-01
1.043478260869565081e-08 9.996353660168398880e-01
1.053511705685618556e-08 9.996283227777792435e-01
1.063545150501672032e-08 9.996212122417856838e-01
1.073578595317725673e-08 9.996140344117850907e-01
1.083612040133779148e-08 9.996067892907323227e-01
1.093645484949832623e-08 9.995994768816079956e-01
1.103678929765886099e-08 9.995920971874231453e-01
1.113712374581939574e-08 9.995846502112142318e-01
1.123745819397993215e-08 9.995771359560462477e-01
1.133779264214046690e-08 9.995695544250118303e-01
1.143812709030100166e-08 9.995619056212311504e-01
1.153846153846153641e-08 9.995541895478519123e-01
1.163879598662207117e-08 9.995464062080497980e-01
1.173913043478260757e-08 9.995385556050280229e-01
1.183946488294314233e-08 9.995306377420170030e-01
1.193979933110367708e-08 9.995226526222755759e-01
1.204013377926421184e-08 9.995146002490897796e-01
1.214046822742474824e-08 9.995064806257729639e-01
1.224080267558528300e-08 9.994982937556669000e-01
1.234113712374581775e-08 9.994900396421402267e-01
1.244147157190635251e-08 9.994817182885897822e-01
1.254180602006688726e-08 9.994733296984398274e-01
1.264214046822742367e-08 9.994648738751422679e-01
1.274247491638795842e-08 9.994563508221765424e-01
1.284280936454849318e-08 9.994477605430494016e-01
1.294314381270902793e-08 9.994391030412964616e-01
1.304347826086956269e-08 9.994303783204792069e-01
1.314381270903009909e-08 9.994215863841882097e-01
1.324414715719063385e-08 9.994127272360407988e-01
1.334448160535116860e-08 9.994038008796822803e-01
1.344481605351170336e-08 9.993948073187850500e-01
1.354515050167223811e-08 9.993857465570500365e-01
1.364548494983277452e-08 9.993766185982052574e-01
1.374581939799330927e-08 9.993674234460063754e-01
1.384615384615384403e-08 9.993581611042360313e-01
1.394648829431437878e-08 9.993488315767053987e-01
1.404682274247491519e-08 9.993394348672530736e-01
1.414715719063544994e-08 9.993299709797448527e-01
1.424749163879598470e-08 9.993204399180741770e-01
1.434782608695651945e-08 9.993108416861624654e-01
1.444816053511705420e-08 9.993011762879584481e-01
1.454849498327759061e-08 9.992914437274380557e-01
1.464882943143812537e-08 9.992816440086057517e-01
1.474916387959866012e-08 9.992717771354926448e-01
1.484949832775919487e-08 9.992618431121581546e-01
1.494983277591973128e-08 9.992518419426882348e-01
1.505016722408026604e-08 9.992417736311975940e-01
1.515050167224080079e-08 9.992316381818275861e-01
1.525083612040133554e-08 9.992214355987480978e-01
1.535117056856187030e-08 9.992111658861556611e-01
1.545150501672240505e-08 9.992008290482742305e-01
1.555183946488293981e-08 9.991904250893565154e-01
1.565217391304347456e-08 9.991799540136814262e-01
1.575250836120401262e-08 9.991694158255564062e-01
1.585284280936454738e-08 9.991588105293159883e-01
1.595317725752508213e-08 9.991481381293221276e-01
1.605351170568561688e-08 9.991373986299646459e-01
1.615384615384615164e-08 9.991265920356604546e-01
1.625418060200668639e-08 9.991157183508544426e-01
1.635451505016722115e-08 9.991047775800191433e-01
1.645484949832775590e-08 9.990937697276540685e-01
1.655518394648829065e-08 9.990826947982864858e-01
1.665551839464882872e-08 9.990715527964711962e-01
1.675585284280936347e-08 9.990603437267906450e-01
1.685618729096989823e-08 9.990490675938543674e-01
1.695652173913043298e-08 9.990377244022999870e-01
1.705685618729096773e-08 9.990263141567923277e-01
1.715719063545150249e-08 9.990148368620241914e-01
1.725752508361203724e-08 9.990032925227142480e-01
1.735785953177257200e-08 9.989916811436108102e-01
1.745819397993310675e-08 9.989800027294882812e-01
1.755852842809364150e-08 9.989682572851488196e-01
1.765886287625417957e-08 9.989564448154230059e-01
1.775919732441471432e-08 9.989445653251672885e-01
1.785953177257524907e-08 9.989326188192667599e-01
1.795986622073578383e-08 9.989206053026340459e-01
1.806020066889631858e-08 9.989085247802079737e-01
1.816053511705685334e-08 9.988963772569565691e-01
1.826086956521738809e-08 9.988841627378737265e-01
1.836120401337792284e-08 9.988718812279820947e-01
1.846153846153845760e-08 9.988595327323309681e-01
1.856187290969899566e-08 9.988471172559973965e-01
1.866220735785953041e-08 9.988346348040858524e-01
1.876254180602006517e-08 9.988220853817282308e-01
1.886287625418059992e-08 9.988094689940837378e-01
1.896321070234113468e-08 9.987967856463393357e-01
1.906354515050166943e-08 9.987840353437091867e-01
1.916387959866220418e-08 9.987712180914349869e-01
1.926421404682273894e-08 9.987583338947858547e-01
1.936454849498327369e-08 9.987453827590581090e-01
1.946488294314380845e-08 9.987323646895757134e-01
1.956521739130434651e-08 9.987192796916899429e-01
1.966555183946488126e-08 9.987061277707800500e-01
1.976588628762541602e-08 9.986929089322513775e-01
1.986622073578595077e-08 9.986796231815383562e-01
1.996655518394648553e-08 9.986662705241011739e-01
2.006688963210702028e-08 9.986528509654287733e-01
2.016722408026755503e-08 9.986393645110366313e-01
2.026755852842808979e-08 9.986258111664680914e-01
2.036789297658862454e-08 9.986121909372934757e-01
2.046822742474916260e-08 9.985985038291109728e-01
2.056856187290969736e-08 9.985847498475454165e-01
2.066889632107023211e-08 9.985709289982499515e-01
2.076923076923076687e-08 9.985570412869045898e-01
2.086956521739130162e-08 9.985430867192164328e-01
2.096989966555183637e-08 9.985290653009206707e-01
2.107023411371237113e-08 9.985149770377793610e-01
2.117056856187290588e-08 9.985008219355814285e-01
2.127090301003344064e-08 9.984866000001446640e-01
2.137123745819397539e-08 9.984723112373123932e-01
2.147157190635451345e-08 9.984579556529566968e-01
2.157190635451504821e-08 9.984435332529763008e-01
2.167224080267558296e-08 9.984290440432977976e-01
2.177257525083611771e-08 9.984144880298738700e-01
2.187290969899665247e-08 9.983998652186860667e-01
2.197324414715718722e-08 9.983851756157422486e-01
2.207357859531772198e-08 9.983704192270784761e-01
2.217391304347825673e-08 9.983555960587567890e-01
2.227424749163879148e-08 9.983407061168676488e-01
2.237458193979932955e-08 9.983257494075287175e-01
2.247491638795986430e-08 9.983107259368846353e-01
2.257525083612039905e-08 9.982956357111075762e-01
2.267558528428093381e-08 9.982804787363965815e-01
2.277591973244146856e-08 9.982652550189785590e-01
2.287625418060200332e-08 9.982499645651067288e-01
2.297658862876253807e-08 9.982346073810633991e-01
2.307692307692307282e-08 9.982191834731563018e-01
2.317725752508360758e-08 9.982036928477211468e-01
2.327759197324414233e-08 9.981881355111215104e-01
2.337792642140468040e-08 9.981725114697470591e-01
2.347826086956521515e-08 9.981568207300156592e-01
2.357859531772574990e-08 9.981410632983716003e-01
2.367892976588628466e-08 9.981252391812875935e-01
2.377926421404681941e-08 9.981093483852625514e-01
2.387959866220735417e-08 9.980933909168234752e-01
2.397993311036788892e-08 9.980773667825232343e-01
2.408026755852842367e-08 9.980612759889433416e-01
2.418060200668895843e-08 9.980451185426921779e-01
2.428093645484949649e-08 9.980288944504048798e-01
2.438127090301003124e-08 9.980126037187436738e-01
2.448160535117056600e-08 9.979962463543995410e-01
2.458193979933110075e-08 9.979798223640888866e-01
2.468227424749163551e-08 9.979633317545558713e-01
2.478260869565217026e-08 9.979467745325721895e-01
2.488294314381270501e-08 9.979301507049362918e-01
2.498327759197323977e-08 9.979134602784742736e-01
2.508361204013377452e-08 9.978967032600389864e-01
2.518394648829430928e-08 9.978798796565112594e-01
2.528428093645484734e-08 9.978629894747977902e-01
2.538461538461538209e-08 9.978460327218331427e-01
2.548494983277591685e-08 9.978290094045794145e-01
2.558528428093645160e-08 9.978119195300255706e-01
2.568561872909698635e-08 9.977947631051871102e-01
2.578595317725752111e-08 9.977775401371078434e-01
2.588628762541805586e-08 9.977602506328577814e-01
2.598662207357859062e-08 9.977428945995343579e-01
2.608695652173912537e-08 9.977254720442626512e-01
2.618729096989966343e-08 9.977079829741938299e-01
2.628762541806019819e-08 9.976904273965073733e-01
2.638795986622073294e-08 9.976728053184088507e-01
2.648829431438126769e-08 9.976551167471313653e-01
2.658862876254180245e-08 9.976373616899354424e-01
2.668896321070233720e-08 9.976195401541083640e-01
2.678929765886287196e-08 9.976016521469646126e-01
2.688963210702340671e-08 9.975836976758453156e-01
2.698996655518394146e-08 9.975656767481196896e-01
2.709030100334447622e-08 9.975475893711828190e-01
2.719063545150501428e-08 9.975294355524583212e-01
2.729096989966554904e-08 9.975112152993955705e-01
2.739130434782608379e-08 9.974929286194714750e-01
2.749163879598661854e-08 9.974745755201901432e-01
2.759197324414715330e-08 9.974561560090823287e-01
2.769230769230768805e-08 9.974376700937070961e-01
2.779264214046822281e-08 9.974191177816486009e-01
2.789297658862875756e-08 9.974004990805195314e-01
2.799331103678929231e-08 9.973818139979591102e-01
2.809364548494983038e-08 9.973630625416336493e-01
2.819397993311036513e-08 9.973442447192362170e-01
2.829431438127089988e-08 9.973253605384877485e-01
2.839464882943143464e-08 9.973064100071351579e-01
2.849498327759196939e-08 9.972873931329530039e-01
2.859531772575250415e-08 9.972683099237424909e-01
2.869565217391303890e-08 9.972491603873320232e-01
2.879598662207357365e-08 9.972299445315772060e-01
2.889632107023410841e-08 9.972106623643602896e-01
2.899665551839464316e-08 9.971913138935908361e-01
2.909698996655518122e-08 9.971718991272046084e-01
2.919732441471571598e-08 9.971524180731655695e-01
2.929765886287625073e-08 9.971328707394638835e-01
2.939799331103678549e-08 9.971132571341163597e-01
2.949832775919732024e-08 9.970935772651675633e-01
2.959866220735785499e-08 9.970738311406890375e-01
2.969899665551838975e-08 9.970540187687779721e-01
2.979933110367892450e-08 9.970341401575599782e-01
2.989966555183946256e-08 9.970141953151875347e-01
2.999999999999999732e-08 9.969941842498384332e-01
