0.000000000000000000e+00 9.999999999999995559e-01
1.003344481605351029e-10 9.999988222928805071e-01
2.006688963210702059e-10 9.999952891884584805e-01
3.010033444816052959e-10 9.999894007375411675e-01
4.013377926421404118e-10 9.999811570248056114e-01
5.016722408026755277e-10 9.999705581687965417e-01
6.020066889632105918e-10 9.999576043219242649e-01
7.023411371237457594e-10 9.999422956704604459e-01
8.026755852842808236e-10 9.999246324345335557e-01
9.030100334448158877e-10 9.999046148681238755e-01
1.003344481605351055e-09 9.998822432590563913e-01
1.103678929765886223e-09 9.998575179289947990e-01
1.204013377926421184e-09 9.998304392334339541e-01
1.304347826086956351e-09 9.998010075616895476e-01
1.404682274247491519e-09 9.997692233368905557e-01
1.505016722408026480e-09 9.997350870159681380e-01
1.605351170568561647e-09 9.996985990896443131e-01
1.705685618729096815e-09 9.996597600824205232e-01
1.806020066889631775e-09 9.996185705525648668e-01
1.906354515050166943e-09 9.995750310920977766e-01
2.006688963210702111e-09 9.995291423267793629e-01
2.107023411371237278e-09 9.994809049160924275e-01
2.207357859531772446e-09 9.994303195532271422e-01
2.307692307692307200e-09 9.993773869650645070e-01
2.408026755852842367e-09 9.993221079121581418e-01
2.508361204013377535e-09 9.992644831887176338e-01
2.608695652173912702e-09 9.992045136225859991e-01
2.709030100334447870e-09 9.991422000752220312e-01
2.809364548494983038e-09 9.990775434416795386e-01
2.909698996655517792e-09 9.990105446505841424e-01
3.010033444816052959e-09 9.989412046641117371e-01
3.110367892976588127e-09 9.988695244779657312e-01
3.210702341137123294e-09 9.987955051213508462e-01
3.311036789297658462e-09 9.987191476569503568e-01
3.411371237458193629e-09 9.986404531808991125e-01
3.511705685618728797e-09 9.985594228227574476e-01
3.612040133779263551e-09 9.984760577454843133e-01
3.712374581939798719e-09 9.983903591454068582e-01
3.812709030100333886e-09 9.983023282521945596e-01
3.913043478260868640e-09 9.982119663288273603e-01
4.013377926421404221e-09 9.981192746715652486e-01
4.113712374581938975e-09 9.980242546099182821e-01
4.214046822742474556e-09 9.979269075066119488e-01
4.314381270903009310e-09 9.978272347575565249e-01
4.414715719063544892e-09 9.977252377918121029e-01
4.515050167224079646e-09 9.976209180715542857e-01
4.615384615384614399e-09 9.975142770920386592e-01
4.715719063545149981e-09 9.974053163815638223e-01
4.816053511705684735e-09 9.972940375014366365e-01
4.916387959866220316e-09 9.971804420459320362e-01
5.016722408026755070e-09 9.970645316422556137e-01
5.117056856187290651e-09 9.969463079505042069e-01
5.217391304347825405e-09 9.968257726636251537e-01
5.317725752508360159e-09 9.967029275073768790e-01
5.418060200668895740e-09 9.965777742402845973e-01
5.518394648829430494e-09 9.964503146536003442e-01
5.618729096989966075e-09 9.963205505712582344e-01
5.719063545150500829e-09 9.961884838498304973e-01
5.819397993311035583e-09 9.960541163784831786e-01
5.919732441471571164e-09 9.959174500789300666e-01
6.020066889632105918e-09 9.957784869053856180e-01
6.120401337792641499e-09 9.956372288445192176e-01
6.220735785953176253e-09 9.954936779154066606e-01
6.321070234113711835e-09 9.953478361694803045e-01
6.421404682274246589e-09 9.951997056904806627e-01
6.521739130434781343e-09 9.950492885944057786e-01
6.622073578595316924e-09 9.948965870294607106e-01
6.722408026755851678e-09 9.947416031760041299e-01
6.822742474916387259e-09 9.945843392464973620e-01
6.923076923076922013e-09 9.944247974854504291e-01
7.023411371237457594e-09 9.942629801693674274e-01
7.123745819397992348e-09 9.940988896066920155e-01
7.224080267558527102e-09 9.939325281377521248e-01
7.324414715719062683e-09 9.937638981347030054e-01
7.424749163879597437e-09 9.935930020014699382e-01
7.525083612040133018e-09 9.934198421736909479e-01
7.625418060200667772e-09 9.932444211186576277e-01
7.725752508361202526e-09 9.930667413352555206e-01
7.826086956521737280e-09 9.928868053539046112e-01
7.926421404682273689e-09 9.927046157364978196e-01
8.026755852842808442e-09 9.925201750763391617e-01
8.127090301003343196e-09 9.923334859980823541e-01
8.227424749163877950e-09 9.921445511576666432e-01
8.327759197324414359e-09 9.919533732422528560e-01
8.428093645484949113e-09 9.917599549701594519e-01
8.528428093645483867e-09 9.915642990907969079e-01
8.628762541806018621e-09 9.913664083846013275e-01
8.729096989966553375e-09 9.911662856629683827e-01
8.829431438127089783e-09 9.909639337681837024e-01
8.929765886287624537e-09 9.907593555733577029e-01
9.030100334448159291e-09 9.905525539823538672e-01
9.130434782608694045e-09 9.903435319297202444e-01
9.230769230769228799e-09 9.901322923806192833e-01
9.331103678929765207e-09 9.899188383307551131e-01
9.431438127090299961e-09 9.897031728063041545e-01
9.531772575250834715e-09 9.894852988638400682e-01
9.632107023411369469e-09 9.892652195902609247e-01
9.732441471571904223e-09 9.890429381027169287e-01
9.832775919732440632e-09 9.888184575485341465e-01
9.933110367892975386e-09 9.885917811051390114e-01
1.003344481605351014e-08 9.883629119799822726e-01
1.013377926421404489e-08 9.881318534104631679e-01
1.023411371237458130e-08 9.878986086638505970e-01
1.033444816053511606e-08 9.876631810372059617e-01
1.043478260869565081e-08 9.874255738573032293e-01
1.053511705685618556e-08 9.871857904805505513e-01
1.063545150501672032e-08 9.869438342929087726e-01
1.073578595317725673e-08 9.866997087098107189e-01
1.083612040133779148e-08 9.864534171760804826e-01
1.093645484949832623e-08 9.862049631658494908e-01
1.103678929765886099e-08 9.859543501824759026e-01
1.113712374581939574e-08 9.857015817584576789e-01
1.123745819397993215e-08 9.854466614553510917e-01
1.133779264214046690e-08 9.851895928636842381e-01
1.143812709030100166e-08 9.849303796028718860e-01
1.153846153846153641e-08 9.846690253211287658e-01
1.163879598662207117e-08 9.844055336953827506e-01
1.173913043478260757e-08 9.841399084311875933e-01
1.183946488294314233e-08 9.838721532626329980e-01
1.193979933110367708e-08 9.836022719522584667e-01
1.204013377926421184e-08 9.833302682909613734e-01
1.214046822742474824e-08 9.830561460979068134e-01
1.224080267558528300e-08 9.827799092204377862e-01
1.234113712374581775e-08 9.825015615339838249e-01
1.244147157190635251e-08 9.822211069419667373e-01
1.254180602006688726e-08 9.819385493757104566e-01
1.264214046822742367e-08 9.816538927943453396e-01
1.274247491638795842e-08 9.813671411847154635e-01
1.284280936454849318e-08 9.810782985612839235e-01
1.294314381270902793e-08 9.807873689660364658e-01
1.304347826086956269e-08 9.804943564683864521e-01
1.314381270903009909e-08 9.801992651650780486e-01
1.324414715719063385e-08 9.799020991800890812e-01
1.334448160535116860e-08 9.796028626645328918e-01
1.344481605351170336e-08 9.793015597965610830e-01
1.354515050167223811e-08 9.789981947812622654e-01
1.364548494983277452e-08 9.786927718505655793e-01
1.374581939799330927e-08 9.783852952631374444e-01
1.384615384615384403e-08 9.780757693042831935e-01
1.394648829431437878e-08 9.777641982858438219e-01
1.404682274247491519e-08 9.774505865460955123e-01
1.414715719063544994e-08 9.771349384496461621e-01
1.424749163879598470e-08 9.768172583873324655e-01
1.434782608695651945e-08 9.764975507761161078e-01
1.444816053511705420e-08 9.761758200589799594e-01
1.454849498327759061e-08 9.758520707048226051e-01
1.464882943143812537e-08 9.755263072083536491e-01
1.474916387959866012e-08 9.751985340899869126e-01
1.484949832775919487e-08 9.748687558957340737e-01
1.494983277591973128e-08 9.745369771970985306e-01
1.505016722408026604e-08 9.742032025909656001e-01
1.515050167224080079e-08 9.738674366994973797e-01
1.525083612040133554e-08 9.735296841700201709e-01
1.535117056856187030e-08 9.731899496749190082e-01
1.545150501672240505e-08 9.728482379115255263e-01
1.555183946488293981e-08 9.725045536020076042e-01
1.565217391304347456e-08 9.721589014932595640e-01
1.575250836120401262e-08 9.718112863567892612e-01
1.585284280936454738e-08 9.714617129886077285e-01
1.595317725752508213e-08 9.711101862091158221e-01
1.605351170568561688e-08 9.707567108629906460e-01
1.615384615384615164e-08 9.704012918190731973e-01
1.625418060200668639e-08 9.700439339702529029e-01
1.635451505016722115e-08 9.696846422333548210e-01
1.645484949832775590e-08 9.693234215490228456e-01
1.655518394648829065e-08 9.689602768816054645e-01
1.665551839464882872e-08 9.685952132190388530e-01
1.675585284280936347e-08 9.682282355727306333e-01
1.685618729096989823e-08 9.678593489774420799e-01
1.695652173913043298e-08 9.674885584911724346e-01
1.705685618729096773e-08 9.671158691950388908e-01
1.715719063545150249e-08 9.667412861931586887e-01
1.725752508361203724e-08 9.663648146125314309e-01
1.735785953177257200e-08 9.659864596029171802e-01
1.745819397993310675e-08 9.656062263367186649e-01
1.755852842809364150e-08 9.652241200088591544e-01
1.765886287625417957e-08 9.648401458366636652e-01
1.775919732441471432e-08 9.644543090597356150e-01
1.785953177257524907e-08 9.640666149398365858e-01
1.795986622073578383e-08 9.636770687607628672e-01
1.806020066889631858e-08 9.632856758282229981e-01
1.816053511705685334e-08 9.628924414697159762e-01
1.826086956521738809e-08 9.624973710344065791e-01
1.836120401337792284e-08 9.621004698930004650e-01
1.846153846153845760e-08 9.617017434376216034e-01
1.856187290969899566e-08 9.613011970816872642e-01
1.866220735785953041e-08 9.608988362597805644e-01
1.876254180602006517e-08 9.604946664275280099e-01
1.886287625418059992e-08 9.600886930614702663e-01
1.896321070234113468e-08 9.596809216589379243e-01
1.906354515050166943e-08 9.592713577379232692e-01
1.916387959866220418e-08 9.588600068369539375e-01
1.926421404682273894e-08 9.584468745149643532e-01
1.936454849498327369e-08 9.580319663511680517e-01
1.946488294314380845e-08 9.576152879449282285e-01
1.956521739130434651e-08 9.571968449156309511e-01
1.966555183946488126e-08 9.567766429025534869e-01
1.976588628762541602e-08 9.563546875647362944e-01
1.986622073578595077e-08 9.559309845808519057e-01
1.996655518394648553e-08 9.555055396490753639e-01
2.006688963210702028e-08 9.550783584869522169e-01
2.016722408026755503e-08 9.546494468312693993e-01
2.026755852842808979e-08 9.542188104379217828e-01
2.036789297658862454e-08 9.537864550817812814e-01
2.046822742474916260e-08 9.533523865565634026e-01
2.056856187290969736e-08 9.529166106746970177e-01
2.066889632107023211e-08 9.524791332671890265e-01
2.076923076923076687e-08 9.520399601834930170e-01
2.086956521739130162e-08 9.515990972913735968e-01
2.096989966555183637e-08 9.511565504767752754e-01
2.107023411371237113e-08 9.507123256436849079e-01
2.117056856187290588e-08 9.502664287140002441e-01
2.127090301003344064e-08 9.498188656273924835e-01
2.137123745819397539e-08 9.493696423411729368e-01
2.147157190635451345e-08 9.489187648301562472e-01
2.157190635451504821e-08 9.484662390865260528e-01
2.167224080267558296e-08 9.480120711196963201e-01
2.177257525083611771e-08 9.475562669561781171e-01
2.187290969899665247e-08 9.470988326394399470e-01
2.197324414715718722e-08 9.466397742297726348e-01
2.207357859531772198e-08 9.461790978041515476e-01
2.217391304347825673e-08 9.457168094560985949e-01
2.227424749163879148e-08 9.452529152955451153e-01
2.237458193979932955e-08 9.447874214486925437e-01
2.247491638795986430e-08 9.443203340578754101e-01
2.257525083612039905e-08 9.438516592814218953e-01
2.267558528428093381e-08 9.433814032935150529e-01
2.277591973244146856e-08 9.429095722840532545e-01
2.287625418060200332e-08 9.424361724585116340e-01
2.297658862876253807e-08 9.419612100378016439e-01
2.307692307692307282e-08 9.414846912581312788e-01
2.317725752508360758e-08 9.410066223708651867e-01
2.327759197324414233e-08 9.405270096423838933e-01
2.337792642140468040e-08 9.400458593539436913e-01
2.347826086956521515e-08 9.395631778015348656e-01
2.357859531772574990e-08 9.390789712957412494e-01
2.367892976588628466e-08 9.385932461615992262e-01
2.377926421404681941e-08 9.381060087384556212e-01
2.387959866220735417e-08 9.376172653798264811e-01
2.397993311036788892e-08 9.371270224532540771e-01
2.408026755852842367e-08 9.366352863401665729e-01
2.418060200668895843e-08 9.361420634357338066e-01
2.428093645484949649e-08 9.356473601487254044e-01
2.438127090301003124e-08 9.351511829013694488e-01
2.448160535117056600e-08 9.346535381292071509e-01
2.458193979933110075e-08 9.341544322809521850e-01
2.468227424749163551e-08 9.336538718183448049e-01
2.478260869565217026e-08 9.331518632160109572e-01
2.488294314381270501e-08 9.326484129613179519e-01
2.498327759197323977e-08 9.321435275542294674e-01
2.508361204013377452e-08 9.316372135071625538e-01
2.518394648829430928e-08 9.311294773448444140e-01
2.528428093645484734e-08 9.306203256041662986e-01
2.538461538461538209e-08 9.301097648340410640e-01
2.548494983277591685e-08 9.295978015952564011e-01
2.558528428093645160e-08 9.290844424603339480e-01
2.568561872909698635e-08 9.285696940133797428e-01
2.578595317725752111e-08 9.280535628499428924e-01
2.588628762541805586e-08 9.275360555768688009e-01
2.598662207357859062e-08 9.270171788121556178e-01
2.608695652173912537e-08 9.264969391848066893e-01
2.618729096989966343e-08 9.259753433346867846e-01
2.628762541806019819e-08 9.254523979123769895e-01
2.638795986622073294e-08 9.249281095790277130e-01
2.648829431438126769e-08 9.244024850062135812e-01
2.658862876254180245e-08 9.238755308757886642e-01
2.668896321070233720e-08 9.233472538797381501e-01
2.678929765886287196e-08 9.228176607200357928e-01
2.688963210702340671e-08 9.222867581084949196e-01
2.698996655518394146e-08 9.217545527666232141e-01
2.709030100334447622e-08 9.212210514254783877e-01
2.719063545150501428e-08 9.206862608255178548e-01
2.729096989966554904e-08 9.201501877164577348e-01
2.739130434782608379e-08 9.196128388571213064e-01
2.749163879598661854e-08 9.190742210152959002e-01
2.759197324414715330e-08 9.185343409675856829e-01
2.769230769230768805e-08 9.179932054992641088e-01
2.779264214046822281e-08 9.174508214041285914e-01
2.789297658862875756e-08 9.169071954843539540e-01
2.799331103678929231e-08 9.163623345503446593e-01
2.809364548494983038e-08 9.158162454205883707e-01
2.819397993311036513e-08 9.152689349215104020e-01
2.829431438127089988e-08 9.147204098873261691e-01
2.839464882943143464e-08 9.141706771598943071e-01
2.849498327759196939e-08 9.136197435885700102e-01
2.859531772575250415e-08 9.130676160300590372e-01
2.869565217391303890e-08 9.125143013482698295e-01
2.879598662207357365e-08 9.119598064141671845e-01
2.889632107023410841e-08 9.114041381056264823e-01
2.899665551839464316e-08 9.108473033072850278e-01
2.909698996655518122e-08 9.102893089103969437e-01
2.919732441471571598e-08 9.097301618126861777e-01
2.929765886287625073e-08 9.091698689181987314e-01
2.939799331103678549e-08 9.086084371371571100e-01
2.949832775919732024e-08 9.080458733858135512e-01
2.959866220735785499e-08 9.074821845863032532e-01
2.969899665551838975e-08 9.069173776664976039e-01
2.979933110367892450e-08 9.063514595598585188e-01
2.989966555183946256e-08 9.057844372052898940e-01
2.999999999999999732e-08 9.052163175469943868e-01
