0.000000000000000000e+00 9.999999999999995559e-01
1.003344481605351029e-10 9.999985704296707745e-01
2.006688963210702059e-10 9.999942817436375808e-01
3.010033444816052959e-10 9.999871340167626466e-01
4.013377926421404118e-10 9.999771273738125021e-01
5.016722408026755277e-10 9.999642619894559825e-01
6.020066889632105918e-10 9.999485380882587870e-01
7.023411371237457594e-10 9.999299559446759300e-01
8.026755852842808236e-10 9.999085158830445241e-01
9.030100334448158877e-10 9.998842182775744547e-01
1.003344481605351055e-09 9.998570635523359451e-01
1.103678929765886223e-09 9.998270521812493428e-01
1.204013377926421184e-09 9.997941846880679106e-01
1.304347826086956351e-09 9.997584616463658369e-01
1.404682274247491519e-09 9.997198836795199162e-01
1.505016722408026480e-09 9.996784514606900096e-01
1.605351170568561647e-09 9.996341657128007263e-01
1.705685618729096815e-09 9.995870272085202179e-01
1.806020066889631775e-09 9.995370367702359760e-01
1.906354515050166943e-09 9.994841952700322940e-01
2.006688963210702111e-09 9.994285036296637337e-01
2.107023411371237278e-09 9.993699628205278129e-01
2.207357859531772446e-09 9.993085738636369175e-01
2.307692307692307200e-09 9.992443378295873257e-01
2.408026755852842367e-09 9.991772558385300096e-01
2.508361204013377535e-09 9.991073290601339973e-01
2.608695652173912702e-09 9.990345587135552874e-01
2.709030100334447870e-09 9.989589460673993226e-01
2.809364548494983038e-09 9.988804924396837981e-01
2.909698996655517792e-09 9.987991991978002471e-01
3.010033444816052959e-09 9.987150677584737402e-01
3.110367892976588127e-09 9.986280995877204747e-01
3.210702341137123294e-09 9.985382962008058083e-01
3.311036789297658462e-09 9.984456591621992949e-01
3.411371237458193629e-09 9.983501900855276112e-01
3.511705685618728797e-09 9.982518906335289266e-01
3.612040133779263551e-09 9.981507625180027210e-01
3.712374581939798719e-09 9.980468074997592698e-01
3.812709030100333886e-09 9.979400273885693506e-01
3.913043478260868640e-09 9.978304240431092875e-01
4.013377926421404221e-09 9.977179993709075490e-01
4.113712374581938975e-09 9.976027553282882376e-01
4.214046822742474556e-09 9.974846939203129148e-01
4.314381270903009310e-09 9.973638172007237568e-01
4.414715719063544892e-09 9.972401272718804943e-01
4.515050167224079646e-09 9.971136262847005716e-01
4.615384615384614399e-09 9.969843164385951972e-01
4.715719063545149981e-09 9.968521999814056178e-01
4.816053511705684735e-09 9.967172792093359490e-01
4.916387959866220316e-09 9.965795564668857853e-01
5.016722408026755070e-09 9.964390341467825873e-01
5.117056856187290651e-09 9.962957146899107386e-01
5.217391304347825405e-09 9.961496005852393809e-01
5.317725752508360159e-09 9.960006943697505832e-01
5.418060200668895740e-09 9.958489986283638462e-01
5.518394648829430494e-09 9.956945159938606071e-01
5.618729096989966075e-09 9.955372491468070795e-01
5.719063545150500829e-09 9.953772008154766482e-01
5.819397993311035583e-09 9.952143737757672692e-01
5.919732441471571164e-09 9.950487708511234208e-01
6.020066889632105918e-09 9.948803949124512824e-01
6.120401337792641499e-09 9.947092488780342467e-01
6.220735785953176253e-09 9.945353357134493200e-01
6.321070234113711835e-09 9.943586584314787480e-01
6.421404682274246589e-09 9.941792200920223088e-01
6.521739130434781343e-09 9.939970238020076065e-01
6.622073578595316924e-09 9.938120727152995881e-01
6.722408026755851678e-09 9.936243700326075068e-01
6.822742474916387259e-09 9.934339190013918852e-01
6.923076923076922013e-09 9.932407229157692585e-01
7.023411371237457594e-09 9.930447851164156958e-01
7.123745819397992348e-09 9.928461089904699888e-01
7.224080267558527102e-09 9.926446979714331764e-01
7.324414715719062683e-09 9.924405555390694023e-01
7.424749163879597437e-09 9.922336852193037737e-01
7.525083612040133018e-09 9.920240905841196666e-01
7.625418060200667772e-09 9.918117752514536978e-01
7.725752508361202526e-09 9.915967428850914756e-01
7.826086956521737280e-09 9.913789971945589086e-01
7.926421404682273689e-09 9.911585419350154025e-01
8.026755852842808442e-09 9.909353809071433927e-01
8.127090301003343196e-09 9.907095179570378773e-01
8.227424749163877950e-09 9.904809569760942844e-01
8.327759197324414359e-09 9.902497019008953405e-01
8.428093645484949113e-09 9.900157567130957181e-01
8.528428093645483867e-09 9.897791254393060179e-01
8.628762541806018621e-09 9.895398121509758615e-01
8.729096989966553375e-09 9.892978209642764309e-01
8.829431438127089783e-09 9.890531560399770106e-01
8.929765886287624537e-09 9.888058215833288589e-01
9.030100334448159291e-09 9.885558218439387534e-01
9.130434782608694045e-09 9.883031611156479768e-01
9.230769230769228799e-09 9.880478437364058619e-01
9.331103678929765207e-09 9.877898740881440043e-01
9.431438127090299961e-09 9.875292565966505842e-01
9.531772575250834715e-09 9.872659957314386947e-01
9.632107023411369469e-09 9.870000960056201089e-01
9.732441471571904223e-09 9.867315619757709433e-01
9.832775919732440632e-09 9.864603982418018724e-01
9.933110367892975386e-09 9.861866094468227928e-01
1.003344481605351014e-08 9.859102002770099293e-01
1.013377926421404489e-08 9.856311754614690557e-01
1.023411371237458130e-08 9.853495397720978266e-01
1.033444816053511606e-08 9.850652980234492206e-01
1.043478260869565081e-08 9.847784550725896535e-01
1.053511705685618556e-08 9.844890158189610885e-01
1.063545150501672032e-08 9.841969852042365963e-01
1.073578595317725673e-08 9.839023682121799119e-01
1.083612040133779148e-08 9.836051698684987743e-01
1.093645484949832623e-08 9.833053952407018183e-01
1.103678929765886099e-08 9.830030494379505823e-01
1.113712374581939574e-08 9.826981376109126254e-01
1.123745819397993215e-08 9.823906649516122025e-01
1.133779264214046690e-08 9.820806366932813836e-01
1.143812709030100166e-08 9.817680581102082860e-01
1.153846153846153641e-08 9.814529345175839747e-01
1.163879598662207117e-08 9.811352712713516944e-01
1.173913043478260757e-08 9.808150737680498832e-01
1.183946488294314233e-08 9.804923474446582965e-01
1.193979933110367708e-08 9.801670977784405769e-01
1.204013377926421184e-08 9.798393302867872690e-01
1.214046822742474824e-08 9.795090505270561687e-01
1.224080267558528300e-08 9.791762640964126740e-01
1.234113712374581775e-08 9.788409766316701344e-01
1.244147157190635251e-08 9.785031938091252046e-01
1.254180602006688726e-08 9.781629213443974180e-01
1.264214046822742367e-08 9.778201649922633187e-01
1.274247491638795842e-08 9.774749305464918159e-01
1.284280936454849318e-08 9.771272238396778720e-01
1.294314381270902793e-08 9.767770507430757476e-01
1.304347826086956269e-08 9.764244171664292482e-01
1.314381270903009909e-08 9.760693290578040804e-01
1.324414715719063385e-08 9.757117924034157674e-01
1.334448160535116860e-08 9.753518132274600072e-01
1.344481605351170336e-08 9.749893975919391442e-01
1.354515050167223811e-08 9.746245515964881978e-01
1.364548494983277452e-08 9.742572813782025554e-01
1.374581939799330927e-08 9.738875931114604478e-01
1.384615384615384403e-08 9.735154930077472013e-01
1.394648829431437878e-08 9.731409873154787116e-01
1.404682274247491519e-08 9.727640823198221431e-01
1.414715719063544994e-08 9.723847843425168502e-01
1.424749163879598470e-08 9.720030997416944096e-01
1.434782608695651945e-08 9.716190349116975433e-01
1.444816053511705420e-08 9.712325962828973758e-01
1.454849498327759061e-08 9.708437903215109133e-01
1.464882943143812537e-08 9.704526235294166359e-01
1.474916387959866012e-08 9.700591024439703114e-01
1.484949832775919487e-08 9.696632336378182559e-01
1.494983277591973128e-08 9.692650237187111495e-01
1.505016722408026604e-08 9.688644793293165192e-01
1.515050167224080079e-08 9.684616071470296683e-01
1.525083612040133554e-08 9.680564138837846055e-01
1.535117056856187030e-08 9.676489062858641965e-01
1.545150501672240505e-08 9.672390911337077624e-01
1.555183946488293981e-08 9.668269752417207874e-01
1.565217391304347456e-08 9.664125654580806302e-01
1.575250836120401262e-08 9.659958686645432335e-01
1.585284280936454738e-08 9.655768917762487247e-01
1.595317725752508213e-08 9.651556417415263489e-01
1.605351170568561688e-08 9.647321255416969610e-01
1.615384615384615164e-08 9.643063501908779589e-01
1.625418060200668639e-08 9.638783227357831107e-01
1.635451505016722115e-08 9.634480502555258230e-01
1.645484949832775590e-08 9.630155398614186346e-01
1.655518394648829065e-08 9.625807986967741536e-01
1.665551839464882872e-08 9.621438339367018866e-01
1.675585284280936347e-08 9.617046527879090645e-01
1.685618729096989823e-08 9.612632624884951404e-01
1.695652173913043298e-08 9.608196703077519496e-01
1.705685618729096773e-08 9.603738835459566525e-01
1.715719063545150249e-08 9.599259095341678982e-01
1.725752508361203724e-08 9.594757556340210991e-01
1.735785953177257200e-08 9.590234292375214853e-01
1.745819397993310675e-08 9.585689377668360489e-01
1.755852842809364150e-08 9.581122886740875977e-01
1.765886287625417957e-08 9.576534894411459220e-01
1.775919732441471432e-08 9.571925475794182958e-01
1.785953177257524907e-08 9.567294706296386453e-01
1.795986622073578383e-08 9.562642661616596040e-01
1.806020066889631858e-08 9.557969417742389062e-01
1.816053511705685334e-08 9.553275050948293323e-01
1.826086956521738809e-08 9.548559637793648802e-01
1.836120401337792284e-08 9.543823255120481575e-01
1.846153846153845760e-08 9.539065980051375515e-01
1.856187290969899566e-08 9.534287889987312914e-01
1.866220735785953041e-08 9.529489062605521754e-01
1.876254180602006517e-08 9.524669575857354076e-01
1.886287625418059992e-08 9.519829507966071080e-01
1.896321070234113468e-08 9.514968937424712614e-01
1.906354515050166943e-08 9.510087942993913357e-01
1.916387959866220418e-08 9.505186603699717907e-01
1.926421404682273894e-08 9.500264998831394747e-01
1.936454849498327369e-08 9.495323207939251331e-01
1.946488294314380845e-08 9.490361310832428066e-01
1.956521739130434651e-08 9.485379387576701182e-01
1.966555183946488126e-08 9.480377518492273392e-01
1.976588628762541602e-08 9.475355784151557881e-01
1.986622073578595077e-08 9.470314265376961194e-01
1.996655518394648553e-08 9.465253043238659458e-01
2.006688963210702028e-08 9.460172199052370168e-01
2.016722408026755503e-08 9.455071814377107309e-01
2.026755852842808979e-08 9.449951971012960916e-01
2.036789297658862454e-08 9.444812750998839990e-01
2.046822742474916260e-08 9.439654236610224292e-01
2.056856187290969736e-08 9.434476510356909484e-01
2.066889632107023211e-08 9.429279654980755598e-01
2.076923076923076687e-08 9.424063753453426617e-01
2.086956521739130162e-08 9.418828888974103419e-01
2.096989966555183637e-08 9.413575144967237796e-01
2.107023411371237113e-08 9.408302605080258729e-01
2.117056856187290588e-08 9.403011353181297549e-01
2.127090301003344064e-08 9.397701473356910862e-01
2.137123745819397539e-08 9.392373049909777949e-01
2.147157190635451345e-08 9.387026167356421480e-01
2.157190635451504821e-08 9.381660910424902688e-01
2.167224080267558296e-08 9.376277364052532093e-01
2.177257525083611771e-08 9.370875613383544689e-01
2.187290969899665247e-08 9.365455743766821772e-01
2.197324414715718722e-08 9.360017840753561691e-01
2.207357859531772198e-08 9.354561990094965029e-01
2.217391304347825673e-08 9.349088277739925346e-01
2.227424749163879148e-08 9.343596789832699923e-01
2.237458193979932955e-08 9.338087612710606056e-01
2.247491638795986430e-08 9.332560832901652947e-01
2.257525083612039905e-08 9.327016537122259088e-01
2.267558528428093381e-08 9.321454812274889701e-01
2.277591973244146856e-08 9.315875745445725276e-01
2.287625418060200332e-08 9.310279423902334539e-01
2.297658862876253807e-08 9.304665935091313012e-01
2.307692307692307282e-08 9.299035366635962641e-01
2.317725752508360758e-08 9.293387806333927026e-01
2.327759197324414233e-08 9.287723342154846629e-01
2.337792642140468040e-08 9.282042062238020641e-01
2.347826086956521515e-08 9.276344054890031110e-01
2.357859531772574990e-08 9.270629408582405917e-01
2.367892976588628466e-08 9.264898211949254003e-01
2.377926421404681941e-08 9.259150553784907256e-01
2.387959866220735417e-08 9.253386523041545741e-01
2.397993311036788892e-08 9.247606208826865126e-01
2.408026755852842367e-08 9.241809700401677485e-01
2.418060200668895843e-08 9.235997087177567622e-01
2.428093645484949649e-08 9.230168458714512747e-01
2.438127090301003124e-08 9.224323904718514378e-01
2.448160535117056600e-08 9.218463515039234668e-01
2.458193979933110075e-08 9.212587379667611653e-01
2.468227424749163551e-08 9.206695588733495583e-01
2.478260869565217026e-08 9.200788232503266384e-01
2.488294314381270501e-08 9.194865401377465552e-01
2.498327759197323977e-08 9.188927185888413618e-01
2.508361204013377452e-08 9.182973676697824272e-01
2.518394648829430928e-08 9.177004964594448477e-01
2.528428093645484734e-08 9.171021140491668611e-01
2.538461538461538209e-08 9.165022295425135912e-01
2.548494983277591685e-08 9.159008520550380172e-01
2.558528428093645160e-08 9.152979907140442739e-01
2.568561872909698635e-08 9.146936546583468441e-01
2.578595317725752111e-08 9.140878530380351918e-01
2.588628762541805586e-08 9.134805950142340647e-01
2.598662207357859062e-08 9.128718897588647962e-01
2.608695652173912537e-08 9.122617464544088284e-01
2.618729096989966343e-08 9.116501742936681252e-01
2.628762541806019819e-08 9.110371824795266971e-01
2.638795986622073294e-08 9.104227802247135681e-01
2.648829431438126769e-08 9.098069767515635231e-01
2.658862876254180245e-08 9.091897812917801858e-01
2.668896321070233720e-08 9.085712030861965438e-01
2.678929765886287196e-08 9.079512513845374722e-01
2.688963210702340671e-08 9.073299354451823673e-01
2.698996655518394146e-08 9.067072645349261162e-01
2.709030100334447622e-08 9.060832479287420638e-01
2.719063545150501428e-08 9.054578949095440921e-01
2.729096989966554904e-08 9.048312147679486994e-01
2.739130434782608379e-08 9.042032168020378569e-01
2.749163879598661854e-08 9.035739103171215314e-01
2.759197324414715330e-08 9.029433046254994322e-01
2.769230769230768805e-08 9.023114090462255321e-01
2.779264214046822281e-08 9.016782329048695921e-01
2.789297658862875756e-08 9.010437855332804613e-01
2.799331103678929231e-08 9.004080762693499329e-01
2.809364548494983038e-08 8.997711144567757113e-01
2.819397993311036513e-08 8.991329094448251569e-01
2.829431438127089988e-08 8.984934705880983641e-01
2.839464882943143464e-08 8.978528072462934606e-01
2.849498327759196939e-08 8.972109287839690195e-01
2.859531772575250415e-08 8.965678445703098021e-01
2.869565217391303890e-08 8.959235639788908356e-01
2.879598662207357365e-08 8.952780963874413800e-01
2.889632107023410841e-08 8.946314511776108924e-01
2.899665551839464316e-08 8.939836377347346597e-01
2.909698996655518122e-08 8.933346654475969872e-01
2.919732441471571598e-08 8.926845437081996071e-01
2.929765886287625073e-08 8.920332819115260881e-01
2.939799331103678549e-08 8.913808894553081341e-01
2.949832775919732024e-08 8.907273757397922154e-01
2.959866220735785499e-08 8.900727501675069764e-01
2.969899665551838975e-08 8.894170221430293122e-01
2.979933110367892450e-08 8.887602010727516655e-01
2.989966555183946256e-08 8.881022963646509893e-01
2.999999999999999732e-08 8.874433174280553782e-01
