0.000000000000000000e+00 9.999999999999995559e-01
1.003344481605351029e-10 9.999999928450769016e-01
2.006688963210702059e-10 9.999999713803092716e-01
3.010033444816052959e-10 9.999999356056983313e-01
4.013377926421404118e-10 9.999998855212474114e-01
5.016722408026755277e-10 9.999998211269611748e-01
6.020066889632105918e-10 9.999997424228446175e-01
7.023411371237457594e-10 9.999996494089050669e-01
8.026755852842808236e-10 9.999995420851506278e-01
9.030100334448158877e-10 9.999994204515906260e-01
1.003344481605351055e-09 9.999992845082359416e-01
1.103678929765886223e-09 9.999991342550977880e-01
1.204013377926421184e-09 9.999989696921895987e-01
1.304347826086956351e-09 9.999987908195264730e-01
1.404682274247491519e-09 9.999985976371226215e-01
1.505016722408026480e-09 9.999983901449960300e-01
1.605351170568561647e-09 9.999981683431643509e-01
1.705685618729096815e-09 9.999979322316473462e-01
1.806020066889631775e-09 9.999976818104652221e-01
1.906354515050166943e-09 9.999974170796399608e-01
2.006688963210702111e-09 9.999971380391952103e-01
2.107023411371237278e-09 9.999968446891543961e-01
2.207357859531772446e-09 9.999965370295438305e-01
2.307692307692307200e-09 9.999962150603902700e-01
2.408026755852842367e-09 9.999958787817218031e-01
2.508361204013377535e-09 9.999955281935676288e-01
2.608695652173912702e-09 9.999951632959588332e-01
2.709030100334447870e-09 9.999947840889266137e-01
2.809364548494983038e-09 9.999943905725048321e-01
2.909698996655517792e-09 9.999939827467274611e-01
3.010033444816052959e-09 9.999935606116300280e-01
3.110367892976588127e-09 9.999931241672496141e-01
3.210702341137123294e-09 9.999926734136245221e-01
3.311036789297658462e-09 9.999922083507938320e-01
3.411371237458193629e-09 9.999917289787980668e-01
3.511705685618728797e-09 9.999912352976794150e-01
3.612040133779263551e-09 9.999907273074810643e-01
3.712374581939798719e-09 9.999902050082469795e-01
3.812709030100333886e-09 9.999896684000232350e-01
3.913043478260868640e-09 9.999891174828563489e-01
4.013377926421404221e-09 9.999885522567949492e-01
4.113712374581938975e-09 9.999879727218874415e-01
4.214046822742474556e-09 9.999873788781857842e-01
4.314381270903009310e-09 9.999867707257407146e-01
4.414715719063544892e-09 9.999861482646059674e-01
4.515050167224079646e-09 9.999855114948359436e-01
4.615384615384614399e-09 9.999848604164861543e-01
4.715719063545149981e-09 9.999841950296128879e-01
4.816053511705684735e-09 9.999835153342752081e-01
4.916387959866220316e-09 9.999828213305319569e-01
5.016722408026755070e-09 9.999821130184439744e-01
5.117056856187290651e-09 9.999813903980732110e-01
5.217391304347825405e-09 9.999806534694826166e-01
5.317725752508360159e-09 9.999799022327363618e-01
5.418060200668895740e-09 9.999791366879005050e-01
5.518394648829430494e-09 9.999783568350418816e-01
5.618729096989966075e-09 9.999775626742285484e-01
5.719063545150500829e-09 9.999767542055297831e-01
5.819397993311035583e-09 9.999759314290159740e-01
5.919732441471571164e-09 9.999750943447593965e-01
6.020066889632105918e-09 9.999742429528332144e-01
6.120401337792641499e-09 9.999733772533114795e-01
6.220735785953176253e-09 9.999724972462703532e-01
6.321070234113711835e-09 9.999716029317859967e-01
6.421404682274246589e-09 9.999706943099370138e-01
6.521739130434781343e-09 9.999697713808026744e-01
6.622073578595316924e-09 9.999688341444636919e-01
6.722408026755851678e-09 9.999678826010017785e-01
6.822742474916387259e-09 9.999669167505000900e-01
6.923076923076922013e-09 9.999659365930433363e-01
7.023411371237457594e-09 9.999649421287167828e-01
7.123745819397992348e-09 9.999639333576074707e-01
7.224080267558527102e-09 9.999629102798032187e-01
7.324414715719062683e-09 9.999618728953939550e-01
7.424749163879597437e-09 9.999608212044697186e-01
7.525083612040133018e-09 9.999597552071224360e-01
7.625418060200667772e-09 9.999586749034456989e-01
7.725752508361202526e-09 9.999575802935337654e-01
7.826086956521737280e-09 9.999564713774818925e-01
7.926421404682273689e-09 9.999553481553871137e-01
8.026755852842808442e-09 9.999542106273480169e-01
8.127090301003343196e-09 9.999530587934634118e-01
8.227424749163877950e-09 9.999518926538341068e-01
8.327759197324414359e-09 9.999507122085619093e-01
8.428093645484949113e-09 9.999495174577501810e-01
8.528428093645483867e-09 9.999483084015032830e-01
8.628762541806018621e-09 9.999470850399260202e-01
8.729096989966553375e-09 9.999458473731261954e-01
8.829431438127089783e-09 9.999445954012118332e-01
8.929765886287624537e-09 9.999433291242919575e-01
9.030100334448159291e-09 9.999420485424772576e-01
9.130434782608694045e-09 9.999407536558797549e-01
9.230769230769228799e-09 9.999394444646125812e-01
9.331103678929765207e-09 9.999381209687900895e-01
9.431438127090299961e-09 9.999367831685278540e-01
9.531772575250834715e-09 9.999354310639424481e-01
9.632107023411369469e-09 9.999340646551526657e-01
9.732441471571904223e-09 9.999326839422770785e-01
9.832775919732440632e-09 9.999312889254370340e-01
9.933110367892975386e-09 9.999298796047537685e-01
1.003344481605351014e-08 9.999284559803507388e-01
1.013377926421404489e-08 9.999270180523525120e-01
1.023411371237458130e-08 9.999255658208843212e-01
1.033444816053511606e-08 9.999240992860728428e-01
1.043478260869565081e-08 9.999226184480466406e-01
1.053511705685618556e-08 9.999211233069352778e-01
1.063545150501672032e-08 9.999196138628685393e-01
1.073578595317725673e-08 9.999180901159789858e-01
1.083612040133779148e-08 9.999165520663996221e-01
1.093645484949832623e-08 9.999149997142643409e-01
1.103678929765886099e-08 9.999134330597094777e-01
1.113712374581939574e-08 9.999118521028711459e-01
1.123745819397993215e-08 9.999102568438879013e-01
1.133779264214046690e-08 9.999086472828988548e-01
1.143812709030100166e-08 9.999070234200450047e-01
1.153846153846153641e-08 9.999053852554676824e-01
1.163879598662207117e-08 9.999037327893103289e-01
1.173913043478260757e-08 9.999020660217173839e-01
1.183946488294314233e-08 9.999003849528341759e-01
1.193979933110367708e-08 9.998986895828073651e-01
1.204013377926421184e-08 9.998969799117856105e-01
1.214046822742474824e-08 9.998952559399177931e-01
1.224080267558528300e-08 9.998935176673550140e-01
1.234113712374581775e-08 9.998917650942485968e-01
1.244147157190635251e-08 9.998899982207515302e-01
1.254180602006688726e-08 9.998882170470188013e-01
1.264214046822742367e-08 9.998864215732056193e-01
1.274247491638795842e-08 9.998846117994688587e-01
1.284280936454849318e-08 9.998827877259665042e-01
1.294314381270902793e-08 9.998809493528578729e-01
1.304347826086956269e-08 9.998790966803039471e-01
1.314381270903009909e-08 9.998772297084660421e-01
1.324414715719063385e-08 9.998753484375073608e-01
1.334448160535116860e-08 9.998734528675923272e-01
1.344481605351170336e-08 9.998715429988866976e-01
1.354515050167223811e-08 9.998696188315570055e-01
1.364548494983277452e-08 9.998676803657715606e-01
1.374581939799330927e-08 9.998657276016994500e-01
1.384615384615384403e-08 9.998637605395113148e-01
1.394648829431437878e-08 9.998617791793791287e-01
1.404682274247491519e-08 9.998597835214758645e-01
1.414715719063544994e-08 9.998577735659758270e-01
1.424749163879598470e-08 9.998557493130544316e-01
1.434782608695651945e-08 9.998537107628890919e-01
1.444816053511705420e-08 9.998516579156568884e-01
1.454849498327759061e-08 9.998495907715377884e-01
1.464882943143812537e-08 9.998475093307122030e-01
1.474916387959866012e-08 9.998454135933619868e-01
1.484949832775919487e-08 9.998433035596703267e-01
1.494983277591973128e-08 9.998411792298212974e-01
1.505016722408026604e-08 9.998390406040003064e-01
1.515050167224080079e-08 9.998368876823946483e-01
1.525083612040133554e-08 9.998347204651919506e-01
1.535117056856187030e-08 9.998325389525816176e-01
1.545150501672240505e-08 9.998303431447543854e-01
1.555183946488293981e-08 9.998281330419016566e-01
1.565217391304347456e-08 9.998259086442168320e-01
1.575250836120401262e-08 9.998236699518939785e-01
1.585284280936454738e-08 9.998214169651289396e-01
1.595317725752508213e-08 9.998191496841180026e-01
1.605351170568561688e-08 9.998168681090596754e-01
1.615384615384615164e-08 9.998145722401530211e-01
1.625418060200668639e-08 9.998122620775982128e-01
1.635451505016722115e-08 9.998099376215976442e-01
1.645484949832775590e-08 9.998075988723541530e-01
1.655518394648829065e-08 9.998052458300721312e-01
1.665551839464882872e-08 9.998028784949565262e-01
1.675585284280936347e-08 9.998004968672145054e-01
1.685618729096989823e-08 9.997981009470541247e-01
1.695652173913043298e-08 9.997956907346846611e-01
1.705685618729096773e-08 9.997932662303163909e-01
1.715719063545150249e-08 9.997908274341614776e-01
1.725752508361203724e-08 9.997883743464326400e-01
1.735785953177257200e-08 9.997859069673441512e-01
1.745819397993310675e-08 9.997834252971111724e-01
1.755852842809364150e-08 9.997809293359511962e-01
1.765886287625417957e-08 9.997784190840816043e-01
1.775919732441471432e-08 9.997758945417218879e-01
1.785953177257524907e-08 9.997733557090920931e-01
1.795986622073578383e-08 9.997708025864149306e-01
1.806020066889631858e-08 9.997682351739127782e-01
1.816053511705685334e-08 9.997656534718099008e-01
1.826086956521738809e-08 9.997630574803313408e-01
1.836120401337792284e-08 9.997604471997046938e-01
1.846153846153845760e-08 9.997578226301574444e-01
1.856187290969899566e-08 9.997551837719186318e-01
1.866220735785953041e-08 9.997525306252186272e-01
1.876254180602006517e-08 9.997498631902901334e-01
1.886287625418059992e-08 9.997471814673650758e-01
1.896321070234113468e-08 9.997444854566780448e-01
1.906354515050166943e-08 9.997417751584646295e-01
1.916387959866220418e-08 9.997390505729613075e-01
1.926421404682273894e-08 9.997363117004061106e-01
1.936454849498327369e-08 9.997335585410381809e-01
1.946488294314380845e-08 9.997307910950978815e-01
1.956521739130434651e-08 9.997280093628271302e-01
1.966555183946488126e-08 9.997252133444686217e-01
1.976588628762541602e-08 9.997224030402668271e-01
1.986622073578595077e-08 9.997195784504671057e-01
1.996655518394648553e-08 9.997167395753155938e-01
2.006688963210702028e-08 9.997138864150608706e-01
2.016722408026755503e-08 9.997110189699518479e-01
2.026755852842808979e-08 9.997081372402389920e-01
2.036789297658862454e-08 9.997052412261741017e-01
2.046822742474916260e-08 9.997023309280094194e-01
2.056856187290969736e-08 9.996994063460002966e-01
2.066889632107023211e-08 9.996964674804008633e-01
2.076923076923076687e-08 9.996935143314685801e-01
2.086956521739130162e-08 9.996905468994610189e-01
2.096989966555183637e-08 9.996875651846375277e-01
2.107023411371237113e-08 9.996845691872583428e-01
2.117056856187290588e-08 9.996815589075852548e-01
2.127090301003344064e-08 9.996785343458803874e-01
2.137123745819397539e-08 9.996754955024090838e-01
2.147157190635451345e-08 9.996724423774355772e-01
2.157190635451504821e-08 9.996693749712273203e-01
2.167224080267558296e-08 9.996662932840519877e-01
2.177257525083611771e-08 9.996631973161783646e-01
2.187290969899665247e-08 9.996600870678772344e-01
2.197324414715718722e-08 9.996569625394197134e-01
2.207357859531772198e-08 9.996538237310786945e-01
2.217391304347825673e-08 9.996506706431287359e-01
2.227424749163879148e-08 9.996475032758449508e-01
2.237458193979932955e-08 9.996443216295038958e-01
2.247491638795986430e-08 9.996411257043831267e-01
2.257525083612039905e-08 9.996379155007621975e-01
2.267558528428093381e-08 9.996346910189208845e-01
2.277591973244146856e-08 9.996314522591415175e-01
2.287625418060200332e-08 9.996281992217058709e-01
2.297658862876253807e-08 9.996249319068988282e-01
2.307692307692307282e-08 9.996216503150054944e-01
2.317725752508360758e-08 9.996183544463124182e-01
2.327759197324414233e-08 9.996150443011072584e-01
2.337792642140468040e-08 9.996117198796790060e-01
2.347826086956521515e-08 9.996083811823183174e-01
2.357859531772574990e-08 9.996050282093160710e-01
2.367892976588628466e-08 9.996016609609654768e-01
2.377926421404681941e-08 9.995982794375607439e-01
2.387959866220735417e-08 9.995948836393966364e-01
2.397993311036788892e-08 9.995914735667703610e-01
2.408026755852842367e-08 9.995880492199789025e-01
2.418060200668895843e-08 9.995846105993212438e-01
2.428093645484949649e-08 9.995811577050982555e-01
2.438127090301003124e-08 9.995776905376112520e-01
2.448160535117056600e-08 9.995742090971628802e-01
2.458193979933110075e-08 9.995707133840567860e-01
2.468227424749163551e-08 9.995672033985985028e-01
2.478260869565217026e-08 9.995636791410946742e-01
2.488294314381270501e-08 9.995601406118527210e-01
2.498327759197323977e-08 9.995565878111817293e-01
2.508361204013377452e-08 9.995530207393916733e-01
2.518394648829430928e-08 9.995494393967943036e-01
2.528428093645484734e-08 9.995458437837020371e-01
2.538461538461538209e-08 9.995422339004292889e-01
2.548494983277591685e-08 9.995386097472904741e-01
2.558528428093645160e-08 9.995349713246025614e-01
2.568561872909698635e-08 9.995313186326834076e-01
2.578595317725752111e-08 9.995276516718509807e-01
2.588628762541805586e-08 9.995239704424265792e-01
2.598662207357859062e-08 9.995202749447307244e-01
2.608695652173912537e-08 9.995165651790864914e-01
2.618729096989966343e-08 9.995128411458177320e-01
2.628762541806019819e-08 9.995091028452496307e-01
2.638795986622073294e-08 9.995053502777082599e-01
2.648829431438126769e-08 9.995015834435212465e-01
2.658862876254180245e-08 9.994978023430181047e-01
2.668896321070233720e-08 9.994940069765281265e-01
2.678929765886287196e-08 9.994901973443832688e-01
2.688963210702340671e-08 9.994863734469158212e-01
2.698996655518394146e-08 9.994825352844595168e-01
2.709030100334447622e-08 9.994786828573495319e-01
2.719063545150501428e-08 9.994748161659221530e-01
2.729096989966554904e-08 9.994709352105153322e-01
2.739130434782608379e-08 9.994670399914673542e-01
2.749163879598661854e-08 9.994631305091185025e-01
2.759197324414715330e-08 9.994592067638100596e-01
2.769230769230768805e-08 9.994552687558845294e-01
2.779264214046822281e-08 9.994513164856858589e-01
2.789297658862875756e-08 9.994473499535588834e-01
2.799331103678929231e-08 9.994433691598498815e-01
2.809364548494983038e-08 9.994393741049064639e-01
2.819397993311036513e-08 9.994353647890774628e-01
2.829431438127089988e-08 9.994313412127121543e-01
2.839464882943143464e-08 9.994273033761631453e-01
2.849498327759196939e-08 9.994232512797815993e-01
2.859531772575250415e-08 9.994191849239221215e-01
2.869565217391303890e-08 9.994151043089392061e-01
2.879598662207357365e-08 9.994110094351893459e-01
2.889632107023410841e-08 9.994069003030296994e-01
2.899665551839464316e-08 9.994027769128192018e-01
2.909698996655518122e-08 9.993986392649176764e-01
2.919732441471571598e-08 9.993944873596865008e-01
2.929765886287625073e-08 9.993903211974877188e-01
2.939799331103678549e-08 9.993861407786852613e-01
2.949832775919732024e-08 9.993819461036441698e-01
2.959866220735785499e-08 9.993777371727303738e-01
2.969899665551838975e-08 9.993735139863112460e-01
2.979933110367892450e-08 9.993692765447556026e-01
2.989966555183946256e-08 9.993650248484329257e-01
2.999999999999999732e-08 9.993607588977149181e-01
