0.000000000000000000e+00 9.999999999999995559e-01
1.003344481605351029e-10 9.999999913149304476e-01
2.006688963210702059e-10 9.999999652597233446e-01
3.010033444816052959e-10 9.999999218343815777e-01
4.013377926421404118e-10 9.999998610389092546e-01
5.016722408026755277e-10 9.999997828733133698e-01
6.020066889632105918e-10 9.999996873376018058e-01
7.023411371237457594e-10 9.999995744317846658e-01
8.026755852842808236e-10 9.999994441558741620e-01
9.030100334448158877e-10 9.999992965098839504e-01
1.003344481605351055e-09 9.999991314938299070e-01
1.103678929765886223e-09 9.999989491077291293e-01
1.204013377926421184e-09 9.999987493516013792e-01
1.304347826086956351e-09 9.999985322254679732e-01
1.404682274247491519e-09 9.999982977293511155e-01
1.505016722408026480e-09 9.999980458632766744e-01
1.605351170568561647e-09 9.999977766272702961e-01
1.705685618729096815e-09 9.999974900213615125e-01
1.806020066889631775e-09 9.999971860455801886e-01
1.906354515050166943e-09 9.999968646999588540e-01
2.006688963210702111e-09 9.999965259845310372e-01
2.107023411371237278e-09 9.999961698993333759e-01
2.207357859531772446e-09 9.999957964444032843e-01
2.307692307692307200e-09 9.999954056197803975e-01
2.408026755852842367e-09 9.999949974255059049e-01
2.508361204013377535e-09 9.999945718616234380e-01
2.608695652173912702e-09 9.999941289281781831e-01
2.709030100334447870e-09 9.999936686252169915e-01
2.809364548494983038e-09 9.999931909527883800e-01
2.909698996655517792e-09 9.999926959109431968e-01
3.010033444816052959e-09 9.999921834997342884e-01
3.110367892976588127e-09 9.999916537192157229e-01
3.210702341137123294e-09 9.999911065694435663e-01
3.311036789297658462e-09 9.999905420504758835e-01
3.411371237458193629e-09 9.999899601623728485e-01
3.511705685618728797e-09 9.999893609051955234e-01
3.612040133779263551e-09 9.999887442790080794e-01
3.712374581939798719e-09 9.999881102838757974e-01
3.812709030100333886e-09 9.999874589198658459e-01
3.913043478260868640e-09 9.999867901870472808e-01
4.013377926421404221e-09 9.999861040854907124e-01
4.113712374581938975e-09 9.999854006152691932e-01
4.214046822742474556e-09 9.999846797764574413e-01
4.314381270903009310e-09 9.999839415691317290e-01
4.414715719063544892e-09 9.999831859933705491e-01
4.515050167224079646e-09 9.999824130492535046e-01
4.615384615384614399e-09 9.999816227368634181e-01
4.715719063545149981e-09 9.999808150562833342e-01
4.816053511705684735e-09 9.999799900075990733e-01
4.916387959866220316e-09 9.999791475908982319e-01
5.016722408026755070e-09 9.999782878062702940e-01
5.117056856187290651e-09 9.999774106538062979e-01
5.217391304347825405e-09 9.999765161335990582e-01
5.317725752508360159e-09 9.999756042457438321e-01
5.418060200668895740e-09 9.999746749903372089e-01
5.518394648829430494e-09 9.999737283674773325e-01
5.618729096989966075e-09 9.999727643772648999e-01
5.719063545150500829e-09 9.999717830198023849e-01
5.819397993311035583e-09 9.999707842951934822e-01
5.919732441471571164e-09 9.999697682035439961e-01
6.020066889632105918e-09 9.999687347449622843e-01
6.120401337792641499e-09 9.999676839195572597e-01
6.220735785953176253e-09 9.999666157274407219e-01
6.321070234113711835e-09 9.999655301687260245e-01
6.421404682274246589e-09 9.999644272435278536e-01
6.521739130434781343e-09 9.999633069519637818e-01
6.622073578595316924e-09 9.999621692941519369e-01
6.722408026755851678e-09 9.999610142702135551e-01
6.822742474916387259e-09 9.999598418802707611e-01
6.923076923076922013e-09 9.999586521244477888e-01
7.023411371237457594e-09 9.999574450028713146e-01
7.123745819397992348e-09 9.999562205156689032e-01
7.224080267558527102e-09 9.999549786629703396e-01
7.324414715719062683e-09 9.999537194449077404e-01
7.424749163879597437e-09 9.999524428616143323e-01
7.525083612040133018e-09 9.999511489132256736e-01
7.625418060200667772e-09 9.999498375998786548e-01
7.725752508361202526e-09 9.999485089217127198e-01
7.826086956521737280e-09 9.999471628788680899e-01
7.926421404682273689e-09 9.999457994714884279e-01
8.026755852842808442e-09 9.999444186997179518e-01
8.127090301003343196e-09 9.999430205637026559e-01
8.227424749163877950e-09 9.999416050635913100e-01
8.327759197324414359e-09 9.999401721995339054e-01
8.428093645484949113e-09 9.999387219716819875e-01
8.528428093645483867e-09 9.999372543801898772e-01
8.628762541806018621e-09 9.999357694252130058e-01
8.729096989966553375e-09 9.999342671069088029e-01
8.829431438127089783e-09 9.999327474254364745e-01
8.929765886287624537e-09 9.999312103809573360e-01
9.030100334448159291e-09 9.999296559736344792e-01
9.130434782608694045e-09 9.999280842036325501e-01
9.230769230769228799e-09 9.999264950711179711e-01
9.331103678929765207e-09 9.999248885762597183e-01
9.431438127090299961e-09 9.999232647192277668e-01
9.531772575250834715e-09 9.999216235001948672e-01
9.632107023411369469e-09 9.999199649193345474e-01
9.732441471571904223e-09 9.999182889768224447e-01
9.832775919732440632e-09 9.999165956728366389e-01
9.933110367892975386e-09 9.999148850075568751e-01
1.003344481605351014e-08 9.999131569811642306e-01
1.013377926421404489e-08 9.999114115938424474e-01
1.023411371237458130e-08 9.999096488457756005e-01
1.033444816053511606e-08 9.999078687371514285e-01
1.043478260869565081e-08 9.999060712681584473e-01
1.053511705685618556e-08 9.999042564389871712e-01
1.063545150501672032e-08 9.999024242498302240e-01
1.073578595317725673e-08 9.999005747008818945e-01
1.083612040133779148e-08 9.998987077923379152e-01
1.093645484949832623e-08 9.998968235243967939e-01
1.103678929765886099e-08 9.998949218972578157e-01
1.113712374581939574e-08 9.998930029111230411e-01
1.123745819397993215e-08 9.998910665661954189e-01
1.133779264214046690e-08 9.998891128626807845e-01
1.143812709030100166e-08 9.998871418007858614e-01
1.153846153846153641e-08 9.998851533807202596e-01
1.163879598662207117e-08 9.998831476026942555e-01
1.173913043478260757e-08 9.998811244669210119e-01
1.183946488294314233e-08 9.998790839736143576e-01
1.193979933110367708e-08 9.998770261229912304e-01
1.204013377926421184e-08 9.998749509152694559e-01
1.214046822742474824e-08 9.998728583506694134e-01
1.224080267558528300e-08 9.998707484294128145e-01
1.234113712374581775e-08 9.998686211517233691e-01
1.244147157190635251e-08 9.998664765178263414e-01
1.254180602006688726e-08 9.998643145279497713e-01
1.264214046822742367e-08 9.998621351823222536e-01
1.274247491638795842e-08 9.998599384811754920e-01
1.284280936454849318e-08 9.998577244247417450e-01
1.294314381270902793e-08 9.998554930132560470e-01
1.304347826086956269e-08 9.998532442469550974e-01
1.314381270903009909e-08 9.998509781260773721e-01
1.324414715719063385e-08 9.998486946508627904e-01
1.334448160535116860e-08 9.998463938215539359e-01
1.344481605351170336e-08 9.998440756383942807e-01
1.354515050167223811e-08 9.998417401016296280e-01
1.364548494983277452e-08 9.998393872115084458e-01
1.374581939799330927e-08 9.998370169682792019e-01
1.384615384615384403e-08 9.998346293721933620e-01
1.394648829431437878e-08 9.998322244235046119e-01
1.404682274247491519e-08 9.998298021224675258e-01
1.414715719063544994e-08 9.998273624693388983e-01
1.424749163879598470e-08 9.998249054643776335e-01
1.434782608695651945e-08 9.998224311078436344e-01
1.444816053511705420e-08 9.998199394000000240e-01
1.454849498327759061e-08 9.998174303411107022e-01
1.464882943143812537e-08 9.998149039314414566e-01
1.474916387959866012e-08 9.998123601712601838e-01
1.484949832775919487e-08 9.998097990608372232e-01
1.494983277591973128e-08 9.998072206004431361e-01
1.505016722408026604e-08 9.998046247903518147e-01
1.515050167224080079e-08 9.998020116308383720e-01
1.525083612040133554e-08 9.997993811221799199e-01
1.535117056856187030e-08 9.997967332646551242e-01
1.545150501672240505e-08 9.997940680585453155e-01
1.555183946488293981e-08 9.997913855041321574e-01
1.565217391304347456e-08 9.997886856017007551e-01
1.575250836120401262e-08 9.997859683515369911e-01
1.585284280936454738e-08 9.997832337539288572e-01
1.595317725752508213e-08 9.997804818091668988e-01
1.605351170568561688e-08 9.997777125175423274e-01
1.615384615384615164e-08 9.997749258793486860e-01
1.625418060200668639e-08 9.997721218948814048e-01
1.635451505016722115e-08 9.997693005644382458e-01
1.645484949832775590e-08 9.997664618883177479e-01
1.655518394648829065e-08 9.997636058668211145e-01
1.665551839464882872e-08 9.997607325002509926e-01
1.675585284280936347e-08 9.997578417889121383e-01
1.685618729096989823e-08 9.997549337331108621e-01
1.695652173913043298e-08 9.997520083331556950e-01
1.705685618729096773e-08 9.997490655893566114e-01
1.715719063545150249e-08 9.997461055020254728e-01
1.725752508361203724e-08 9.997431280714764723e-01
1.735785953177257200e-08 9.997401332980244693e-01
1.745819397993310675e-08 9.997371211819876535e-01
1.755852842809364150e-08 9.997340917236849922e-01
1.765886287625417957e-08 9.997310449234377838e-01
1.775919732441471432e-08 9.997279807815694364e-01
1.785953177257524907e-08 9.997248992984038019e-01
1.795986622073578383e-08 9.997218004742683961e-01
1.806020066889631858e-08 9.997186843094909570e-01
1.816053511705685334e-08 9.997155508044027750e-01
1.826086956521738809e-08 9.997123999593352517e-01
1.836120401337792284e-08 9.997092317746227863e-01
1.846153846153845760e-08 9.997060462506011103e-01
1.856187290969899566e-08 9.997028433876078424e-01
1.866220735785953041e-08 9.996996231859823778e-01
1.876254180602006517e-08 9.996963856460663322e-01
1.886287625418059992e-08 9.996931307682028756e-01
1.896321070234113468e-08 9.996898585527370651e-01
1.906354515050166943e-08 9.996865690000156235e-01
1.916387959866220418e-08 9.996832621103871608e-01
1.926421404682273894e-08 9.996799378842022854e-01
1.936454849498327369e-08 9.996765963218136042e-01
1.946488294314380845e-08 9.996732374235752783e-01
1.956521739130434651e-08 9.996698611898429121e-01
1.966555183946488126e-08 9.996664676209749967e-01
1.976588628762541602e-08 9.996630567173308002e-01
1.986622073578595077e-08 9.996596284792720333e-01
1.996655518394648553e-08 9.996561829071621830e-01
2.006688963210702028e-08 9.996527200013664016e-01
2.016722408026755503e-08 9.996492397622516179e-01
2.026755852842808979e-08 9.996457421901869811e-01
2.036789297658862454e-08 9.996422272855429725e-01
2.046822742474916260e-08 9.996386950486924050e-01
2.056856187290969736e-08 9.996351454800094238e-01
2.066889632107023211e-08 9.996315785798703946e-01
2.076923076923076687e-08 9.996279943486531261e-01
2.086956521739130162e-08 9.996243927867380918e-01
2.096989966555183637e-08 9.996207738945067645e-01
2.107023411371237113e-08 9.996171376723421709e-01
2.117056856187290588e-08 9.996134841206306687e-01
2.127090301003344064e-08 9.996098132397590597e-01
2.137123745819397539e-08 9.996061250301163659e-01
2.147157190635451345e-08 9.996024194920933859e-01
2.157190635451504821e-08 9.995986966260831386e-01
2.167224080267558296e-08 9.995949564324799752e-01
2.177257525083611771e-08 9.995911989116808005e-01
2.187290969899665247e-08 9.995874240640834074e-01
2.197324414715718722e-08 9.995836318900878092e-01
2.207357859531772198e-08 9.995798223900962398e-01
2.217391304347825673e-08 9.995759955645121542e-01
2.227424749163879148e-08 9.995721514137415609e-01
2.237458193979932955e-08 9.995682899381914677e-01
2.247491638795986430e-08 9.995644111382714359e-01
2.257525083612039905e-08 9.995605150143924700e-01
2.267558528428093381e-08 9.995566015669672399e-01
2.277591973244146856e-08 9.995526707964108581e-01
2.287625418060200332e-08 9.995487227031397692e-01
2.297658862876253807e-08 9.995447572875726383e-01
2.307692307692307282e-08 9.995407745501292407e-01
2.317725752508360758e-08 9.995367744912319052e-01
2.327759197324414233e-08 9.995327571113046261e-01
2.337792642140468040e-08 9.995287224107735069e-01
2.347826086956521515e-08 9.995246703900652063e-01
2.357859531772574990e-08 9.995206010496098248e-01
2.367892976588628466e-08 9.995165143898386839e-01
2.377926421404681941e-08 9.995124104111848817e-01
2.387959866220735417e-08 9.995082891140828485e-01
2.397993311036788892e-08 9.995041504989695680e-01
2.408026755852842367e-08 9.994999945662840224e-01
2.418060200668895843e-08 9.994958213164659711e-01
2.428093645484949649e-08 9.994916307499585040e-01
2.438127090301003124e-08 9.994874228672047112e-01
2.448160535117056600e-08 9.994831976686512354e-01
2.458193979933110075e-08 9.994789551547459405e-01
2.468227424749163551e-08 9.994746953259379119e-01
2.478260869565217026e-08 9.994704181826786771e-01
2.488294314381270501e-08 9.994661237254217623e-01
2.498327759197323977e-08 9.994618119546216928e-01
2.508361204013377452e-08 9.994574828707362135e-01
2.518394648829430928e-08 9.994531364742232915e-01
2.528428093645484734e-08 9.994487727655440024e-01
2.538461538461538209e-08 9.994443917451605319e-01
2.548494983277591685e-08 9.994399934135372865e-01
2.558528428093645160e-08 9.994355777711400046e-01
2.568561872909698635e-08 9.994311448184367563e-01
2.578595317725752111e-08 9.994266945558976101e-01
2.588628762541805586e-08 9.994222269839940775e-01
2.598662207357859062e-08 9.994177421031988917e-01
2.608695652173912537e-08 9.994132399139878942e-01
2.618729096989966343e-08 9.994087204168379257e-01
2.628762541806019819e-08 9.994041836122280476e-01
2.638795986622073294e-08 9.993996295006386532e-01
2.648829431438126769e-08 9.993950580825530228e-01
2.658862876254180245e-08 9.993904693584544363e-01
2.668896321070233720e-08 9.993858633288300597e-01
2.678929765886287196e-08 9.993812399941673918e-01
2.688963210702340671e-08 9.993765993549564852e-01
2.698996655518394146e-08 9.993719414116889466e-01
2.709030100334447622e-08 9.993672661648589362e-01
2.719063545150501428e-08 9.993625736149609473e-01
2.729096989966554904e-08 9.993578637624926930e-01
2.739130434782608379e-08 9.993531366079528855e-01
2.749163879598661854e-08 9.993483921518426794e-01
2.759197324414715330e-08 9.993436303946646726e-01
2.769230769230768805e-08 9.993388513369232395e-01
2.779264214046822281e-08 9.993340549791249749e-01
2.789297658862875756e-08 9.993292413217774728e-01
2.799331103678929231e-08 9.993244103653915467e-01
2.809364548494983038e-08 9.993195621104786763e-01
2.819397993311036513e-08 9.993146965575523399e-01
2.829431438127089988e-08 9.993098137071282361e-01
2.839464882943143464e-08 9.993049135597237287e-01
2.849498327759196939e-08 9.992999961158576250e-01
2.859531772575250415e-08 9.992950613760513967e-01
2.869565217391303890e-08 9.992901093408274038e-01
2.879598662207357365e-08 9.992851400107108928e-01
2.889632107023410841e-08 9.992801533862277763e-01
2.899665551839464316e-08 9.992751494679064095e-01
2.909698996655518122e-08 9.992701282562768128e-01
2.919732441471571598e-08 9.992650897518715603e-01
2.929765886287625073e-08 9.992600339552236699e-01
2.939799331103678549e-08 9.992549608668691574e-01
2.949832775919732024e-08 9.992498704873455928e-01
2.959866220735785499e-08 9.992447628171919893e-01
2.969899665551838975e-08 9.992396378569492477e-01
2.979933110367892450e-08 9.992344956071607109e-01
2.989966555183946256e-08 9.992293360683710546e-01
2.999999999999999732e-08 9.992241592411265083e-01
