0.000000000000000000e+00 9.999999999999995559e-01
1.003344481605351029e-10 9.999999563307150341e-01
2.006688963210702059e-10 9.999998253228841172e-01
3.010033444816052959e-10 9.999996069765773044e-01
4.013377926421404118e-10 9.999993012919105029e-01
5.016722408026755277e-10 9.999989082690470266e-01
6.020066889632105918e-10 9.999984279081961525e-01
7.023411371237457594e-10 9.999978602096142311e-01
8.026755852842808236e-10 9.999972051736041312e-01
9.030100334448158877e-10 9.999964628005146849e-01
1.003344481605351055e-09 9.999956330907420199e-01
1.103678929765886223e-09 9.999947160447287819e-01
1.204013377926421184e-09 9.999937116629632472e-01
1.304347826086956351e-09 9.999926199459817644e-01
1.404682274247491519e-09 9.999914408943660904e-01
1.505016722408026480e-09 9.999901745087450555e-01
1.605351170568561647e-09 9.999888207897936754e-01
1.705685618729096815e-09 9.999873797382337060e-01
1.806020066889631775e-09 9.999858513548339767e-01
1.906354515050166943e-09 9.999842356404090582e-01
2.006688963210702111e-09 9.999825325958204836e-01
2.107023411371237278e-09 9.999807422219767483e-01
2.207357859531772446e-09 9.999788645198320891e-01
2.307692307692307200e-09 9.999768994903879271e-01
2.408026755852842367e-09 9.999748471346917578e-01
2.508361204013377535e-09 9.999727074538383720e-01
2.608695652173912702e-09 9.999704804489679688e-01
2.709030100334447870e-09 9.999681661212682648e-01
2.809364548494983038e-09 9.999657644719737171e-01
2.909698996655517792e-09 9.999632755023645236e-01
3.010033444816052959e-09 9.999606992137678452e-01
3.110367892976588127e-09 9.999580356075573606e-01
3.210702341137123294e-09 9.999552846851528232e-01
3.311036789297658462e-09 9.999524464480217256e-01
3.411371237458193629e-09 9.999495208976768579e-01
3.511705685618728797e-09 9.999465080356785274e-01
3.612040133779263551e-09 9.999434078636330048e-01
3.712374581939798719e-09 9.999402203831930791e-01
3.812709030100333886e-09 9.999369455960580577e-01
3.913043478260868640e-09 9.999335835039744325e-01
4.013377926421404221e-09 9.999301341087346584e-01
4.113712374581938975e-09 9.999265974121779310e-01
4.214046822742474556e-09 9.999229734161894090e-01
4.314381270903009310e-09 9.999192621227018796e-01
4.414715719063544892e-09 9.999154635336937602e-01
4.515050167224079646e-09 9.999115776511904308e-01
4.615384615384614399e-09 9.999076044772634564e-01
4.715719063545149981e-09 9.999035440140315867e-01
4.816053511705684735e-09 9.998993962636595345e-01
4.916387959866220316e-09 9.998951612283581980e-01
5.016722408026755070e-09 9.998908389103864369e-01
5.117056856187290651e-09 9.998864293120472979e-01
5.217391304347825405e-09 9.998819324356928995e-01
5.317725752508360159e-09 9.998773482837203241e-01
5.418060200668895740e-09 9.998726768585731728e-01
5.518394648829430494e-09 9.998679181627424528e-01
5.618729096989966075e-09 9.998630721987651349e-01
5.719063545150500829e-09 9.998581389692240418e-01
5.819397993311035583e-09 9.998531184767499580e-01
5.919732441471571164e-09 9.998480107240191872e-01
6.020066889632105918e-09 9.998428157137544403e-01
6.120401337792641499e-09 9.998375334487250576e-01
6.220735785953176253e-09 9.998321639317477860e-01
6.321070234113711835e-09 9.998267071656843363e-01
6.421404682274246589e-09 9.998211631534441590e-01
6.521739130434781343e-09 9.998155318979827788e-01
6.622073578595316924e-09 9.998098134023016836e-01
6.722408026755851678e-09 9.998040076694497680e-01
6.822742474916387259e-09 9.997981147025217785e-01
6.923076923076922013e-09 9.997921345046589803e-01
7.023411371237457594e-09 9.997860670790493787e-01
7.123745819397992348e-09 9.997799124289272754e-01
7.224080267558527102e-09 9.997736705575734906e-01
7.324414715719062683e-09 9.997673414683152515e-01
7.424749163879597437e-09 9.997609251645263040e-01
7.525083612040133018e-09 9.997544216496268010e-01
7.625418060200667772e-09 9.997478309270835251e-01
7.725752508361202526e-09 9.997411530004095548e-01
7.826086956521737280e-09 9.997343878731642652e-01
7.926421404682273689e-09 9.997275355489538828e-01
8.026755852842808442e-09 9.997205960314305973e-01
8.127090301003343196e-09 9.997135693242932275e-01
8.227424749163877950e-09 9.997064554312875551e-01
8.327759197324414359e-09 9.996992543562051026e-01
8.428093645484949113e-09 9.996919661028840220e-01
8.528428093645483867e-09 9.996845906752087618e-01
8.628762541806018621e-09 9.996771280771103996e-01
8.729096989966553375e-09 9.996695783125664203e-01
8.829431438127089783e-09 9.996619413856010494e-01
8.929765886287624537e-09 9.996542173002840315e-01
9.030100334448159291e-09 9.996464060607324065e-01
9.130434782608694045e-09 9.996385076711090667e-01
9.230769230769228799e-09 9.996305221356236448e-01
9.331103678929765207e-09 9.996224494585319587e-01
9.431438127090299961e-09 9.996142896441363446e-01
9.531772575250834715e-09 9.996060426967854351e-01
9.632107023411369469e-09 9.995977086208742701e-01
9.732441471571904223e-09 9.995892874208442969e-01
9.832775919732440632e-09 9.995807791011834809e-01
9.933110367892975386e-09 9.995721836664259730e-01
1.003344481605351014e-08 9.995635011211519982e-01
1.013377926421404489e-08 9.995547314699888553e-01
1.023411371237458130e-08 9.995458747176096947e-01
1.033444816053511606e-08 9.995369308687340748e-01
1.043478260869565081e-08 9.995278999281284049e-01
1.053511705685618556e-08 9.995187819006046137e-01
1.063545150501672032e-08 9.995095767910214812e-01
1.073578595317725673e-08 9.995002846042841949e-01
1.083612040133779148e-08 9.994909053453442382e-01
1.093645484949832623e-08 9.994814390191988362e-01
1.103678929765886099e-08 9.994718856308923982e-01
1.113712374581939574e-08 9.994622451855149636e-01
1.123745819397993215e-08 9.994525176882036455e-01
1.133779264214046690e-08 9.994427031441410758e-01
1.143812709030100166e-08 9.994328015585565161e-01
1.153846153846153641e-08 9.994228129367263014e-01
1.163879598662207117e-08 9.994127372839711754e-01
1.173913043478260757e-08 9.994025746056600656e-01
1.183946488294314233e-08 9.993923249072068637e-01
1.193979933110367708e-08 9.993819881940732008e-01
1.204013377926421184e-08 9.993715644717655611e-01
1.214046822742474824e-08 9.993610537458372800e-01
1.224080267558528300e-08 9.993504560218881005e-01
1.234113712374581775e-08 9.993397713055638398e-01
1.244147157190635251e-08 9.993289996025562782e-01
1.254180602006688726e-08 9.993181409186042696e-01
1.264214046822742367e-08 9.993071952594922980e-01
1.274247491638795842e-08 9.992961626310506995e-01
1.284280936454849318e-08 9.992850430391573280e-01
1.294314381270902793e-08 9.992738364897351122e-01
1.304347826086956269e-08 9.992625429887537214e-01
1.314381270903009909e-08 9.992511625422290100e-01
1.324414715719063385e-08 9.992396951562226848e-01
1.334448160535116860e-08 9.992281408368431928e-01
1.344481605351170336e-08 9.992164995902448332e-01
1.354515050167223811e-08 9.992047714226284238e-01
1.364548494983277452e-08 9.991929563402405234e-01
1.374581939799330927e-08 9.991810543493742092e-01
1.384615384615384403e-08 9.991690654563688545e-01
1.394648829431437878e-08 9.991569896676093521e-01
1.404682274247491519e-08 9.991448269895280010e-01
1.414715719063544994e-08 9.991325774286016204e-01
1.424749163879598470e-08 9.991202409913547688e-01
1.434782608695651945e-08 9.991078176843570802e-01
1.444816053511705420e-08 9.990953075142249284e-01
1.454849498327759061e-08 9.990827104876204290e-01
1.464882943143812537e-08 9.990700266112522154e-01
1.474916387959866012e-08 9.990572558918752177e-01
1.484949832775919487e-08 9.990443983362891078e-01
1.494983277591973128e-08 9.990314539513416303e-01
1.505016722408026604e-08 9.990184227439254938e-01
1.515050167224080079e-08 9.990053047209795922e-01
1.525083612040133554e-08 9.989920998894888937e-01
1.535117056856187030e-08 9.989788082564853289e-01
1.545150501672240505e-08 9.989654298290457923e-01
1.555183946488293981e-08 9.989519646142932530e-01
1.565217391304347456e-08 9.989384126193979752e-01
1.575250836120401262e-08 9.989247738515750763e-01
1.585284280936454738e-08 9.989110483180863032e-01
1.595317725752508213e-08 9.988972360262391437e-01
1.605351170568561688e-08 9.988833369833874931e-01
1.615384615384615164e-08 9.988693511969313210e-01
1.625418060200668639e-08 9.988552786743160050e-01
1.635451505016722115e-08 9.988411194230333301e-01
1.645484949832775590e-08 9.988268734506220436e-01
1.655518394648829065e-08 9.988125407646647469e-01
1.665551839464882872e-08 9.987981213727918917e-01
1.675585284280936347e-08 9.987836152826800040e-01
1.685618729096989823e-08 9.987690225020496859e-01
1.695652173913043298e-08 9.987543430386693899e-01
1.705685618729096773e-08 9.987395769003533097e-01
1.715719063545150249e-08 9.987247240949607141e-01
1.725752508361203724e-08 9.987097846303979454e-01
1.735785953177257200e-08 9.986947585146158657e-01
1.745819397993310675e-08 9.986796457556131879e-01
1.755852842809364150e-08 9.986644463614327005e-01
1.765886287625417957e-08 9.986491603401648209e-01
1.775919732441471432e-08 9.986337876999442642e-01
1.785953177257524907e-08 9.986183284489527079e-01
1.795986622073578383e-08 9.986027825954180148e-01
1.806020066889631858e-08 9.985871501476124568e-01
1.816053511705685334e-08 9.985714311138562671e-01
1.826086956521738809e-08 9.985556255025135330e-01
1.836120401337792284e-08 9.985397333219959703e-01
1.846153846153845760e-08 9.985237545807598147e-01
1.856187290969899566e-08 9.985076892873080423e-01
1.866220735785953041e-08 9.984915374501894814e-01
1.876254180602006517e-08 9.984752990779979243e-01
1.886287625418059992e-08 9.984589741793741258e-01
1.896321070234113468e-08 9.984425627630039157e-01
1.906354515050166943e-08 9.984260648376193092e-01
1.916387959866220418e-08 9.984094804119981736e-01
1.926421404682273894e-08 9.983928094949637844e-01
1.936454849498327369e-08 9.983760520953860462e-01
1.946488294314380845e-08 9.983592082221796060e-01
1.956521739130434651e-08 9.983422778843057399e-01
1.966555183946488126e-08 9.983252610907707991e-01
1.976588628762541602e-08 9.983081578506282083e-01
1.986622073578595077e-08 9.982909681729754681e-01
1.996655518394648553e-08 9.982736920669569303e-01
2.006688963210702028e-08 9.982563295417621330e-01
2.016722408026755503e-08 9.982388806066273546e-01
2.026755852842808979e-08 9.982213452708330603e-01
2.036789297658862454e-08 9.982037235437069000e-01
2.046822742474916260e-08 9.981860154346212655e-01
2.056856187290969736e-08 9.981682209529949557e-01
2.066889632107023211e-08 9.981503401082918447e-01
2.076923076923076687e-08 9.981323729100218811e-01
2.086956521739130162e-08 9.981143193677406433e-01
2.096989966555183637e-08 9.980961794910491180e-01
2.107023411371237113e-08 9.980779532895944772e-01
2.117056856187290588e-08 9.980596407730690789e-01
2.127090301003344064e-08 9.980412419512112443e-01
2.137123745819397539e-08 9.980227568338051469e-01
2.147157190635451345e-08 9.980041854306797022e-01
2.157190635451504821e-08 9.979855277517097889e-01
2.167224080267558296e-08 9.979667838068170260e-01
2.177257525083611771e-08 9.979479536059672196e-01
2.187290969899665247e-08 9.979290371591720277e-01
2.197324414715718722e-08 9.979100344764894048e-01
2.207357859531772198e-08 9.978909455680224916e-01
2.217391304347825673e-08 9.978717704439196146e-01
2.227424749163879148e-08 9.978525091143750636e-01
2.237458193979932955e-08 9.978331615896286477e-01
2.247491638795986430e-08 9.978137278799653620e-01
2.257525083612039905e-08 9.977942079957169419e-01
2.267558528428093381e-08 9.977746019472591987e-01
2.277591973244146856e-08 9.977549097450135740e-01
2.287625418060200332e-08 9.977351313994483606e-01
2.297658862876253807e-08 9.977152669210758162e-01
2.307692307692307282e-08 9.976953163204546060e-01
2.317725752508360758e-08 9.976752796081883590e-01
2.327759197324414233e-08 9.976551567949264454e-01
2.337792642140468040e-08 9.976349478913640878e-01
2.347826086956521515e-08 9.976146529082410286e-01
2.357859531772574990e-08 9.975942718563428624e-01
2.367892976588628466e-08 9.975738047465010361e-01
2.377926421404681941e-08 9.975532515895920715e-01
2.387959866220735417e-08 9.975326123965375658e-01
2.397993311036788892e-08 9.975118871783053009e-01
2.408026755852842367e-08 9.974910759459075793e-01
2.418060200668895843e-08 9.974701787104026662e-01
2.428093645484949649e-08 9.974491954828940132e-01
2.438127090301003124e-08 9.974281262745308130e-01
2.448160535117056600e-08 9.974069710965064450e-01
2.458193979933110075e-08 9.973857299600613624e-01
2.468227424749163551e-08 9.973644028764797609e-01
2.478260869565217026e-08 9.973429898570920216e-01
2.488294314381270501e-08 9.973214909132737116e-01
2.498327759197323977e-08 9.972999060564454732e-01
2.508361204013377452e-08 9.972782352980733567e-01
2.518394648829430928e-08 9.972564786496690425e-01
2.528428093645484734e-08 9.972346361227889533e-01
2.538461538461538209e-08 9.972127077290349195e-01
2.548494983277591685e-08 9.971906934800539579e-01
2.558528428093645160e-08 9.971685933875389374e-01
2.568561872909698635e-08 9.971464074632270247e-01
2.578595317725752111e-08 9.971241357189009058e-01
2.588628762541805586e-08 9.971017781663890078e-01
2.598662207357859062e-08 9.970793348175643889e-01
2.608695652173912537e-08 9.970568056843454041e-01
2.618729096989966343e-08 9.970341907786955948e-01
2.628762541806019819e-08 9.970114901126240214e-01
2.638795986622073294e-08 9.969887036981841533e-01
2.648829431438126769e-08 9.969658315474753119e-01
2.658862876254180245e-08 9.969428736726413387e-01
2.668896321070233720e-08 9.969198300858722606e-01
2.678929765886287196e-08 9.968967007994016249e-01
2.688963210702340671e-08 9.968734858255091646e-01
2.698996655518394146e-08 9.968501851765199095e-01
2.709030100334447622e-08 9.968267988648031874e-01
2.719063545150501428e-08 9.968033269027731791e-01
2.729096989966554904e-08 9.967797693028908057e-01
2.739130434782608379e-08 9.967561260776600651e-01
2.749163879598661854e-08 9.967323972396312515e-01
2.759197324414715330e-08 9.967085828013988458e-01
2.769230769230768805e-08 9.966846827756029592e-01
2.779264214046822281e-08 9.966606971749287780e-01
2.789297658862875756e-08 9.966366260121052312e-01
2.799331103678929231e-08 9.966124692999084322e-01
2.809364548494983038e-08 9.965882270511569052e-01
2.819397993311036513e-08 9.965638992787164696e-01
2.829431438127089988e-08 9.965394859954964657e-01
2.839464882943143464e-08 9.965149872144516419e-01
2.849498327759196939e-08 9.964904029485809334e-01
2.859531772575250415e-08 9.964657332109294607e-01
2.869565217391303890e-08 9.964409780145864204e-01
2.879598662207357365e-08 9.964161373726860838e-01
2.889632107023410841e-08 9.963912112984073532e-01
2.899665551839464316e-08 9.963661998049742063e-01
2.909698996655518122e-08 9.963411029056556956e-01
2.919732441471571598e-08 9.963159206137651713e-01
2.929765886287625073e-08 9.962906529426613922e-01
2.939799331103678549e-08 9.962652999057474146e-01
2.949832775919732024e-08 9.962398615164711480e-01
2.959866220735785499e-08 9.962143377883261319e-01
2.969899665551838975e-08 9.961887287348496489e-01
2.979933110367892450e-08 9.961630343696237233e-01
2.989966555183946256e-08 9.961372547062756766e-01
2.999999999999999732e-08 9.961113897584781274e-01
