0.000000000000000000e+00 9.999999999999995559e-01
1.003344481605351029e-10 9.999999834295456580e-01
2.006688963210702059e-10 9.999999337181870729e-01
3.010033444816052959e-10 9.999998508659340146e-01
4.013377926421404118e-10 9.999997348728030255e-01
5.016722408026755277e-10 9.999995857388180864e-01
6.020066889632105918e-10 9.999994034640088403e-01
7.023411371237457594e-10 9.999991880484121465e-01
8.026755852842808236e-10 9.999989394920720809e-01
9.030100334448158877e-10 9.999986577950386035e-01
1.003344481605351055e-09 9.999983429573687799e-01
1.103678929765886223e-09 9.999979949791260037e-01
1.204013377926421184e-09 9.999976138603812181e-01
1.304347826086956351e-09 9.999971996012112507e-01
1.404682274247491519e-09 9.999967522016999233e-01
1.505016722408026480e-09 9.999962716619379410e-01
1.605351170568561647e-09 9.999957579820222264e-01
1.705685618729096815e-09 9.999952111620569184e-01
1.806020066889631775e-09 9.999946312021524841e-01
1.906354515050166943e-09 9.999940181024264962e-01
2.006688963210702111e-09 9.999933718630028556e-01
2.107023411371237278e-09 9.999926924840124576e-01
2.207357859531772446e-09 9.999919799655924146e-01
2.307692307692307200e-09 9.999912343078876109e-01
2.408026755852842367e-09 9.999904555110481486e-01
2.508361204013377535e-09 9.999896435752319013e-01
2.608695652173912702e-09 9.999887985006031821e-01
2.709030100334447870e-09 9.999879202873329653e-01
2.809364548494983038e-09 9.999870089355988867e-01
2.909698996655517792e-09 9.999860644455852432e-01
3.010033444816052959e-09 9.999850868174834373e-01
3.110367892976588127e-09 9.999840760514908666e-01
3.210702341137123294e-09 9.999830321478124784e-01
3.311036789297658462e-09 9.999819551066595480e-01
3.411371237458193629e-09 9.999808449282491241e-01
3.511705685618728797e-09 9.999797016128066929e-01
3.612040133779263551e-09 9.999785251605632919e-01
3.712374581939798719e-09 9.999773155717570639e-01
3.812709030100333886e-09 9.999760728466324800e-01
3.913043478260868640e-09 9.999747969854408947e-01
4.013377926421404221e-09 9.999734879884412120e-01
4.113712374581938975e-09 9.999721458558973319e-01
4.214046822742474556e-09 9.999707705880814812e-01
4.314381270903009310e-09 9.999693621852715486e-01
4.414715719063544892e-09 9.999679206477524174e-01
4.515050167224079646e-09 9.999664459758161872e-01
4.615384615384614399e-09 9.999649381697609529e-01
4.715719063545149981e-09 9.999633972298916929e-01
4.816053511705684735e-09 9.999618231565202686e-01
4.916387959866220316e-09 9.999602159499648701e-01
5.016722408026755070e-09 9.999585756105514589e-01
5.117056856187290651e-09 9.999569021386109924e-01
5.217391304347825405e-09 9.999551955344826437e-01
5.317725752508360159e-09 9.999534557985114702e-01
5.418060200668895740e-09 9.999516829310494126e-01
5.518394648829430494e-09 9.999498769324551839e-01
5.618729096989966075e-09 9.999480378030942695e-01
5.719063545150500829e-09 9.999461655433388163e-01
5.819397993311035583e-09 9.999442601535674102e-01
5.919732441471571164e-09 9.999423216341656317e-01
6.020066889632105918e-09 9.999403499855255006e-01
6.120401337792641499e-09 9.999383452080466972e-01
6.220735785953176253e-09 9.999363073021337867e-01
6.321070234113711835e-09 9.999342362681997720e-01
6.421404682274246589e-09 9.999321321066632073e-01
6.521739130434781343e-09 9.999299948179497521e-01
6.622073578595316924e-09 9.999278244024923934e-01
6.722408026755851678e-09 9.999256208607296692e-01
6.822742474916387259e-09 9.999233841931076672e-01
6.923076923076922013e-09 9.999211144000789142e-01
7.023411371237457594e-09 9.999188114821022655e-01
7.123745819397992348e-09 9.999164754396439037e-01
7.224080267558527102e-09 9.999141062731765617e-01
7.324414715719062683e-09 9.999117039831795228e-01
7.424749163879597437e-09 9.999092685701382877e-01
7.525083612040133018e-09 9.999068000345461282e-01
7.625418060200667772e-09 9.999042983769023119e-01
7.725752508361202526e-09 9.999017635977128782e-01
7.826086956521737280e-09 9.998991956974905282e-01
7.926421404682273689e-09 9.998965946767548463e-01
8.026755852842808442e-09 9.998939605360320781e-01
8.127090301003343196e-09 9.998912932758551309e-01
8.227424749163877950e-09 9.998885928967633507e-01
8.327759197324414359e-09 9.998858593993035226e-01
8.428093645484949113e-09 9.998830927840282046e-01
8.528428093645483867e-09 9.998802930514971710e-01
8.628762541806018621e-09 9.998774602022768576e-01
8.729096989966553375e-09 9.998745942369401396e-01
8.829431438127089783e-09 9.998716951560675525e-01
8.929765886287624537e-09 9.998687629602442950e-01
9.030100334448159291e-09 9.998657976500650024e-01
9.130434782608694045e-09 9.998627992261285291e-01
9.230769230769228799e-09 9.998597676890415009e-01
9.331103678929765207e-09 9.998567030394176491e-01
9.431438127090299961e-09 9.998536052778765892e-01
9.531772575250834715e-09 9.998504744050451531e-01
9.632107023411369469e-09 9.998473104215563900e-01
9.732441471571904223e-09 9.998441133280508986e-01
9.832775919732440632e-09 9.998408831251749396e-01
9.933110367892975386e-09 9.998376198135817683e-01
1.003344481605351014e-08 9.998343233939321895e-01
1.013377926421404489e-08 9.998309938668926700e-01
1.023411371237458130e-08 9.998276312331364490e-01
1.033444816053511606e-08 9.998242354933443155e-01
1.043478260869565081e-08 9.998208066482028311e-01
1.053511705685618556e-08 9.998173446984052193e-01
1.063545150501672032e-08 9.998138496446525858e-01
1.073578595317725673e-08 9.998103214876511435e-01
1.083612040133779148e-08 9.998067602281152100e-01
1.093645484949832623e-08 9.998031658667648758e-01
1.103678929765886099e-08 9.997995384043271150e-01
1.113712374581939574e-08 9.997958778415357850e-01
1.123745819397993215e-08 9.997921841791314046e-01
1.133779264214046690e-08 9.997884574178608208e-01
1.143812709030100166e-08 9.997846975584780971e-01
1.153846153846153641e-08 9.997809046017436252e-01
1.163879598662207117e-08 9.997770785484249023e-01
1.173913043478260757e-08 9.997732193992954208e-01
1.183946488294314233e-08 9.997693271551360006e-01
1.193979933110367708e-08 9.997654018167339007e-01
1.204013377926421184e-08 9.997614433848830418e-01
1.214046822742474824e-08 9.997574518603841165e-01
1.224080267558528300e-08 9.997534272440445902e-01
1.234113712374581775e-08 9.997493695366784783e-01
1.244147157190635251e-08 9.997452787391061246e-01
1.254180602006688726e-08 9.997411548521550895e-01
1.264214046822742367e-08 9.997369978766598164e-01
1.274247491638795842e-08 9.997328078134608553e-01
1.284280936454849318e-08 9.997285846634057505e-01
1.294314381270902793e-08 9.997243284273482633e-01
1.304347826086956269e-08 9.997200391061497049e-01
1.314381270903009909e-08 9.997157167006778256e-01
1.324414715719063385e-08 9.997113612118062598e-01
1.334448160535116860e-08 9.997069726404161916e-01
1.344481605351170336e-08 9.997025509873952442e-01
1.354515050167223811e-08 9.996980962536374804e-01
1.364548494983277452e-08 9.996936084400440681e-01
1.374581939799330927e-08 9.996890875475229477e-01
1.384615384615384403e-08 9.996845335769874996e-01
1.394648829431437878e-08 9.996799465293599862e-01
1.404682274247491519e-08 9.996753264055668886e-01
1.414715719063544994e-08 9.996706732065435697e-01
1.424749163879598470e-08 9.996659869332306103e-01
1.434782608695651945e-08 9.996612675865756970e-01
1.444816053511705420e-08 9.996565151675333993e-01
1.454849498327759061e-08 9.996517296770651706e-01
1.464882943143812537e-08 9.996469111161381260e-01
1.474916387959866012e-08 9.996420594857271524e-01
1.484949832775919487e-08 9.996371747868133539e-01
1.494983277591973128e-08 9.996322570203847180e-01
1.505016722408026604e-08 9.996273061874352273e-01
1.515050167224080079e-08 9.996223222889667470e-01
1.525083612040133554e-08 9.996173053259868047e-01
1.535117056856187030e-08 9.996122552995100330e-01
1.545150501672240505e-08 9.996071722105577262e-01
1.555183946488293981e-08 9.996020560601575067e-01
1.565217391304347456e-08 9.995969068493444354e-01
1.575250836120401262e-08 9.995917245791595684e-01
1.585284280936454738e-08 9.995865092506504013e-01
1.595317725752508213e-08 9.995812608648722009e-01
1.605351170568561688e-08 9.995759794228863404e-01
1.615384615384615164e-08 9.995706649257605214e-01
1.625418060200668639e-08 9.995653173745689957e-01
1.635451505016722115e-08 9.995599367703934535e-01
1.645484949832775590e-08 9.995545231143222464e-01
1.655518394648829065e-08 9.995490764074496104e-01
1.665551839464882872e-08 9.995435966508769976e-01
1.675585284280936347e-08 9.995380838457128547e-01
1.685618729096989823e-08 9.995325379930710685e-01
1.695652173913043298e-08 9.995269590940736304e-01
1.705685618729096773e-08 9.995213471498485269e-01
1.715719063545150249e-08 9.995157021615301840e-01
1.725752508361203724e-08 9.995100241302602440e-01
1.735785953177257200e-08 9.995043130571872325e-01
1.745819397993310675e-08 9.994985689434647824e-01
1.755852842809364150e-08 9.994927917902551862e-01
1.765886287625417957e-08 9.994869815987262873e-01
1.775919732441471432e-08 9.994811383700527019e-01
1.785953177257524907e-08 9.994752621054158181e-01
1.795986622073578383e-08 9.994693528060042409e-01
1.806020066889631858e-08 9.994634104730121260e-01
1.816053511705685334e-08 9.994574351076416230e-01
1.826086956521738809e-08 9.994514267110997663e-01
1.836120401337792284e-08 9.994453852846023612e-01
1.846153846153845760e-08 9.994393108293702088e-01
1.856187290969899566e-08 9.994332033466312160e-01
1.866220735785953041e-08 9.994270628376212828e-01
1.876254180602006517e-08 9.994208893035807506e-01
1.886287625418059992e-08 9.994146827457581761e-01
1.896321070234113468e-08 9.994084431654084444e-01
1.906354515050166943e-08 9.994021705637924358e-01
1.916387959866220418e-08 9.993958649421786911e-01
1.926421404682273894e-08 9.993895263018417463e-01
1.936454849498327369e-08 9.993831546440633540e-01
1.946488294314380845e-08 9.993767499701314838e-01
1.956521739130434651e-08 9.993703122813409889e-01
1.966555183946488126e-08 9.993638415789926066e-01
1.976588628762541602e-08 9.993573378643951788e-01
1.986622073578595077e-08 9.993508011388633205e-01
1.996655518394648553e-08 9.993442314037180862e-01
2.006688963210702028e-08 9.993376286602878578e-01
2.016722408026755503e-08 9.993309929099071232e-01
2.026755852842808979e-08 9.993243241539173649e-01
2.036789297658862454e-08 9.993176223936668379e-01
2.046822742474916260e-08 9.993108876305099031e-01
2.056856187290969736e-08 9.993041198658081381e-01
2.066889632107023211e-08 9.992973191009293377e-01
2.076923076923076687e-08 9.992904853372484020e-01
2.086956521739130162e-08 9.992836185761464485e-01
2.096989966555183637e-08 9.992767188190121441e-01
2.107023411371237113e-08 9.992697860672390409e-01
2.117056856187290588e-08 9.992628203222290173e-01
2.127090301003344064e-08 9.992558215853902803e-01
2.137123745819397539e-08 9.992487898581366990e-01
2.147157190635451345e-08 9.992417251418902469e-01
2.157190635451504821e-08 9.992346274380787818e-01
2.167224080267558296e-08 9.992274967481361569e-01
2.177257525083611771e-08 9.992203330735043298e-01
2.187290969899665247e-08 9.992131364156311424e-01
2.197324414715718722e-08 9.992059067759705426e-01
2.207357859531772198e-08 9.991986441559844723e-01
2.217391304347825673e-08 9.991913485571399800e-01
2.227424749163879148e-08 9.991840199809122192e-01
2.237458193979932955e-08 9.991766584287820052e-01
2.247491638795986430e-08 9.991692639022369260e-01
2.257525083612039905e-08 9.991618364027717858e-01
2.267558528428093381e-08 9.991543759318874951e-01
2.277591973244146856e-08 9.991468824910914037e-01
2.287625418060200332e-08 9.991393560818985220e-01
2.297658862876253807e-08 9.991317967058298555e-01
2.307692307692307282e-08 9.991242043644124049e-01
2.317725752508360758e-08 9.991165790591809426e-01
2.327759197324414233e-08 9.991089207916766801e-01
2.337792642140468040e-08 9.991012295634464913e-01
2.347826086956521515e-08 9.990935053760452433e-01
2.357859531772574990e-08 9.990857482310334658e-01
2.367892976588628466e-08 9.990779581299785717e-01
2.377926421404681941e-08 9.990701350744554121e-01
2.387959866220735417e-08 9.990622790660438346e-01
2.397993311036788892e-08 9.990543901063319021e-01
2.408026755852842367e-08 9.990464681969138949e-01
2.418060200668895843e-08 9.990385133393899775e-01
2.428093645484949649e-08 9.990305255353677527e-01
2.438127090301003124e-08 9.990225047864617069e-01
2.448160535117056600e-08 9.990144510942916556e-01
2.458193979933110075e-08 9.990063644604852966e-01
2.468227424749163551e-08 9.989982448866766562e-01
2.478260869565217026e-08 9.989900923745063110e-01
2.488294314381270501e-08 9.989819069256211659e-01
2.498327759197323977e-08 9.989736885416750090e-01
2.508361204013377452e-08 9.989654372243289560e-01
2.518394648829430928e-08 9.989571529752494516e-01
2.528428093645484734e-08 9.989488357961104903e-01
2.538461538461538209e-08 9.989404856885925055e-01
2.548494983277591685e-08 9.989321026543821480e-01
2.558528428093645160e-08 9.989236866951736182e-01
2.568561872909698635e-08 9.989152378126668896e-01
2.578595317725752111e-08 9.989067560085685971e-01
2.588628762541805586e-08 9.988982412845927028e-01
2.598662207357859062e-08 9.988896936424590534e-01
2.608695652173912537e-08 9.988811130838948227e-01
2.618729096989966343e-08 9.988724996106332910e-01
2.628762541806019819e-08 9.988638532244142887e-01
2.638795986622073294e-08 9.988551739269843077e-01
2.648829431438126769e-08 9.988464617200972784e-01
2.658862876254180245e-08 9.988377166055129042e-01
2.668896321070233720e-08 9.988289385849971058e-01
2.678929765886287196e-08 9.988201276603243528e-01
2.688963210702340671e-08 9.988112838332732224e-01
2.698996655518394146e-08 9.988024071056308406e-01
2.709030100334447622e-08 9.987934974791897735e-01
2.719063545150501428e-08 9.987845549557501368e-01
2.729096989966554904e-08 9.987755795371178191e-01
2.739130434782608379e-08 9.987665712251065919e-01
2.749163879598661854e-08 9.987575300215347784e-01
2.759197324414715330e-08 9.987484559282295837e-01
2.769230769230768805e-08 9.987393489470228758e-01
2.779264214046822281e-08 9.987302090797547383e-01
2.789297658862875756e-08 9.987210363282712500e-01
2.799331103678929231e-08 9.987118306944244850e-01
2.809364548494983038e-08 9.987025921800742889e-01
2.819397993311036513e-08 9.986933207870858364e-01
2.829431438127089988e-08 9.986840165173324069e-01
2.839464882943143464e-08 9.986746793726922755e-01
2.849498327759196939e-08 9.986653093550520444e-01
2.859531772575250415e-08 9.986559064663030894e-01
2.869565217391303890e-08 9.986464707083452241e-01
2.879598662207357365e-08 9.986370020830834804e-01
2.889632107023410841e-08 9.986275005924305503e-01
2.899665551839464316e-08 9.986179662383043443e-01
2.909698996655518122e-08 9.986083990226312102e-01
2.919732441471571598e-08 9.985987989473426030e-01
2.929765886287625073e-08 9.985891660143768611e-01
2.939799331103678549e-08 9.985795002256798725e-01
2.949832775919732024e-08 9.985698015832029650e-01
2.959866220735785499e-08 9.985600700889050163e-01
2.969899665551838975e-08 9.985503057447508990e-01
2.979933110367892450e-08 9.985405085527118141e-01
2.989966555183946256e-08 9.985306785147667341e-01
2.999999999999999732e-08 9.985208156328998497e-01
