0.000000000000000000e+00 9.999999999999995559e-01
1.003344481605351029e-10 9.999999901170741889e-01
2.006688963210702059e-10 9.999999604682997534e-01
3.010033444816052959e-10 9.999999110536792468e-01
4.013377926421404118e-10 9.999998418732191086e-01
5.016722408026755277e-10 9.999997529269274432e-01
6.020066889632105918e-10 9.999996442148147979e-01
7.023411371237457594e-10 9.999995157368947174e-01
8.026755852842808236e-10 9.999993674931826337e-01
9.030100334448158877e-10 9.999991994836960885e-01
1.003344481605351055e-09 9.999990117084557317e-01
1.103678929765886223e-09 9.999988041674841011e-01
1.204013377926421184e-09 9.999985768608059544e-01
1.304347826086956351e-09 9.999983297884491584e-01
1.404682274247491519e-09 9.999980629504434670e-01
1.505016722408026480e-09 9.999977763468209657e-01
1.605351170568561647e-09 9.999974699776159603e-01
1.705685618729096815e-09 9.999971438428661985e-01
1.806020066889631775e-09 9.999967979426100939e-01
1.906354515050166943e-09 9.999964322768902791e-01
2.006688963210702111e-09 9.999960468457501639e-01
2.107023411371237278e-09 9.999956416492363775e-01
2.207357859531772446e-09 9.999952166873982140e-01
2.307692307692307200e-09 9.999947719602866325e-01
2.408026755852842367e-09 9.999943074679554789e-01
2.508361204013377535e-09 9.999938232104605973e-01
2.608695652173912702e-09 9.999933191878604966e-01
2.709030100334447870e-09 9.999927954002161279e-01
2.809364548494983038e-09 9.999922518475906630e-01
2.909698996655517792e-09 9.999916885300498270e-01
3.010033444816052959e-09 9.999911054476610106e-01
3.110367892976588127e-09 9.999905026004951569e-01
3.210702341137123294e-09 9.999898799886248746e-01
3.311036789297658462e-09 9.999892376121249926e-01
3.411371237458193629e-09 9.999885754710737817e-01
3.511705685618728797e-09 9.999878935655502898e-01
3.612040133779263551e-09 9.999871918956372285e-01
3.712374581939798719e-09 9.999864704614194189e-01
3.812709030100333886e-09 9.999857292629836802e-01
3.913043478260868640e-09 9.999849683004190526e-01
4.013377926421404221e-09 9.999841875738184616e-01
4.113712374581938975e-09 9.999833870832750549e-01
4.214046822742474556e-09 9.999825668288860880e-01
4.314381270903009310e-09 9.999817268107501489e-01
4.414715719063544892e-09 9.999808670289684898e-01
4.515050167224079646e-09 9.999799874836454716e-01
4.615384615384614399e-09 9.999790881748866767e-01
4.715719063545149981e-09 9.999781691028009067e-01
4.816053511705684735e-09 9.999772302674991842e-01
4.916387959866220316e-09 9.999762716690943076e-01
5.016722408026755070e-09 9.999752933077024064e-01
5.117056856187290651e-09 9.999742951834411642e-01
5.217391304347825405e-09 9.999732772964315952e-01
5.317725752508360159e-09 9.999722396467958241e-01
5.418060200668895740e-09 9.999711822346597501e-01
5.518394648829430494e-09 9.999701050601502716e-01
5.618729096989966075e-09 9.999690081233981731e-01
5.719063545150500829e-09 9.999678914245351269e-01
5.819397993311035583e-09 9.999667549636960251e-01
5.919732441471571164e-09 9.999655987410185354e-01
6.020066889632105918e-09 9.999644227566414356e-01
6.120401337792641499e-09 9.999632270107071674e-01
6.220735785953176253e-09 9.999620115033595047e-01
6.321070234113711835e-09 9.999607762347454409e-01
6.421404682274246589e-09 9.999595212050145232e-01
6.521739130434781343e-09 9.999582464143171867e-01
6.622073578595316924e-09 9.999569518628080855e-01
6.722408026755851678e-09 9.999556375506428729e-01
6.822742474916387259e-09 9.999543034779805328e-01
6.923076923076922013e-09 9.999529496449820476e-01
7.023411371237457594e-09 9.999515760518103979e-01
7.123745819397992348e-09 9.999501826986314512e-01
7.224080267558527102e-09 9.999487695856137393e-01
7.324414715719062683e-09 9.999473367129274592e-01
7.424749163879597437e-09 9.999458840807453619e-01
7.525083612040133018e-09 9.999444116892433065e-01
7.625418060200667772e-09 9.999429195385980407e-01
7.725752508361202526e-09 9.999414076289905307e-01
7.826086956521737280e-09 9.999398759606026310e-01
7.926421404682273689e-09 9.999383245336193049e-01
8.026755852842808442e-09 9.999367533482280690e-01
8.127090301003343196e-09 9.999351624046181053e-01
8.227424749163877950e-09 9.999335517029811493e-01
8.327759197324414359e-09 9.999319212435126003e-01
8.428093645484949113e-09 9.999302710264077465e-01
8.528428093645483867e-09 9.999286010518673162e-01
8.628762541806018621e-09 9.999269113200915937e-01
8.729096989966553375e-09 9.999252018312847490e-01
8.829431438127089783e-09 9.999234725856532835e-01
8.929765886287624537e-09 9.999217235834056972e-01
9.030100334448159291e-09 9.999199548247530434e-01
9.130434782608694045e-09 9.999181663099089290e-01
9.230769230769228799e-09 9.999163580390888484e-01
9.331103678929765207e-09 9.999145300125112934e-01
9.431438127090299961e-09 9.999126822303966433e-01
9.531772575250834715e-09 9.999108146929676089e-01
9.632107023411369469e-09 9.999089274004500094e-01
9.732441471571904223e-09 9.999070203530713297e-01
9.832775919732440632e-09 9.999050935510618299e-01
9.933110367892975386e-09 9.999031469946536577e-01
1.003344481605351014e-08 9.999011806840820693e-01
1.013377926421404489e-08 9.998991946195839864e-01
1.023411371237458130e-08 9.998971888013994391e-01
1.033444816053511606e-08 9.998951632297699010e-01
1.043478260869565081e-08 9.998931179049402873e-01
1.053511705685618556e-08 9.998910528271571785e-01
1.063545150501672032e-08 9.998889679966694866e-01
1.073578595317725673e-08 9.998868634137293432e-01
1.083612040133779148e-08 9.998847390785902123e-01
1.093645484949832623e-08 9.998825949915086664e-01
1.103678929765886099e-08 9.998804311527430544e-01
1.113712374581939574e-08 9.998782475625549448e-01
1.123745819397993215e-08 9.998760442212072386e-01
1.133779264214046690e-08 9.998738211289663891e-01
1.143812709030100166e-08 9.998715782861000712e-01
1.153846153846153641e-08 9.998693156928790682e-01
1.163879598662207117e-08 9.998670333495764950e-01
1.173913043478260757e-08 9.998647312564679090e-01
1.183946488294314233e-08 9.998624094138306440e-01
1.193979933110367708e-08 9.998600678219446980e-01
1.204013377926421184e-08 9.998577064810932891e-01
1.214046822742474824e-08 9.998553253915609673e-01
1.224080267558528300e-08 9.998529245536346144e-01
1.234113712374581775e-08 9.998505039676044426e-01
1.244147157190635251e-08 9.998480636337623295e-01
1.254180602006688726e-08 9.998456035524025953e-01
1.264214046822742367e-08 9.998431237238225577e-01
1.274247491638795842e-08 9.998406241483200896e-01
1.284280936454849318e-08 9.998381048261983928e-01
1.294314381270902793e-08 9.998355657577604472e-01
1.304347826086956269e-08 9.998330069433125633e-01
1.314381270903009909e-08 9.998304283831638273e-01
1.324414715719063385e-08 9.998278300776253236e-01
1.334448160535116860e-08 9.998252120270102461e-01
1.344481605351170336e-08 9.998225742316348974e-01
1.354515050167223811e-08 9.998199166918170233e-01
1.364548494983277452e-08 9.998172394078775893e-01
1.374581939799330927e-08 9.998145423801393372e-01
1.384615384615384403e-08 9.998118256089276734e-01
1.394648829431437878e-08 9.998090890945708908e-01
1.404682274247491519e-08 9.998063328373981706e-01
1.414715719063544994e-08 9.998035568377425797e-01
1.424749163879598470e-08 9.998007610959392943e-01
1.434782608695651945e-08 9.997979456123251563e-01
1.444816053511705420e-08 9.997951103872400047e-01
1.454849498327759061e-08 9.997922554210260104e-01
1.464882943143812537e-08 9.997893807140272315e-01
1.474916387959866012e-08 9.997864862665908348e-01
1.484949832775919487e-08 9.997835720790657632e-01
1.494983277591973128e-08 9.997806381518035135e-01
1.505016722408026604e-08 9.997776844851585798e-01
1.515050167224080079e-08 9.997747110794865666e-01
1.525083612040133554e-08 9.997717179351468531e-01
1.535117056856187030e-08 9.997687050524998176e-01
1.545150501672240505e-08 9.997656724319095023e-01
1.555183946488293981e-08 9.997626200737416147e-01
1.565217391304347456e-08 9.997595479783641936e-01
1.575250836120401262e-08 9.997564561461478316e-01
1.585284280936454738e-08 9.997533445774655636e-01
1.595317725752508213e-08 9.997502132726929780e-01
1.605351170568561688e-08 9.997470622322075506e-01
1.615384615384615164e-08 9.997438914563895329e-01
1.625418060200668639e-08 9.997407009456211746e-01
1.635451505016722115e-08 9.997374907002878341e-01
1.645484949832775590e-08 9.997342607207764242e-01
1.655518394648829065e-08 9.997310110074767442e-01
1.665551839464882872e-08 9.997277415607807027e-01
1.675585284280936347e-08 9.997244523810825401e-01
1.685618729096989823e-08 9.997211434687791609e-01
1.695652173913043298e-08 9.997178148242700235e-01
1.705685618729096773e-08 9.997144664479560294e-01
1.715719063545150249e-08 9.997110983402417439e-01
1.725752508361203724e-08 9.997077105015328424e-01
1.735785953177257200e-08 9.997043029322386642e-01
1.745819397993310675e-08 9.997008756327694368e-01
1.755852842809364150e-08 9.996974286035393842e-01
1.765886287625417957e-08 9.996939618449637299e-01
1.775919732441471432e-08 9.996904753574610281e-01
1.785953177257524907e-08 9.996869691414511649e-01
1.795986622073578383e-08 9.996834431973578017e-01
1.806020066889631858e-08 9.996798975256062647e-01
1.816053511705685334e-08 9.996763321266234348e-01
1.826086956521738809e-08 9.996727470008403005e-01
1.836120401337792284e-08 9.996691421486889606e-01
1.846153846153845760e-08 9.996655175706038454e-01
1.856187290969899566e-08 9.996618732670229379e-01
1.866220735785953041e-08 9.996582092383848872e-01
1.876254180602006517e-08 9.996545254851321172e-01
1.886287625418059992e-08 9.996508220077094942e-01
1.896321070234113468e-08 9.996470988065627727e-01
1.906354515050166943e-08 9.996433558821413712e-01
1.916387959866220418e-08 9.996395932348964841e-01
1.926421404682273894e-08 9.996358108652828589e-01
1.936454849498327369e-08 9.996320087737556870e-01
1.946488294314380845e-08 9.996281869607742676e-01
1.956521739130434651e-08 9.996243454267990103e-01
1.966555183946488126e-08 9.996204841722935441e-01
1.976588628762541602e-08 9.996166031977234967e-01
1.986622073578595077e-08 9.996127025035571600e-01
1.996655518394648553e-08 9.996087820902646026e-01
2.006688963210702028e-08 9.996048419583190014e-01
2.016722408026755503e-08 9.996008821081954210e-01
2.026755852842808979e-08 9.995969025403715902e-01
2.036789297658862454e-08 9.995929032553271254e-01
2.046822742474916260e-08 9.995888842535448626e-01
2.056856187290969736e-08 9.995848455355089701e-01
2.066889632107023211e-08 9.995807871017070578e-01
2.076923076923076687e-08 9.995767089526285121e-01
2.086956521739130162e-08 9.995726110887647176e-01
2.096989966555183637e-08 9.995684935106105007e-01
2.107023411371237113e-08 9.995643562186616871e-01
2.117056856187290588e-08 9.995601992134180991e-01
2.127090301003344064e-08 9.995560224953804473e-01
2.137123745819397539e-08 9.995518260650528841e-01
2.147157190635451345e-08 9.995476099229413380e-01
2.157190635451504821e-08 9.995433740695541802e-01
2.167224080267558296e-08 9.995391185054022243e-01
2.177257525083611771e-08 9.995348432309988373e-01
2.187290969899665247e-08 9.995305482468594960e-01
2.197324414715718722e-08 9.995262335535024523e-01
2.207357859531772198e-08 9.995218991514475126e-01
2.217391304347825673e-08 9.995175450412173701e-01
2.227424749163879148e-08 9.995131712233378263e-01
2.237458193979932955e-08 9.995087776983359040e-01
2.247491638795986430e-08 9.995043644667411797e-01
2.257525083612039905e-08 9.994999315290863384e-01
2.267558528428093381e-08 9.994954788859055084e-01
2.277591973244146856e-08 9.994910065377355934e-01
2.287625418060200332e-08 9.994865144851163841e-01
2.297658862876253807e-08 9.994820027285897801e-01
2.307692307692307282e-08 9.994774712686987916e-01
2.317725752508360758e-08 9.994729201059907586e-01
2.327759197324414233e-08 9.994683492410142422e-01
2.337792642140468040e-08 9.994637586743201352e-01
2.347826086956521515e-08 9.994591484064624387e-01
2.357859531772574990e-08 9.994545184379968195e-01
2.367892976588628466e-08 9.994498687694814976e-01
2.377926421404681941e-08 9.994451994014774687e-01
2.387959866220735417e-08 9.994405103345476160e-01
2.397993311036788892e-08 9.994358015692573760e-01
2.408026755852842367e-08 9.994310731061744058e-01
2.418060200668895843e-08 9.994263249458690268e-01
2.428093645484949649e-08 9.994215570889133371e-01
2.438127090301003124e-08 9.994167695358827652e-01
2.448160535117056600e-08 9.994119622873542941e-01
2.458193979933110075e-08 9.994071353439079042e-01
2.468227424749163551e-08 9.994022887061250193e-01
2.478260869565217026e-08 9.993974223745906160e-01
2.488294314381270501e-08 9.993925363498910031e-01
2.498327759197323977e-08 9.993876306326159309e-01
2.508361204013377452e-08 9.993827052233559272e-01
2.518394648829430928e-08 9.993777601227056273e-01
2.528428093645484734e-08 9.993727953312611101e-01
2.538461538461538209e-08 9.993678108496206747e-01
2.548494983277591685e-08 9.993628066783853958e-01
2.558528428093645160e-08 9.993577828181589018e-01
2.568561872909698635e-08 9.993527392695467082e-01
2.578595317725752111e-08 9.993476760331569952e-01
2.588628762541805586e-08 9.993425931096000525e-01
2.598662207357859062e-08 9.993374904994888341e-01
2.608695652173912537e-08 9.993323682034386257e-01
2.618729096989966343e-08 9.993272262220667113e-01
2.628762541806019819e-08 9.993220645559930393e-01
2.638795986622073294e-08 9.993168832058402229e-01
2.648829431438126769e-08 9.993116821722322074e-01
2.658862876254180245e-08 9.993064614557969350e-01
2.668896321070233720e-08 9.993012210571635690e-01
2.678929765886287196e-08 9.992959609769633822e-01
2.688963210702340671e-08 9.992906812158310892e-01
2.698996655518394146e-08 9.992853817744029588e-01
2.709030100334447622e-08 9.992800626533178132e-01
2.719063545150501428e-08 9.992747238532170284e-01
2.729096989966554904e-08 9.992693653747440896e-01
2.739130434782608379e-08 9.992639872185448136e-01
2.749163879598661854e-08 9.992585893852676815e-01
2.759197324414715330e-08 9.992531718755636172e-01
2.769230769230768805e-08 9.992477346900858759e-01
2.779264214046822281e-08 9.992422778294889341e-01
2.789297658862875756e-08 9.992368012944317091e-01
2.799331103678929231e-08 9.992313050855737844e-01
2.809364548494983038e-08 9.992257892035776301e-01
2.819397993311036513e-08 9.992202536491086029e-01
2.829431438127089988e-08 9.992146984228337248e-01
2.839464882943143464e-08 9.992091235254225712e-01
2.849498327759196939e-08 9.992035289575471602e-01
2.859531772575250415e-08 9.991979147198821742e-01
2.869565217391303890e-08 9.991922808131041833e-01
2.879598662207357365e-08 9.991866272378918667e-01
2.889632107023410841e-08 9.991809539949274566e-01
2.899665551839464316e-08 9.991752610848938509e-01
2.909698996655518122e-08 9.991695485084782780e-01
2.919732441471571598e-08 9.991638162663687428e-01
2.929765886287625073e-08 9.991580643592560262e-01
2.939799331103678549e-08 9.991522927878339067e-01
2.949832775919732024e-08 9.991465015527977167e-01
2.959866220735785499e-08 9.991406906548452316e-01
2.969899665551838975e-08 9.991348600946777792e-01
2.979933110367892450e-08 9.991290098729971314e-01
2.989966555183946256e-08 9.991231399905087240e-01
2.999999999999999732e-08 9.991172504479202132e-01
