0.000000000000000000e+00 9.999999999999995559e-01
1.003344481605351029e-10 9.999999959996317411e-01
2.006688963210702059e-10 9.999999839985278527e-01
3.010033444816052959e-10 9.999999639966890008e-01
4.013377926421404118e-10 9.999999359941155186e-01
5.016722408026755277e-10 9.999998999908097375e-01
6.020066889632105918e-10 9.999998559867727677e-01
7.023411371237457594e-10 9.999998039820066076e-01
8.026755852842808236e-10 9.999997439765140328e-01
9.030100334448158877e-10 9.999996759702983740e-01
1.003344481605351055e-09 9.999995999633624066e-01
1.103678929765886223e-09 9.999995159557095725e-01
1.204013377926421184e-09 9.999994239473448676e-01
1.304347826086956351e-09 9.999993239382720667e-01
1.404682274247491519e-09 9.999992159284963877e-01
1.505016722408026480e-09 9.999990999180230489e-01
1.605351170568561647e-09 9.999989759068577122e-01
1.705685618729096815e-09 9.999988438950064840e-01
1.806020066889631775e-09 9.999987038824758034e-01
1.906354515050166943e-09 9.999985558692721099e-01
2.006688963210702111e-09 9.999983998554031750e-01
2.107023411371237278e-09 9.999982358408765482e-01
2.207357859531772446e-09 9.999980638257001120e-01
2.307692307692307200e-09 9.999978838098819711e-01
2.408026755852842367e-09 9.999976957934316735e-01
2.508361204013377535e-09 9.999974997763576567e-01
2.608695652173912702e-09 9.999972957586699129e-01
2.709030100334447870e-09 9.999970837403783230e-01
2.809364548494983038e-09 9.999968637214928791e-01
2.909698996655517792e-09 9.999966357020250163e-01
3.010033444816052959e-09 9.999963996819855039e-01
3.110367892976588127e-09 9.999961556613855551e-01
3.210702341137123294e-09 9.999959036402378265e-01
3.311036789297658462e-09 9.999956436185538644e-01
3.411371237458193629e-09 9.999953755963468804e-01
3.511705685618728797e-09 9.999950995736297532e-01
3.612040133779263551e-09 9.999948155504159164e-01
3.712374581939798719e-09 9.999945235267199140e-01
3.812709030100333886e-09 9.999942235025548465e-01
3.913043478260868640e-09 9.999939154779359241e-01
4.013377926421404221e-09 9.999935994528784677e-01
4.113712374581938975e-09 9.999932754273975766e-01
4.214046822742474556e-09 9.999929434015094598e-01
4.314381270903009310e-09 9.999926033752295496e-01
4.414715719063544892e-09 9.999922553485753873e-01
4.515050167224079646e-09 9.999918993215634044e-01
4.615384615384614399e-09 9.999915352942111424e-01
4.715719063545149981e-09 9.999911632665363648e-01
4.816053511705684735e-09 9.999907832385571682e-01
4.916387959866220316e-09 9.999903952102924265e-01
5.016722408026755070e-09 9.999899991817606804e-01
5.117056856187290651e-09 9.999895951529814697e-01
5.217391304347825405e-09 9.999891831239745565e-01
5.317725752508360159e-09 9.999887630947599249e-01
5.418060200668895740e-09 9.999883350653585579e-01
5.518394648829430494e-09 9.999878990357904396e-01
5.618729096989966075e-09 9.999874550060781075e-01
5.719063545150500829e-09 9.999870029762418788e-01
5.819397993311035583e-09 9.999865429463048461e-01
5.919732441471571164e-09 9.999860749162891027e-01
6.020066889632105918e-09 9.999855988862176304e-01
6.120401337792641499e-09 9.999851148561136327e-01
6.220735785953176253e-09 9.999846228260006464e-01
6.321070234113711835e-09 9.999841227959027634e-01
6.421404682274246589e-09 9.999836147658447416e-01
6.521739130434781343e-09 9.999830987358507839e-01
6.622073578595316924e-09 9.999825747059464254e-01
6.722408026755851678e-09 9.999820426761575343e-01
6.822742474916387259e-09 9.999815026465097567e-01
6.923076923076922013e-09 9.999809546170289609e-01
7.023411371237457594e-09 9.999803985877429024e-01
7.123745819397992348e-09 9.999798345586782267e-01
7.224080267558527102e-09 9.999792625298626891e-01
7.324414715719062683e-09 9.999786825013239344e-01
7.424749163879597437e-09 9.999780944730909393e-01
7.525083612040133018e-09 9.999774984451913484e-01
7.625418060200667772e-09 9.999768944176550267e-01
7.725752508361202526e-09 9.999762823905116171e-01
7.826086956521737280e-09 9.999756623637905406e-01
7.926421404682273689e-09 9.999750343375223283e-01
8.026755852842808442e-09 9.999743983117376223e-01
8.127090301003343196e-09 9.999737542864671758e-01
8.227424749163877950e-09 9.999731022617430742e-01
8.327759197324414359e-09 9.999724422375967370e-01
8.428093645484949113e-09 9.999717742140606935e-01
8.528428093645483867e-09 9.999710981911670293e-01
8.628762541806018621e-09 9.999704141689492731e-01
8.729096989966553375e-09 9.999697221474405096e-01
8.829431438127089783e-09 9.999690221266749335e-01
8.929765886287624537e-09 9.999683141066864067e-01
9.030100334448159291e-09 9.999675980875095682e-01
9.130434782608694045e-09 9.999668740691796121e-01
9.230769230769228799e-09 9.999661420517318433e-01
9.331103678929765207e-09 9.999654020352013450e-01
9.431438127090299961e-09 9.999646540196249767e-01
9.531772575250834715e-09 9.999638980050394865e-01
9.632107023411369469e-09 9.999631339914811790e-01
9.732441471571904223e-09 9.999623619789876905e-01
9.832775919732440632e-09 9.999615819675964357e-01
9.933110367892975386e-09 9.999607939573461612e-01
1.003344481605351014e-08 9.999599979482746148e-01
1.013377926421404489e-08 9.999591939404210983e-01
1.023411371237458130e-08 9.999583819338245805e-01
1.033444816053511606e-08 9.999575619285253625e-01
1.043478260869565081e-08 9.999567339245627462e-01
1.053511705685618556e-08 9.999558979219773658e-01
1.063545150501672032e-08 9.999550539208104105e-01
1.073578595317725673e-08 9.999542019211027366e-01
1.083612040133779148e-08 9.999533419228963105e-01
1.093645484949832623e-08 9.999524739262324324e-01
1.103678929765886099e-08 9.999515979311542901e-01
1.113712374581939574e-08 9.999507139377042941e-01
1.123745819397993215e-08 9.999498219459257431e-01
1.133779264214046690e-08 9.999489219558622688e-01
1.143812709030100166e-08 9.999480139675576140e-01
1.153846153846153641e-08 9.999470979810560767e-01
1.163879598662207117e-08 9.999461739964029539e-01
1.173913043478260757e-08 9.999452420136423214e-01
1.183946488294314233e-08 9.999443020328208087e-01
1.193979933110367708e-08 9.999433540539837129e-01
1.204013377926421184e-08 9.999423980771774412e-01
1.214046822742474824e-08 9.999414341024490671e-01
1.224080267558528300e-08 9.999404621298448870e-01
1.234113712374581775e-08 9.999394821594130844e-01
1.244147157190635251e-08 9.999384941912010660e-01
1.254180602006688726e-08 9.999374982252575705e-01
1.264214046822742367e-08 9.999364942616305596e-01
1.274247491638795842e-08 9.999354823003697712e-01
1.284280936454849318e-08 9.999344623415241662e-01
1.294314381270902793e-08 9.999334343851438156e-01
1.304347826086956269e-08 9.999323984312786795e-01
1.314381270903009909e-08 9.999313544799796061e-01
1.324414715719063385e-08 9.999303025312975546e-01
1.334448160535116860e-08 9.999292425852837063e-01
1.344481605351170336e-08 9.999281746419902417e-01
1.354515050167223811e-08 9.999270987014685641e-01
1.364548494983277452e-08 9.999260147637720753e-01
1.374581939799330927e-08 9.999249228289532887e-01
1.384615384615384403e-08 9.999238228970653841e-01
1.394648829431437878e-08 9.999227149681624294e-01
1.404682274247491519e-08 9.999215990422984923e-01
1.414715719063544994e-08 9.999204751195277519e-01
1.424749163879598470e-08 9.999193431999054971e-01
1.434782608695651945e-08 9.999182032834865730e-01
1.444816053511705420e-08 9.999170553703273789e-01
1.454849498327759061e-08 9.999158994604828710e-01
1.464882943143812537e-08 9.999147355540107807e-01
1.474916387959866012e-08 9.999135636509668412e-01
1.484949832775919487e-08 9.999123837514091173e-01
1.494983277591973128e-08 9.999111958553950075e-01
1.505016722408026604e-08 9.999099999629820212e-01
1.515050167224080079e-08 9.999087960742291115e-01
1.525083612040133554e-08 9.999075841891948979e-01
1.535117056856187030e-08 9.999063643079386665e-01
1.545150501672240505e-08 9.999051364305199252e-01
1.555183946488293981e-08 9.999039005569986260e-01
1.565217391304347456e-08 9.999026566874350541e-01
1.575250836120401262e-08 9.999014048218902717e-01
1.585284280936454738e-08 9.999001449604252301e-01
1.595317725752508213e-08 9.998988771031008804e-01
1.605351170568561688e-08 9.998976012499802835e-01
1.615384615384615164e-08 9.998963174011251676e-01
1.625418060200668639e-08 9.998950255565979273e-01
1.635451505016722115e-08 9.998937257164621784e-01
1.645484949832775590e-08 9.998924178807809815e-01
1.655518394648829065e-08 9.998911020496185076e-01
1.665551839464882872e-08 9.998897782230390385e-01
1.675585284280936347e-08 9.998884464011070783e-01
1.685618729096989823e-08 9.998871065838874639e-01
1.695652173913043298e-08 9.998857587714460315e-01
1.705685618729096773e-08 9.998844029638485065e-01
1.715719063545150249e-08 9.998830391611608359e-01
1.725752508361203724e-08 9.998816673634500773e-01
1.735785953177257200e-08 9.998802875707831772e-01
1.745819397993310675e-08 9.998788997832269709e-01
1.755852842809364150e-08 9.998775040008497372e-01
1.765886287625417957e-08 9.998761002237195328e-01
1.775919732441471432e-08 9.998746884519048583e-01
1.785953177257524907e-08 9.998732686854747698e-01
1.795986622073578383e-08 9.998718409244983230e-01
1.806020066889631858e-08 9.998704051690453509e-01
1.816053511705685334e-08 9.998689614191863528e-01
1.826086956521738809e-08 9.998675096749914948e-01
1.836120401337792284e-08 9.998660499365319421e-01
1.846153846153845760e-08 9.998645822038786379e-01
1.856187290969899566e-08 9.998631064771031918e-01
1.866220735785953041e-08 9.998616227562778791e-01
1.876254180602006517e-08 9.998601310414753085e-01
1.886287625418059992e-08 9.998586313327683106e-01
1.896321070234113468e-08 9.998571236302298271e-01
1.906354515050166943e-08 9.998556079339337987e-01
1.916387959866220418e-08 9.998540842439539444e-01
1.926421404682273894e-08 9.998525525603649822e-01
1.936454849498327369e-08 9.998510128832414079e-01
1.946488294314380845e-08 9.998494652126587168e-01
1.956521739130434651e-08 9.998479095486925150e-01
1.966555183946488126e-08 9.998463458914185198e-01
1.976588628762541602e-08 9.998447742409131145e-01
1.986622073578595077e-08 9.998431945972530155e-01
1.996655518394648553e-08 9.998416069605157164e-01
2.006688963210702028e-08 9.998400113307782666e-01
2.016722408026755503e-08 9.998384077081191590e-01
2.026755852842808979e-08 9.998367960926162201e-01
2.036789297658862454e-08 9.998351764843482758e-01
2.046822742474916260e-08 9.998335488833944851e-01
2.056856187290969736e-08 9.998319132898342287e-01
2.066889632107023211e-08 9.998302697037477760e-01
2.076923076923076687e-08 9.998286181252146188e-01
2.086956521739130162e-08 9.998269585543163585e-01
2.096989966555183637e-08 9.998252909911331532e-01
2.107023411371237113e-08 9.998236154357470484e-01
2.117056856187290588e-08 9.998219318882397566e-01
2.127090301003344064e-08 9.998202403486931011e-01
2.137123745819397539e-08 9.998185408171900157e-01
2.147157190635451345e-08 9.998168332938136560e-01
2.157190635451504821e-08 9.998151177786471777e-01
2.167224080267558296e-08 9.998133942717744027e-01
2.177257525083611771e-08 9.998116627732793749e-01
2.187290969899665247e-08 9.998099232832469152e-01
2.197324414715718722e-08 9.998081758017617338e-01
2.207357859531772198e-08 9.998064203289089846e-01
2.217391304347825673e-08 9.998046568647750432e-01
2.227424749163879148e-08 9.998028854094455076e-01
2.237458193979932955e-08 9.998011059630068642e-01
2.247491638795986430e-08 9.997993185255460435e-01
2.257525083612039905e-08 9.997975230971507532e-01
2.267558528428093381e-08 9.997957196779081457e-01
2.277591973244146856e-08 9.997939082679069278e-01
2.287625418060200332e-08 9.997920888672344741e-01
2.297658862876253807e-08 9.997902614759809348e-01
2.307692307692307282e-08 9.997884260942343504e-01
2.317725752508360758e-08 9.997865827220852042e-01
2.327759197324414233e-08 9.997847313596229801e-01
2.337792642140468040e-08 9.997828720069382724e-01
2.347826086956521515e-08 9.997810046641220083e-01
2.357859531772574990e-08 9.997791293312652261e-01
2.367892976588628466e-08 9.997772460084599633e-01
2.377926421404681941e-08 9.997753546957971471e-01
2.387959866220735417e-08 9.997734553933700363e-01
2.397993311036788892e-08 9.997715481012710015e-01
2.408026755852842367e-08 9.997696328195933013e-01
2.418060200668895843e-08 9.997677095484305276e-01
2.428093645484949649e-08 9.997657782878763832e-01
2.438127090301003124e-08 9.997638390380252371e-01
2.448160535117056600e-08 9.997618917989720133e-01
2.458193979933110075e-08 9.997599365708109698e-01
2.468227424749163551e-08 9.997579733536388069e-01
2.478260869565217026e-08 9.997560021475511149e-01
2.488294314381270501e-08 9.997540229526431510e-01
2.498327759197323977e-08 9.997520357690126147e-01
2.508361204013377452e-08 9.997500405967560955e-01
2.518394648829430928e-08 9.997480374359710709e-01
2.528428093645484734e-08 9.997460262867552405e-01
2.538461538461538209e-08 9.997440071492070812e-01
2.548494983277591685e-08 9.997419800234248477e-01
2.558528428093645160e-08 9.997399449095079049e-01
2.568561872909698635e-08 9.997379018075555068e-01
2.578595317725752111e-08 9.997358507176673514e-01
2.588628762541805586e-08 9.997337916399433588e-01
2.598662207357859062e-08 9.997317245744843373e-01
2.608695652173912537e-08 9.997296495213909839e-01
2.618729096989966343e-08 9.997275664807651063e-01
2.628762541806019819e-08 9.997254754527079568e-01
2.638795986622073294e-08 9.997233764373218978e-01
2.648829431438126769e-08 9.997212694347094031e-01
2.658862876254180245e-08 9.997191544449731682e-01
2.668896321070233720e-08 9.997170314682164438e-01
2.678929765886287196e-08 9.997149005045433690e-01
2.688963210702340671e-08 9.997127615540573053e-01
2.698996655518394146e-08 9.997106146168628360e-01
2.709030100334447622e-08 9.997084596930653211e-01
2.719063545150501428e-08 9.997062967827696767e-01
2.729096989966554904e-08 9.997041258860812629e-01
2.739130434782608379e-08 9.997019470031059951e-01
2.749163879598661854e-08 9.996997601339508988e-01
2.759197324414715330e-08 9.996975652787223332e-01
2.769230769230768805e-08 9.996953624375273240e-01
2.779264214046822281e-08 9.996931516104741178e-01
2.789297658862875756e-08 9.996909327976697401e-01
2.799331103678929231e-08 9.996887059992231039e-01
2.809364548494983038e-08 9.996864712152425669e-01
2.819397993311036513e-08 9.996842284458377081e-01
2.829431438127089988e-08 9.996819776911175515e-01
2.839464882943143464e-08 9.996797189511923420e-01
2.849498327759196939e-08 9.996774522261722140e-01
2.859531772575250415e-08 9.996751775161679676e-01
2.869565217391303890e-08 9.996728948212904031e-01
2.879598662207357365e-08 9.996706041416509869e-01
2.889632107023410841e-08 9.996683054773619626e-01
2.899665551839464316e-08 9.996659988285352405e-01
2.909698996655518122e-08 9.996636841952833974e-01
2.919732441471571598e-08 9.996613615777194539e-01
2.929765886287625073e-08 9.996590309759570969e-01
2.939799331103678549e-08 9.996566923901097912e-01
2.949832775919732024e-08 9.996543458202918897e-01
2.959866220735785499e-08 9.996519912666175234e-01
2.969899665551838975e-08 9.996496287292025995e-01
2.979933110367892450e-08 9.996472582081613600e-01
2.989966555183946256e-08 9.996448797036102674e-01
2.999999999999999732e-08 9.996424932156655618e-01
