0.000000000000000000e+00 9.999999999999995559e-01
1.003344481605351029e-10 9.999999863489492657e-01
2.006688963210702059e-10 9.999999453958001716e-01
3.010033444816052959e-10 9.999998771405594900e-01
4.013377926421404118e-10 9.999997815832383230e-01
5.016722408026755277e-10 9.999996587238522139e-01
6.020066889632105918e-10 9.999995085624228119e-01
7.023411371237457594e-10 9.999993310989742090e-01
8.026755852842808236e-10 9.999991263335361591e-01
9.030100334448158877e-10 9.999988942661428570e-01
1.003344481605351055e-09 9.999986348968332717e-01
1.103678929765886223e-09 9.999983482256498135e-01
1.204013377926421184e-09 9.999980342526411103e-01
1.304347826086956351e-09 9.999976929778593426e-01
1.404682274247491519e-09 9.999973244013611318e-01
1.505016722408026480e-09 9.999969285232078731e-01
1.605351170568561647e-09 9.999965053434658468e-01
1.705685618729096815e-09 9.999960548622056633e-01
1.806020066889631775e-09 9.999955770795017074e-01
1.906354515050166943e-09 9.999950719954344702e-01
2.006688963210702111e-09 9.999945396100876627e-01
2.107023411371237278e-09 9.999939799235503246e-01
2.207357859531772446e-09 9.999933929359152707e-01
2.307692307692307200e-09 9.999927786472808666e-01
2.408026755852842367e-09 9.999921370577491420e-01
2.508361204013377535e-09 9.999914681674272332e-01
2.608695652173912702e-09 9.999907719764264957e-01
2.709030100334447870e-09 9.999900484848632809e-01
2.809364548494983038e-09 9.999892976928576038e-01
2.909698996655517792e-09 9.999885196005353638e-01
3.010033444816052959e-09 9.999877142080254577e-01
3.110367892976588127e-09 9.999868815154628887e-01
3.210702341137123294e-09 9.999860215229859906e-01
3.311036789297658462e-09 9.999851342307379820e-01
3.411371237458193629e-09 9.999842196388671889e-01
3.511705685618728797e-09 9.999832777475258228e-01
3.612040133779263551e-09 9.999823085568707581e-01
3.712374581939798719e-09 9.999813120670640876e-01
3.812709030100333886e-09 9.999802882782712343e-01
3.913043478260868640e-09 9.999792371906630617e-01
4.013377926421404221e-09 9.999781588044148739e-01
4.113712374581938975e-09 9.999770531197066381e-01
4.214046822742474556e-09 9.999759201367220962e-01
4.314381270903009310e-09 9.999747598556502082e-01
4.414715719063544892e-09 9.999735722766849300e-01
4.515050167224079646e-09 9.999723574000237702e-01
4.615384615384614399e-09 9.999711152258692337e-01
4.715719063545149981e-09 9.999698457544282659e-01
4.816053511705684735e-09 9.999685489859128085e-01
4.916387959866220316e-09 9.999672249205387997e-01
5.016722408026755070e-09 9.999658735585267300e-01
5.117056856187290651e-09 9.999644949001020855e-01
5.217391304347825405e-09 9.999630889454945715e-01
5.317725752508360159e-09 9.999616556949388890e-01
5.418060200668895740e-09 9.999601951486734031e-01
5.518394648829430494e-09 9.999587073069416965e-01
5.618729096989966075e-09 9.999571921699919042e-01
5.719063545150500829e-09 9.999556497380763798e-01
5.819397993311035583e-09 9.999540800114524730e-01
5.919732441471571164e-09 9.999524829903816414e-01
6.020066889632105918e-09 9.999508586751302275e-01
6.120401337792641499e-09 9.999492070659684595e-01
6.220735785953176253e-09 9.999475281631722279e-01
6.321070234113711835e-09 9.999458219670209758e-01
6.421404682274246589e-09 9.999440884777993643e-01
6.521739130434781343e-09 9.999423276957959406e-01
6.622073578595316924e-09 9.999405396213045805e-01
6.722408026755851678e-09 9.999387242546231569e-01
6.822742474916387259e-09 9.999368815960542056e-01
6.923076923076922013e-09 9.999350116459047033e-01
7.023411371237457594e-09 9.999331144044866226e-01
7.123745819397992348e-09 9.999311898721160441e-01
7.224080267558527102e-09 9.999292380491137111e-01
7.324414715719062683e-09 9.999272589358050300e-01
7.424749163879597437e-09 9.999252525325195151e-01
7.525083612040133018e-09 9.999232188395918985e-01
7.625418060200667772e-09 9.999211578573610204e-01
7.725752508361202526e-09 9.999190695861702727e-01
7.826086956521737280e-09 9.999169540263685985e-01
7.926421404682273689e-09 9.999148111783073833e-01
8.026755852842808442e-09 9.999126410423438971e-01
8.127090301003343196e-09 9.999104436188404055e-01
8.227424749163877950e-09 9.999082189081628380e-01
8.327759197324414359e-09 9.999059669106820092e-01
8.428093645484949113e-09 9.999036876267732854e-01
8.528428093645483867e-09 9.999013810568164740e-01
8.628762541806018621e-09 9.998990472011961561e-01
8.729096989966553375e-09 9.998966860603011320e-01
8.829431438127089783e-09 9.998942976345248645e-01
8.929765886287624537e-09 9.998918819242657019e-01
9.030100334448159291e-09 9.998894389299259888e-01
9.130434782608694045e-09 9.998869686519129552e-01
9.230769230769228799e-09 9.998844710906383826e-01
9.331103678929765207e-09 9.998819462465182717e-01
9.431438127090299961e-09 9.998793941199735080e-01
9.531772575250834715e-09 9.998768147114295290e-01
9.632107023411369469e-09 9.998742080213157690e-01
9.732441471571904223e-09 9.998715740500675464e-01
9.832775919732440632e-09 9.998689127981235103e-01
9.933110367892975386e-09 9.998662242659265287e-01
1.003344481605351014e-08 9.998635084539251316e-01
1.013377926421404489e-08 9.998607653625720681e-01
1.023411371237458130e-08 9.998579949923243060e-01
1.033444816053511606e-08 9.998551973436433649e-01
1.043478260869565081e-08 9.998523724169958715e-01
1.053511705685618556e-08 9.998495202128523385e-01
1.063545150501672032e-08 9.998466407316880522e-01
1.073578595317725673e-08 9.998437339739829621e-01
1.083612040133779148e-08 9.998407999402215696e-01
1.093645484949832623e-08 9.998378386308928167e-01
1.103678929765886099e-08 9.998348500464900868e-01
1.113712374581939574e-08 9.998318341875114257e-01
1.123745819397993215e-08 9.998287910544594315e-01
1.133779264214046690e-08 9.998257206478411430e-01
1.143812709030100166e-08 9.998226229681683730e-01
1.153846153846153641e-08 9.998194980159574863e-01
1.163879598662207117e-08 9.998163457917288444e-01
1.173913043478260757e-08 9.998131662960083599e-01
1.183946488294314233e-08 9.998099595293249431e-01
1.193979933110367708e-08 9.998067254922141656e-01
1.204013377926421184e-08 9.998034641852137083e-01
1.214046822742474824e-08 9.998001756088678027e-01
1.224080267558528300e-08 9.997968597637240107e-01
1.234113712374581775e-08 9.997935166503355564e-01
1.244147157190635251e-08 9.997901462692587726e-01
1.254180602006688726e-08 9.997867486210558763e-01
1.264214046822742367e-08 9.997833237062927481e-01
1.274247491638795842e-08 9.997798715255400426e-01
1.284280936454849318e-08 9.997763920793729664e-01
1.294314381270902793e-08 9.997728853683718331e-01
1.304347826086956269e-08 9.997693513931205089e-01
1.314381270903009909e-08 9.997657901542078562e-01
1.324414715719063385e-08 9.997622016522277333e-01
1.334448160535116860e-08 9.997585858877773290e-01
1.344481605351170336e-08 9.997549428614596057e-01
1.354515050167223811e-08 9.997512725738817441e-01
1.364548494983277452e-08 9.997475750256551441e-01
1.374581939799330927e-08 9.997438502173956465e-01
1.384615384615384403e-08 9.997400981497244210e-01
1.394648829431437878e-08 9.997363188232663012e-01
1.404682274247491519e-08 9.997325122386513385e-01
1.414715719063544994e-08 9.997286783965132484e-01
1.424749163879598470e-08 9.997248172974914082e-01
1.434782608695651945e-08 9.997209289422289702e-01
1.444816053511705420e-08 9.997170133313737495e-01
1.454849498327759061e-08 9.997130704655777800e-01
1.464882943143812537e-08 9.997091003454988689e-01
1.474916387959866012e-08 9.997051029717981541e-01
1.484949832775919487e-08 9.997010783451414362e-01
1.494983277591973128e-08 9.996970264661994010e-01
1.505016722408026604e-08 9.996929473356471751e-01
1.515050167224080079e-08 9.996888409541643261e-01
1.525083612040133554e-08 9.996847073224353064e-01
1.535117056856187030e-08 9.996805464411486764e-01
1.545150501672240505e-08 9.996763583109975482e-01
1.555183946488293981e-08 9.996721429326798081e-01
1.565217391304347456e-08 9.996679003068978941e-01
1.575250836120401262e-08 9.996636304343583523e-01
1.585284280936454738e-08 9.996593333157730576e-01
1.595317725752508213e-08 9.996550089518575488e-01
1.605351170568561688e-08 9.996506573433324716e-01
1.615384615384615164e-08 9.996462784909226906e-01
1.625418060200668639e-08 9.996418723953576224e-01
1.635451505016722115e-08 9.996374390573717905e-01
1.645484949832775590e-08 9.996329784777038263e-01
1.655518394648829065e-08 9.996284906570960249e-01
1.665551839464882872e-08 9.996239755962968987e-01
1.675585284280936347e-08 9.996194332960581796e-01
1.685618729096989823e-08 9.996148637571368178e-01
1.695652173913043298e-08 9.996102669802944263e-01
1.705685618729096773e-08 9.996056429662958376e-01
1.715719063545150249e-08 9.996009917159123237e-01
1.725752508361203724e-08 9.995963132299181542e-01
1.735785953177257200e-08 9.995916075090932607e-01
1.745819397993310675e-08 9.995868745542210165e-01
1.755852842809364150e-08 9.995821143660906793e-01
1.765886287625417957e-08 9.995773269454942822e-01
1.775919732441471432e-08 9.995725122932299644e-01
1.785953177257524907e-08 9.995676704100994181e-01
1.795986622073578383e-08 9.995628012969094423e-01
1.806020066889631858e-08 9.995579049544714989e-01
1.816053511705685334e-08 9.995529813836003807e-01
1.826086956521738809e-08 9.995480305851172087e-01
1.836120401337792284e-08 9.995430525598458793e-01
1.846153846153845760e-08 9.995380473086162842e-01
1.856187290969899566e-08 9.995330148322615349e-01
1.866220735785953041e-08 9.995279551316204047e-01
1.876254180602006517e-08 9.995228682075361082e-01
1.886287625418059992e-08 9.995177540608548572e-01
1.896321070234113468e-08 9.995126126924297472e-01
1.906354515050166943e-08 9.995074441031160939e-01
1.916387959866220418e-08 9.995022482937758745e-01
1.926421404682273894e-08 9.994970252652737308e-01
1.936454849498327369e-08 9.994917750184798555e-01
1.946488294314380845e-08 9.994864975542691043e-01
1.956521739130434651e-08 9.994811928735201079e-01
1.966555183946488126e-08 9.994758609771169366e-01
1.976588628762541602e-08 9.994705018659473250e-01
1.986622073578595077e-08 9.994651155409038923e-01
1.996655518394648553e-08 9.994597020028840317e-01
2.006688963210702028e-08 9.994542612527889114e-01
2.016722408026755503e-08 9.994487932915255834e-01
2.026755852842808979e-08 9.994432981200039867e-01
2.036789297658862454e-08 9.994377757391397221e-01
2.046822742474916260e-08 9.994322261498526094e-01
2.056856187290969736e-08 9.994266493530669093e-01
2.066889632107023211e-08 9.994210453497112123e-01
2.076923076923076687e-08 9.994154141407194381e-01
2.086956521739130162e-08 9.994097557270290588e-01
2.096989966555183637e-08 9.994040701095822099e-01
2.107023411371237113e-08 9.993983572893262446e-01
2.117056856187290588e-08 9.993926172672128461e-01
2.127090301003344064e-08 9.993868500441974723e-01
2.137123745819397539e-08 9.993810556212405771e-01
2.147157190635451345e-08 9.993752339993076106e-01
2.157190635451504821e-08 9.993693851793675753e-01
2.167224080267558296e-08 9.993635091623954692e-01
2.177257525083611771e-08 9.993576059493686214e-01
2.187290969899665247e-08 9.993516755412710229e-01
2.197324414715718722e-08 9.993457179390898837e-01
2.207357859531772198e-08 9.993397331438178544e-01
2.217391304347825673e-08 9.993337211564505829e-01
2.227424749163879148e-08 9.993276819779903786e-01
2.237458193979932955e-08 9.993216156094421043e-01
2.247491638795986430e-08 9.993155220518169513e-01
2.257525083612039905e-08 9.993094013061285530e-01
2.267558528428093381e-08 9.993032533733967604e-01
2.277591973244146856e-08 9.992970782546455322e-01
2.287625418060200332e-08 9.992908759509026018e-01
2.297658862876253807e-08 9.992846464632011427e-01
2.307692307692307282e-08 9.992783897925784364e-01
2.317725752508360758e-08 9.992721059400759831e-01
2.327759197324414233e-08 9.992657949067411671e-01
2.337792642140468040e-08 9.992594566936234823e-01
2.347826086956521515e-08 9.992530913017793059e-01
2.357859531772574990e-08 9.992466987322685679e-01
2.367892976588628466e-08 9.992402789861550838e-01
2.377926421404681941e-08 9.992338320645081096e-01
2.387959866220735417e-08 9.992273579684012308e-01
2.397993311036788892e-08 9.992208566989122520e-01
2.408026755852842367e-08 9.992143282571236407e-01
2.418060200668895843e-08 9.992077726441227492e-01
2.428093645484949649e-08 9.992011898610005938e-01
2.438127090301003124e-08 9.991945799088537417e-01
2.448160535117056600e-08 9.991879427887820908e-01
2.458193979933110075e-08 9.991812785018912013e-01
2.468227424749163551e-08 9.991745870492906301e-01
2.478260869565217026e-08 9.991678684320942638e-01
2.488294314381270501e-08 9.991611226514206523e-01
2.498327759197323977e-08 9.991543497083932301e-01
2.508361204013377452e-08 9.991475496041393178e-01
2.518394648829430928e-08 9.991407223397910098e-01
2.528428093645484734e-08 9.991338679164851744e-01
2.538461538461538209e-08 9.991269863353631209e-01
2.548494983277591685e-08 9.991200775975701553e-01
2.558528428093645160e-08 9.991131417042565799e-01
2.568561872909698635e-08 9.991061786565769154e-01
2.578595317725752111e-08 9.990991884556907898e-01
2.588628762541805586e-08 9.990921711027612728e-01
2.598662207357859062e-08 9.990851265989570962e-01
2.608695652173912537e-08 9.990780549454509885e-01
2.618729096989966343e-08 9.990709561434200081e-01
2.628762541806019819e-08 9.990638301940454324e-01
2.638795986622073294e-08 9.990566770985144229e-01
2.648829431438126769e-08 9.990494968580169166e-01
2.658862876254180245e-08 9.990422894737489568e-01
2.668896321070233720e-08 9.990350549469095842e-01
2.678929765886287196e-08 9.990277932787032800e-01
2.688963210702340671e-08 9.990205044703390769e-01
2.698996655518394146e-08 9.990131885230300046e-01
2.709030100334447622e-08 9.990058454379939779e-01
2.719063545150501428e-08 9.989984752164532411e-01
2.729096989966554904e-08 9.989910778596344798e-01
2.739130434782608379e-08 9.989836533687690423e-01
2.749163879598661854e-08 9.989762017450927178e-01
2.759197324414715330e-08 9.989687229898459586e-01
2.769230769230768805e-08 9.989612171042735467e-01
2.779264214046822281e-08 9.989536840896245939e-01
2.789297658862875756e-08 9.989461239471532084e-01
2.799331103678929231e-08 9.989385366781174946e-01
2.809364548494983038e-08 9.989309222837804425e-01
2.819397993311036513e-08 9.989232807654088164e-01
2.829431438127089988e-08 9.989156121242750430e-01
2.839464882943143464e-08 9.989079163616554347e-01
2.849498327759196939e-08 9.989001934788305226e-01
2.859531772575250415e-08 9.988924434770857230e-01
2.869565217391303890e-08 9.988846663577110041e-01
2.879598662207357365e-08 9.988768621220001087e-01
2.889632107023410841e-08 9.988690307712527749e-01
2.899665551839464316e-08 9.988611723067716275e-01
2.909698996655518122e-08 9.988532867298646201e-01
2.919732441471571598e-08 9.988453740418442584e-01
2.929765886287625073e-08 9.988374342440268228e-01
2.939799331103678549e-08 9.988294673377344779e-01
2.949832775919732024e-08 9.988214733242923860e-01
2.959866220735785499e-08 9.988134522050311492e-01
2.969899665551838975e-08 9.988054039812849227e-01
2.979933110367892450e-08 9.987973286543939677e-01
2.989966555183946256e-08 9.987892262257013209e-01
2.999999999999999732e-08 9.987810966965556814e-01
