0.000000000000000000e+00 9.999999999999995559e-01
1.003344481605351029e-10 9.999996548788806505e-01
2.006688963210702059e-10 9.999986195169774383e-01
3.010033444816052959e-10 9.999968939186537620e-01
4.013377926421404118e-10 9.999944780911811382e-01
5.016722408026755277e-10 9.999913720447402010e-01
6.020066889632105918e-10 9.999875757924195918e-01
7.023411371237457594e-10 9.999830893502171802e-01
8.026755852842808236e-10 9.999779127370385101e-01
9.030100334448158877e-10 9.999720459746981316e-01
1.003344481605351055e-09 9.999654890879184910e-01
1.103678929765886223e-09 9.999582421043285985e-01
1.204013377926421184e-09 9.999503050544675808e-01
1.304347826086956351e-09 9.999416779717800186e-01
1.404682274247491519e-09 9.999323608926186102e-01
1.505016722408026480e-09 9.999223538562432845e-01
1.605351170568561647e-09 9.999116569048196457e-01
1.705685618729096815e-09 9.999002700834209723e-01
1.806020066889631775e-09 9.998881934400263294e-01
1.906354515050166943e-09 9.998754270255194587e-01
2.006688963210702111e-09 9.998619708936911099e-01
2.107023411371237278e-09 9.998478251012355988e-01
2.207357859531772446e-09 9.998329897077532502e-01
2.307692307692307200e-09 9.998174647757469558e-01
2.408026755852842367e-09 9.998012503706246168e-01
2.508361204013377535e-09 9.997843465606978119e-01
2.608695652173912702e-09 9.997667534171786885e-01
2.709030100334447870e-09 9.997484710141841813e-01
2.809364548494983038e-09 9.997294994287312386e-01
2.909698996655517792e-09 9.997098387407392650e-01
3.010033444816052959e-09 9.996894890330272343e-01
3.110367892976588127e-09 9.996684503913148001e-01
3.210702341137123294e-09 9.996467229042211855e-01
3.311036789297658462e-09 9.996243066632639618e-01
3.411371237458193629e-09 9.996012017628590485e-01
3.511705685618728797e-09 9.995774083003193811e-01
3.612040133779263551e-09 9.995529263758561322e-01
3.712374581939798719e-09 9.995277560925749372e-01
3.812709030100333886e-09 9.995018975564777808e-01
3.913043478260868640e-09 9.994753508764604444e-01
4.013377926421404221e-09 9.994481161643136158e-01
4.113712374581938975e-09 9.994201935347197807e-01
4.214046822742474556e-09 9.993915831052548882e-01
4.314381270903009310e-09 9.993622849963853527e-01
4.414715719063544892e-09 9.993322993314682767e-01
4.515050167224079646e-09 9.993016262367503399e-01
4.615384615384614399e-09 9.992702658413676886e-01
4.715719063545149981e-09 9.992382182773436039e-01
4.816053511705684735e-09 9.992054836795882800e-01
4.916387959866220316e-09 9.991720621858980467e-01
5.016722408026755070e-09 9.991379539369540375e-01
5.117056856187290651e-09 9.991031590763219672e-01
5.217391304347825405e-09 9.990676777504492456e-01
5.317725752508360159e-09 9.990315101086663097e-01
5.418060200668895740e-09 9.989946563031838478e-01
5.518394648829430494e-09 9.989571164890925781e-01
5.618729096989966075e-09 9.989188908243619158e-01
5.719063545150500829e-09 9.988799794698381973e-01
5.819397993311035583e-09 9.988403825892446797e-01
5.919732441471571164e-09 9.988001003491798757e-01
6.020066889632105918e-09 9.987591329191165546e-01
6.120401337792641499e-09 9.987174804713994103e-01
6.220735785953176253e-09 9.986751431812458391e-01
6.321070234113711835e-09 9.986321212267428304e-01
6.421404682274246589e-09 9.985884147888465234e-01
6.521739130434781343e-09 9.985440240513813182e-01
6.622073578595316924e-09 9.984989492010380996e-01
6.722408026755851678e-09 9.984531904273722391e-01
6.822742474916387259e-09 9.984067479228035946e-01
6.923076923076922013e-09 9.983596218826148450e-01
7.023411371237457594e-09 9.983118125049486036e-01
7.123745819397992348e-09 9.982633199908079735e-01
7.224080267558527102e-09 9.982141445440546601e-01
7.324414715719062683e-09 9.981642863714058622e-01
7.424749163879597437e-09 9.981137456824353826e-01
7.525083612040133018e-09 9.980625226895704083e-01
7.625418060200667772e-09 9.980106176080907332e-01
7.725752508361202526e-09 9.979580306561257608e-01
7.826086956521737280e-09 9.979047620546563913e-01
7.926421404682273689e-09 9.978508120275089155e-01
8.026755852842808442e-09 9.977961808013575684e-01
8.127090301003343196e-09 9.977408686057197551e-01
8.227424749163877950e-09 9.976848756729563839e-01
8.327759197324414359e-09 9.976282022382694237e-01
8.428093645484949113e-09 9.975708485397009051e-01
8.528428093645483867e-09 9.975128148181298116e-01
8.628762541806018621e-09 9.974541013172723014e-01
8.729096989966553375e-09 9.973947082836776001e-01
8.829431438127089783e-09 9.973346359667294436e-01
8.929765886287624537e-09 9.972738846186409711e-01
9.030100334448159291e-09 9.972124544944548363e-01
9.130434782608694045e-09 9.971503458520416530e-01
9.230769230769228799e-09 9.970875589520964422e-01
9.331103678929765207e-09 9.970240940581388545e-01
9.431438127090299961e-09 9.969599514365099502e-01
9.531772575250834715e-09 9.968951313563703120e-01
9.632107023411369469e-09 9.968296340896989349e-01
9.732441471571904223e-09 9.967634599112910054e-01
9.832775919732440632e-09 9.966966090987551263e-01
9.933110367892975386e-09 9.966290819325129835e-01
1.003344481605351014e-08 9.965608786957953491e-01
1.013377926421404489e-08 9.964919996746421926e-01
1.023411371237458130e-08 9.964224451578986841e-01
1.033444816053511606e-08 9.963522154372146389e-01
1.043478260869565081e-08 9.962813108070418533e-01
1.053511705685618556e-08 9.962097315646317730e-01
1.063545150501672032e-08 9.961374780100336057e-01
1.073578595317725673e-08 9.960645504460925448e-01
1.083612040133779148e-08 9.959909491784472158e-01
1.093645484949832623e-08 9.959166745155275668e-01
1.103678929765886099e-08 9.958417267685529817e-01
1.113712374581939574e-08 9.957661062515295036e-01
1.123745819397993215e-08 9.956898132812479485e-01
1.133779264214046690e-08 9.956128481772815730e-01
1.143812709030100166e-08 9.955352112619851868e-01
1.153846153846153641e-08 9.954569028604888237e-01
1.163879598662207117e-08 9.953779233007010729e-01
1.173913043478260757e-08 9.952982729133026396e-01
1.183946488294314233e-08 9.952179520317447903e-01
1.193979933110367708e-08 9.951369609922482429e-01
1.204013377926421184e-08 9.950553001337998360e-01
1.214046822742474824e-08 9.949729697981497534e-01
1.224080267558528300e-08 9.948899703298105246e-01
1.234113712374581775e-08 9.948063020760533615e-01
1.244147157190635251e-08 9.947219653869050493e-01
1.254180602006688726e-08 9.946369606151486131e-01
1.264214046822742367e-08 9.945512881163165453e-01
1.274247491638795842e-08 9.944649482486916936e-01
1.284280936454849318e-08 9.943779413733032646e-01
1.294314381270902793e-08 9.942902678539236039e-01
1.304347826086956269e-08 9.942019280570681961e-01
1.314381270903009909e-08 9.941129223519897806e-01
1.324414715719063385e-08 9.940232511106781299e-01
1.334448160535116860e-08 9.939329147078564963e-01
1.344481605351170336e-08 9.938419135209790589e-01
1.354515050167223811e-08 9.937502479302277036e-01
1.364548494983277452e-08 9.936579183185114683e-01
1.374581939799330927e-08 9.935649250714609915e-01
1.384615384615384403e-08 9.934712685774272911e-01
1.394648829431437878e-08 9.933769492274791002e-01
1.404682274247491519e-08 9.932819674153996470e-01
1.414715719063544994e-08 9.931863235376841015e-01
1.424749163879598470e-08 9.930900179935369110e-01
1.434782608695651945e-08 9.929930511848688024e-01
1.444816053511705420e-08 9.928954235162940067e-01
1.454849498327759061e-08 9.927971353951263733e-01
1.464882943143812537e-08 9.926981872313790367e-01
1.474916387959866012e-08 9.925985794377590876e-01
1.484949832775919487e-08 9.924983124296653525e-01
1.494983277591973128e-08 9.923973866251863951e-01
1.505016722408026604e-08 9.922958024450956316e-01
1.515050167224080079e-08 9.921935603128515524e-01
1.525083612040133554e-08 9.920906606545903950e-01
1.535117056856187030e-08 9.919871038991266987e-01
1.545150501672240505e-08 9.918828904779497524e-01
1.555183946488293981e-08 9.917780208252180429e-01
1.565217391304347456e-08 9.916724953777602547e-01
1.575250836120401262e-08 9.915663145750672758e-01
1.585284280936454738e-08 9.914594788592940855e-01
1.595317725752508213e-08 9.913519886752534260e-01
1.605351170568561688e-08 9.912438444704140261e-01
1.615384615384615164e-08 9.911350466948958271e-01
1.625418060200668639e-08 9.910255958014695388e-01
1.635451505016722115e-08 9.909154922455507553e-01
1.645484949832775590e-08 9.908047364851984007e-01
1.655518394648829065e-08 9.906933289811110654e-01
1.665551839464882872e-08 9.905812701966234535e-01
1.675585284280936347e-08 9.904685605977030516e-01
1.685618729096989823e-08 9.903552006529483531e-01
1.695652173913043298e-08 9.902411908335830848e-01
1.705685618729096773e-08 9.901265316134549854e-01
1.715719063545150249e-08 9.900112234690312540e-01
1.725752508361203724e-08 9.898952668793957743e-01
1.735785953177257200e-08 9.897786623262453398e-01
1.745819397993310675e-08 9.896614102938872115e-01
1.755852842809364150e-08 9.895435112692343438e-01
1.765886287625417957e-08 9.894249657418027200e-01
1.775919732441471432e-08 9.893057742037083546e-01
1.785953177257524907e-08 9.891859371496625197e-01
1.795986622073578383e-08 9.890654550769694131e-01
1.806020066889631858e-08 9.889443284855227168e-01
1.816053511705685334e-08 9.888225578778011560e-01
1.826086956521738809e-08 9.887001437588656128e-01
1.836120401337792284e-08 9.885770866363554621e-01
1.846153846153845760e-08 9.884533870204853523e-01
1.856187290969899566e-08 9.883290454240405420e-01
1.866220735785953041e-08 9.882040623623747910e-01
1.876254180602006517e-08 9.880784383534062520e-01
1.886287625418059992e-08 9.879521739176116979e-01
1.896321070234113468e-08 9.878252695780269654e-01
1.906354515050166943e-08 9.876977258602398502e-01
1.916387959866220418e-08 9.875695432923884409e-01
1.926421404682273894e-08 9.874407224051555687e-01
1.936454849498327369e-08 9.873112637317670304e-01
1.946488294314380845e-08 9.871811678079867036e-01
1.956521739130434651e-08 9.870504351721128833e-01
1.966555183946488126e-08 9.869190663649746176e-01
1.976588628762541602e-08 9.867870619299283774e-01
1.986622073578595077e-08 9.866544224128530605e-01
1.996655518394648553e-08 9.865211483621483257e-01
2.006688963210702028e-08 9.863872403287280433e-01
2.016722408026755503e-08 9.862526988660180738e-01
2.026755852842808979e-08 9.861175245299528269e-01
2.036789297658862454e-08 9.859817178789694880e-01
2.046822742474916260e-08 9.858452794740062419e-01
2.056856187290969736e-08 9.857082098784968327e-01
2.066889632107023211e-08 9.855705096583677882e-01
2.076923076923076687e-08 9.854321793820326469e-01
2.086956521739130162e-08 9.852932196203899595e-01
2.096989966555183637e-08 9.851536309468188479e-01
2.107023411371237113e-08 9.850134139371736763e-01
2.117056856187290588e-08 9.848725691697818307e-01
2.127090301003344064e-08 9.847310972254381678e-01
2.137123745819397539e-08 9.845889986874023503e-01
2.147157190635451345e-08 9.844462741413941842e-01
2.157190635451504821e-08 9.843029241755878456e-01
2.167224080267558296e-08 9.841589493806112143e-01
2.177257525083611771e-08 9.840143503495383248e-01
2.187290969899665247e-08 9.838691276778879224e-01
2.197324414715718722e-08 9.837232819636175796e-01
2.207357859531772198e-08 9.835768138071201427e-01
2.217391304347825673e-08 9.834297238112198469e-01
2.227424749163879148e-08 9.832820125811667644e-01
2.237458193979932955e-08 9.831336807246349174e-01
2.247491638795986430e-08 9.829847288517156167e-01
2.257525083612039905e-08 9.828351575749146862e-01
2.267558528428093381e-08 9.826849675091480218e-01
2.277591973244146856e-08 9.825341592717367067e-01
2.287625418060200332e-08 9.823827334824030144e-01
2.297658862876253807e-08 9.822306907632664119e-01
2.307692307692307282e-08 9.820780317388392300e-01
2.317725752508360758e-08 9.819247570360208899e-01
2.327759197324414233e-08 9.817708672840963491e-01
2.337792642140468040e-08 9.816163631147288848e-01
2.347826086956521515e-08 9.814612451619568745e-01
2.357859531772574990e-08 9.813055140621901318e-01
2.367892976588628466e-08 9.811491704542039116e-01
2.377926421404681941e-08 9.809922149791362456e-01
2.387959866220735417e-08 9.808346482804813915e-01
2.397993311036788892e-08 9.806764710040873911e-01
2.408026755852842367e-08 9.805176837981502969e-01
2.418060200668895843e-08 9.803582873132095088e-01
2.428093645484949649e-08 9.801982822021454433e-01
2.438127090301003124e-08 9.800376691201715396e-01
2.448160535117056600e-08 9.798764487248325938e-01
2.458193979933110075e-08 9.797146216759980986e-01
2.468227424749163551e-08 9.795521886358600216e-01
2.478260869565217026e-08 9.793891502689255901e-01
2.488294314381270501e-08 9.792255072420152917e-01
2.498327759197323977e-08 9.790612602242549922e-01
2.508361204013377452e-08 9.788964098870756025e-01
2.518394648829430928e-08 9.787309569042038637e-01
2.528428093645484734e-08 9.785649019516606817e-01
2.538461538461538209e-08 9.783982457077560202e-01
2.548494983277591685e-08 9.782309888530831277e-01
2.558528428093645160e-08 9.780631320705146514e-01
2.568561872909698635e-08 9.778946760451975306e-01
2.578595317725752111e-08 9.777256214645491106e-01
2.588628762541805586e-08 9.775559690182505923e-01
2.598662207357859062e-08 9.773857193982444791e-01
2.608695652173912537e-08 9.772148732987274711e-01
2.618729096989966343e-08 9.770434314161483558e-01
2.628762541806019819e-08 9.768713944492002366e-01
2.638795986622073294e-08 9.766987630988178681e-01
2.648829431438126769e-08 9.765255380681721054e-01
2.658862876254180245e-08 9.763517200626647963e-01
2.668896321070233720e-08 9.761773097899242302e-01
2.678929765886287196e-08 9.760023079598001416e-01
2.688963210702340671e-08 9.758267152843587144e-01
2.698996655518394146e-08 9.756505324778776966e-01
2.709030100334447622e-08 9.754737602568415156e-01
2.719063545150501428e-08 9.752963993399368370e-01
2.729096989966554904e-08 9.751184504480467918e-01
2.739130434782608379e-08 9.749399143042457583e-01
2.749163879598661854e-08 9.747607916337954759e-01
2.759197324414715330e-08 9.745810831641392724e-01
2.769230769230768805e-08 9.744007896248978451e-01
2.779264214046822281e-08 9.742199117478621551e-01
2.789297658862875756e-08 9.740384502669917621e-01
2.799331103678929231e-08 9.738564059184062760e-01
2.809364548494983038e-08 9.736737794403828028e-01
2.819397993311036513e-08 9.734905715733498388e-01
2.829431438127089988e-08 9.733067830598812753e-01
2.839464882943143464e-08 9.731224146446937340e-01
2.849498327759196939e-08 9.729374670746390175e-01
2.859531772575250415e-08 9.727519410987001125e-01
2.869565217391303890e-08 9.725658374679855278e-01
2.879598662207357365e-08 9.723791569357254083e-01
2.889632107023410841e-08 9.721919002572638746e-01
2.899665551839464316e-08 9.720040681900570245e-01
2.909698996655518122e-08 9.718156614936642734e-01
2.919732441471571598e-08 9.716266809297464668e-01
2.929765886287625073e-08 9.714371272620578868e-01
2.939799331103678549e-08 9.712470012564429211e-01
2.949832775919732024e-08 9.710563036808295134e-01
2.959866220735785499e-08 9.708650353052250548e-01
2.969899665551838975e-08 9.706731969017099448e-01
2.979933110367892450e-08 9.704807892444331507e-01
2.989966555183946256e-08 9.702878131096062120e-01
2.999999999999999732e-08 9.700942692754983554e-01
