0.000000000000000000e+00 9.999999999999995559e-01
1.003344481605351029e-10 9.999957129537305756e-01
2.006688963210702059e-10 9.999828520393346798e-01
3.010033444816052959e-10 9.999614179300293504e-01
4.013377926421404118e-10 9.999314117477765551e-01
5.016722408026755277e-10 9.998928350631839379e-01
6.020066889632105918e-10 9.998456898953670402e-01
7.023411371237457594e-10 9.997899787117691117e-01
8.026755852842808236e-10 9.997257044279460603e-01
9.030100334448158877e-10 9.996528704073057714e-01
1.003344481605351055e-09 9.995714804608131221e-01
1.103678929765886223e-09 9.994815388466525841e-01
1.204013377926421184e-09 9.993830502698518581e-01
1.304347826086956351e-09 9.992760198818677608e-01
1.404682274247491519e-09 9.991604532801298122e-01
1.505016722408026480e-09 9.990363565075470742e-01
1.605351170568561647e-09 9.989037360519741338e-01
1.705685618729096815e-09 9.987625988456397819e-01
1.806020066889631775e-09 9.986129522645333934e-01
1.906354515050166943e-09 9.984548041277548913e-01
2.006688963210702111e-09 9.982881626968256317e-01
2.107023411371237278e-09 9.981130366749593197e-01
2.207357859531772446e-09 9.979294352062938467e-01
2.307692307692307200e-09 9.977373678750860453e-01
2.408026755852842367e-09 9.975368447048663656e-01
2.508361204013377535e-09 9.973278761575551377e-01
2.608695652173912702e-09 9.971104731325418635e-01
2.709030100334447870e-09 9.968846469657235421e-01
2.809364548494983038e-09 9.966504094285070225e-01
2.909698996655517792e-09 9.964077727267734996e-01
3.010033444816052959e-09 9.961567494998027072e-01
3.110367892976588127e-09 9.958973528191614744e-01
3.210702341137123294e-09 9.956295961875528677e-01
3.311036789297658462e-09 9.953534935376295856e-01
3.411371237458193629e-09 9.950690592307686044e-01
3.511705685618728797e-09 9.947763080558090776e-01
3.612040133779263551e-09 9.944752552277521529e-01
3.712374581939798719e-09 9.941659163864249305e-01
3.812709030100333886e-09 9.938483075951083379e-01
3.913043478260868640e-09 9.935224453391248156e-01
4.013377926421404221e-09 9.931883465243938058e-01
4.113712374581938975e-09 9.928460284759480503e-01
4.214046822742474556e-09 9.924955089364141392e-01
4.314381270903009310e-09 9.921368060644588649e-01
4.414715719063544892e-09 9.917699384331968293e-01
4.515050167224079646e-09 9.913949250285655213e-01
4.615384615384614399e-09 9.910117852476613143e-01
4.715719063545149981e-09 9.906205388970448222e-01
4.816053511705684735e-09 9.902212061910061758e-01
4.916387959866220316e-09 9.898138077498005449e-01
5.016722408026755070e-09 9.893983645978435826e-01
5.117056856187290651e-09 9.889748981618773360e-01
5.217391304347825405e-09 9.885434302690996322e-01
5.317725752508360159e-09 9.881039831452587130e-01
5.418060200668895740e-09 9.876565794127161180e-01
5.518394648829430494e-09 9.872012420884737072e-01
5.618729096989966075e-09 9.867379945821705967e-01
5.719063545150500829e-09 9.862668606940430127e-01
5.819397993311035583e-09 9.857878646128541700e-01
5.919732441471571164e-09 9.853010309137907319e-01
6.020066889632105918e-09 9.848063845563261864e-01
6.120401337792641499e-09 9.843039508820534689e-01
6.220735785953176253e-09 9.837937556124853877e-01
6.321070234113711835e-09 9.832758248468208562e-01
6.421404682274246589e-09 9.827501850596843669e-01
6.521739130434781343e-09 9.822168630988292737e-01
6.622073578595316924e-09 9.816758861828169813e-01
6.722408026755851678e-09 9.811272818986557231e-01
6.822742474916387259e-09 9.805710781994196878e-01
6.923076923076922013e-09 9.800073034018312867e-01
7.023411371237457594e-09 9.794359861838148884e-01
7.123745819397992348e-09 9.788571555820231307e-01
7.224080267558527102e-09 9.782708409893314805e-01
7.324414715719062683e-09 9.776770721523061480e-01
7.424749163879597437e-09 9.770758791686421363e-01
7.525083612040133018e-09 9.764672924845718693e-01
7.625418060200667772e-09 9.758513428922500621e-01
7.725752508361202526e-09 9.752280615271046171e-01
7.826086956521737280e-09 9.745974798651666493e-01
7.926421404682273689e-09 9.739596297203679809e-01
8.026755852842808442e-09 9.733145432418148779e-01
8.127090301003343196e-09 9.726622529110348081e-01
8.227424749163877950e-09 9.720027915391971085e-01
8.327759197324414359e-09 9.713361922643065638e-01
8.428093645484949113e-09 9.706624885483730036e-01
8.528428093645483867e-09 9.699817141745556981e-01
8.628762541806018621e-09 9.692939032442805525e-01
8.729096989966553375e-09 9.685990901743365411e-01
8.829431438127089783e-09 9.678973096939449405e-01
8.929765886287624537e-09 9.671885968418049151e-01
9.030100334448159291e-09 9.664729869631181192e-01
9.130434782608694045e-09 9.657505157065870982e-01
9.230769230769228799e-09 9.650212190213917074e-01
9.331103678929765207e-09 9.642851331541442139e-01
9.431438127090299961e-09 9.635422946458211957e-01
9.531772575250834715e-09 9.627927403286733465e-01
9.632107023411369469e-09 9.620365073231140762e-01
9.732441471571904223e-09 9.612736330345877933e-01
9.832775919732440632e-09 9.605041551504168718e-01
9.933110367892975386e-09 9.597281116366269682e-01
1.003344481605351014e-08 9.589455407347549087e-01
1.013377926421404489e-08 9.581564809586344822e-01
1.023411371237458130e-08 9.573609710911633597e-01
1.033444816053511606e-08 9.565590501810529167e-01
1.043478260869565081e-08 9.557507575395572941e-01
1.053511705685618556e-08 9.549361327371859165e-01
1.063545150501672032e-08 9.541152156003939178e-01
1.073578595317725673e-08 9.532880462082632400e-01
1.083612040133779148e-08 9.524546648891586420e-01
1.093645484949832623e-08 9.516151122173703847e-01
1.103678929765886099e-08 9.507694290097410406e-01
1.113712374581939574e-08 9.499176563222756497e-01
1.123745819397993215e-08 9.490598354467344455e-01
1.133779264214046690e-08 9.481960079072151437e-01
1.143812709030100166e-08 9.473262154567134719e-01
1.153846153846153641e-08 9.464505000736762597e-01
1.163879598662207117e-08 9.455689039585353228e-01
1.173913043478260757e-08 9.446814695302305775e-01
1.183946488294314233e-08 9.437882394227181670e-01
1.193979933110367708e-08 9.428892564814669308e-01
1.204013377926421184e-08 9.419845637599407739e-01
1.214046822742474824e-08 9.410742045160703784e-01
1.224080267558528300e-08 9.401582222087131457e-01
1.234113712374581775e-08 9.392366604941000396e-01
1.244147157190635251e-08 9.383095632222739901e-01
1.254180602006688726e-08 9.373769744335147536e-01
1.264214046822742367e-08 9.364389383547565560e-01
1.274247491638795842e-08 9.354954993959937459e-01
1.284280936454849318e-08 9.345467021466785651e-01
1.294314381270902793e-08 9.335925913721081493e-01
1.304347826086956269e-08 9.326332120098048684e-01
1.314381270903009909e-08 9.316686091658865632e-01
1.324414715719063385e-08 9.306988281114312311e-01
1.334448160535116860e-08 9.297239142788321642e-01
1.344481605351170336e-08 9.287439132581466472e-01
1.354515050167223811e-08 9.277588707934383283e-01
1.364548494983277452e-08 9.267688327791137048e-01
1.374581939799330927e-08 9.257738452562522813e-01
1.384615384615384403e-08 9.247739544089300656e-01
1.394648829431437878e-08 9.237692065605410674e-01
1.404682274247491519e-08 9.227596481701106912e-01
1.414715719063544994e-08 9.217453258286072426e-01
1.424749163879598470e-08 9.207262862552495486e-01
1.434782608695651945e-08 9.197025762938088045e-01
1.444816053511705420e-08 9.186742429089091999e-01
1.454849498327759061e-08 9.176413331823273234e-01
1.464882943143812537e-08 9.166038943092854607e-01
1.474916387959866012e-08 9.155619735947458926e-01
1.484949832775919487e-08 9.145156184497035268e-01
1.494983277591973128e-08 9.134648763874756439e-01
1.505016722408026604e-08 9.124097950199927531e-01
1.515050167224080079e-08 9.113504220540882272e-01
1.525083612040133554e-08 9.102868052877893801e-01
1.535117056856187030e-08 9.092189926066058803e-01
1.545150501672240505e-08 9.081470319798221613e-01
1.555183946488293981e-08 9.070709714567906090e-01
1.565217391304347456e-08 9.059908591632247488e-01
1.575250836120401262e-08 9.049067432974958747e-01
1.585284280936454738e-08 9.038186721269312329e-01
1.595317725752508213e-08 9.027266939841165350e-01
1.605351170568561688e-08 9.016308572631990259e-01
1.615384615384615164e-08 9.005312104161967701e-01
1.625418060200668639e-08 8.994278019493108234e-01
1.635451505016722115e-08 8.983206804192407358e-01
1.645484949832775590e-08 8.972098944295069378e-01
1.655518394648829065e-08 8.960954926267756804e-01
1.665551839464882872e-08 8.949775236971920789e-01
1.675585284280936347e-08 8.938560363627170435e-01
1.685618729096989823e-08 8.927310793774704267e-01
1.695652173913043298e-08 8.916027015240824971e-01
1.705685618729096773e-08 8.904709516100508537e-01
1.715719063545150249e-08 8.893358784641046677e-01
1.725752508361203724e-08 8.881975309325775836e-01
1.735785953177257200e-08 8.870559578757877262e-01
1.745819397993310675e-08 8.859112081644273662e-01
1.755852842809364150e-08 8.847633306759589145e-01
1.765886287625417957e-08 8.836123742910239054e-01
1.775919732441471432e-08 8.824583878898567546e-01
1.785953177257524907e-08 8.813014203487132825e-01
1.795986622073578383e-08 8.801415205363058991e-01
1.806020066889631858e-08 8.789787373102500023e-01
1.816053511705685334e-08 8.778131195135236986e-01
1.826086956521738809e-08 8.766447159709355175e-01
1.836120401337792284e-08 8.754735754856050045e-01
1.846153846153845760e-08 8.742997468354566371e-01
1.856187290969899566e-08 8.731232787697238429e-01
1.866220735785953041e-08 8.719442200054675629e-01
1.876254180602006517e-08 8.707626192241061380e-01
1.886287625418059992e-08 8.695785250679601841e-01
1.896321070234113468e-08 8.683919861368092352e-01
1.906354515050166943e-08 8.672030509844643742e-01
1.916387959866220418e-08 8.660117681153536306e-01
1.926421404682273894e-08 8.648181859811229222e-01
1.936454849498327369e-08 8.636223529772516505e-01
1.946488294314380845e-08 8.624243174396826195e-01
1.956521739130434651e-08 8.612241276414708269e-01
1.966555183946488126e-08 8.600218317894430253e-01
1.976588628762541602e-08 8.588174780208782666e-01
1.986622073578595077e-08 8.576111144002023234e-01
1.996655518394648553e-08 8.564027889156997642e-01
2.006688963210702028e-08 8.551925494762439017e-01
2.016722408026755503e-08 8.539804439080415088e-01
2.026755852842808979e-08 8.527665199513994043e-01
2.036789297658862454e-08 8.515508252575060277e-01
2.046822742474916260e-08 8.503334073852309993e-01
2.056856187290969736e-08 8.491143137979464406e-01
2.066889632107023211e-08 8.478935918603642818e-01
2.076923076923076687e-08 8.466712888353938871e-01
2.086956521739130162e-08 8.454474518810184414e-01
2.096989966555183637e-08 8.442221280471935430e-01
2.107023411371237113e-08 8.429953642727623375e-01
2.117056856187290588e-08 8.417672073823924128e-01
2.127090301003344064e-08 8.405377040835347868e-01
2.137123745819397539e-08 8.393069009634019917e-01
2.147157190635451345e-08 8.380748444859671409e-01
2.157190635451504821e-08 8.368415809889844237e-01
2.167224080267558296e-08 8.356071566810349127e-01
2.177257525083611771e-08 8.343716176385859162e-01
2.187290969899665247e-08 8.331350098030818607e-01
2.197324414715718722e-08 8.318973789780509387e-01
2.207357859531772198e-08 8.306587708262378467e-01
2.217391304347825673e-08 8.294192308667573954e-01
2.227424749163879148e-08 8.281788044722721009e-01
2.237458193979932955e-08 8.269375368661928682e-01
2.247491638795986430e-08 8.256954731199043218e-01
2.257525083612039905e-08 8.244526581500105644e-01
2.267558528428093381e-08 8.232091367156104678e-01
2.277591973244146856e-08 8.219649534155908377e-01
2.287625418060200332e-08 8.207201526859482232e-01
2.297658862876253807e-08 8.194747787971344843e-01
2.307692307692307282e-08 8.182288758514274507e-01
2.317725752508360758e-08 8.169824877803237850e-01
2.327759197324414233e-08 8.157356583419621554e-01
2.337792642140468040e-08 8.144884311185663917e-01
2.347826086956521515e-08 8.132408495139185067e-01
2.357859531772574990e-08 8.119929567508561430e-01
2.367892976588628466e-08 8.107447958687938883e-01
2.377926421404681941e-08 8.094964097212753451e-01
2.387959866220735417e-08 8.082478409735454061e-01
2.397993311036788892e-08 8.069991321001556139e-01
2.408026755852842367e-08 8.057503253825915035e-01
2.418060200668895843e-08 8.045014629069280332e-01
2.428093645484949649e-08 8.032525865615137706e-01
2.438127090301003124e-08 8.020037380346795031e-01
2.448160535117056600e-08 8.007549588124758255e-01
2.458193979933110075e-08 7.995062901764382612e-01
2.468227424749163551e-08 7.982577732013789173e-01
2.478260869565217026e-08 7.970094487532077832e-01
2.488294314381270501e-08 7.957613574867798967e-01
2.498327759197323977e-08 7.945135398437703778e-01
2.508361204013377452e-08 7.932660360505802144e-01
2.518394648829430928e-08 7.920188861162698046e-01
2.528428093645484734e-08 7.907721298305161461e-01
2.538461538461538209e-08 7.895258067616061082e-01
2.548494983277591685e-08 7.882799562544525740e-01
2.558528428093645160e-08 7.870346174286410035e-01
2.568561872909698635e-08 7.857898291765071930e-01
2.578595317725752111e-08 7.845456301612396821e-01
2.588628762541805586e-08 7.833020588150144681e-01
2.598662207357859062e-08 7.820591533371586968e-01
2.608695652173912537e-08 7.808169516923416653e-01
2.618729096989966343e-08 7.795754916087969111e-01
2.628762541806019819e-08 7.783348105765733882e-01
2.638795986622073294e-08 7.770949458458151771e-01
2.648829431438126769e-08 7.758559344250726131e-01
2.658862876254180245e-08 7.746178130796406158e-01
2.668896321070233720e-08 7.733806183299298809e-01
2.678929765886287196e-08 7.721443864498640508e-01
2.688963210702340671e-08 7.709091534653110811e-01
2.698996655518394146e-08 7.696749551525392530e-01
2.709030100334447622e-08 7.684418270367087134e-01
2.719063545150501428e-08 7.672098043903896603e-01
2.729096989966554904e-08 7.659789222321100599e-01
2.739130434782608379e-08 7.647492153249364488e-01
2.749163879598661854e-08 7.635207181750809369e-01
2.759197324414715330e-08 7.622934650305429605e-01
2.769230769230768805e-08 7.610674898797762378e-01
2.779264214046822281e-08 7.598428264503910290e-01
2.789297658862875756e-08 7.586195082078811547e-01
2.799331103678929231e-08 7.573975683543864301e-01
2.809364548494983038e-08 7.561770398274817451e-01
2.819397993311036513e-08 7.549579552989980069e-01
2.829431438127089988e-08 7.537403471738728378e-01
2.839464882943143464e-08 7.525242475890325800e-01
2.849498327759196939e-08 7.513096884123019459e-01
2.859531772575250415e-08 7.500967012413474189e-01
2.869565217391303890e-08 7.488853174026477433e-01
2.879598662207357365e-08 7.476755679504973884e-01
2.889632107023410841e-08 7.464674836660371016e-01
2.899665551839464316e-08 7.452610950563184344e-01
2.909698996655518122e-08 7.440564323533951363e-01
2.919732441471571598e-08 7.428535255134454118e-01
2.929765886287625073e-08 7.416524042159262642e-01
2.939799331103678549e-08 7.404530978627554827e-01
2.949832775919732024e-08 7.392556355775253829e-01
2.959866220735785499e-08 7.380600462047443022e-01
2.969899665551838975e-08 7.368663583091112912e-01
2.979933110367892450e-08 7.356746001748170061e-01
2.989966555183946256e-08 7.344847998048780191e-01
2.999999999999999732e-08 7.332969849204982182e-01
