0.000000000000000000e+00 9.999999999999995559e-01
1.003344481605351029e-10 9.999999771116242497e-01
2.006688963210702059e-10 9.999999084465049926e-01
3.010033444816052959e-10 9.999997940046607692e-01
4.013377926421404118e-10 9.999996337861237761e-01
5.016722408026755277e-10 9.999994277909384222e-01
6.020066889632105918e-10 9.999991760191625501e-01
7.023411371237457594e-10 9.999988784708663259e-01
8.026755852842808236e-10 9.999985351461329053e-01
9.030100334448158877e-10 9.999981460450586557e-01
1.003344481605351055e-09 9.999977111677521568e-01
1.103678929765886223e-09 9.999972305143346452e-01
1.204013377926421184e-09 9.999967040849405686e-01
1.304347826086956351e-09 9.999961318797171428e-01
1.404682274247491519e-09 9.999955138988246839e-01
1.505016722408026480e-09 9.999948501424350544e-01
1.605351170568561647e-09 9.999941406107343278e-01
1.705685618729096815e-09 9.999933853039206788e-01
1.806020066889631775e-09 9.999925842222053829e-01
1.906354515050166943e-09 9.999917373658117059e-01
2.006688963210702111e-09 9.999908447349767915e-01
2.107023411371237278e-09 9.999899063299504398e-01
2.207357859531772446e-09 9.999889221509942194e-01
2.307692307692307200e-09 9.999878921983834656e-01
2.408026755852842367e-09 9.999868164724061703e-01
2.508361204013377535e-09 9.999856949733629818e-01
2.608695652173912702e-09 9.999845277015669831e-01
2.709030100334447870e-09 9.999833146573445797e-01
2.809364548494983038e-09 9.999820558410346116e-01
2.909698996655517792e-09 9.999807512529896858e-01
3.010033444816052959e-09 9.999794008935734002e-01
3.110367892976588127e-09 9.999780047631634528e-01
3.210702341137123294e-09 9.999765628621503089e-01
3.311036789297658462e-09 9.999750751909368685e-01
3.411371237458193629e-09 9.999735417499383550e-01
3.511705685618728797e-09 9.999719625395842026e-01
3.612040133779263551e-09 9.999703375603149480e-01
3.712374581939798719e-09 9.999686668125848943e-01
3.812709030100333886e-09 9.999669502968611123e-01
3.913043478260868640e-09 9.999651880136233295e-01
4.013377926421404221e-09 9.999633799633642628e-01
4.113712374581938975e-09 9.999615261465885085e-01
4.214046822742474556e-09 9.999596265638148740e-01
4.314381270903009310e-09 9.999576812155737127e-01
4.414715719063544892e-09 9.999556901024091449e-01
4.515050167224079646e-09 9.999536532248769483e-01
4.615384615384614399e-09 9.999515705835471113e-01
4.715719063545149981e-09 9.999494421790011689e-01
4.816053511705684735e-09 9.999472680118339785e-01
4.916387959866220316e-09 9.999450480826531651e-01
5.016722408026755070e-09 9.999427823920791214e-01
5.117056856187290651e-09 9.999404709407450076e-01
5.217391304347825405e-09 9.999381137292966404e-01
5.317725752508360159e-09 9.999357107583933812e-01
5.418060200668895740e-09 9.999332620287055828e-01
5.518394648829430494e-09 9.999307675409186968e-01
5.618729096989966075e-09 9.999282272957291662e-01
5.719063545150500829e-09 9.999256412938470895e-01
5.819397993311035583e-09 9.999230095359948889e-01
5.919732441471571164e-09 9.999203320229084202e-01
6.020066889632105918e-09 9.999176087553354186e-01
6.120401337792641499e-09 9.999148397340370531e-01
6.220735785953176253e-09 9.999120249597875931e-01
6.321070234113711835e-09 9.999091644333728546e-01
6.421404682274246589e-09 9.999062581555929752e-01
6.521739130434781343e-09 9.999033061272590839e-01
6.622073578595316924e-09 9.999003083491971866e-01
6.722408026755851678e-09 9.998972648222441695e-01
6.822742474916387259e-09 9.998941755472507964e-01
6.923076923076922013e-09 9.998910405250805988e-01
7.023411371237457594e-09 9.998878597566092097e-01
7.123745819397992348e-09 9.998846332427254735e-01
7.224080267558527102e-09 9.998813609843312245e-01
7.324414715719062683e-09 9.998780429823407312e-01
7.424749163879597437e-09 9.998746792376812520e-01
7.525083612040133018e-09 9.998712697512925907e-01
7.625418060200667772e-09 9.998678145241275406e-01
7.725752508361202526e-09 9.998643135571511076e-01
7.826086956521737280e-09 9.998607668513422864e-01
7.926421404682273689e-09 9.998571744076917289e-01
8.026755852842808442e-09 9.998535362272034099e-01
8.127090301003343196e-09 9.998498523108936276e-01
8.227424749163877950e-09 9.998461226597921137e-01
8.327759197324414359e-09 9.998423472749404795e-01
8.428093645484949113e-09 9.998385261573941030e-01
8.528428093645483867e-09 9.998346593082205747e-01
8.628762541806018621e-09 9.998307467285002526e-01
8.729096989966553375e-09 9.998267884193265953e-01
8.829431438127089783e-09 9.998227843818051630e-01
8.929765886287624537e-09 9.998187346170552825e-01
9.030100334448159291e-09 9.998146391262078270e-01
9.130434782608694045e-09 9.998104979104075474e-01
9.230769230769228799e-09 9.998063109708114071e-01
9.331103678929765207e-09 9.998020783085894703e-01
9.431438127090299961e-09 9.997977999249237913e-01
9.531772575250834715e-09 9.997934758210104134e-01
9.632107023411369469e-09 9.997891059980570372e-01
9.732441471571904223e-09 9.997846904572846860e-01
9.832775919732440632e-09 9.997802291999271507e-01
9.933110367892975386e-09 9.997757222272306565e-01
1.003344481605351014e-08 9.997711695404546406e-01
1.013377926421404489e-08 9.997665711408709743e-01
1.023411371237458130e-08 9.997619270297642968e-01
1.033444816053511606e-08 9.997572372084322367e-01
1.043478260869565081e-08 9.997525016781848572e-01
1.053511705685618556e-08 9.997477204403456552e-01
1.063545150501672032e-08 9.997428934962500069e-01
1.073578595317725673e-08 9.997380208472466112e-01
1.083612040133779148e-08 9.997331024946963796e-01
1.093645484949832623e-08 9.997281384399741011e-01
1.103678929765886099e-08 9.997231286844660003e-01
1.113712374581939574e-08 9.997180732295719574e-01
1.123745819397993215e-08 9.997129720767040650e-01
1.133779264214046690e-08 9.997078252272879606e-01
1.143812709030100166e-08 9.997026326827606058e-01
1.153846153846153641e-08 9.996973944445731730e-01
1.163879598662207117e-08 9.996921105141892694e-01
1.173913043478260757e-08 9.996867808930843813e-01
1.183946488294314233e-08 9.996814055827476508e-01
1.193979933110367708e-08 9.996759845846809878e-01
1.204013377926421184e-08 9.996705179003980701e-01
1.214046822742474824e-08 9.996650055314266758e-01
1.224080267558528300e-08 9.996594474793064622e-01
1.234113712374581775e-08 9.996538437455900761e-01
1.244147157190635251e-08 9.996481943318427099e-01
1.254180602006688726e-08 9.996424992396426568e-01
1.264214046822742367e-08 9.996367584705805331e-01
1.274247491638795842e-08 9.996309720262605003e-01
1.284280936454849318e-08 9.996251399082982658e-01
1.294314381270902793e-08 9.996192621183230820e-01
1.304347826086956269e-08 9.996133386579773017e-01
1.314381270903009909e-08 9.996073695289148242e-01
1.324414715719063385e-08 9.996013547328036486e-01
1.334448160535116860e-08 9.995952942713228762e-01
1.344481605351170336e-08 9.995891881461664852e-01
1.354515050167223811e-08 9.995830363590393342e-01
1.364548494983277452e-08 9.995768389116596042e-01
1.374581939799330927e-08 9.995705958057589102e-01
1.384615384615384403e-08 9.995643070430804134e-01
1.394648829431437878e-08 9.995579726253812636e-01
1.404682274247491519e-08 9.995515925544299352e-01
1.414715719063544994e-08 9.995451668320090022e-01
1.424749163879598470e-08 9.995386954599132512e-01
1.434782608695651945e-08 9.995321784399493481e-01
1.444816053511705420e-08 9.995256157739380587e-01
1.454849498327759061e-08 9.995190074637125832e-01
1.464882943143812537e-08 9.995123535111180013e-01
1.474916387959866012e-08 9.995056539180128263e-01
1.484949832775919487e-08 9.994989086862682282e-01
1.494983277591973128e-08 9.994921178177680332e-01
1.505016722408026604e-08 9.994852813144089465e-01
1.515050167224080079e-08 9.994783991780997745e-01
1.525083612040133554e-08 9.994714714107630904e-01
1.535117056856187030e-08 9.994644980143334578e-01
1.545150501672240505e-08 9.994574789907580969e-01
1.555183946488293981e-08 9.994504143419974396e-01
1.565217391304347456e-08 9.994433040700242410e-01
1.575250836120401262e-08 9.994361481768243571e-01
1.585284280936454738e-08 9.994289466643957454e-01
1.595317725752508213e-08 9.994216995347500188e-01
1.605351170568561688e-08 9.994144067899102257e-01
1.615384615384615164e-08 9.994070684319136255e-01
1.625418060200668639e-08 9.993996844628089127e-01
1.635451505016722115e-08 9.993922548846584375e-01
1.645484949832775590e-08 9.993847796995363186e-01
1.655518394648829065e-08 9.993772589095301084e-01
1.665551839464882872e-08 9.993696925167404599e-01
1.675585284280936347e-08 9.993620805232792392e-01
1.685618729096989823e-08 9.993544229312727456e-01
1.695652173913043298e-08 9.993467197428583804e-01
1.705685618729096773e-08 9.993389709601879778e-01
1.715719063545150249e-08 9.993311765854244744e-01
1.725752508361203724e-08 9.993233366207442403e-01
1.735785953177257200e-08 9.993154510683366354e-01
1.745819397993310675e-08 9.993075199304033429e-01
1.755852842809364150e-08 9.992995432091581476e-01
1.765886287625417957e-08 9.992915209068294891e-01
1.775919732441471432e-08 9.992834530256560210e-01
1.785953177257524907e-08 9.992753395678908301e-01
1.795986622073578383e-08 9.992671805357988823e-01
1.806020066889631858e-08 9.992589759316585774e-01
1.816053511705685334e-08 9.992507257577601942e-01
1.826086956521738809e-08 9.992424300164070017e-01
1.836120401337792284e-08 9.992340887099153690e-01
1.846153846153845760e-08 9.992257018406135449e-01
1.856187290969899566e-08 9.992172694108436559e-01
1.866220735785953041e-08 9.992087914229590417e-01
1.876254180602006517e-08 9.992002678793271420e-01
1.886287625418059992e-08 9.991916987823268315e-01
1.896321070234113468e-08 9.991830841343508629e-01
1.906354515050166943e-08 9.991744239378036463e-01
1.916387959866220418e-08 9.991657181951031363e-01
1.926421404682273894e-08 9.991569669086790562e-01
1.936454849498327369e-08 9.991481700809750066e-01
1.946488294314380845e-08 9.991393277144460239e-01
1.956521739130434651e-08 9.991304398115605778e-01
1.966555183946488126e-08 9.991215063747995728e-01
1.976588628762541602e-08 9.991125274066569029e-01
1.986622073578595077e-08 9.991035029096384523e-01
1.996655518394648553e-08 9.990944328862635393e-01
2.006688963210702028e-08 9.990853173390635833e-01
2.016722408026755503e-08 9.990761562705835486e-01
2.026755852842808979e-08 9.990669496833796126e-01
2.036789297658862454e-08 9.990576975800221637e-01
2.046822742474916260e-08 9.990483999630930256e-01
2.056856187290969736e-08 9.990390568351874556e-01
2.066889632107023211e-08 9.990296681989132566e-01
2.076923076923076687e-08 9.990202340568908879e-01
2.086956521739130162e-08 9.990107544117526883e-01
2.096989966555183637e-08 9.990012292661453186e-01
2.107023411371237113e-08 9.989916586227265416e-01
2.117056856187290588e-08 9.989820424841675539e-01
2.127090301003344064e-08 9.989723808531519866e-01
2.137123745819397539e-08 9.989626737323762384e-01
2.147157190635451345e-08 9.989529211245491425e-01
2.157190635451504821e-08 9.989431230323929656e-01
2.167224080267558296e-08 9.989332794586411879e-01
2.177257525083611771e-08 9.989233904060410563e-01
2.187290969899665247e-08 9.989134558773524741e-01
2.197324414715718722e-08 9.989034758753474463e-01
2.207357859531772198e-08 9.988934504028109673e-01
2.217391304347825673e-08 9.988833794625407991e-01
2.227424749163879148e-08 9.988732630573466942e-01
2.237458193979932955e-08 9.988631011900521717e-01
2.247491638795986430e-08 9.988528938634921861e-01
2.257525083612039905e-08 9.988426410805151257e-01
2.267558528428093381e-08 9.988323428439815910e-01
2.277591973244146856e-08 9.988219991567653944e-01
2.287625418060200332e-08 9.988116100217520055e-01
2.297658862876253807e-08 9.988011754418413268e-01
2.307692307692307282e-08 9.987906954199432530e-01
2.317725752508360758e-08 9.987801699589827775e-01
2.327759197324414233e-08 9.987695990618962183e-01
2.337792642140468040e-08 9.987589827316327717e-01
2.347826086956521515e-08 9.987483209711541798e-01
2.357859531772574990e-08 9.987376137834355072e-01
2.367892976588628466e-08 9.987268611714635869e-01
2.377926421404681941e-08 9.987160631382376863e-01
2.387959866220735417e-08 9.987052196867712839e-01
2.397993311036788892e-08 9.986943308200885161e-01
2.408026755852842367e-08 9.986833965412277303e-01
2.418060200668895843e-08 9.986724168532384871e-01
2.428093645484949649e-08 9.986613917591838918e-01
2.438127090301003124e-08 9.986503212621398173e-01
2.448160535117056600e-08 9.986392053651943490e-01
2.458193979933110075e-08 9.986280440714476736e-01
2.468227424749163551e-08 9.986168373840136336e-01
2.478260869565217026e-08 9.986055853060182841e-01
2.488294314381270501e-08 9.985942878406000034e-01
2.498327759197323977e-08 9.985829449909098265e-01
2.508361204013377452e-08 9.985715567601116671e-01
2.518394648829430928e-08 9.985601231513818732e-01
2.528428093645484734e-08 9.985486441679100045e-01
2.538461538461538209e-08 9.985371198128973891e-01
2.548494983277591685e-08 9.985255500895577896e-01
2.558528428093645160e-08 9.985139350011184023e-01
2.568561872909698635e-08 9.985022745508187469e-01
2.578595317725752111e-08 9.984905687419106668e-01
2.588628762541805586e-08 9.984788175776586616e-01
2.598662207357859062e-08 9.984670210613405539e-01
2.608695652173912537e-08 9.984551791962454903e-01
2.618729096989966343e-08 9.984432919856760513e-01
2.628762541806019819e-08 9.984313594329472519e-01
2.638795986622073294e-08 9.984193815413868744e-01
2.648829431438126769e-08 9.984073583143345809e-01
2.658862876254180245e-08 9.983952897551439110e-01
2.668896321070233720e-08 9.983831758671792844e-01
2.678929765886287196e-08 9.983710166538194430e-01
2.688963210702340671e-08 9.983588121184543418e-01
2.698996655518394146e-08 9.983465622644873694e-01
2.709030100334447622e-08 9.983342670953337938e-01
2.719063545150501428e-08 9.983219266144222059e-01
2.729096989966554904e-08 9.983095408251934089e-01
2.739130434782608379e-08 9.982971097311008624e-01
2.749163879598661854e-08 9.982846333356097945e-01
2.759197324414715330e-08 9.982721116421996443e-01
2.769230769230768805e-08 9.982595446543611750e-01
2.779264214046822281e-08 9.982469323755978063e-01
2.789297658862875756e-08 9.982342748094259477e-01
2.799331103678929231e-08 9.982215719593746650e-01
2.809364548494983038e-08 9.982088238289846815e-01
2.819397993311036513e-08 9.981960304218101543e-01
2.829431438127089988e-08 9.981831917414178967e-01
2.839464882943143464e-08 9.981703077913867128e-01
2.849498327759196939e-08 9.981573785753078409e-01
2.859531772575250415e-08 9.981444040967858422e-01
2.869565217391303890e-08 9.981313843594372681e-01
2.879598662207357365e-08 9.981183193668913267e-01
2.889632107023410841e-08 9.981052091227895495e-01
2.899665551839464316e-08 9.980920536307866797e-01
2.909698996655518122e-08 9.980788528945490068e-01
2.919732441471571598e-08 9.980656069177568090e-01
2.929765886287625073e-08 9.980523157041014670e-01
2.939799331103678549e-08 9.980389792572873509e-01
2.949832775919732024e-08 9.980255975810317093e-01
2.959866220735785499e-08 9.980121706790640035e-01
2.969899665551838975e-08 9.979986985551265732e-01
2.979933110367892450e-08 9.979851812129737487e-01
2.989966555183946256e-08 9.979716186563727387e-01
2.999999999999999732e-08 9.979580108891036305e-01
