0.000000000000000000e+00 9.999999999999995559e-01
1.003344481605351029e-10 9.999999469916344141e-01
2.006688963210702059e-10 9.999997879665731837e-01
3.010033444816052959e-10 9.999995229249185602e-01
4.013377926421404118e-10 9.999991518668426282e-01
5.016722408026755277e-10 9.999986747925850850e-01
6.020066889632105918e-10 9.999980917024550164e-01
7.023411371237457594e-10 9.999974025968296765e-01
8.026755852842808236e-10 9.999966074761550416e-01
9.030100334448158877e-10 9.999957063409459224e-01
1.003344481605351055e-09 9.999946991917854078e-01
1.103678929765886223e-09 9.999935860293255319e-01
1.204013377926421184e-09 9.999923668542864963e-01
1.304347826086956351e-09 9.999910416674577807e-01
1.404682274247491519e-09 9.999896104696972543e-01
1.505016722408026480e-09 9.999880732619306212e-01
1.605351170568561647e-09 9.999864300451535293e-01
1.705685618729096815e-09 9.999846808204290172e-01
1.806020066889631775e-09 9.999828255888892903e-01
1.906354515050166943e-09 9.999808643517356099e-01
2.006688963210702111e-09 9.999787971102368500e-01
2.107023411371237278e-09 9.999766238657312734e-01
2.207357859531772446e-09 9.999743446196254215e-01
2.307692307692307200e-09 9.999719593733946699e-01
2.408026755852842367e-09 9.999694681285826725e-01
2.508361204013377535e-09 9.999668708868014733e-01
2.608695652173912702e-09 9.999641676497323939e-01
2.709030100334447870e-09 9.999613584191254789e-01
2.809364548494983038e-09 9.999584431967983855e-01
2.909698996655517792e-09 9.999554219846382708e-01
3.010033444816052959e-09 9.999522947846001264e-01
3.110367892976588127e-09 9.999490615987081110e-01
3.210702341137123294e-09 9.999457224290546620e-01
3.311036789297658462e-09 9.999422772778012725e-01
3.411371237458193629e-09 9.999387261471772703e-01
3.511705685618728797e-09 9.999350690394812613e-01
3.612040133779263551e-09 9.999313059570800188e-01
3.712374581939798719e-09 9.999274369024090392e-01
3.812709030100333886e-09 9.999234618779722084e-01
3.913043478260868640e-09 9.999193808863419131e-01
4.013377926421404221e-09 9.999151939301600400e-01
4.113712374581938975e-09 9.999109010121357555e-01
4.214046822742474556e-09 9.999065021350472815e-01
4.314381270903009310e-09 9.999019973017418961e-01
4.414715719063544892e-09 9.998973865151347118e-01
4.515050167224079646e-09 9.998926697782093420e-01
4.615384615384614399e-09 9.998878470940190111e-01
4.715719063545149981e-09 9.998829184656844449e-01
4.816053511705684735e-09 9.998778838963950921e-01
4.916387959866220316e-09 9.998727433894091243e-01
5.016722408026755070e-09 9.998674969480534358e-01
5.117056856187290651e-09 9.998621445757226445e-01
5.217391304347825405e-09 9.998566862758808682e-01
5.317725752508360159e-09 9.998511220520602816e-01
5.418060200668895740e-09 9.998454519078618929e-01
5.518394648829430494e-09 9.998396758469546564e-01
5.618729096989966075e-09 9.998337938730762486e-01
5.719063545150500829e-09 9.998278059900330694e-01
5.819397993311035583e-09 9.998217122017001302e-01
5.919732441471571164e-09 9.998155125120201658e-01
6.020066889632105918e-09 9.998092069250057445e-01
6.120401337792641499e-09 9.998027954447363808e-01
6.220735785953176253e-09 9.997962780753613110e-01
6.321070234113711835e-09 9.997896548210974954e-01
6.421404682274246589e-09 9.997829256862309499e-01
6.521739130434781343e-09 9.997760906751153032e-01
6.622073578595316924e-09 9.997691497921737946e-01
6.722408026755851678e-09 9.997621030418972765e-01
6.822742474916387259e-09 9.997549504288452127e-01
6.923076923076922013e-09 9.997476919576460119e-01
7.023411371237457594e-09 9.997403276329954736e-01
7.123745819397992348e-09 9.997328574596591189e-01
7.224080267558527102e-09 9.997252814424699707e-01
7.324414715719062683e-09 9.997175995863301079e-01
7.424749163879597437e-09 9.997098118962093327e-01
7.525083612040133018e-09 9.997019183771461703e-01
7.625418060200667772e-09 9.996939190342485348e-01
7.725752508361202526e-09 9.996858138726907317e-01
7.826086956521737280e-09 9.996776028977175654e-01
7.926421404682273689e-09 9.996692861146406761e-01
8.026755852842808442e-09 9.996608635288410927e-01
8.127090301003343196e-09 9.996523351457673456e-01
8.227424749163877950e-09 9.996437009709374655e-01
8.327759197324414359e-09 9.996349610099367622e-01
8.428093645484949113e-09 9.996261152684196016e-01
8.528428093645483867e-09 9.996171637521081843e-01
8.628762541806018621e-09 9.996081064667938776e-01
8.729096989966553375e-09 9.995989434183356614e-01
8.829431438127089783e-09 9.995896746126609056e-01
8.929765886287624537e-09 9.995803000557653695e-01
9.030100334448159291e-09 9.995708197537144235e-01
9.130434782608694045e-09 9.995612337126391633e-01
9.230769230769228799e-09 9.995515419387412948e-01
9.331103678929765207e-09 9.995417444382899141e-01
9.431438127090299961e-09 9.995318412176220635e-01
9.531772575250834715e-09 9.995218322831438407e-01
9.632107023411369469e-09 9.995117176413291782e-01
9.732441471571904223e-09 9.995014972987210644e-01
9.832775919732440632e-09 9.994911712619291011e-01
9.933110367892975386e-09 9.994807395376328341e-01
1.003344481605351014e-08 9.994702021325791996e-01
1.013377926421404489e-08 9.994595590535835239e-01
1.023411371237458130e-08 9.994488103075300778e-01
1.033444816053511606e-08 9.994379559013699676e-01
1.043478260869565081e-08 9.994269958421233557e-01
1.053511705685618556e-08 9.994159301368789050e-01
1.063545150501672032e-08 9.994047587927934462e-01
1.073578595317725673e-08 9.993934818170913115e-01
1.083612040133779148e-08 9.993820992170652229e-01
1.093645484949832623e-08 9.993706110000770693e-01
1.103678929765886099e-08 9.993590171735556860e-01
1.113712374581939574e-08 9.993473177449985201e-01
1.123745819397993215e-08 9.993355127219715195e-01
1.133779264214046690e-08 9.993236021121084667e-01
1.143812709030100166e-08 9.993115859231115339e-01
1.153846153846153641e-08 9.992994641627505059e-01
1.163879598662207117e-08 9.992872368388633353e-01
1.173913043478260757e-08 9.992749039593575855e-01
1.183946488294314233e-08 9.992624655322067673e-01
1.193979933110367708e-08 9.992499215654536693e-01
1.204013377926421184e-08 9.992372720672091368e-01
1.214046822742474824e-08 9.992245170456519610e-01
1.224080267558528300e-08 9.992116565090292113e-01
1.234113712374581775e-08 9.991986904656554591e-01
1.244147157190635251e-08 9.991856189239138875e-01
1.254180602006688726e-08 9.991724418922560691e-01
1.264214046822742367e-08 9.991591593792003012e-01
1.274247491638795842e-08 9.991457713933344920e-01
1.284280936454849318e-08 9.991322779433132739e-01
1.294314381270902793e-08 9.991186790378598914e-01
1.304347826086956269e-08 9.991049746857656455e-01
1.314381270903009909e-08 9.990911648958898938e-01
1.324414715719063385e-08 9.990772496771597178e-01
1.334448160535116860e-08 9.990632290385703662e-01
1.344481605351170336e-08 9.990491029891850339e-01
1.354515050167223811e-08 9.990348715381346389e-01
1.364548494983277452e-08 9.990205346946183784e-01
1.374581939799330927e-08 9.990060924679029508e-01
1.384615384615384403e-08 9.989915448673235554e-01
1.394648829431437878e-08 9.989768919022831151e-01
1.404682274247491519e-08 9.989621335822521653e-01
1.414715719063544994e-08 9.989472699167692982e-01
1.424749163879598470e-08 9.989323009154411626e-01
1.434782608695651945e-08 9.989172265879424639e-01
1.444816053511705420e-08 9.989020469440147432e-01
1.454849498327759061e-08 9.988867619934685971e-01
1.464882943143812537e-08 9.988713717461819019e-01
1.474916387959866012e-08 9.988558762121005907e-01
1.484949832775919487e-08 9.988402754012382090e-01
1.494983277591973128e-08 9.988245693236761369e-01
1.505016722408026604e-08 9.988087579895637003e-01
1.515050167224080079e-08 9.987928414091179485e-01
1.525083612040133554e-08 9.987768195926234327e-01
1.535117056856187030e-08 9.987606925504330935e-01
1.545150501672240505e-08 9.987444602929670401e-01
1.555183946488293981e-08 9.987281228307133274e-01
1.565217391304347456e-08 9.987116801742281780e-01
1.575250836120401262e-08 9.986951323341343167e-01
1.585284280936454738e-08 9.986784793211238576e-01
1.595317725752508213e-08 9.986617211459551946e-01
1.605351170568561688e-08 9.986448578194552228e-01
1.615384615384615164e-08 9.986278893525180056e-01
1.625418060200668639e-08 9.986108157561059961e-01
1.635451505016722115e-08 9.985936370412482610e-01
1.645484949832775590e-08 9.985763532190423675e-01
1.655518394648829065e-08 9.985589643006529403e-01
1.665551839464882872e-08 9.985414702973133272e-01
1.675585284280936347e-08 9.985238712203223788e-01
1.685618729096989823e-08 9.985061670810485568e-01
1.695652173913043298e-08 9.984883578909270474e-01
1.705685618729096773e-08 9.984704436614606493e-01
1.715719063545150249e-08 9.984524244042199959e-01
1.725752508361203724e-08 9.984343001308422227e-01
1.735785953177257200e-08 9.984160708530335215e-01
1.745819397993310675e-08 9.983977365825671413e-01
1.755852842809364150e-08 9.983792973312830554e-01
1.765886287625417957e-08 9.983607531110887390e-01
1.775919732441471432e-08 9.983421039339607228e-01
1.785953177257524907e-08 9.983233498119413740e-01
1.795986622073578383e-08 9.983044907571412274e-01
1.806020066889631858e-08 9.982855267817376532e-01
1.816053511705685334e-08 9.982664578979764114e-01
1.826086956521738809e-08 9.982472841181697643e-01
1.836120401337792284e-08 9.982280054546978088e-01
1.846153846153845760e-08 9.982086219200083654e-01
1.856187290969899566e-08 9.981891335266157572e-01
1.866220735785953041e-08 9.981695402871020306e-01
1.876254180602006517e-08 9.981498422141172888e-01
1.886287625418059992e-08 9.981300393203776933e-01
1.896321070234113468e-08 9.981101316186676842e-01
1.906354515050166943e-08 9.980901191218387591e-01
1.916387959866220418e-08 9.980700018428096953e-01
1.926421404682273894e-08 9.980497797945657723e-01
1.936454849498327369e-08 9.980294529901613254e-01
1.946488294314380845e-08 9.980090214427160822e-01
1.956521739130434651e-08 9.979884851654178268e-01
1.966555183946488126e-08 9.979678441715219561e-01
1.976588628762541602e-08 9.979470984743499251e-01
1.986622073578595077e-08 9.979262480872920227e-01
1.996655518394648553e-08 9.979052930238039298e-01
2.006688963210702028e-08 9.978842332974091622e-01
2.016722408026755503e-08 9.978630689216996252e-01
2.026755852842808979e-08 9.978417999103320613e-01
2.036789297658862454e-08 9.978204262770320465e-01
2.046822742474916260e-08 9.977989480355917706e-01
2.056856187290969736e-08 9.977773651998700366e-01
2.066889632107023211e-08 9.977556777837941482e-01
2.076923076923076687e-08 9.977338858013562461e-01
2.086956521739130162e-08 9.977119892666174161e-01
2.096989966555183637e-08 9.976899881937045800e-01
2.107023411371237113e-08 9.976678825968127162e-01
2.117056856187290588e-08 9.976456724902027506e-01
2.127090301003344064e-08 9.976233578882036657e-01
2.137123745819397539e-08 9.976009388052098359e-01
2.147157190635451345e-08 9.975784152556842477e-01
2.157190635451504821e-08 9.975557872541562787e-01
2.167224080267558296e-08 9.975330548152215870e-01
2.177257525083611771e-08 9.975102179535434432e-01
2.187290969899665247e-08 9.974872766838516203e-01
2.197324414715718722e-08 9.974642310209428375e-01
2.207357859531772198e-08 9.974410809796809829e-01
2.217391304347825673e-08 9.974178265749960026e-01
2.227424749163879148e-08 9.973944678218860105e-01
2.237458193979932955e-08 9.973710047354144015e-01
2.247491638795986430e-08 9.973474373307120722e-01
2.257525083612039905e-08 9.973237656229769765e-01
2.267558528428093381e-08 9.972999896274731269e-01
2.277591973244146856e-08 9.972761093595317039e-01
2.287625418060200332e-08 9.972521248345508349e-01
2.297658862876253807e-08 9.972280360679945943e-01
2.307692307692307282e-08 9.972038430753946692e-01
2.317725752508360758e-08 9.971795458723483607e-01
2.327759197324414233e-08 9.971551444745208048e-01
2.337792642140468040e-08 9.971306388976426405e-01
2.347826086956521515e-08 9.971060291575120083e-01
2.357859531772574990e-08 9.970813152699933291e-01
2.367892976588628466e-08 9.970564972510171931e-01
2.377926421404681941e-08 9.970315751165814699e-01
2.387959866220735417e-08 9.970065488827497546e-01
2.397993311036788892e-08 9.969814185656531436e-01
2.408026755852842367e-08 9.969561841814884584e-01
2.418060200668895843e-08 9.969308457465193563e-01
2.428093645484949649e-08 9.969054032770759965e-01
2.438127090301003124e-08 9.968798567895550411e-01
2.448160535117056600e-08 9.968542063004189879e-01
2.458193979933110075e-08 9.968284518261976146e-01
2.468227424749163551e-08 9.968025933834865349e-01
2.478260869565217026e-08 9.967766309889480869e-01
2.488294314381270501e-08 9.967505646593111113e-01
2.498327759197323977e-08 9.967243944113698406e-01
2.508361204013377452e-08 9.966981202619857871e-01
2.518394648829430928e-08 9.966717422280867433e-01
2.528428093645484734e-08 9.966452603266663379e-01
2.538461538461538209e-08 9.966186745747849240e-01
2.548494983277591685e-08 9.965919849895683580e-01
2.558528428093645160e-08 9.965651915882098866e-01
2.568561872909698635e-08 9.965382943879678157e-01
2.578595317725752111e-08 9.965112934061675087e-01
2.588628762541805586e-08 9.964841886602003873e-01
2.598662207357859062e-08 9.964569801675234872e-01
2.608695652173912537e-08 9.964296679456601247e-01
2.618729096989966343e-08 9.964022520122005622e-01
2.628762541806019819e-08 9.963747323848005655e-01
2.638795986622073294e-08 9.963471090811811814e-01
2.648829431438126769e-08 9.963193821191314026e-01
2.658862876254180245e-08 9.962915515165042812e-01
2.668896321070233720e-08 9.962636172912204824e-01
2.678929765886287196e-08 9.962355794612657300e-01
2.688963210702340671e-08 9.962074380446919175e-01
2.698996655518394146e-08 9.961791930596174405e-01
2.709030100334447622e-08 9.961508445242257537e-01
2.719063545150501428e-08 9.961223924567669252e-01
2.729096989966554904e-08 9.960938368755565264e-01
2.739130434782608379e-08 9.960651777989766309e-01
2.749163879598661854e-08 9.960364152454750375e-01
2.759197324414715330e-08 9.960075492335641600e-01
2.769230769230768805e-08 9.959785797818238029e-01
2.779264214046822281e-08 9.959495069088991626e-01
2.789297658862875756e-08 9.959203306335003836e-01
2.799331103678929231e-08 9.958910509744048900e-01
2.809364548494983038e-08 9.958616679504542768e-01
2.819397993311036513e-08 9.958321815805574184e-01
2.829431438127089988e-08 9.958025918836872492e-01
2.839464882943143464e-08 9.957728988788839830e-01
2.849498327759196939e-08 9.957431025852522266e-01
2.859531772575250415e-08 9.957132030219633112e-01
2.869565217391303890e-08 9.956832002082528499e-01
2.879598662207357365e-08 9.956530941634234022e-01
2.889632107023410841e-08 9.956228849068430309e-01
2.899665551839464316e-08 9.955925724579436364e-01
2.909698996655518122e-08 9.955621568362249540e-01
2.919732441471571598e-08 9.955316380612507787e-01
2.929765886287625073e-08 9.955010161526512968e-01
2.939799331103678549e-08 9.954702911301210877e-01
2.949832775919732024e-08 9.954394630134212330e-01
2.959866220735785499e-08 9.954085318223776513e-01
2.969899665551838975e-08 9.953774975768823197e-01
2.979933110367892450e-08 9.953463602968913859e-01
2.989966555183946256e-08 9.953151200024278333e-01
2.999999999999999732e-08 9.952837767135784830e-01
