0.000000000000000000e+00 9.999999999999995559e-01
1.003344481605351029e-10 9.999999503077910967e-01
2.006688963210702059e-10 9.999998012311952511e-01
3.010033444816052959e-10 9.999995527703029463e-01
4.013377926421404118e-10 9.999992049252648396e-01
5.016722408026755277e-10 9.999987576962918734e-01
6.020066889632105918e-10 9.999982110836550531e-01
7.023411371237457594e-10 9.999975650876867794e-01
8.026755852842808236e-10 9.999968197087786281e-01
9.030100334448158877e-10 9.999959749473829040e-01
1.003344481605351055e-09 9.999950308040123081e-01
1.103678929765886223e-09 9.999939872792393825e-01
1.204013377926421184e-09 9.999928443736978423e-01
1.304347826086956351e-09 9.999916020880803558e-01
1.404682274247491519e-09 9.999902604231415415e-01
1.505016722408026480e-09 9.999888193796949709e-01
1.605351170568561647e-09 9.999872789586150557e-01
1.705685618729096815e-09 9.999856391608366035e-01
1.806020066889631775e-09 9.999838999873544854e-01
1.906354515050166943e-09 9.999820614392240792e-01
2.006688963210702111e-09 9.999801235175602709e-01
2.107023411371237278e-09 9.999780862235398970e-01
2.207357859531772446e-09 9.999759495583986357e-01
2.307692307692307200e-09 9.999737135234324503e-01
2.408026755852842367e-09 9.999713781199988105e-01
2.508361204013377535e-09 9.999689433495142499e-01
2.608695652173912702e-09 9.999664092134559201e-01
2.709030100334447870e-09 9.999637757133621463e-01
2.809364548494983038e-09 9.999610428508298732e-01
2.909698996655517792e-09 9.999582106275174409e-01
3.010033444816052959e-09 9.999552790451435857e-01
3.110367892976588127e-09 9.999522481054867740e-01
3.210702341137123294e-09 9.999491178103859790e-01
3.311036789297658462e-09 9.999458881617402373e-01
3.411371237458193629e-09 9.999425591615095366e-01
3.511705685618728797e-09 9.999391308117129284e-01
3.612040133779263551e-09 9.999356031144309709e-01
3.712374581939798719e-09 9.999319760718040628e-01
3.812709030100333886e-09 9.999282496860323333e-01
3.913043478260868640e-09 9.999244239593766403e-01
4.013377926421404221e-09 9.999204988941584604e-01
4.113712374581938975e-09 9.999164744927589998e-01
4.214046822742474556e-09 9.999123507576193060e-01
4.314381270903009310e-09 9.999081276912420435e-01
4.414715719063544892e-09 9.999038052961886081e-01
4.515050167224079646e-09 9.998993835750820125e-01
4.615384615384614399e-09 9.998948625306043336e-01
4.715719063545149981e-09 9.998902421654985995e-01
4.816053511705684735e-09 9.998855224825675680e-01
4.916387959866220316e-09 9.998807034846749486e-01
5.016722408026755070e-09 9.998757851747438474e-01
5.117056856187290651e-09 9.998707675557585439e-01
5.217391304347825405e-09 9.998656506307626035e-01
5.317725752508360159e-09 9.998604344028604318e-01
5.418060200668895740e-09 9.998551188752160535e-01
5.518394648829430494e-09 9.998497040510547773e-01
5.618729096989966075e-09 9.998441899336606431e-01
5.719063545150500829e-09 9.998385765263798630e-01
5.819397993311035583e-09 9.998328638326163809e-01
5.919732441471571164e-09 9.998270518558366460e-01
6.020066889632105918e-09 9.998211405995655054e-01
6.120401337792641499e-09 9.998151300673897568e-01
6.220735785953176253e-09 9.998090202629549283e-01
6.321070234113711835e-09 9.998028111899670556e-01
6.421404682274246589e-09 9.997965028521931252e-01
6.521739130434781343e-09 9.997900952534591879e-01
6.622073578595316924e-09 9.997835883976523563e-01
6.722408026755851678e-09 9.997769822887198066e-01
6.822742474916387259e-09 9.997702769306682224e-01
6.923076923076922013e-09 9.997634723275646840e-01
7.023411371237457594e-09 9.997565684835374444e-01
7.123745819397992348e-09 9.997495654027740430e-01
7.224080267558527102e-09 9.997424630895210829e-01
7.324414715719062683e-09 9.997352615480878946e-01
7.424749163879597437e-09 9.997279607828415404e-01
7.525083612040133018e-09 9.997205607982105890e-01
7.625418060200667772e-09 9.997130615986835611e-01
7.725752508361202526e-09 9.997054631888088183e-01
7.826086956521737280e-09 9.996977655731943413e-01
7.926421404682273689e-09 9.996899687565098391e-01
8.026755852842808442e-09 9.996820727434834186e-01
8.127090301003343196e-09 9.996740775389040268e-01
8.227424749163877950e-09 9.996659831476206737e-01
8.327759197324414359e-09 9.996577895745429876e-01
8.428093645484949113e-09 9.996494968246397717e-01
8.528428093645483867e-09 9.996411049029407803e-01
8.628762541806018621e-09 9.996326138145346096e-01
8.729096989966553375e-09 9.996240235645712513e-01
8.829431438127089783e-09 9.996153341582604268e-01
8.929765886287624537e-09 9.996065456008714767e-01
9.030100334448159291e-09 9.995976578977341376e-01
9.130434782608694045e-09 9.995886710542379872e-01
9.230769230769228799e-09 9.995795850758332213e-01
9.331103678929765207e-09 9.995703999680294327e-01
9.431438127090299961e-09 9.995611157363968324e-01
9.531772575250834715e-09 9.995517323865649173e-01
9.632107023411369469e-09 9.995422499242238024e-01
9.732441471571904223e-09 9.995326683551233327e-01
9.832775919732440632e-09 9.995229876850739714e-01
9.933110367892975386e-09 9.995132079199453567e-01
1.003344481605351014e-08 9.995033290656674119e-01
1.013377926421404489e-08 9.994933511282304561e-01
1.023411371237458130e-08 9.994832741136843168e-01
1.033444816053511606e-08 9.994730980281387733e-01
1.043478260869565081e-08 9.994628228777645562e-01
1.053511705685618556e-08 9.994524486687913489e-01
1.063545150501672032e-08 9.994419754075084539e-01
1.073578595317725673e-08 9.994314031002664578e-01
1.083612040133779148e-08 9.994207317534744561e-01
1.093645484949832623e-08 9.994099613736033838e-01
1.103678929765886099e-08 9.993990919671822404e-01
1.113712374581939574e-08 9.993881235408005326e-01
1.123745819397993215e-08 9.993770561011086073e-01
1.133779264214046690e-08 9.993658896548152093e-01
1.143812709030100166e-08 9.993546242086905895e-01
1.153846153846153641e-08 9.993432597695632857e-01
1.163879598662207117e-08 9.993317963443232310e-01
1.173913043478260757e-08 9.993202339399194223e-01
1.183946488294314233e-08 9.993085725633601424e-01
1.193979933110367708e-08 9.992968122217154026e-01
1.204013377926421184e-08 9.992849529221135008e-01
1.214046822742474824e-08 9.992729946717431311e-01
1.224080267558528300e-08 9.992609374778530507e-01
1.234113712374581775e-08 9.992487813477513026e-01
1.244147157190635251e-08 9.992365262888062150e-01
1.254180602006688726e-08 9.992241723084461791e-01
1.264214046822742367e-08 9.992117194141585390e-01
1.274247491638795842e-08 9.991991676134912570e-01
1.284280936454849318e-08 9.991865169140518033e-01
1.294314381270902793e-08 9.991737673235078221e-01
1.304347826086956269e-08 9.991609188495860217e-01
1.314381270903009909e-08 9.991479715000737283e-01
1.324414715719063385e-08 9.991349252828172212e-01
1.334448160535116860e-08 9.991217802057227315e-01
1.344481605351170336e-08 9.991085362767574418e-01
1.354515050167223811e-08 9.990951935039468212e-01
1.364548494983277452e-08 9.990817518953766241e-01
1.374581939799330927e-08 9.990682114591923346e-01
1.384615384615384403e-08 9.990545722035988341e-01
1.394648829431437878e-08 9.990408341368619549e-01
1.404682274247491519e-08 9.990269972673055943e-01
1.414715719063544994e-08 9.990130616033143784e-01
1.424749163879598470e-08 9.989990271533322197e-01
1.434782608695651945e-08 9.989848939258634264e-01
1.444816053511705420e-08 9.989706619294707046e-01
1.454849498327759061e-08 9.989563311727774897e-01
1.464882943143812537e-08 9.989419016644666138e-01
1.474916387959866012e-08 9.989273734132805282e-01
1.484949832775919487e-08 9.989127464280215252e-01
1.494983277591973128e-08 9.988980207175506276e-01
1.505016722408026604e-08 9.988831962907898099e-01
1.515050167224080079e-08 9.988682731567203321e-01
1.525083612040133554e-08 9.988532513243814082e-01
1.535117056856187030e-08 9.988381308028748684e-01
1.545150501672240505e-08 9.988229116013593867e-01
1.555183946488293981e-08 9.988075937290544770e-01
1.565217391304347456e-08 9.987921771952394945e-01
1.575250836120401262e-08 9.987766620092526360e-01
1.585284280936454738e-08 9.987610481804921614e-01
1.595317725752508213e-08 9.987453357184151725e-01
1.605351170568561688e-08 9.987295246325392784e-01
1.615384615384615164e-08 9.987136149324409296e-01
1.625418060200668639e-08 9.986976066277564179e-01
1.635451505016722115e-08 9.986814997281813211e-01
1.645484949832775590e-08 9.986652942434705027e-01
1.655518394648829065e-08 9.986489901834388894e-01
1.665551839464882872e-08 9.986325875579604716e-01
1.675585284280936347e-08 9.986160863769693030e-01
1.685618729096989823e-08 9.985994866504578349e-01
1.695652173913043298e-08 9.985827883884791367e-01
1.705685618729096773e-08 9.985659916011446757e-01
1.715719063545150249e-08 9.985490962986254271e-01
1.725752508361203724e-08 9.985321024911529841e-01
1.735785953177257200e-08 9.985150101890171159e-01
1.745819397993310675e-08 9.984978194025675435e-01
1.755852842809364150e-08 9.984805301422130519e-01
1.765886287625417957e-08 9.984631424184219339e-01
1.775919732441471432e-08 9.984456562417215464e-01
1.785953177257524907e-08 9.984280716226997532e-01
1.795986622073578383e-08 9.984103885720020388e-01
1.806020066889631858e-08 9.983926071003347280e-01
1.816053511705685334e-08 9.983747272184624322e-01
1.826086956521738809e-08 9.983567489372096038e-01
1.836120401337792284e-08 9.983386722674598701e-01
1.846153846153845760e-08 9.983204972201558114e-01
1.856187290969899566e-08 9.983022238063002929e-01
1.866220735785953041e-08 9.982838520369540225e-01
1.876254180602006517e-08 9.982653819232382153e-01
1.886287625418059992e-08 9.982468134763320400e-01
1.896321070234113468e-08 9.982281467074752834e-01
1.906354515050166943e-08 9.982093816279662413e-01
1.916387959866220418e-08 9.981905182491622730e-01
1.926421404682273894e-08 9.981715565824800240e-01
1.936454849498327369e-08 9.981524966393957587e-01
1.946488294314380845e-08 9.981333384314445833e-01
1.956521739130434651e-08 9.981140819702206679e-01
1.966555183946488126e-08 9.980947272673771353e-01
1.976588628762541602e-08 9.980752743346268385e-01
1.986622073578595077e-08 9.980557231837414722e-01
1.996655518394648553e-08 9.980360738265514620e-01
2.006688963210702028e-08 9.980163262749470743e-01
2.016722408026755503e-08 9.979964805408770845e-01
2.026755852842808979e-08 9.979765366363498869e-01
2.036789297658862454e-08 9.979564945734316073e-01
2.046822742474916260e-08 9.979363543642494339e-01
2.056856187290969736e-08 9.979161160209878423e-01
2.066889632107023211e-08 9.978957795558913713e-01
2.076923076923076687e-08 9.978753449812632903e-01
2.086956521739130162e-08 9.978548123094657107e-01
2.096989966555183637e-08 9.978341815529199188e-01
2.107023411371237113e-08 9.978134527241058205e-01
2.117056856187290588e-08 9.977926258355624967e-01
2.127090301003344064e-08 9.977717008998886472e-01
2.137123745819397539e-08 9.977506779297405926e-01
2.147157190635451345e-08 9.977295569378349382e-01
2.157190635451504821e-08 9.977083379369459104e-01
2.167224080267558296e-08 9.976870209399072431e-01
2.177257525083611771e-08 9.976656059596122894e-01
2.187290969899665247e-08 9.976440930090119119e-01
2.197324414715718722e-08 9.976224821011165922e-01
2.207357859531772198e-08 9.976007732489956537e-01
2.217391304347825673e-08 9.975789664657770395e-01
2.227424749163879148e-08 9.975570617646475347e-01
2.237458193979932955e-08 9.975350591588528770e-01
2.247491638795986430e-08 9.975129586616972022e-01
2.257525083612039905e-08 9.974907602865443756e-01
2.267558528428093381e-08 9.974684640468158836e-01
2.277591973244146856e-08 9.974460699559926091e-01
2.287625418060200332e-08 9.974235780276137220e-01
2.297658862876253807e-08 9.974009882752778999e-01
2.307692307692307282e-08 9.973783007126416633e-01
2.317725752508360758e-08 9.973555153534207074e-01
2.327759197324414233e-08 9.973326322113895692e-01
2.337792642140468040e-08 9.973096513003806285e-01
2.347826086956521515e-08 9.972865726342857728e-01
2.357859531772574990e-08 9.972633962270553987e-01
2.367892976588628466e-08 9.972401220926978560e-01
2.377926421404681941e-08 9.972167502452811139e-01
2.387959866220735417e-08 9.971932806989308729e-01
2.397993311036788892e-08 9.971697134678316754e-01
2.408026755852842367e-08 9.971460485662271278e-01
2.418060200668895843e-08 9.971222860084185680e-01
2.428093645484949649e-08 9.970984258087665086e-01
2.438127090301003124e-08 9.970744679816896383e-01
2.448160535117056600e-08 9.970504125416650432e-01
2.458193979933110075e-08 9.970262595032292063e-01
2.468227424749163551e-08 9.970020088809755654e-01
2.478260869565217026e-08 9.969776606895571769e-01
2.488294314381270501e-08 9.969532149436857171e-01
2.498327759197323977e-08 9.969286716581301500e-01
2.508361204013377452e-08 9.969040308477186141e-01
2.518394648829430928e-08 9.968792925273376460e-01
2.528428093645484734e-08 9.968544567119322908e-01
2.538461538461538209e-08 9.968295234165048813e-01
2.548494983277591685e-08 9.968044926561181462e-01
2.558528428093645160e-08 9.967793644458914359e-01
2.568561872909698635e-08 9.967541388010026093e-01
2.578595317725752111e-08 9.967288157366888113e-01
2.588628762541805586e-08 9.967033952682442521e-01
2.598662207357859062e-08 9.966778774110223171e-01
2.608695652173912537e-08 9.966522621804345672e-01
2.618729096989966343e-08 9.966265495919505168e-01
2.628762541806019819e-08 9.966007396610976343e-01
2.638795986622073294e-08 9.965748324034624517e-01
2.648829431438126769e-08 9.965488278346888995e-01
2.658862876254180245e-08 9.965227259704795282e-01
2.668896321070233720e-08 9.964965268265949527e-01
2.678929765886287196e-08 9.964702304188539639e-01
2.688963210702340671e-08 9.964438367631331950e-01
2.698996655518394146e-08 9.964173458753680102e-01
2.709030100334447622e-08 9.963907577715516162e-01
2.719063545150501428e-08 9.963640724677349514e-01
2.729096989966554904e-08 9.963372899800269078e-01
2.739130434782608379e-08 9.963104103245957743e-01
2.749163879598661854e-08 9.962834335176661282e-01
2.759197324414715330e-08 9.962563595755213885e-01
2.769230769230768805e-08 9.962291885145035941e-01
2.779264214046822281e-08 9.962019203510112941e-01
2.789297658862875756e-08 9.961745551015024347e-01
2.799331103678929231e-08 9.961470927824920274e-01
2.809364548494983038e-08 9.961195334105532595e-01
2.819397993311036513e-08 9.960918770023177160e-01
2.829431438127089988e-08 9.960641235744741584e-01
2.839464882943143464e-08 9.960362731437693018e-01
2.849498327759196939e-08 9.960083257270088142e-01
2.859531772575250415e-08 9.959802813410542077e-01
2.869565217391303890e-08 9.959521400028267246e-01
2.879598662207357365e-08 9.959239017293044505e-01
2.889632107023410841e-08 9.958955665375237576e-01
2.899665551839464316e-08 9.958671344445784168e-01
2.909698996655518122e-08 9.958386054676202637e-01
2.919732441471571598e-08 9.958099796238584211e-01
2.929765886287625073e-08 9.957812569305599659e-01
2.939799331103678549e-08 9.957524374050500393e-01
2.949832775919732024e-08 9.957235210647109591e-01
2.959866220735785499e-08 9.956945079269834409e-01
2.969899665551838975e-08 9.956653980093650436e-01
2.979933110367892450e-08 9.956361913294116128e-01
2.989966555183946256e-08 9.956068879047359488e-01
2.999999999999999732e-08 9.955774877530089162e-01
