0.000000000000000000e+00 9.999999999999995559e-01
1.003344481605351029e-10 9.999998410361865542e-01
2.006688963210702059e-10 9.999993641450561910e-01
3.010033444816052959e-10 9.999985693275335041e-01
4.013377926421404118e-10 9.999974565851617037e-01
5.016722408026755277e-10 9.999960259201010615e-01
6.020066889632105918e-10 9.999942773351278014e-01
7.023411371237457594e-10 9.999922108336364301e-01
8.026755852842808236e-10 9.999898264196375175e-01
9.030100334448158877e-10 9.999871240977599163e-01
1.003344481605351055e-09 9.999841038732479870e-01
1.103678929765886223e-09 9.999807657519645954e-01
1.204013377926421184e-09 9.999771097403888920e-01
1.304347826086956351e-09 9.999731358456167563e-01
1.404682274247491519e-09 9.999688440753614627e-01
1.505016722408026480e-09 9.999642344379533476e-01
1.605351170568561647e-09 9.999593069423389213e-01
1.705685618729096815e-09 9.999540615980826441e-01
1.806020066889631775e-09 9.999484984153648170e-01
1.906354515050166943e-09 9.999426174049832472e-01
2.006688963210702111e-09 9.999364185783519154e-01
2.107023411371237278e-09 9.999299019475024197e-01
2.207357859531772446e-09 9.999230675250818656e-01
2.307692307692307200e-09 9.999159153243550868e-01
2.408026755852842367e-09 9.999084453592030908e-01
2.508361204013377535e-09 9.999006576441231697e-01
2.608695652173912702e-09 9.998925521942299000e-01
2.709030100334447870e-09 9.998841290252533653e-01
2.809364548494983038e-09 9.998753881535411558e-01
2.909698996655517792e-09 9.998663295960562580e-01
3.010033444816052959e-09 9.998569533703784984e-01
3.110367892976588127e-09 9.998472594947038772e-01
3.210702341137123294e-09 9.998372479878443464e-01
3.311036789297658462e-09 9.998269188692284759e-01
3.411371237458193629e-09 9.998162721589004542e-01
3.511705685618728797e-09 9.998053078775207547e-01
3.612040133779263551e-09 9.997940260463655804e-01
3.712374581939798719e-09 9.997824266873270860e-01
3.812709030100333886e-09 9.997705098229132670e-01
3.913043478260868640e-09 9.997582754762478485e-01
4.013377926421404221e-09 9.997457236710699524e-01
4.113712374581938975e-09 9.997328544317349852e-01
4.214046822742474556e-09 9.997196677832125289e-01
4.314381270903009310e-09 9.997061637510892274e-01
4.414715719063544892e-09 9.996923423615656779e-01
4.515050167224079646e-09 9.996782036414584294e-01
4.615384615384614399e-09 9.996637476181987614e-01
4.715719063545149981e-09 9.996489743198337941e-01
4.816053511705684735e-09 9.996338837750242678e-01
4.916387959866220316e-09 9.996184760130473190e-01
5.016722408026755070e-09 9.996027510637934821e-01
5.117056856187290651e-09 9.995867089577693543e-01
5.217391304347825405e-09 9.995703497260947090e-01
5.317725752508360159e-09 9.995536734005047164e-01
5.418060200668895740e-09 9.995366800133489438e-01
5.518394648829430494e-09 9.995193695975906900e-01
5.618729096989966075e-09 9.995017421868076513e-01
5.719063545150500829e-09 9.994837978151915880e-01
5.819397993311035583e-09 9.994655365175483253e-01
5.919732441471571164e-09 9.994469583292975301e-01
6.020066889632105918e-09 9.994280632864721570e-01
6.120401337792641499e-09 9.994088514257195577e-01
6.220735785953176253e-09 9.993893227842992610e-01
6.321070234113711835e-09 9.993694774000855263e-01
6.421404682274246589e-09 9.993493153115651229e-01
6.521739130434781343e-09 9.993288365578377741e-01
6.622073578595316924e-09 9.993080411786168238e-01
6.722408026755851678e-09 9.992869292142282367e-01
6.822742474916387259e-09 9.992655007056097105e-01
6.923076923076922013e-09 9.992437556943130073e-01
7.023411371237457594e-09 9.992216942225013998e-01
7.123745819397992348e-09 9.991993163329508931e-01
7.224080267558527102e-09 9.991766220690492251e-01
7.324414715719062683e-09 9.991536114747964215e-01
7.424749163879597437e-09 9.991302845948049072e-01
7.525083612040133018e-09 9.991066414742972857e-01
7.625418060200667772e-09 9.990826821591093365e-01
7.725752508361202526e-09 9.990584066956882392e-01
7.826086956521737280e-09 9.990338151310906856e-01
7.926421404682273689e-09 9.990089075129866547e-01
8.026755852842808442e-09 9.989836838896557492e-01
8.127090301003343196e-09 9.989581443099886382e-01
8.227424749163877950e-09 9.989322888234868358e-01
8.327759197324414359e-09 9.989061174802629228e-01
8.428093645484949113e-09 9.988796303310383262e-01
8.528428093645483867e-09 9.988528274271459839e-01
8.628762541806018621e-09 9.988257088205275691e-01
8.729096989966553375e-09 9.987982745637365989e-01
8.829431438127089783e-09 9.987705247099339934e-01
8.929765886287624537e-09 9.987424593128911843e-01
9.030100334448159291e-09 9.987140784269892269e-01
9.130434782608694045e-09 9.986853821072173565e-01
9.230769230769228799e-09 9.986563704091747651e-01
9.331103678929765207e-09 9.986270433890692688e-01
9.431438127090299961e-09 9.985974011037160869e-01
9.531772575250834715e-09 9.985674436105400620e-01
9.632107023411369469e-09 9.985371709675736618e-01
9.732441471571904223e-09 9.985065832334583114e-01
9.832775919732440632e-09 9.984756804674416175e-01
9.933110367892975386e-09 9.984444627293797003e-01
1.003344481605351014e-08 9.984129300797365270e-01
1.013377926421404489e-08 9.983810825795831345e-01
1.023411371237458130e-08 9.983489202905966309e-01
1.033444816053511606e-08 9.983164432750621931e-01
1.043478260869565081e-08 9.982836515958705137e-01
1.053511705685618556e-08 9.982505453165201326e-01
1.063545150501672032e-08 9.982171245011139948e-01
1.073578595317725673e-08 9.981833892143627818e-01
1.083612040133779148e-08 9.981493395215816911e-01
1.093645484949832623e-08 9.981149754886925463e-01
1.103678929765886099e-08 9.980802971822215763e-01
1.113712374581939574e-08 9.980453046693006369e-01
1.123745819397993215e-08 9.980099980176666552e-01
1.133779264214046690e-08 9.979743772956608527e-01
1.143812709030100166e-08 9.979384425722294116e-01
1.153846153846153641e-08 9.979021939169222533e-01
1.163879598662207117e-08 9.978656313998934824e-01
1.173913043478260757e-08 9.978287550919014981e-01
1.183946488294314233e-08 9.977915650643074397e-01
1.193979933110367708e-08 9.977540613890766297e-01
1.204013377926421184e-08 9.977162441387767977e-01
1.214046822742474824e-08 9.976781133865788576e-01
1.224080267558528300e-08 9.976396692062564631e-01
1.234113712374581775e-08 9.976009116721855641e-01
1.244147157190635251e-08 9.975618408593440734e-01
1.254180602006688726e-08 9.975224568433116445e-01
1.264214046822742367e-08 9.974827597002700053e-01
1.274247491638795842e-08 9.974427495070028460e-01
1.284280936454849318e-08 9.974024263408931557e-01
1.294314381270902793e-08 9.973617902799267743e-01
1.304347826086956269e-08 9.973208414026887292e-01
1.314381270903009909e-08 9.972795797883656777e-01
1.324414715719063385e-08 9.972380055167435753e-01
1.334448160535116860e-08 9.971961186682083422e-01
1.344481605351170336e-08 9.971539193237456411e-01
1.354515050167223811e-08 9.971114075649407660e-01
1.364548494983277452e-08 9.970685834739774211e-01
1.374581939799330927e-08 9.970254471336381652e-01
1.384615384615384403e-08 9.969819986273052992e-01
1.394648829431437878e-08 9.969382380389577580e-01
1.404682274247491519e-08 9.968941654531737750e-01
1.414715719063544994e-08 9.968497809551281064e-01
1.424749163879598470e-08 9.968050846305939183e-01
1.434782608695651945e-08 9.967600765659410111e-01
1.444816053511705420e-08 9.967147568481361519e-01
1.454849498327759061e-08 9.966691255647427417e-01
1.464882943143812537e-08 9.966231828039209262e-01
1.474916387959866012e-08 9.965769286544257088e-01
1.484949832775919487e-08 9.965303632056089489e-01
1.494983277591973128e-08 9.964834865474175851e-01
1.505016722408026604e-08 9.964362987703936358e-01
1.515050167224080079e-08 9.963887999656738659e-01
1.525083612040133554e-08 9.963409902249893424e-01
1.535117056856187030e-08 9.962928696406663231e-01
1.545150501672240505e-08 9.962444383056242581e-01
1.555183946488293981e-08 9.961956963133760112e-01
1.565217391304347456e-08 9.961466437580284161e-01
1.575250836120401262e-08 9.960972807342813873e-01
1.585284280936454738e-08 9.960476073374264772e-01
1.595317725752508213e-08 9.959976236633494295e-01
1.605351170568561688e-08 9.959473298085260717e-01
1.615384615384615164e-08 9.958967258700259784e-01
1.625418060200668639e-08 9.958458119455089186e-01
1.635451505016722115e-08 9.957945881332259663e-01
1.645484949832775590e-08 9.957430545320189452e-01
1.655518394648829065e-08 9.956912112413213167e-01
1.665551839464882872e-08 9.956390583611548495e-01
1.675585284280936347e-08 9.955865959921326169e-01
1.685618729096989823e-08 9.955338242354569989e-01
1.695652173913043298e-08 9.954807431929186823e-01
1.705685618729096773e-08 9.954273529668987708e-01
1.715719063545150249e-08 9.953736536603653429e-01
1.725752508361203724e-08 9.953196453768754504e-01
1.735785953177257200e-08 9.952653282205740082e-01
1.745819397993310675e-08 9.952107022961936833e-01
1.755852842809364150e-08 9.951557677090532295e-01
1.765886287625417957e-08 9.951005245650592634e-01
1.775919732441471432e-08 9.950449729707049329e-01
1.785953177257524907e-08 9.949891130330688060e-01
1.795986622073578383e-08 9.949329448598158709e-01
1.806020066889631858e-08 9.948764685591966472e-01
1.816053511705685334e-08 9.948196842400456319e-01
1.826086956521738809e-08 9.947625920117837417e-01
1.836120401337792284e-08 9.947051919844146495e-01
1.846153846153845760e-08 9.946474842685271156e-01
1.856187290969899566e-08 9.945894689752933227e-01
1.866220735785953041e-08 9.945311462164687644e-01
1.876254180602006517e-08 9.944725161043913575e-01
1.886287625418059992e-08 9.944135787519826630e-01
1.896321070234113468e-08 9.943543342727452217e-01
1.906354515050166943e-08 9.942947827807643302e-01
1.916387959866220418e-08 9.942349243907060430e-01
1.926421404682273894e-08 9.941747592178180604e-01
1.936454849498327369e-08 9.941142873779290623e-01
1.946488294314380845e-08 9.940535089874467101e-01
1.956521739130434651e-08 9.939924241633603108e-01
1.966555183946488126e-08 9.939310330232375978e-01
1.976588628762541602e-08 9.938693356852257299e-01
1.986622073578595077e-08 9.938073322680511801e-01
1.996655518394648553e-08 9.937450228910180705e-01
2.006688963210702028e-08 9.936824076740090605e-01
2.016722408026755503e-08 9.936194867374845696e-01
2.026755852842808979e-08 9.935562602024822221e-01
2.036789297658862454e-08 9.934927281906156260e-01
2.046822742474916260e-08 9.934288908240762606e-01
2.056856187290969736e-08 9.933647482256307004e-01
2.066889632107023211e-08 9.933003005186213930e-01
2.076923076923076687e-08 9.932355478269662141e-01
2.086956521739130162e-08 9.931704902751580244e-01
2.096989966555183637e-08 9.931051279882635585e-01
2.107023411371237113e-08 9.930394610919242027e-01
2.117056856187290588e-08 9.929734897123549953e-01
2.127090301003344064e-08 9.929072139763437388e-01
2.137123745819397539e-08 9.928406340112513329e-01
2.147157190635451345e-08 9.927737499450109970e-01
2.157190635451504821e-08 9.927065619061281598e-01
2.167224080267558296e-08 9.926390700236794595e-01
2.177257525083611771e-08 9.925712744273128552e-01
2.187290969899665247e-08 9.925031752472480706e-01
2.197324414715718722e-08 9.924347726142729309e-01
2.207357859531772198e-08 9.923660666597469149e-01
2.217391304347825673e-08 9.922970575155982687e-01
2.227424749163879148e-08 9.922277453143244497e-01
2.237458193979932955e-08 9.921581301889920157e-01
2.247491638795986430e-08 9.920882122732345154e-01
2.257525083612039905e-08 9.920179917012544868e-01
2.267558528428093381e-08 9.919474686078204595e-01
2.277591973244146856e-08 9.918766431282693974e-01
2.287625418060200332e-08 9.918055153985029238e-01
2.297658862876253807e-08 9.917340855549905410e-01
2.307692307692307282e-08 9.916623537347655226e-01
2.317725752508360758e-08 9.915903200754278002e-01
2.327759197324414233e-08 9.915179847151405212e-01
2.337792642140468040e-08 9.914453477926319369e-01
2.347826086956521515e-08 9.913724094471938475e-01
2.357859531772574990e-08 9.912991698186812695e-01
2.367892976588628466e-08 9.912256290475119913e-01
2.377926421404681941e-08 9.911517872746665736e-01
2.387959866220735417e-08 9.910776446416871277e-01
2.397993311036788892e-08 9.910032012906774268e-01
2.408026755852842367e-08 9.909284573643022398e-01
2.418060200668895843e-08 9.908534130057864431e-01
2.428093645484949649e-08 9.907780683589160198e-01
2.438127090301003124e-08 9.907024235680353952e-01
2.448160535117056600e-08 9.906264787780488801e-01
2.458193979933110075e-08 9.905502341344191164e-01
2.468227424749163551e-08 9.904736897831678544e-01
2.478260869565217026e-08 9.903968458708732880e-01
2.488294314381270501e-08 9.903197025446708324e-01
2.498327759197323977e-08 9.902422599522545665e-01
2.508361204013377452e-08 9.901645182418725710e-01
2.518394648829430928e-08 9.900864775623307024e-01
2.528428093645484734e-08 9.900081380629883743e-01
2.538461538461538209e-08 9.899294998937614443e-01
2.548494983277591685e-08 9.898505632051188829e-01
2.558528428093645160e-08 9.897713281480841063e-01
2.568561872909698635e-08 9.896917948742347537e-01
2.578595317725752111e-08 9.896119635356994682e-01
2.588628762541805586e-08 9.895318342851611160e-01
2.598662207357859062e-08 9.894514072758534562e-01
2.608695652173912537e-08 9.893706826615621397e-01
2.618729096989966343e-08 9.892896605966233770e-01
2.628762541806019819e-08 9.892083412359242711e-01
2.638795986622073294e-08 9.891267247349012637e-01
2.648829431438126769e-08 9.890448112495406896e-01
2.658862876254180245e-08 9.889626009363778891e-01
2.668896321070233720e-08 9.888800939524964306e-01
2.678929765886287196e-08 9.887972904555273335e-01
2.688963210702340671e-08 9.887141906036496231e-01
2.698996655518394146e-08 9.886307945555892207e-01
2.709030100334447622e-08 9.885471024706180554e-01
2.719063545150501428e-08 9.884631145085542858e-01
2.729096989966554904e-08 9.883788308297605241e-01
2.739130434782608379e-08 9.882942515951457230e-01
2.749163879598661854e-08 9.882093769661618454e-01
2.759197324414715330e-08 9.881242071048051967e-01
2.769230769230768805e-08 9.880387421736154252e-01
2.779264214046822281e-08 9.879529823356741902e-01
2.789297658862875756e-08 9.878669277546063832e-01
2.799331103678929231e-08 9.877805785945779071e-01
2.809364548494983038e-08 9.876939350202957879e-01
2.819397993311036513e-08 9.876069971970078409e-01
2.829431438127089988e-08 9.875197652905025603e-01
2.839464882943143464e-08 9.874322394671066760e-01
2.849498327759196939e-08 9.873444198936864868e-01
2.859531772575250415e-08 9.872563067376480817e-01
2.869565217391303890e-08 9.871679001669330100e-01
2.879598662207357365e-08 9.870792003500223899e-01
2.889632107023410841e-08 9.869902074559325778e-01
2.899665551839464316e-08 9.869009216542176111e-01
2.909698996655518122e-08 9.868113431149664327e-01
2.919732441471571598e-08 9.867214720088028912e-01
2.929765886287625073e-08 9.866313085068868505e-01
2.939799331103678549e-08 9.865408527809101935e-01
2.949832775919732024e-08 9.864501050031004858e-01
2.959866220735785499e-08 9.863590653462168678e-01
2.969899665551838975e-08 9.862677339835517198e-01
2.979933110367892450e-08 9.861761110889285531e-01
2.989966555183946256e-08 9.860841968367028976e-01
2.999999999999999732e-08 9.859919914017605258e-01
