0.000000000000000000e+00 9.999999999999995559e-01
1.003344481605351029e-10 9.999986598622121470e-01
2.006688963210702059e-10 9.999946394707794894e-01
3.010033444816052959e-10 9.999879388914895140e-01
4.013377926421404118e-10 9.999785582339875134e-01
5.016722408026755277e-10 9.999664976517721460e-01
6.020066889632105918e-10 9.999517573421916605e-01
7.023411371237457594e-10 9.999343375464389005e-01
8.026755852842808236e-10 9.999142385495427554e-01
9.030100334448158877e-10 9.998914606803631644e-01
1.003344481605351055e-09 9.998660043115799034e-01
1.103678929765886223e-09 9.998378698596825931e-01
1.204013377926421184e-09 9.998070577849599294e-01
1.304347826086956351e-09 9.997735685914866943e-01
1.404682274247491519e-09 9.997374028271093227e-01
1.505016722408026480e-09 9.996985610834316915e-01
1.605351170568561647e-09 9.996570439957974674e-01
1.705685618729096815e-09 9.996128522432736752e-01
1.806020066889631775e-09 9.995659865486319351e-01
1.906354515050166943e-09 9.995164476783282570e-01
2.006688963210702111e-09 9.994642364424815018e-01
2.107023411371237278e-09 9.994093536948507328e-01
2.207357859531772446e-09 9.993518003328134558e-01
2.307692307692307200e-09 9.992915772973394173e-01
2.408026755852842367e-09 9.992286855729641815e-01
2.508361204013377535e-09 9.991631261877630399e-01
2.608695652173912702e-09 9.990949002133224788e-01
2.709030100334447870e-09 9.990240087647102030e-01
2.809364548494983038e-09 9.989504530004440497e-01
2.909698996655517792e-09 9.988742341224619015e-01
3.010033444816052959e-09 9.987953533760858260e-01
3.110367892976588127e-09 9.987138120499889915e-01
3.210702341137123294e-09 9.986296114761613607e-01
3.311036789297658462e-09 9.985427530298709442e-01
3.411371237458193629e-09 9.984532381296269410e-01
3.511705685618728797e-09 9.983610682371402145e-01
3.612040133779263551e-09 9.982662448572836578e-01
3.712374581939798719e-09 9.981687695380494496e-01
3.812709030100333886e-09 9.980686438705075325e-01
3.913043478260868640e-09 9.979658694887619808e-01
4.013377926421404221e-09 9.978604480699044821e-01
4.113712374581938975e-09 9.977523813339693737e-01
4.214046822742474556e-09 9.976416710438856805e-01
4.314381270903009310e-09 9.975283190054293758e-01
4.414715719063544892e-09 9.974123270671723107e-01
4.515050167224079646e-09 9.972936971204322543e-01
4.615384615384614399e-09 9.971724310992208240e-01
4.715719063545149981e-09 9.970485309801894180e-01
4.816053511705684735e-09 9.969219987825759244e-01
4.916387959866220316e-09 9.967928365681484326e-01
5.016722408026755070e-09 9.966610464411479464e-01
5.117056856187290651e-09 9.965266305482319842e-01
5.217391304347825405e-09 9.963895910784146270e-01
5.317725752508360159e-09 9.962499302630054565e-01
5.418060200668895740e-09 9.961076503755503797e-01
5.518394648829430494e-09 9.959627537317664592e-01
5.618729096989966075e-09 9.958152426894808507e-01
5.719063545150500829e-09 9.956651196485635236e-01
5.819397993311035583e-09 9.955123870508626460e-01
5.919732441471571164e-09 9.953570473801380825e-01
6.020066889632105918e-09 9.951991031619917827e-01
6.120401337792641499e-09 9.950385569637989480e-01
6.220735785953176253e-09 9.948754113946374211e-01
6.321070234113711835e-09 9.947096691052162987e-01
6.421404682274246589e-09 9.945413327878028786e-01
6.521739130434781343e-09 9.943704051761491636e-01
6.622073578595316924e-09 9.941968890454155883e-01
6.722408026755851678e-09 9.940207872120964128e-01
6.822742474916387259e-09 9.938421025339421178e-01
6.923076923076922013e-09 9.936608379098798016e-01
7.023411371237457594e-09 9.934769962799351317e-01
7.123745819397992348e-09 9.932905806251512981e-01
7.224080267558527102e-09 9.931015939675063020e-01
7.324414715719062683e-09 9.929100393698317983e-01
7.424749163879597437e-09 9.927159199357281638e-01
7.525083612040133018e-09 9.925192388094790097e-01
7.625418060200667772e-09 9.923199991759665828e-01
7.725752508361202526e-09 9.921182042605825036e-01
7.826086956521737280e-09 9.919138573291419458e-01
7.926421404682273689e-09 9.917069616877921545e-01
8.026755852842808442e-09 9.914975206829221843e-01
8.127090301003343196e-09 9.912855377010726388e-01
8.227424749163877950e-09 9.910710161688421893e-01
8.327759197324414359e-09 9.908539595527936505e-01
8.428093645484949113e-09 9.906343713593597222e-01
8.528428093645483867e-09 9.904122551347469550e-01
8.628762541806018621e-09 9.901876144648387168e-01
8.729096989966553375e-09 9.899604529750973825e-01
8.829431438127089783e-09 9.897307743304651906e-01
8.929765886287624537e-09 9.894985822352646565e-01
9.030100334448159291e-09 9.892638804330966540e-01
9.130434782608694045e-09 9.890266727067393848e-01
9.230769230769228799e-09 9.887869628780429077e-01
9.331103678929765207e-09 9.885447548078283297e-01
9.431438127090299961e-09 9.883000523957802264e-01
9.531772575250834715e-09 9.880528595803400593e-01
9.632107023411369469e-09 9.878031803385999288e-01
9.732441471571904223e-09 9.875510186861945483e-01
9.832775919732440632e-09 9.872963786771908890e-01
9.933110367892975386e-09 9.870392644039778229e-01
1.003344481605351014e-08 9.867796799971552124e-01
1.013377926421404489e-08 9.865176296254223320e-01
1.023411371237458130e-08 9.862531174954621838e-01
1.033444816053511606e-08 9.859861478518291422e-01
1.043478260869565081e-08 9.857167249768331585e-01
1.053511705685618556e-08 9.854448531904232977e-01
1.063545150501672032e-08 9.851705368500695004e-01
1.073578595317725673e-08 9.848937803506451205e-01
1.083612040133779148e-08 9.846145881243084652e-01
1.093645484949832623e-08 9.843329646403808919e-01
1.103678929765886099e-08 9.840489144052250170e-01
1.113712374581939574e-08 9.837624419621263661e-01
1.123745819397993215e-08 9.834735518911653651e-01
1.133779264214046690e-08 9.831822488090964374e-01
1.143812709030100166e-08 9.828885373692213268e-01
1.153846153846153641e-08 9.825924222612640868e-01
1.163879598662207117e-08 9.822939082112436271e-01
1.173913043478260757e-08 9.819929999813461485e-01
1.183946488294314233e-08 9.816897023697948033e-01
1.193979933110367708e-08 9.813840202107229072e-01
1.204013377926421184e-08 9.810759583740404910e-01
1.214046822742474824e-08 9.807655217653042934e-01
1.224080267558528300e-08 9.804527153255839789e-01
1.234113712374581775e-08 9.801375440313307985e-01
1.244147157190635251e-08 9.798200128942404774e-01
1.254180602006688726e-08 9.795001269611203210e-01
1.264214046822742367e-08 9.791778913137526574e-01
1.274247491638795842e-08 9.788533110687561711e-01
1.284280936454849318e-08 9.785263913774506772e-01
1.294314381270902793e-08 9.781971374257162344e-01
1.304347826086956269e-08 9.778655544338542560e-01
1.314381270903009909e-08 9.775316476564477330e-01
1.324414715719063385e-08 9.771954223822184593e-01
1.334448160535116860e-08 9.768568839338858112e-01
1.344481605351170336e-08 9.765160376680233068e-01
1.354515050167223811e-08 9.761728889749152760e-01
1.364548494983277452e-08 9.758274432784103114e-01
1.374581939799330927e-08 9.754797060357789373e-01
1.384615384615384403e-08 9.751296827375629528e-01
1.394648829431437878e-08 9.747773789074323236e-01
1.404682274247491519e-08 9.744228001020339702e-01
1.414715719063544994e-08 9.740659519108444409e-01
1.424749163879598470e-08 9.737068399560205867e-01
1.434782608695651945e-08 9.733454698922463511e-01
1.444816053511705420e-08 9.729818474065857759e-01
1.454849498327759061e-08 9.726159782183264602e-01
1.464882943143812537e-08 9.722478680788303462e-01
1.474916387959866012e-08 9.718775227713772891e-01
1.484949832775919487e-08 9.715049481110119567e-01
1.494983277591973128e-08 9.711301499443881768e-01
1.505016722408026604e-08 9.707531341496139499e-01
1.515050167224080079e-08 9.703739066360927978e-01
1.525083612040133554e-08 9.699924733443672231e-01
1.535117056856187030e-08 9.696088402459617228e-01
1.545150501672240505e-08 9.692230133432204742e-01
1.555183946488293981e-08 9.688349986691514593e-01
1.565217391304347456e-08 9.684448022872631512e-01
1.575250836120401262e-08 9.680524302914043089e-01
1.585284280936454738e-08 9.676578888056018846e-01
1.595317725752508213e-08 9.672611839838990422e-01
1.605351170568561688e-08 9.668623220101907334e-01
1.615384615384615164e-08 9.664613090980599397e-01
1.625418060200668639e-08 9.660581514906130263e-01
1.635451505016722115e-08 9.656528554603139858e-01
1.645484949832775590e-08 9.652454273088197922e-01
1.655518394648829065e-08 9.648358733668109810e-01
1.665551839464882872e-08 9.644241999938256704e-01
1.675585284280936347e-08 9.640104135780918071e-01
1.685618729096989823e-08 9.635945205363567467e-01
1.695652173913043298e-08 9.631765273137198324e-01
1.705685618729096773e-08 9.627564403834601992e-01
1.715719063545150249e-08 9.623342662468667985e-01
1.725752508361203724e-08 9.619100114330675355e-01
1.735785953177257200e-08 9.614836824988561848e-01
1.745819397993310675e-08 9.610552860285201948e-01
1.755852842809364150e-08 9.606248286336673825e-01
1.765886287625417957e-08 9.601923169530521829e-01
1.775919732441471432e-08 9.597577576524002341e-01
1.785953177257524907e-08 9.593211574242339612e-01
1.795986622073578383e-08 9.588825229876974943e-01
1.806020066889631858e-08 9.584418610883779222e-01
1.816053511705685334e-08 9.579991784981309877e-01
1.826086956521738809e-08 9.575544820149027858e-01
1.836120401337792284e-08 9.571077784625500184e-01
1.846153846153845760e-08 9.566590746906646903e-01
1.856187290969899566e-08 9.562083775743909220e-01
1.866220735785953041e-08 9.557556940142483137e-01
1.876254180602006517e-08 9.553010309359508678e-01
1.886287625418059992e-08 9.548443952902248011e-01
1.896321070234113468e-08 9.543857940526290218e-01
1.906354515050166943e-08 9.539252342233718318e-01
1.916387959866220418e-08 9.534627228271295163e-01
1.926421404682273894e-08 9.529982669128619355e-01
1.936454849498327369e-08 9.525318735536315584e-01
1.946488294314380845e-08 9.520635498464166124e-01
1.956521739130434651e-08 9.515933029119290065e-01
1.966555183946488126e-08 9.511211398944271478e-01
1.976588628762541602e-08 9.506470679615329766e-01
1.986622073578595077e-08 9.501710943040444501e-01
1.996655518394648553e-08 9.496932261357494687e-01
2.006688963210702028e-08 9.492134706932386923e-01
2.016722408026755503e-08 9.487318352357195783e-01
2.026755852842808979e-08 9.482483270448271995e-01
2.036789297658862454e-08 9.477629534244361720e-01
2.046822742474916260e-08 9.472757217004733610e-01
2.056856187290969736e-08 9.467866392207274773e-01
2.066889632107023211e-08 9.462957133546595623e-01
2.076923076923076687e-08 9.458029514932149162e-01
2.086956521739130162e-08 9.453083610486293642e-01
2.096989966555183637e-08 9.448119494542421837e-01
2.107023411371237113e-08 9.443137241643031476e-01
2.117056856187290588e-08 9.438136926537809002e-01
2.127090301003344064e-08 9.433118624181713319e-01
2.137123745819397539e-08 9.428082409733059555e-01
2.147157190635451345e-08 9.423028358551583938e-01
2.157190635451504821e-08 9.417956546196517564e-01
2.167224080267558296e-08 9.412867048424653493e-01
2.177257525083611771e-08 9.407759941188400532e-01
2.187290969899665247e-08 9.402635300633869209e-01
2.197324414715718722e-08 9.397493203098885584e-01
2.207357859531772198e-08 9.392333725111087217e-01
2.217391304347825673e-08 9.387156943385935870e-01
2.227424749163879148e-08 9.381962934824796818e-01
2.237458193979932955e-08 9.376751776512953773e-01
2.247491638795986430e-08 9.371523545717670434e-01
2.257525083612039905e-08 9.366278319886208736e-01
2.267558528428093381e-08 9.361016176643880415e-01
2.277591973244146856e-08 9.355737193792068584e-01
2.287625418060200332e-08 9.350441449306255981e-01
2.297658862876253807e-08 9.345129021334058761e-01
2.307692307692307282e-08 9.339799988193236979e-01
2.317725752508360758e-08 9.334454428369729495e-01
2.327759197324414233e-08 9.329092420515657791e-01
2.337792642140468040e-08 9.323714043447357547e-01
2.347826086956521515e-08 9.318319376143380239e-01
2.357859531772574990e-08 9.312908497742501401e-01
2.367892976588628466e-08 9.307481487541747756e-01
2.377926421404681941e-08 9.302038424994378829e-01
2.387959866220735417e-08 9.296579389707911867e-01
2.397993311036788892e-08 9.291104461442120099e-01
2.408026755852842367e-08 9.285613720107018798e-01
2.418060200668895843e-08 9.280107245760885748e-01
2.428093645484949649e-08 9.274585118608238421e-01
2.438127090301003124e-08 9.269047418997848897e-01
2.448160535117056600e-08 9.263494227420715488e-01
2.458193979933110075e-08 9.257925624508070994e-01
2.468227424749163551e-08 9.252341691029366544e-01
2.478260869565217026e-08 9.246742507890259866e-01
2.488294314381270501e-08 9.241128156130603566e-01
2.498327759197323977e-08 9.235498716922435625e-01
2.508361204013377452e-08 9.229854271567947688e-01
2.518394648829430928e-08 9.224194901497495547e-01
2.528428093645484734e-08 9.218520688267548557e-01
2.538461538461538209e-08 9.212831713558706781e-01
2.548494983277591685e-08 9.207128059173647072e-01
2.558528428093645160e-08 9.201409807035131339e-01
2.568561872909698635e-08 9.195677039183951518e-01
2.578595317725752111e-08 9.189929837776951160e-01
2.588628762541805586e-08 9.184168285084955974e-01
2.598662207357859062e-08 9.178392463490784303e-01
2.608695652173912537e-08 9.172602455487207651e-01
2.618729096989966343e-08 9.166798343674925631e-01
2.628762541806019819e-08 9.160980210760542031e-01
2.638795986622073294e-08 9.155148139554537545e-01
2.648829431438126769e-08 9.149302212969250281e-01
2.658862876254180245e-08 9.143442514016841827e-01
2.668896321070233720e-08 9.137569125807271098e-01
2.678929765886287196e-08 9.131682131546270398e-01
2.688963210702340671e-08 9.125781614533310382e-01
2.698996655518394146e-08 9.119867658159590551e-01
2.709030100334447622e-08 9.113940345905993112e-01
2.719063545150501428e-08 9.107999761341065703e-01
2.729096989966554904e-08 9.102045988118994124e-01
2.739130434782608379e-08 9.096079109977572852e-01
2.749163879598661854e-08 9.090099210736178881e-01
2.759197324414715330e-08 9.084106374293755559e-01
2.769230769230768805e-08 9.078100684626770889e-01
2.779264214046822281e-08 9.072082225787204690e-01
2.789297658862875756e-08 9.066051081900520225e-01
2.799331103678929231e-08 9.060007337163652474e-01
2.809364548494983038e-08 9.053951075842957552e-01
2.819397993311036513e-08 9.047882382272218749e-01
2.829431438127089988e-08 9.041801340850609270e-01
2.839464882943143464e-08 9.035708036040679403e-01
2.849498327759196939e-08 9.029602552366337020e-01
2.859531772575250415e-08 9.023484974410826975e-01
2.869565217391303890e-08 9.017355386814710494e-01
2.879598662207357365e-08 9.011213874273857893e-01
2.889632107023410841e-08 9.005060521537424645e-01
2.899665551839464316e-08 8.998895413405849641e-01
2.909698996655518122e-08 8.992718634728827931e-01
2.919732441471571598e-08 8.986530270403316756e-01
2.929765886287625073e-08 8.980330405371518276e-01
2.939799331103678549e-08 8.974119124618860077e-01
2.949832775919732024e-08 8.967896513172018969e-01
2.959866220735785499e-08 8.961662656096883728e-01
2.969899665551838975e-08 8.955417638496583344e-01
2.979933110367892450e-08 8.949161545509458637e-01
2.989966555183946256e-08 8.942894462307088288e-01
2.999999999999999732e-08 8.936616474092271556e-01
