0.000000000000000000e+00 9.999999999999995559e-01
1.003344481605351029e-10 9.999996318475978807e-01
2.006688963210702059e-10 9.999985273920475315e-01
3.010033444816052959e-10 9.999966866383135367e-01
4.013377926421404118e-10 9.999941095946706104e-01
5.016722408026755277e-10 9.999907962727034860e-01
6.020066889632105918e-10 9.999867466873058053e-01
7.023411371237457594e-10 9.999819608566821172e-01
8.026755852842808236e-10 9.999764388023456574e-01
9.030100334448158877e-10 9.999701805491186812e-01
1.003344481605351055e-09 9.999631861251334630e-01
1.103678929765886223e-09 9.999554555618306306e-01
1.204013377926421184e-09 9.999469888939590545e-01
1.304347826086956351e-09 9.999377861595770689e-01
1.404682274247491519e-09 9.999278474000501404e-01
1.505016722408026480e-09 9.999171726600522003e-01
1.605351170568561647e-09 9.999057619875640901e-01
1.705685618729096815e-09 9.998936154338746718e-01
1.806020066889631775e-09 9.998807330535779414e-01
1.906354515050166943e-09 9.998671149045756934e-01
2.006688963210702111e-09 9.998527610480751893e-01
2.107023411371237278e-09 9.998376715485882693e-01
2.207357859531772446e-09 9.998218464739330180e-01
2.307692307692307200e-09 9.998052858952307664e-01
2.408026755852842367e-09 9.997879898869070914e-01
2.508361204013377535e-09 9.997699585266911493e-01
2.608695652173912702e-09 9.997511918956146770e-01
2.709030100334447870e-09 9.997316900780106597e-01
2.809364548494983038e-09 9.997114531615149957e-01
2.909698996655517792e-09 9.996904812370630555e-01
3.010033444816052959e-09 9.996687743988909025e-01
3.110367892976588127e-09 9.996463327445338498e-01
3.210702341137123294e-09 9.996231563748261273e-01
3.311036789297658462e-09 9.995992453938993272e-01
3.411371237458193629e-09 9.995745999091821821e-01
3.511705685618728797e-09 9.995492200314003428e-01
3.612040133779263551e-09 9.995231058745739361e-01
3.712374581939798719e-09 9.994962575560183415e-01
3.812709030100333886e-09 9.994686751963424154e-01
3.913043478260868640e-09 9.994403589194478243e-01
4.013377926421404221e-09 9.994113088525273803e-01
4.113712374581938975e-09 9.993815251260660393e-01
4.214046822742474556e-09 9.993510078738374602e-01
4.314381270903009310e-09 9.993197572329047818e-01
4.414715719063544892e-09 9.992877733436185128e-01
4.515050167224079646e-09 9.992550563496161997e-01
4.615384615384614399e-09 9.992216063978209828e-01
4.715719063545149981e-09 9.991874236384408192e-01
4.816053511705684735e-09 9.991525082249664846e-01
4.916387959866220316e-09 9.991168603141710181e-01
5.016722408026755070e-09 9.990804800661094998e-01
5.117056856187290651e-09 9.990433676441156097e-01
5.217391304347825405e-09 9.990055232148020714e-01
5.317725752508360159e-09 9.989669469480595421e-01
5.418060200668895740e-09 9.989276390170537256e-01
5.518394648829430494e-09 9.988875995982255951e-01
5.618729096989966075e-09 9.988468288712896159e-01
5.719063545150500829e-09 9.988053270192318589e-01
5.819397993311035583e-09 9.987630942283095559e-01
5.919732441471571164e-09 9.987201306880489904e-01
6.020066889632105918e-09 9.986764365912439434e-01
6.120401337792641499e-09 9.986320121339550271e-01
6.220735785953176253e-09 9.985868575155073534e-01
6.321070234113711835e-09 9.985409729384894240e-01
6.421404682274246589e-09 9.984943586087517975e-01
6.521739130434781343e-09 9.984470147354048697e-01
6.622073578595316924e-09 9.983989415308183180e-01
6.722408026755851678e-09 9.983501392106181038e-01
6.822742474916387259e-09 9.983006079936864730e-01
6.923076923076922013e-09 9.982503481021586245e-01
7.023411371237457594e-09 9.981993597614223779e-01
7.123745819397992348e-09 9.981476432001157306e-01
7.224080267558527102e-09 9.980951986501251927e-01
7.324414715719062683e-09 9.980420263465845654e-01
7.424749163879597437e-09 9.979881265278724989e-01
7.525083612040133018e-09 9.979334994356108268e-01
7.625418060200667772e-09 9.978781453146633451e-01
7.725752508361202526e-09 9.978220644131329253e-01
7.826086956521737280e-09 9.977652569823605155e-01
7.926421404682273689e-09 9.977077232769226978e-01
8.026755852842808442e-09 9.976494635546301337e-01
8.127090301003343196e-09 9.975904780765255664e-01
8.227424749163877950e-09 9.975307671068814885e-01
8.327759197324414359e-09 9.974703309131982554e-01
8.428093645484949113e-09 9.974091697662024192e-01
8.528428093645483867e-09 9.973472839398449530e-01
8.628762541806018621e-09 9.972846737112975868e-01
8.729096989966553375e-09 9.972213393609530296e-01
8.829431438127089783e-09 9.971572811724203067e-01
8.929765886287624537e-09 9.970924994325247592e-01
9.030100334448159291e-09 9.970269944313050470e-01
9.130434782608694045e-09 9.969607664620109277e-01
9.230769230769228799e-09 9.968938158211002598e-01
9.331103678929765207e-09 9.968261428082393349e-01
9.431438127090299961e-09 9.967577477262968833e-01
9.531772575250834715e-09 9.966886308813447393e-01
9.632107023411369469e-09 9.966187925826548444e-01
9.732441471571904223e-09 9.965482331426953611e-01
9.832775919732440632e-09 9.964769528771311169e-01
9.933110367892975386e-09 9.964049521048184976e-01
1.003344481605351014e-08 9.963322311478045590e-01
1.013377926421404489e-08 9.962587903313242510e-01
1.023411371237458130e-08 9.961846299837980867e-01
1.033444816053511606e-08 9.961097504368293665e-01
1.043478260869565081e-08 9.960341520252014025e-01
1.053511705685618556e-08 9.959578350868761865e-01
1.063545150501672032e-08 9.958807999629901708e-01
1.073578595317725673e-08 9.958030469978537136e-01
1.083612040133779148e-08 9.957245765389459713e-01
1.093645484949832623e-08 9.956453889369146770e-01
1.103678929765886099e-08 9.955654845455723656e-01
1.113712374581939574e-08 9.954848637218929319e-01
1.123745819397993215e-08 9.954035268260115199e-01
1.133779264214046690e-08 9.953214742212178612e-01
1.143812709030100166e-08 9.952387062739572743e-01
1.153846153846153641e-08 9.951552233538261127e-01
1.163879598662207117e-08 9.950710258335684344e-01
1.173913043478260757e-08 9.949861140890758904e-01
1.183946488294314233e-08 9.949004884993809528e-01
1.193979933110367708e-08 9.948141494466571366e-01
1.204013377926421184e-08 9.947270973162147811e-01
1.214046822742474824e-08 9.946393324964986071e-01
1.224080267558528300e-08 9.945508553790846085e-01
1.234113712374581775e-08 9.944616663586768324e-01
1.244147157190635251e-08 9.943717658331049369e-01
1.254180602006688726e-08 9.942811542033210825e-01
1.264214046822742367e-08 9.941898318733967121e-01
1.274247491638795842e-08 9.940977992505188876e-01
1.284280936454849318e-08 9.940050567449885133e-01
1.294314381270902793e-08 9.939116047702172274e-01
1.304347826086956269e-08 9.938174437427222951e-01
1.314381270903009909e-08 9.937225740821260533e-01
1.324414715719063385e-08 9.936269962111505816e-01
1.334448160535116860e-08 9.935307105556159257e-01
1.344481605351170336e-08 9.934337175444371004e-01
1.354515050167223811e-08 9.933360176096188709e-01
1.364548494983277452e-08 9.932376111862549761e-01
1.374581939799330927e-08 9.931384987125230213e-01
1.384615384615384403e-08 9.930386806296823687e-01
1.394648829431437878e-08 9.929381573820701412e-01
1.404682274247491519e-08 9.928369294170977799e-01
1.414715719063544994e-08 9.927349971852487132e-01
1.424749163879598470e-08 9.926323611400729163e-01
1.434782608695651945e-08 9.925290217381862456e-01
1.444816053511705420e-08 9.924249794392645541e-01
1.454849498327759061e-08 9.923202347060415818e-01
1.464882943143812537e-08 9.922147880043048485e-01
1.474916387959866012e-08 9.921086398028928777e-01
1.484949832775919487e-08 9.920017905736910890e-01
1.494983277591973128e-08 9.918942407916282455e-01
1.505016722408026604e-08 9.917859909346726788e-01
1.515050167224080079e-08 9.916770414838299574e-01
1.525083612040133554e-08 9.915673929231373362e-01
1.535117056856187030e-08 9.914570457396617575e-01
1.545150501672240505e-08 9.913460004234954104e-01
1.555183946488293981e-08 9.912342574677521778e-01
1.565217391304347456e-08 9.911218173685634181e-01
1.575250836120401262e-08 9.910086806250764102e-01
1.585284280936454738e-08 9.908948477394470267e-01
1.595317725752508213e-08 9.907803192168389561e-01
1.605351170568561688e-08 9.906650955654184854e-01
1.615384615384615164e-08 9.905491772963516128e-01
1.625418060200668639e-08 9.904325649237991636e-01
1.635451505016722115e-08 9.903152589649134585e-01
1.645484949832775590e-08 9.901972599398338737e-01
1.655518394648829065e-08 9.900785683716849528e-01
1.665551839464882872e-08 9.899591847865695238e-01
1.675585284280936347e-08 9.898391097135674777e-01
1.685618729096989823e-08 9.897183436847294402e-01
1.695652173913043298e-08 9.895968872350739964e-01
1.705685618729096773e-08 9.894747409025843599e-01
1.715719063545150249e-08 9.893519052282030435e-01
1.725752508361203724e-08 9.892283807558279740e-01
1.735785953177257200e-08 9.891041680323094942e-01
1.745819397993310675e-08 9.889792676074450339e-01
1.755852842809364150e-08 9.888536800339758903e-01
1.765886287625417957e-08 9.887274058675815658e-01
1.775919732441471432e-08 9.886004456668782137e-01
1.785953177257524907e-08 9.884727999934126430e-01
1.795986622073578383e-08 9.883444694116571005e-01
1.806020066889631858e-08 9.882154544890081604e-01
1.816053511705685334e-08 9.880857557957792858e-01
1.826086956521738809e-08 9.879553739051991634e-01
1.836120401337792284e-08 9.878243093934045982e-01
1.846153846153845760e-08 9.876925628394400691e-01
1.856187290969899566e-08 9.875601348252490697e-01
1.866220735785953041e-08 9.874270259356731083e-01
1.876254180602006517e-08 9.872932367584451585e-01
1.886287625418059992e-08 9.871587678841869939e-01
1.896321070234113468e-08 9.870236199064037486e-01
1.906354515050166943e-08 9.868877934214786984e-01
1.916387959866220418e-08 9.867512890286712635e-01
1.926421404682273894e-08 9.866141073301104569e-01
1.936454849498327369e-08 9.864762489307904447e-01
1.946488294314380845e-08 9.863377144385674367e-01
1.956521739130434651e-08 9.861985044641532472e-01
1.966555183946488126e-08 9.860586196211129639e-01
1.976588628762541602e-08 9.859180605258582863e-01
1.986622073578595077e-08 9.857768277976439730e-01
1.996655518394648553e-08 9.856349220585628457e-01
2.006688963210702028e-08 9.854923439335426805e-01
2.016722408026755503e-08 9.853490940503379925e-01
2.026755852842808979e-08 9.852051730395292584e-01
2.036789297658862454e-08 9.850605815345158112e-01
2.046822742474916260e-08 9.849153201715121764e-01
2.056856187290969736e-08 9.847693895895427429e-01
2.066889632107023211e-08 9.846227904304374334e-01
2.076923076923076687e-08 9.844755233388262639e-01
2.086956521739130162e-08 9.843275889621356800e-01
2.096989966555183637e-08 9.841789879505824512e-01
2.107023411371237113e-08 9.840297209571701176e-01
2.117056856187290588e-08 9.838797886376825508e-01
2.127090301003344064e-08 9.837291916506808453e-01
2.137123745819397539e-08 9.835779306574967684e-01
2.147157190635451345e-08 9.834260063222288739e-01
2.157190635451504821e-08 9.832734193117378396e-01
2.167224080267558296e-08 9.831201702956402499e-01
2.177257525083611771e-08 9.829662599463040440e-01
2.187290969899665247e-08 9.828116889388449628e-01
2.197324414715718722e-08 9.826564579511191111e-01
2.207357859531772198e-08 9.825005676637205143e-01
2.217391304347825673e-08 9.823440187599725704e-01
2.227424749163879148e-08 9.821868119259276053e-01
2.237458193979932955e-08 9.820289478503577696e-01
2.247491638795986430e-08 9.818704272247512632e-01
2.257525083612039905e-08 9.817112507433081170e-01
2.267558528428093381e-08 9.815514191029339752e-01
2.277591973244146856e-08 9.813909330032355438e-01
2.287625418060200332e-08 9.812297931465141509e-01
2.297658862876253807e-08 9.810680002377629716e-01
2.307692307692307282e-08 9.809055549846583677e-01
2.317725752508360758e-08 9.807424580975581119e-01
2.327759197324414233e-08 9.805787102894938378e-01
2.337792642140468040e-08 9.804143122761668216e-01
2.347826086956521515e-08 9.802492647759424305e-01
2.357859531772574990e-08 9.800835685098435723e-01
2.367892976588628466e-08 9.799172242015479206e-01
2.377926421404681941e-08 9.797502325773806975e-01
2.387959866220735417e-08 9.795825943663087898e-01
2.397993311036788892e-08 9.794143102999373074e-01
2.408026755852842367e-08 9.792453811125032548e-01
2.418060200668895843e-08 9.790758075408689809e-01
2.428093645484949649e-08 9.789055903245184043e-01
2.438127090301003124e-08 9.787347302055504628e-01
2.448160535117056600e-08 9.785632279286740065e-01
2.458193979933110075e-08 9.783910842412029130e-01
2.468227424749163551e-08 9.782182998930490925e-01
2.478260869565217026e-08 9.780448756367182694e-01
2.488294314381270501e-08 9.778708122273038761e-01
2.498327759197323977e-08 9.776961104224808352e-01
2.508361204013377452e-08 9.775207709825021185e-01
2.518394648829430928e-08 9.773447946701901978e-01
2.528428093645484734e-08 9.771681822509336035e-01
2.538461538461538209e-08 9.769909344926802630e-01
2.548494983277591685e-08 9.768130521659323939e-01
2.558528428093645160e-08 9.766345360437401757e-01
2.568561872909698635e-08 9.764553869016969756e-01
2.578595317725752111e-08 9.762756055179319103e-01
2.588628762541805586e-08 9.760951926731065154e-01
2.598662207357859062e-08 9.759141491504071952e-01
2.608695652173912537e-08 9.757324757355397837e-01
2.618729096989966343e-08 9.755501732167238815e-01
2.628762541806019819e-08 9.753672423846879713e-01
2.638795986622073294e-08 9.751836840326615352e-01
2.648829431438126769e-08 9.749994989563709469e-01
2.658862876254180245e-08 9.748146879540332543e-01
2.668896321070233720e-08 9.746292518263501847e-01
2.678929765886287196e-08 9.744431913765015940e-01
2.688963210702340671e-08 9.742565074101403599e-01
2.698996655518394146e-08 9.740692007353862758e-01
2.709030100334447622e-08 9.738812721628204994e-01
2.719063545150501428e-08 9.736927225054786694e-01
2.729096989966554904e-08 9.735035525788456878e-01
2.739130434782608379e-08 9.733137632008488360e-01
2.749163879598661854e-08 9.731233551918533342e-01
2.759197324414715330e-08 9.729323293746545698e-01
2.769230769230768805e-08 9.727406865744735454e-01
2.779264214046822281e-08 9.725484276189489963e-01
2.789297658862875756e-08 9.723555533381338378e-01
2.799331103678929231e-08 9.721620645644869496e-01
2.809364548494983038e-08 9.719679621328676244e-01
2.819397993311036513e-08 9.717732468805301282e-01
2.829431438127089988e-08 9.715779196471168166e-01
2.839464882943143464e-08 9.713819812746518068e-01
2.849498327759196939e-08 9.711854326075355370e-01
2.859531772575250415e-08 9.709882744925386611e-01
2.869565217391303890e-08 9.707905077787944981e-01
2.879598662207357365e-08 9.705921333177949251e-01
2.889632107023410841e-08 9.703931519633820502e-01
2.899665551839464316e-08 9.701935645717427725e-01
2.909698996655518122e-08 9.699933720014034533e-01
2.919732441471571598e-08 9.697925751132222549e-01
2.929765886287625073e-08 9.695911747703835903e-01
2.939799331103678549e-08 9.693891718383907952e-01
2.949832775919732024e-08 9.691865671850622421e-01
2.959866220735785499e-08 9.689833616805217931e-01
2.969899665551838975e-08 9.687795561971950242e-01
2.979933110367892450e-08 9.685751516098011216e-01
2.989966555183946256e-08 9.683701487953477738e-01
2.999999999999999732e-08 9.681645486331239558e-01
