0.000000000000000000e+00 9.999999999999995559e-01
1.003344481605351029e-10 9.999993415352659287e-01
2.006688963210702059e-10 9.999973661463591457e-01
3.010033444816052959e-10 9.999940738491612802e-01
4.013377926421404118e-10 9.999894646701432688e-01
5.016722408026755277e-10 9.999835386463630238e-01
6.020066889632105918e-10 9.999762958254660994e-01
7.023411371237457594e-10 9.999677362656839152e-01
8.026755852842808236e-10 9.999578600358344227e-01
9.030100334448158877e-10 9.999466672153197733e-01
1.003344481605351055e-09 9.999341578941263187e-01
1.103678929765886223e-09 9.999203321728226124e-01
1.204013377926421184e-09 9.999051901625585215e-01
1.304347826086956351e-09 9.998887319850633393e-01
1.404682274247491519e-09 9.998709577726445641e-01
1.505016722408026480e-09 9.998518676681857897e-01
1.605351170568561647e-09 9.998314618251447072e-01
1.705685618729096815e-09 9.998097404075516614e-01
1.806020066889631775e-09 9.997867035900062094e-01
1.906354515050166943e-09 9.997623515576765652e-01
2.006688963210702111e-09 9.997366845062943819e-01
2.107023411371237278e-09 9.997097026421554178e-01
2.207357859531772446e-09 9.996814061821142072e-01
2.307692307692307200e-09 9.996517953535813961e-01
2.408026755852842367e-09 9.996208703945225205e-01
2.508361204013377535e-09 9.995886315534525668e-01
2.608695652173912702e-09 9.995550790894337512e-01
2.709030100334447870e-09 9.995202132720718557e-01
2.809364548494983038e-09 9.994840343815124539e-01
2.909698996655517792e-09 9.994465427084365805e-01
3.010033444816052959e-09 9.994077385540581782e-01
3.110367892976588127e-09 9.993676222301184353e-01
3.210702341137123294e-09 9.993261940588834547e-01
3.311036789297658462e-09 9.992834543731369257e-01
3.411371237458193629e-09 9.992394035161794585e-01
3.511705685618728797e-09 9.991940418418198133e-01
3.612040133779263551e-09 9.991473697143741228e-01
3.712374581939798719e-09 9.990993875086573439e-01
3.812709030100333886e-09 9.990500956099811480e-01
3.913043478260868640e-09 9.989994944141465938e-01
4.013377926421404221e-09 9.989475843274396860e-01
4.113712374581938975e-09 9.988943657666259357e-01
4.214046822742474556e-09 9.988398391589445868e-01
4.314381270903009310e-09 9.987840049421023991e-01
4.414715719063544892e-09 9.987268635642678749e-01
4.515050167224079646e-09 9.986684154840663741e-01
4.615384615384614399e-09 9.986086611705721205e-01
4.715719063545149981e-09 9.985476011033025401e-01
4.816053511705684735e-09 9.984852357722121541e-01
4.916387959866220316e-09 9.984215656776859182e-01
5.016722408026755070e-09 9.983565913305314510e-01
5.117056856187290651e-09 9.982903132519730383e-01
5.217391304347825405e-09 9.982227319736450832e-01
5.317725752508360159e-09 9.981538480375833355e-01
5.418060200668895740e-09 9.980836619962186740e-01
5.518394648829430494e-09 9.980121744123694461e-01
5.618729096989966075e-09 9.979393858592336963e-01
5.719063545150500829e-09 9.978652969203813949e-01
5.819397993311035583e-09 9.977899081897468880e-01
5.919732441471571164e-09 9.977132202716195719e-01
6.020066889632105918e-09 9.976352337806390080e-01
6.120401337792641499e-09 9.975559493417811563e-01
6.220735785953176253e-09 9.974753675903555994e-01
6.321070234113711835e-09 9.973934891719933304e-01
6.421404682274246589e-09 9.973103147426394255e-01
6.521739130434781343e-09 9.972258449685433845e-01
6.622073578595316924e-09 9.971400805262511380e-01
6.722408026755851678e-09 9.970530221025954987e-01
6.822742474916387259e-09 9.969646703946856148e-01
6.923076923076922013e-09 9.968750261098993093e-01
7.023411371237457594e-09 9.967840899658737541e-01
7.123745819397992348e-09 9.966918626904930356e-01
7.224080267558527102e-09 9.965983450218816042e-01
7.324414715719062683e-09 9.965035377083917290e-01
7.424749163879597437e-09 9.964074415085955039e-01
7.525083612040133018e-09 9.963100571912727466e-01
7.625418060200667772e-09 9.962113855354021164e-01
7.725752508361202526e-09 9.961114273301493460e-01
7.826086956521737280e-09 9.960101833748573608e-01
7.926421404682273689e-09 9.959076544790343988e-01
8.026755852842808442e-09 9.958038414623459067e-01
8.127090301003343196e-09 9.956987451545995516e-01
8.227424749163877950e-09 9.955923663957366720e-01
8.327759197324414359e-09 9.954847060358206212e-01
8.428093645484949113e-09 9.953757649350239989e-01
8.528428093645483867e-09 9.952655439636184376e-01
8.628762541806018621e-09 9.951540440019625011e-01
8.729096989966553375e-09 9.950412659404891391e-01
8.829431438127089783e-09 9.949272106796948067e-01
8.929765886287624537e-09 9.948118791301255870e-01
9.030100334448159291e-09 9.946952722123673096e-01
9.130434782608694045e-09 9.945773908570304522e-01
9.230769230769228799e-09 9.944582360047408143e-01
9.331103678929765207e-09 9.943378086061226417e-01
9.431438127090299961e-09 9.942161096217897454e-01
9.531772575250834715e-09 9.940931400223305126e-01
9.632107023411369469e-09 9.939689007882950289e-01
9.732441471571904223e-09 9.938433929101826436e-01
9.832775919732440632e-09 9.937166173884275366e-01
9.933110367892975386e-09 9.935885752333850629e-01
1.003344481605351014e-08 9.934592674653206501e-01
1.013377926421404489e-08 9.933286951143924792e-01
1.023411371237458130e-08 9.931968592206406043e-01
1.033444816053511606e-08 9.930637608339706324e-01
1.043478260869565081e-08 9.929294010141417326e-01
1.053511705685618556e-08 9.927937808307505385e-01
1.063545150501672032e-08 9.926569013632172700e-01
1.073578595317725673e-08 9.925187637007725217e-01
1.083612040133779148e-08 9.923793689424402764e-01
1.093645484949832623e-08 9.922387181970258041e-01
1.103678929765886099e-08 9.920968125830975648e-01
1.113712374581939574e-08 9.919536532289752184e-01
1.123745819397993215e-08 9.918092412727126383e-01
1.133779264214046690e-08 9.916635778620830344e-01
1.143812709030100166e-08 9.915166641545638537e-01
1.153846153846153641e-08 9.913685013173205718e-01
1.163879598662207117e-08 9.912190905271921482e-01
1.173913043478260757e-08 9.910684329706735962e-01
1.183946488294314233e-08 9.909165298439013281e-01
1.193979933110367708e-08 9.907633823526366124e-01
1.204013377926421184e-08 9.906089917122490318e-01
1.214046822742474824e-08 9.904533591477018284e-01
1.224080267558528300e-08 9.902964858935330295e-01
1.234113712374581775e-08 9.901383731938397936e-01
1.244147157190635251e-08 9.899790223022632007e-01
1.254180602006688726e-08 9.898184344819691560e-01
1.264214046822742367e-08 9.896566110056331800e-01
1.274247491638795842e-08 9.894935531554219788e-01
1.284280936454849318e-08 9.893292622229775679e-01
1.294314381270902793e-08 9.891637395093988427e-01
1.304347826086956269e-08 9.889969863252248139e-01
1.314381270903009909e-08 9.888290039904167328e-01
1.324414715719063385e-08 9.886597938343408831e-01
1.334448160535116860e-08 9.884893571957497072e-01
1.344481605351170336e-08 9.883176954227648192e-01
1.354515050167223811e-08 9.881448098728592422e-01
1.364548494983277452e-08 9.879707019128377565e-01
1.374581939799330927e-08 9.877953729188202470e-01
1.384615384615384403e-08 9.876188242762224956e-01
1.394648829431437878e-08 9.874410573797373081e-01
1.404682274247491519e-08 9.872620736333167502e-01
1.414715719063544994e-08 9.870818744501524966e-01
1.424749163879598470e-08 9.869004612526575126e-01
1.434782608695651945e-08 9.867178354724467360e-01
1.444816053511705420e-08 9.865339985503185360e-01
1.454849498327759061e-08 9.863489519362342861e-01
1.464882943143812537e-08 9.861626970893000443e-01
1.474916387959866012e-08 9.859752354777466810e-01
1.484949832775919487e-08 9.857865685789107824e-01
1.494983277591973128e-08 9.855966978792133348e-01
1.505016722408026604e-08 9.854056248741420720e-01
1.515050167224080079e-08 9.852133510682297146e-01
1.525083612040133554e-08 9.850198779750350964e-01
1.535117056856187030e-08 9.848252071171222921e-01
1.545150501672240505e-08 9.846293400260407447e-01
1.555183946488293981e-08 9.844322782423041707e-01
1.565217391304347456e-08 9.842340233153709095e-01
1.575250836120401262e-08 9.840345768036230512e-01
1.585284280936454738e-08 9.838339402743444539e-01
1.595317725752508213e-08 9.836321153037019815e-01
1.605351170568561688e-08 9.834291034767231876e-01
1.615384615384615164e-08 9.832249063872748884e-01
1.625418060200668639e-08 9.830195256380434010e-01
1.635451505016722115e-08 9.828129628405111173e-01
1.645484949832775590e-08 9.826052196149376305e-01
1.655518394648829065e-08 9.823962975903361983e-01
1.665551839464882872e-08 9.821861984044523153e-01
1.675585284280936347e-08 9.819749237037431744e-01
1.685618729096989823e-08 9.817624751433544628e-01
1.695652173913043298e-08 9.815488543870988236e-01
1.705685618729096773e-08 9.813340631074336518e-01
1.715719063545150249e-08 9.811181029854401103e-01
1.725752508361203724e-08 9.809009757107980398e-01
1.735785953177257200e-08 9.806826829817669733e-01
1.745819397993310675e-08 9.804632265051607121e-01
1.755852842809364150e-08 9.802426079963260097e-01
1.765886287625417957e-08 9.800208291791199233e-01
1.775919732441471432e-08 9.797978917858867209e-01
1.785953177257524907e-08 9.795737975574344558e-01
1.795986622073578383e-08 9.793485482430134281e-01
1.806020066889631858e-08 9.791221456002900947e-01
1.816053511705685334e-08 9.788945913953273070e-01
1.826086956521738809e-08 9.786658874025584431e-01
1.836120401337792284e-08 9.784360354047650921e-01
1.846153846153845760e-08 9.782050371930527399e-01
1.856187290969899566e-08 9.779728945668275664e-01
1.866220735785953041e-08 9.777396093337729077e-01
1.876254180602006517e-08 9.775051833098240550e-01
1.886287625418059992e-08 9.772696183191463826e-01
1.896321070234113468e-08 9.770329161941089247e-01
1.906354515050166943e-08 9.767950787752623931e-01
1.916387959866220418e-08 9.765561079113128651e-01
1.926421404682273894e-08 9.763160054590986903e-01
1.936454849498327369e-08 9.760747732835651780e-01
1.946488294314380845e-08 9.758324132577412824e-01
1.956521739130434651e-08 9.755889272627136233e-01
1.966555183946488126e-08 9.753443171876012840e-01
1.976588628762541602e-08 9.750985849295328300e-01
1.986622073578595077e-08 9.748517323936199963e-01
1.996655518394648553e-08 9.746037614929321524e-01
2.006688963210702028e-08 9.743546741484725437e-01
2.016722408026755503e-08 9.741044722891520902e-01
2.026755852842808979e-08 9.738531578517634069e-01
2.036789297658862454e-08 9.736007327809572676e-01
2.046822742474916260e-08 9.733471990292144049e-01
2.056856187290969736e-08 9.730925585568229730e-01
2.066889632107023211e-08 9.728368133318495703e-01
2.076923076923076687e-08 9.725799653301155923e-01
2.086956521739130162e-08 9.723220165351706967e-01
2.096989966555183637e-08 9.720629689382661587e-01
2.107023411371237113e-08 9.718028245383300012e-01
2.117056856187290588e-08 9.715415853419390180e-01
2.127090301003344064e-08 9.712792533632942371e-01
2.137123745819397539e-08 9.710158306241932769e-01
2.147157190635451345e-08 9.707513191540046993e-01
2.157190635451504821e-08 9.704857209896410319e-01
2.167224080267558296e-08 9.702190381755311233e-01
2.177257525083611771e-08 9.699512727635953846e-01
2.187290969899665247e-08 9.696824268132178126e-01
2.197324414715718722e-08 9.694125023912188999e-01
2.207357859531772198e-08 9.691415015718283232e-01
2.217391304347825673e-08 9.688694264366588538e-01
2.227424749163879148e-08 9.685962790746790452e-01
2.237458193979932955e-08 9.683220615821843680e-01
2.247491638795986430e-08 9.680467760627720075e-01
2.257525083612039905e-08 9.677704246273118871e-01
2.267558528428093381e-08 9.674930093939198006e-01
2.277591973244146856e-08 9.672145324879297679e-01
2.287625418060200332e-08 9.669349960418656131e-01
2.297658862876253807e-08 9.666544021954139865e-01
2.307692307692307282e-08 9.663727530953962752e-01
2.317725752508360758e-08 9.660900508957408483e-01
2.327759197324414233e-08 9.658062977574541907e-01
2.337792642140468040e-08 9.655214958485933696e-01
2.347826086956521515e-08 9.652356473442380569e-01
2.357859531772574990e-08 9.649487544264621075e-01
2.367892976588628466e-08 9.646608192843039165e-01
2.377926421404681941e-08 9.643718441137413278e-01
2.387959866220735417e-08 9.640818311176581057e-01
2.397993311036788892e-08 9.637907825058206202e-01
2.408026755852842367e-08 9.634987004948449840e-01
2.418060200668895843e-08 9.632055873081702968e-01
2.428093645484949649e-08 9.629114451760298898e-01
2.438127090301003124e-08 9.626162763354221275e-01
2.448160535117056600e-08 9.623200830300804309e-01
2.458193979933110075e-08 9.620228675104457450e-01
2.468227424749163551e-08 9.617246320336367837e-01
2.478260869565217026e-08 9.614253788634201658e-01
2.488294314381270501e-08 9.611251102701821036e-01
2.498327759197323977e-08 9.608238285308980942e-01
2.508361204013377452e-08 9.605215359291057187e-01
2.518394648829430928e-08 9.602182347548712249e-01
2.528428093645484734e-08 9.599139273047638810e-01
2.538461538461538209e-08 9.596086158818234457e-01
2.548494983277591685e-08 9.593023027955327464e-01
2.558528428093645160e-08 9.589949903617853710e-01
2.568561872909698635e-08 9.586866809028589120e-01
2.578595317725752111e-08 9.583773767473817706e-01
2.588628762541805586e-08 9.580670802303057343e-01
2.598662207357859062e-08 9.577557936928740023e-01
2.608695652173912537e-08 9.574435194825930973e-01
2.618729096989966343e-08 9.571302599532005573e-01
2.628762541806019819e-08 9.568160174646358485e-01
2.638795986622073294e-08 9.565007943830098336e-01
2.648829431438126769e-08 9.561845930805747962e-01
2.658862876254180245e-08 9.558674159356925770e-01
2.668896321070233720e-08 9.555492653328058195e-01
2.678929765886287196e-08 9.552301436624057729e-01
2.688963210702340671e-08 9.549100533210037600e-01
2.698996655518394146e-08 9.545889967110966490e-01
2.709030100334447622e-08 9.542669762411413181e-01
2.719063545150501428e-08 9.539439943255187959e-01
2.729096989966554904e-08 9.536200533845071714e-01
2.739130434782608379e-08 9.532951558442477324e-01
2.749163879598661854e-08 9.529693041367159889e-01
2.759197324414715330e-08 9.526425006996898093e-01
2.769230769230768805e-08 9.523147479767177792e-01
2.779264214046822281e-08 9.519860484170885595e-01
2.789297658862875756e-08 9.516564044758004659e-01
2.799331103678929231e-08 9.513258186135279404e-01
2.809364548494983038e-08 9.509942932965922413e-01
2.819397993311036513e-08 9.506618309969291358e-01
2.829431438127089988e-08 9.503284341920570366e-01
2.839464882943143464e-08 9.499941053650472478e-01
2.849498327759196939e-08 9.496588470044887709e-01
2.859531772575250415e-08 9.493226616044613264e-01
2.869565217391303890e-08 9.489855516644996047e-01
2.879598662207357365e-08 9.486475196895637341e-01
2.889632107023410841e-08 9.483085681900068620e-01
2.899665551839464316e-08 9.479686996815428479e-01
2.909698996655518122e-08 9.476279166852153990e-01
2.919732441471571598e-08 9.472862217273648744e-01
2.929765886287625073e-08 9.469436173395975320e-01
2.939799331103678549e-08 9.466001060587523330e-01
2.949832775919732024e-08 9.462556904268688562e-01
2.959866220735785499e-08 9.459103729911566560e-01
2.969899665551838975e-08 9.455641563039604014e-01
2.979933110367892450e-08 9.452170429227307880e-01
2.989966555183946256e-08 9.448690354099891220e-01
2.999999999999999732e-08 9.445201363332975664e-01
