0.000000000000000000e+00 9.999999999999995559e-01
1.003344481605351029e-10 9.999977530265022896e-01
2.006688963210702059e-10 9.999910121676580665e-01
3.010033444816052959e-10 9.999797776084127232e-01
4.013377926421404118e-10 9.999640496569972559e-01
5.016722408026755277e-10 9.999438287449164964e-01
6.020066889632105918e-10 9.999191154269267967e-01
7.023411371237457594e-10 9.998899103810124922e-01
8.026755852842808236e-10 9.998562144083528169e-01
9.030100334448158877e-10 9.998180284332862655e-01
1.003344481605351055e-09 9.997753535032661842e-01
1.103678929765886223e-09 9.997281907888141417e-01
1.204013377926421184e-09 9.996765415834634183e-01
1.304347826086956351e-09 9.996204073037014970e-01
1.404682274247491519e-09 9.995597894889033386e-01
1.505016722408026480e-09 9.994946898012595504e-01
1.605351170568561647e-09 9.994251100257011133e-01
1.705685618729096815e-09 9.993510520698145605e-01
1.806020066889631775e-09 9.992725179637563793e-01
1.906354515050166943e-09 9.991895098601560887e-01
2.006688963210702111e-09 9.991020300340192062e-01
2.107023411371237278e-09 9.990100808826205547e-01
2.207357859531772446e-09 9.989136649253942402e-01
2.307692307692307200e-09 9.988127848038153012e-01
2.408026755852842367e-09 9.987074432812802494e-01
2.508361204013377535e-09 9.985976432429775063e-01
2.608695652173912702e-09 9.984833876957542875e-01
2.709030100334447870e-09 9.983646797679770479e-01
2.809364548494983038e-09 9.982415227093881516e-01
2.909698996655517792e-09 9.981139198909552146e-01
3.010033444816052959e-09 9.979818748047141197e-01
3.110367892976588127e-09 9.978453910636093660e-01
3.210702341137123294e-09 9.977044724013258703e-01
3.311036789297658462e-09 9.975591226721171045e-01
3.411371237458193629e-09 9.974093458506272381e-01
3.511705685618728797e-09 9.972551460317067296e-01
3.612040133779263551e-09 9.970965274302243664e-01
3.712374581939798719e-09 9.969334943808709770e-01
3.812709030100333886e-09 9.967660513379624776e-01
3.913043478260868640e-09 9.965942028752300397e-01
4.013377926421404221e-09 9.964179536856132557e-01
4.113712374581938975e-09 9.962373085810399820e-01
4.214046822742474556e-09 9.960522724922075133e-01
4.314381270903009310e-09 9.958628504683533222e-01
4.414715719063544892e-09 9.956690476770221343e-01
4.515050167224079646e-09 9.954708694038294503e-01
4.615384615384614399e-09 9.952683210522160762e-01
4.715719063545149981e-09 9.950614081432006541e-01
4.816053511705684735e-09 9.948501363151239785e-01
4.916387959866220316e-09 9.946345113233903135e-01
5.016722408026755070e-09 9.944145390402024942e-01
5.117056856187290651e-09 9.941902254542906991e-01
5.217391304347825405e-09 9.939615766706375588e-01
5.317725752508360159e-09 9.937285989101978245e-01
5.418060200668895740e-09 9.934912985096108207e-01
5.518394648829430494e-09 9.932496819209101213e-01
5.618729096989966075e-09 9.930037557112265656e-01
5.719063545150500829e-09 9.927535265624867211e-01
5.819397993311035583e-09 9.924990012711061294e-01
5.919732441471571164e-09 9.922401867476757786e-01
6.020066889632105918e-09 9.919770900166464678e-01
6.120401337792641499e-09 9.917097182160066193e-01
6.220735785953176253e-09 9.914380785969515442e-01
6.321070234113711835e-09 9.911621785235549265e-01
6.421404682274246589e-09 9.908820254724289844e-01
6.521739130434781343e-09 9.905976270323811894e-01
6.622073578595316924e-09 9.903089909040679872e-01
6.722408026755851678e-09 9.900161248996409702e-01
6.822742474916387259e-09 9.897190369423899403e-01
6.923076923076922013e-09 9.894177350663787562e-01
7.023411371237457594e-09 9.891122274160787375e-01
7.123745819397992348e-09 9.888025222459964070e-01
7.224080267558527102e-09 9.884886279202954595e-01
7.324414715719062683e-09 9.881705529124128473e-01
7.424749163879597437e-09 9.878483058046746423e-01
7.525083612040133018e-09 9.875218952879016854e-01
7.625418060200667772e-09 9.871913301610132363e-01
7.725752508361202526e-09 9.868566193306258505e-01
7.826086956521737280e-09 9.865177718106461491e-01
7.926421404682273689e-09 9.861747967218603694e-01
8.026755852842808442e-09 9.858277032915182536e-01
8.127090301003343196e-09 9.854765008529127179e-01
8.227424749163877950e-09 9.851211988449539714e-01
8.327759197324414359e-09 9.847618068117411916e-01
8.428093645484949113e-09 9.843983344021256521e-01
8.528428093645483867e-09 9.840307913692750708e-01
8.628762541806018621e-09 9.836591875702265231e-01
8.729096989966553375e-09 9.832835329654419088e-01
8.829431438127089783e-09 9.829038376183520942e-01
8.929765886287624537e-09 9.825201116949016100e-01
9.030100334448159291e-09 9.821323654630884636e-01
9.130434782608694045e-09 9.817406092924948480e-01
9.230769230769228799e-09 9.813448536538199596e-01
9.331103678929765207e-09 9.809451091184036020e-01
9.431438127090299961e-09 9.805413863577489009e-01
9.531772575250834715e-09 9.801336961430364703e-01
9.632107023411369469e-09 9.797220493446401335e-01
9.732441471571904223e-09 9.793064569316322077e-01
9.832775919732440632e-09 9.788869299712894545e-01
9.933110367892975386e-09 9.784634796285924807e-01
1.003344481605351014e-08 9.780361171657208086e-01
1.013377926421404489e-08 9.776048539415448380e-01
1.023411371237458130e-08 9.771697014111146995e-01
1.033444816053511606e-08 9.767306711251403373e-01
1.043478260869565081e-08 9.762877747294750330e-01
1.053511705685618556e-08 9.758410239645873840e-01
1.063545150501672032e-08 9.753904306650351685e-01
1.073578595317725673e-08 9.749360067589312173e-01
1.083612040133779148e-08 9.744777642674077311e-01
1.093645484949832623e-08 9.740157153040767124e-01
1.103678929765886099e-08 9.735498720744842904e-01
1.113712374581939574e-08 9.730802468755642698e-01
1.123745819397993215e-08 9.726068520950852392e-01
1.133779264214046690e-08 9.721297002110966812e-01
1.143812709030100166e-08 9.716488037913681985e-01
1.153846153846153641e-08 9.711641754928286296e-01
1.163879598662207117e-08 9.706758280609972811e-01
1.173913043478260757e-08 9.701837743294166039e-01
1.183946488294314233e-08 9.696880272190759875e-01
1.193979933110367708e-08 9.691885997378366646e-01
1.204013377926421184e-08 9.686855049798502870e-01
1.214046822742474824e-08 9.681787561249739493e-01
1.224080267558528300e-08 9.676683664381857675e-01
1.234113712374581775e-08 9.671543492689893551e-01
1.244147157190635251e-08 9.666367180508234069e-01
1.254180602006688726e-08 9.661154863004629556e-01
1.264214046822742367e-08 9.655906676174171865e-01
1.274247491638795842e-08 9.650622756833273641e-01
1.284280936454849318e-08 9.645303242613580963e-01
1.294314381270902793e-08 9.639948271955874892e-01
1.304347826086956269e-08 9.634557984103929718e-01
1.314381270903009909e-08 9.629132519098348997e-01
1.324414715719063385e-08 9.623672017770363851e-01
1.334448160535116860e-08 9.618176621735610166e-01
1.344481605351170336e-08 9.612646473387862489e-01
1.354515050167223811e-08 9.607081715892747953e-01
1.364548494983277452e-08 9.601482493181426880e-01
1.374581939799330927e-08 9.595848949944258965e-01
1.384615384615384403e-08 9.590181231624399505e-01
1.394648829431437878e-08 9.584479484411440042e-01
1.404682274247491519e-08 9.578743855234922444e-01
1.414715719063544994e-08 9.572974491757929583e-01
1.424749163879598470e-08 9.567171542370583870e-01
1.434782608695651945e-08 9.561335156183514705e-01
1.444816053511705420e-08 9.555465483021349238e-01
1.454849498327759061e-08 9.549562673416135405e-01
1.464882943143812537e-08 9.543626878600753871e-01
1.474916387959866012e-08 9.537658250502308865e-01
1.484949832775919487e-08 9.531656941735474620e-01
1.494983277591973128e-08 9.525623105595850681e-01
1.505016722408026604e-08 9.519556896053258388e-01
1.515050167224080079e-08 9.513458467745050662e-01
1.525083612040133554e-08 9.507327975969354084e-01
1.535117056856187030e-08 9.501165576678326508e-01
1.545150501672240505e-08 9.494971426471379150e-01
1.555183946488293981e-08 9.488745682588368702e-01
1.565217391304347456e-08 9.482488502902780558e-01
1.575250836120401262e-08 9.476200045914882075e-01
1.585284280936454738e-08 9.469880470744872492e-01
1.595317725752508213e-08 9.463529937125965130e-01
1.605351170568561688e-08 9.457148605397528440e-01
1.615384615384615164e-08 9.450736636498112686e-01
1.625418060200668639e-08 9.444294191958559903e-01
1.635451505016722115e-08 9.437821433894998391e-01
1.645484949832775590e-08 9.431318525001889386e-01
1.655518394648829065e-08 9.424785628545007121e-01
1.665551839464882872e-08 9.418222908354452194e-01
1.675585284280936347e-08 9.411630528817596097e-01
1.685618729096989823e-08 9.405008654872035745e-01
1.695652173913043298e-08 9.398357451998539114e-01
1.705685618729096773e-08 9.391677086213952030e-01
1.715719063545150249e-08 9.384967724064112726e-01
1.725752508361203724e-08 9.378229532616729758e-01
1.735785953177257200e-08 9.371462679454254374e-01
1.745819397993310675e-08 9.364667332666768429e-01
1.755852842809364150e-08 9.357843660844774591e-01
1.765886287625417957e-08 9.350991833072087589e-01
1.775919732441471432e-08 9.344112018918613316e-01
1.785953177257524907e-08 9.337204388433183455e-01
1.795986622073578383e-08 9.330269112136319043e-01
1.806020066889631858e-08 9.323306361013045107e-01
1.816053511705685334e-08 9.316316306505639799e-01
1.826086956521738809e-08 9.309299120506401293e-01
1.836120401337792284e-08 9.302254975350404687e-01
1.846153846153845760e-08 9.295184043808231156e-01
1.856187290969899566e-08 9.288086499078709313e-01
1.866220735785953041e-08 9.280962514781619932e-01
1.876254180602006517e-08 9.273812264950433981e-01
1.886287625418059992e-08 9.266635924024977378e-01
1.896321070234113468e-08 9.259433666844172350e-01
1.906354515050166943e-08 9.252205668638687763e-01
1.916387959866220418e-08 9.244952105023639399e-01
1.926421404682273894e-08 9.237673151991260267e-01
1.936454849498327369e-08 9.230368985903557588e-01
1.946488294314380845e-08 9.223039783484998644e-01
1.956521739130434651e-08 9.215685721815134457e-01
1.966555183946488126e-08 9.208306978321280090e-01
1.976588628762541602e-08 9.200903730771141653e-01
1.986622073578595077e-08 9.193476157265469961e-01
1.996655518394648553e-08 9.186024436230686430e-01
2.006688963210702028e-08 9.178548746411525627e-01
2.016722408026755503e-08 9.171049266863670058e-01
2.026755852842808979e-08 9.163526176946363844e-01
2.036789297658862454e-08 9.155979656315059723e-01
2.046822742474916260e-08 9.148409884914022738e-01
2.056856187290969736e-08 9.140817042968969464e-01
2.066889632107023211e-08 9.133201310979675025e-01
2.076923076923076687e-08 9.125562869712616765e-01
2.086956521739130162e-08 9.117901900193564613e-01
2.096989966555183637e-08 9.110218583700235850e-01
2.107023411371237113e-08 9.102513101754886593e-01
2.117056856187290588e-08 9.094785636116951011e-01
2.127090301003344064e-08 9.087036368775671669e-01
2.137123745819397539e-08 9.079265481942712102e-01
2.147157190635451345e-08 9.071473158044779384e-01
2.157190635451504821e-08 9.063659579716286663e-01
2.167224080267558296e-08 9.055824929791951305e-01
2.177257525083611771e-08 9.047969391299447439e-01
2.187290969899665247e-08 9.040093147452058497e-01
2.197324414715718722e-08 9.032196381641298677e-01
2.207357859531772198e-08 9.024279277429586577e-01
2.217391304347825673e-08 9.016342018542881087e-01
2.227424749163879148e-08 9.008384788863358361e-01
2.237458193979932955e-08 9.000407772422059915e-01
2.247491638795986430e-08 8.992411153391592915e-01
2.257525083612039905e-08 8.984395116078776056e-01
2.267558528428093381e-08 8.976359844917353170e-01
2.277591973244146856e-08 8.968305524460672418e-01
2.287625418060200332e-08 8.960232339374394339e-01
2.297658862876253807e-08 8.952140474429194361e-01
2.307692307692307282e-08 8.944030114493489725e-01
2.317725752508360758e-08 8.935901444526164195e-01
2.327759197324414233e-08 8.927754649569302758e-01
2.337792642140468040e-08 8.919589914740945202e-01
2.347826086956521515e-08 8.911407425227823031e-01
2.357859531772574990e-08 8.903207366278151902e-01
2.367892976588628466e-08 8.894989923194394077e-01
2.377926421404681941e-08 8.886755281326057521e-01
2.387959866220735417e-08 8.878503626062483889e-01
2.397993311036788892e-08 8.870235142825675378e-01
2.408026755852842367e-08 8.861950017063111584e-01
2.418060200668895843e-08 8.853648434240593001e-01
2.428093645484949649e-08 8.845330579835081197e-01
2.438127090301003124e-08 8.836996639327596714e-01
2.448160535117056600e-08 8.828646798196047030e-01
2.458193979933110075e-08 8.820281241908161096e-01
2.468227424749163551e-08 8.811900155914381694e-01
2.478260869565217026e-08 8.803503725640795530e-01
2.488294314381270501e-08 8.795092136482061118e-01
2.498327759197323977e-08 8.786665573794373296e-01
2.508361204013377452e-08 8.778224222888427741e-01
2.518394648829430928e-08 8.769768269022404361e-01
2.528428093645484734e-08 8.761297897394987322e-01
2.538461538461538209e-08 8.752813293138369533e-01
2.548494983277591685e-08 8.744314641311295988e-01
2.558528428093645160e-08 8.735802126892123765e-01
2.568561872909698635e-08 8.727275934771894228e-01
2.578595317725752111e-08 8.718736249747432998e-01
2.588628762541805586e-08 8.710183256514441030e-01
2.598662207357859062e-08 8.701617139660662303e-01
2.608695652173912537e-08 8.693038083659000437e-01
2.618729096989966343e-08 8.684446272860714133e-01
2.628762541806019819e-08 8.675841891488590418e-01
2.638795986622073294e-08 8.667225123630181161e-01
2.648829431438126769e-08 8.658596153231011838e-01
2.658862876254180245e-08 8.649955164087852477e-01
2.668896321070233720e-08 8.641302339841985258e-01
2.678929765886287196e-08 8.632637863972513204e-01
2.688963210702340671e-08 8.623961919789679964e-01
2.698996655518394146e-08 8.615274690428200710e-01
2.709030100334447622e-08 8.606576358840648533e-01
2.719063545150501428e-08 8.597867107790827523e-01
2.729096989966554904e-08 8.589147119847202472e-01
2.739130434782608379e-08 8.580416577376327458e-01
2.749163879598661854e-08 8.571675662536313300e-01
2.759197324414715330e-08 8.562924557270300552e-01
2.769230769230768805e-08 8.554163443299999114e-01
2.779264214046822281e-08 8.545392502119204536e-01
2.789297658862875756e-08 8.536611914987366490e-01
2.799331103678929231e-08 8.527821862923175011e-01
2.809364548494983038e-08 8.519022526698184494e-01
2.819397993311036513e-08 8.510214086830453217e-01
2.829431438127089988e-08 8.501396723578202863e-01
2.839464882943143464e-08 8.492570616933516892e-01
2.849498327759196939e-08 8.483735946616076662e-01
2.859531772575250415e-08 8.474892892066896444e-01
2.869565217391303890e-08 8.466041632442117271e-01
2.879598662207357365e-08 8.457182346606794132e-01
2.889632107023410841e-08 8.448315213128750889e-01
2.899665551839464316e-08 8.439440410272431858e-01
2.909698996655518122e-08 8.430558115992806689e-01
2.919732441471571598e-08 8.421668507929283010e-01
2.929765886287625073e-08 8.412771763399672365e-01
2.939799331103678549e-08 8.403868059394156154e-01
2.949832775919732024e-08 8.394957572569312632e-01
2.959866220735785499e-08 8.386040479242149459e-01
2.969899665551838975e-08 8.377116955384197317e-01
2.979933110367892450e-08 8.368187176615587974e-01
2.989966555183946256e-08 8.359251318199220071e-01
2.999999999999999732e-08 8.350309555034901576e-01
