0.000000000000000000e+00 9.999999999999995559e-01
1.003344481605351029e-10 9.999994575443529321e-01
2.006688963210702059e-10 9.999978301810056314e-01
3.010033444816052959e-10 9.999951179207369201e-01
4.013377926421404118e-10 9.999913207815117611e-01
5.016722408026755277e-10 9.999864387884805916e-01
6.020066889632105918e-10 9.999804719739799896e-01
7.023411371237457594e-10 9.999734203775307861e-01
8.026755852842808236e-10 9.999652840458382874e-01
9.030100334448158877e-10 9.999560630327931632e-01
1.003344481605351055e-09 9.999457573994678938e-01
1.103678929765886223e-09 9.999343672141192130e-01
1.204013377926421184e-09 9.999218925521851098e-01
1.304347826086956351e-09 9.999083334962843850e-01
1.404682274247491519e-09 9.998936901362178720e-01
1.505016722408026480e-09 9.998779625689637740e-01
1.605351170568561647e-09 9.998611508986792185e-01
1.705685618729096815e-09 9.998432552366988135e-01
1.806020066889631775e-09 9.998242757015317617e-01
1.906354515050166943e-09 9.998042124188630808e-01
2.006688963210702111e-09 9.997830655215492746e-01
2.107023411371237278e-09 9.997608351496205525e-01
2.207357859531772446e-09 9.997375214502750573e-01
2.307692307692307200e-09 9.997131245778809738e-01
2.408026755852842367e-09 9.996876446939712002e-01
2.508361204013377535e-09 9.996610819672451242e-01
2.608695652173912702e-09 9.996334365735648486e-01
2.709030100334447870e-09 9.996047086959525263e-01
2.809364548494983038e-09 9.995748985245902496e-01
2.909698996655517792e-09 9.995440062568160533e-01
3.010033444816052959e-09 9.995120320971233596e-01
3.110367892976588127e-09 9.994789762571574254e-01
3.210702341137123294e-09 9.994448389557136769e-01
3.311036789297658462e-09 9.994096204187349342e-01
3.411371237458193629e-09 9.993733208793088574e-01
3.511705685618728797e-09 9.993359405776657267e-01
3.612040133779263551e-09 9.992974797611755555e-01
3.712374581939798719e-09 9.992579386843448708e-01
3.812709030100333886e-09 9.992173176088151587e-01
3.913043478260868640e-09 9.991756168033578689e-01
4.013377926421404221e-09 9.991328365438738590e-01
4.113712374581938975e-09 9.990889771133877328e-01
4.214046822742474556e-09 9.990440388020475071e-01
4.314381270903009310e-09 9.989980219071185052e-01
4.414715719063544892e-09 9.989509267329823583e-01
4.515050167224079646e-09 9.989027535911321198e-01
4.615384615384614399e-09 9.988535028001696014e-01
4.715719063545149981e-09 9.988031746858012649e-01
4.816053511705684735e-09 9.987517695808354468e-01
4.916387959866220316e-09 9.986992878251774730e-01
5.016722408026755070e-09 9.986457297658264398e-01
5.117056856187290651e-09 9.985910957568721047e-01
5.217391304347825405e-09 9.985353861594893354e-01
5.317725752508360159e-09 9.984786013419345574e-01
5.418060200668895740e-09 9.984207416795436441e-01
5.518394648829430494e-09 9.983618075547248116e-01
5.618729096989966075e-09 9.983017993569557325e-01
5.719063545150500829e-09 9.982407174827795382e-01
5.819397993311035583e-09 9.981785623357993797e-01
5.919732441471571164e-09 9.981153343266753186e-01
6.020066889632105918e-09 9.980510338731176656e-01
6.120401337792641499e-09 9.979856613998847603e-01
6.220735785953176253e-09 9.979192173387769760e-01
6.321070234113711835e-09 9.978517021286309463e-01
6.421404682274246589e-09 9.977831162153164568e-01
6.521739130434781343e-09 9.977134600517308938e-01
6.622073578595316924e-09 9.976427340977935820e-01
6.722408026755851678e-09 9.975709388204407890e-01
6.822742474916387259e-09 9.974980746936218390e-01
6.923076923076922013e-09 9.974241421982923406e-01
7.023411371237457594e-09 9.973491418224084137e-01
7.123745819397992348e-09 9.972730740609235811e-01
7.224080267558527102e-09 9.971959394157803303e-01
7.324414715719062683e-09 9.971177383959075602e-01
7.424749163879597437e-09 9.970384715172123657e-01
7.525083612040133018e-09 9.969581393025749305e-01
7.625418060200667772e-09 9.968767422818436419e-01
7.725752508361202526e-09 9.967942809918290958e-01
7.826086956521737280e-09 9.967107559762962143e-01
7.926421404682273689e-09 9.966261677859603596e-01
8.026755852842808442e-09 9.965405169784808947e-01
8.127090301003343196e-09 9.964538041184536343e-01
8.227424749163877950e-09 9.963660297774056263e-01
8.327759197324414359e-09 9.962771945337888235e-01
8.428093645484949113e-09 9.961872989729736450e-01
8.528428093645483867e-09 9.960963436872407595e-01
8.628762541806018621e-09 9.960043292757779776e-01
8.729096989966553375e-09 9.959112563446701483e-01
8.829431438127089783e-09 9.958171255068943850e-01
8.929765886287624537e-09 9.957219373823121833e-01
9.030100334448159291e-09 9.956256925976640915e-01
9.130434782608694045e-09 9.955283917865600518e-01
9.230769230769228799e-09 9.954300355894752927e-01
9.331103678929765207e-09 9.953306246537414470e-01
9.431438127090299961e-09 9.952301596335395573e-01
9.531772575250834715e-09 9.951286411898931927e-01
9.632107023411369469e-09 9.950260699906610107e-01
9.732441471571904223e-09 9.949224467105292069e-01
9.832775919732440632e-09 9.948177720310040772e-01
9.933110367892975386e-09 9.947120466404040240e-01
1.003344481605351014e-08 9.946052712338528945e-01
1.013377926421404489e-08 9.944974465132713215e-01
1.023411371237458130e-08 9.943885731873695066e-01
1.033444816053511606e-08 9.942786519716388938e-01
1.043478260869565081e-08 9.941676835883446195e-01
1.053511705685618556e-08 9.940556687665168534e-01
1.063545150501672032e-08 9.939426082419441366e-01
1.073578595317725673e-08 9.938285027571627239e-01
1.083612040133779148e-08 9.937133530614511434e-01
1.093645484949832623e-08 9.935971599108202046e-01
1.103678929765886099e-08 9.934799240680047827e-01
1.113712374581939574e-08 9.933616463024561583e-01
1.123745819397993215e-08 9.932423273903320249e-01
1.133779264214046690e-08 9.931219681144889400e-01
1.143812709030100166e-08 9.930005692644739979e-01
1.153846153846153641e-08 9.928781316365149490e-01
1.163879598662207117e-08 9.927546560335118730e-01
1.173913043478260757e-08 9.926301432650288525e-01
1.183946488294314233e-08 9.925045941472844246e-01
1.193979933110367708e-08 9.923780095031415893e-01
1.204013377926421184e-08 9.922503901621011480e-01
1.214046822742474824e-08 9.921217369602896019e-01
1.224080267558528300e-08 9.919920507404522692e-01
1.234113712374581775e-08 9.918613323519431813e-01
1.244147157190635251e-08 9.917295826507146472e-01
1.254180602006688726e-08 9.915968024993087049e-01
1.264214046822742367e-08 9.914629927668490161e-01
1.274247491638795842e-08 9.913281543290269893e-01
1.284280936454849318e-08 9.911922880680975600e-01
1.294314381270902793e-08 9.910553948728647589e-01
1.304347826086956269e-08 9.909174756386748273e-01
1.314381270903009909e-08 9.907785312674047828e-01
1.324414715719063385e-08 9.906385626674533151e-01
1.334448160535116860e-08 9.904975707537297946e-01
1.344481605351170336e-08 9.903555564476453910e-01
1.354515050167223811e-08 9.902125206771018595e-01
1.364548494983277452e-08 9.900684643764812165e-01
1.374581939799330927e-08 9.899233884866365241e-01
1.384615384615384403e-08 9.897772939548810101e-01
1.394648829431437878e-08 9.896301817349759666e-01
1.404682274247491519e-08 9.894820527871230897e-01
1.414715719063544994e-08 9.893329080779518225e-01
1.424749163879598470e-08 9.891827485805091413e-01
1.434782608695651945e-08 9.890315752742493416e-01
1.444816053511705420e-08 9.888793891450227136e-01
1.454849498327759061e-08 9.887261911850642182e-01
1.464882943143812537e-08 9.885719823929837169e-01
1.474916387959866012e-08 9.884167637737539813e-01
1.484949832775919487e-08 9.882605363387000352e-01
1.494983277591973128e-08 9.881033011054881632e-01
1.505016722408026604e-08 9.879450590981142533e-01
1.515050167224080079e-08 9.877858113468920287e-01
1.525083612040133554e-08 9.876255588884436110e-01
1.535117056856187030e-08 9.874643027656856420e-01
1.545150501672240505e-08 9.873020440278199583e-01
1.555183946488293981e-08 9.871387837303202684e-01
1.565217391304347456e-08 9.869745229349213833e-01
1.575250836120401262e-08 9.868092627096080038e-01
1.585284280936454738e-08 9.866430041286019526e-01
1.595317725752508213e-08 9.864757482723508497e-01
1.605351170568561688e-08 9.863074962275161228e-01
1.615384615384615164e-08 9.861382490869612383e-01
1.625418060200668639e-08 9.859680079497399330e-01
1.635451505016722115e-08 9.857967739210824476e-01
1.645484949832775590e-08 9.856245481123859786e-01
1.655518394648829065e-08 9.854513316412002455e-01
1.665551839464882872e-08 9.852771256312167214e-01
1.675585284280936347e-08 9.851019312122551996e-01
1.685618729096989823e-08 9.849257495202515811e-01
1.695652173913043298e-08 9.847485816972464390e-01
1.705685618729096773e-08 9.845704288913715851e-01
1.715719063545150249e-08 9.843912922568360813e-01
1.725752508361203724e-08 9.842111729539172460e-01
1.735785953177257200e-08 9.840300721489438907e-01
1.745819397993310675e-08 9.838479910142861051e-01
1.755852842809364150e-08 9.836649307283418242e-01
1.765886287625417957e-08 9.834808924755233939e-01
1.775919732441471432e-08 9.832958774462443596e-01
1.785953177257524907e-08 9.831098868369076982e-01
1.795986622073578383e-08 9.829229218498918286e-01
1.806020066889631858e-08 9.827349836935375116e-01
1.816053511705685334e-08 9.825460735821345271e-01
1.826086956521738809e-08 9.823561927359083512e-01
1.836120401337792284e-08 9.821653423810068340e-01
1.846153846153845760e-08 9.819735237494874314e-01
1.856187290969899566e-08 9.817807380793027727e-01
1.866220735785953041e-08 9.815869866142871158e-01
1.876254180602006517e-08 9.813922706041442456e-01
1.886287625418059992e-08 9.811965913044313758e-01
1.896321070234113468e-08 9.809999499765476028e-01
1.906354515050166943e-08 9.808023478877188062e-01
1.916387959866220418e-08 9.806037863109842156e-01
1.926421404682273894e-08 9.804042665251824218e-01
1.936454849498327369e-08 9.802037898149380535e-01
1.946488294314380845e-08 9.800023574706464569e-01
1.956521739130434651e-08 9.797999707884603726e-01
1.966555183946488126e-08 9.795966310702766133e-01
1.976588628762541602e-08 9.793923396237194101e-01
1.986622073578595077e-08 9.791870977621296435e-01
1.996655518394648553e-08 9.789809068045463025e-01
2.006688963210702028e-08 9.787737680756962710e-01
2.016722408026755503e-08 9.785656829059775630e-01
2.026755852842808979e-08 9.783566526314437795e-01
2.036789297658862454e-08 9.781466785937934505e-01
2.046822742474916260e-08 9.779357621403507173e-01
2.056856187290969736e-08 9.777239046240542297e-01
2.066889632107023211e-08 9.775111074034406045e-01
2.076923076923076687e-08 9.772973718426307688e-01
2.086956521739130162e-08 9.770826993113128633e-01
2.096989966555183637e-08 9.768670911847310290e-01
2.107023411371237113e-08 9.766505488436667548e-01
2.117056856187290588e-08 9.764330736744263328e-01
2.127090301003344064e-08 9.762146670688239825e-01
2.137123745819397539e-08 9.759953304241691940e-01
2.147157190635451345e-08 9.757750651432487432e-01
2.157190635451504821e-08 9.755538726343127021e-01
2.167224080267558296e-08 9.753317543110602283e-01
2.177257525083611771e-08 9.751087115926220239e-01
2.187290969899665247e-08 9.748847459035467899e-01
2.197324414715718722e-08 9.746598586737844627e-01
2.207357859531772198e-08 9.744340513386717806e-01
2.217391304347825673e-08 9.742073253389158527e-01
2.227424749163879148e-08 9.739796821205796151e-01
2.237458193979932955e-08 9.737511231350642893e-01
2.247491638795986430e-08 9.735216498390958373e-01
2.257525083612039905e-08 9.732912636947071983e-01
2.267558528428093381e-08 9.730599661692247437e-01
2.277591973244146856e-08 9.728277587352500699e-01
2.287625418060200332e-08 9.725946428706451208e-01
2.297658862876253807e-08 9.723606200585165338e-01
2.307692307692307282e-08 9.721256917871986536e-01
2.317725752508360758e-08 9.718898595502392102e-01
2.327759197324414233e-08 9.716531248463804449e-01
2.337792642140468040e-08 9.714154891795450109e-01
2.347826086956521515e-08 9.711769540588196525e-01
2.357859531772574990e-08 9.709375209984377753e-01
2.367892976588628466e-08 9.706971915177637911e-01
2.377926421404681941e-08 9.704559671412770205e-01
2.387959866220735417e-08 9.702138493985549283e-01
2.397993311036788892e-08 9.699708398242559149e-01
2.408026755852842367e-08 9.697269399581041061e-01
2.418060200668895843e-08 9.694821513448715899e-01
2.428093645484949649e-08 9.692364755343628735e-01
2.438127090301003124e-08 9.689899140813973411e-01
2.448160535117056600e-08 9.687424685457921569e-01
2.458193979933110075e-08 9.684941404923470554e-01
2.468227424749163551e-08 9.682449314908262439e-01
2.478260869565217026e-08 9.679948431159410838e-01
2.488294314381270501e-08 9.677438769473346580e-01
2.498327759197323977e-08 9.674920345695641188e-01
2.508361204013377452e-08 9.672393175720830349e-01
2.518394648829430928e-08 9.669857275492245163e-01
2.528428093645484734e-08 9.667312661001854490e-01
2.538461538461538209e-08 9.664759348290079544e-01
2.548494983277591685e-08 9.662197353445618475e-01
2.558528428093645160e-08 9.659626692605287612e-01
2.568561872909698635e-08 9.657047381953833831e-01
2.578595317725752111e-08 9.654459437723779125e-01
2.588628762541805586e-08 9.651862876195227425e-01
2.598662207357859062e-08 9.649257713695701399e-01
2.608695652173912537e-08 9.646643966599965925e-01
2.618729096989966343e-08 9.644021651329848233e-01
2.628762541806019819e-08 9.641390784354070265e-01
2.638795986622073294e-08 9.638751382188059935e-01
2.648829431438126769e-08 9.636103461393796810e-01
2.658862876254180245e-08 9.633447038579605604e-01
2.668896321070233720e-08 9.630782130400005192e-01
2.678929765886287196e-08 9.628108753555513211e-01
2.688963210702340671e-08 9.625426924792472860e-01
2.698996655518394146e-08 9.622736660902879713e-01
2.709030100334447622e-08 9.620037978724197414e-01
2.719063545150501428e-08 9.617330895139174496e-01
2.729096989966554904e-08 9.614615427075674514e-01
2.739130434782608379e-08 9.611891591506483978e-01
2.749163879598661854e-08 9.609159405449141378e-01
2.759197324414715330e-08 9.606418885965749555e-01
2.769230769230768805e-08 9.603670050162798066e-01
2.779264214046822281e-08 9.600912915190974450e-01
2.789297658862875756e-08 9.598147498244997688e-01
2.799331103678929231e-08 9.595373816563409486e-01
2.809364548494983038e-08 9.592591887428417730e-01
2.819397993311036513e-08 9.589801728165696648e-01
2.829431438127089988e-08 9.587003356144208066e-01
2.839464882943143464e-08 9.584196788776013776e-01
2.849498327759196939e-08 9.581382043516095681e-01
2.859531772575250415e-08 9.578559137862170392e-01
2.869565217391303890e-08 9.575728089354490491e-01
2.879598662207357365e-08 9.572888915575682445e-01
2.889632107023410841e-08 9.570041634150541210e-01
2.899665551839464316e-08 9.567186262745850378e-01
2.909698996655518122e-08 9.564322819070188997e-01
2.919732441471571598e-08 9.561451320873759485e-01
2.929765886287625073e-08 9.558571785948186683e-01
2.939799331103678549e-08 9.555684232126325783e-01
2.949832775919732024e-08 9.552788677282086915e-01
2.959866220735785499e-08 9.549885139330246409e-01
2.969899665551838975e-08 9.546973636226241400e-01
2.979933110367892450e-08 9.544054185965986647e-01
2.989966555183946256e-08 9.541126806585705777e-01
2.999999999999999732e-08 9.538191516161709238e-01
