0.000000000000000000e+00 9.999999999999995559e-01
1.003344481605351029e-10 9.999999957326713984e-01
2.006688963210702059e-10 9.999999829306867039e-01
3.010033444816052959e-10 9.999999615940463604e-01
4.013377926421404118e-10 9.999999317227514783e-01
5.016722408026755277e-10 9.999998933168035009e-01
6.020066889632105918e-10 9.999998463762043155e-01
7.023411371237457594e-10 9.999997909009565866e-01
8.026755852842808236e-10 9.999997268910635340e-01
9.030100334448158877e-10 9.999996543465277110e-01
1.003344481605351055e-09 9.999995732673535587e-01
1.103678929765886223e-09 9.999994836535448517e-01
1.204013377926421184e-09 9.999993855051068081e-01
1.304347826086956351e-09 9.999992788220436468e-01
1.404682274247491519e-09 9.999991636043619181e-01
1.505016722408026480e-09 9.999990398520669510e-01
1.605351170568561647e-09 9.999989075651656290e-01
1.705685618729096815e-09 9.999987667436647243e-01
1.806020066889631775e-09 9.999986173875710094e-01
1.906354515050166943e-09 9.999984594968931439e-01
2.006688963210702111e-09 9.999982930716390106e-01
2.107023411371237278e-09 9.999981181118169360e-01
2.207357859531772446e-09 9.999979346174364681e-01
2.307692307692307200e-09 9.999977425885070437e-01
2.408026755852842367e-09 9.999975420250387659e-01
2.508361204013377535e-09 9.999973329270417377e-01
2.608695652173912702e-09 9.999971152945271724e-01
2.709030100334447870e-09 9.999968891275063942e-01
2.809364548494983038e-09 9.999966544259910606e-01
2.909698996655517792e-09 9.999964111899932728e-01
3.010033444816052959e-09 9.999961594195261316e-01
3.110367892976588127e-09 9.999958991146025156e-01
3.210702341137123294e-09 9.999956302752359694e-01
3.311036789297658462e-09 9.999953529014404818e-01
3.411371237458193629e-09 9.999950669932304859e-01
3.511705685618728797e-09 9.999947725506209695e-01
3.612040133779263551e-09 9.999944695736273648e-01
3.712374581939798719e-09 9.999941580622655479e-01
3.812709030100333886e-09 9.999938380165509511e-01
3.913043478260868640e-09 9.999935094365012267e-01
4.013377926421404221e-09 9.999931723221328062e-01
4.113712374581938975e-09 9.999928266734638971e-01
4.214046822742474556e-09 9.999924724905118190e-01
4.314381270903009310e-09 9.999921097732958897e-01
4.414715719063544892e-09 9.999917385218340948e-01
4.515050167224079646e-09 9.999913587361464185e-01
4.615384615384614399e-09 9.999909704162525115e-01
4.715719063545149981e-09 9.999905735621719138e-01
4.816053511705684735e-09 9.999901681739263859e-01
4.916387959866220316e-09 9.999897542515364668e-01
5.016722408026755070e-09 9.999893317950239169e-01
5.117056856187290651e-09 9.999889008044106076e-01
5.217391304347825405e-09 9.999884612797186323e-01
5.317725752508360159e-09 9.999880132209719719e-01
5.418060200668895740e-09 9.999875566281928307e-01
5.518394648829430494e-09 9.999870915014056338e-01
5.618729096989966075e-09 9.999866178406343620e-01
5.719063545150500829e-09 9.999861356459041062e-01
5.819397993311035583e-09 9.999856449172391804e-01
5.919732441471571164e-09 9.999851456546658968e-01
6.020066889632105918e-09 9.999846378582099016e-01
6.120401337792641499e-09 9.999841215278982842e-01
6.220735785953176253e-09 9.999835966637566909e-01
6.321070234113711835e-09 9.999830632658133212e-01
6.421404682274246589e-09 9.999825213340962637e-01
6.521739130434781343e-09 9.999819708686330522e-01
6.622073578595316924e-09 9.999814118694528853e-01
6.722408026755851678e-09 9.999808443365845179e-01
6.822742474916387259e-09 9.999802682700578149e-01
6.923076923076922013e-09 9.999796836699025304e-01
7.023411371237457594e-09 9.999790905361494175e-01
7.123745819397992348e-09 9.999784888688287854e-01
7.224080267558527102e-09 9.999778786679728304e-01
7.324414715719062683e-09 9.999772599336127499e-01
7.424749163879597437e-09 9.999766326657809623e-01
7.525083612040133018e-09 9.999759968645102193e-01
7.625418060200667772e-09 9.999753525298336054e-01
7.725752508361202526e-09 9.999746996617845385e-01
7.826086956521737280e-09 9.999740382603971023e-01
7.926421404682273689e-09 9.999733683257060468e-01
8.026755852842808442e-09 9.999726898577457890e-01
8.127090301003343196e-09 9.999720028565520780e-01
8.227424749163877950e-09 9.999713073221605519e-01
8.327759197324414359e-09 9.999706032546076262e-01
8.428093645484949113e-09 9.999698906539296051e-01
8.528428093645483867e-09 9.999691695201640140e-01
8.628762541806018621e-09 9.999684398533482677e-01
8.729096989966553375e-09 9.999677016535200025e-01
8.829431438127089783e-09 9.999669549207181873e-01
8.929765886287624537e-09 9.999661996549819021e-01
9.030100334448159291e-09 9.999654358563500045e-01
9.130434782608694045e-09 9.999646635248624627e-01
9.230769230769228799e-09 9.999638826605595776e-01
9.331103678929765207e-09 9.999630932634819835e-01
9.431438127090299961e-09 9.999622953336706477e-01
9.531772575250834715e-09 9.999614888711674254e-01
9.632107023411369469e-09 9.999606738760145053e-01
9.732441471571904223e-09 9.999598503482537426e-01
9.832775919732440632e-09 9.999590182879284361e-01
9.933110367892975386e-09 9.999581776950818846e-01
1.003344481605351014e-08 9.999573285697577196e-01
1.013377926421404489e-08 9.999564709120005723e-01
1.023411371237458130e-08 9.999556047218546295e-01
1.033444816053511606e-08 9.999547299993656324e-01
1.043478260869565081e-08 9.999538467445787671e-01
1.053511705685618556e-08 9.999529549575401077e-01
1.063545150501672032e-08 9.999520546382960617e-01
1.073578595317725673e-08 9.999511457868934805e-01
1.083612040133779148e-08 9.999502284033796595e-01
1.093645484949832623e-08 9.999493024878027825e-01
1.103678929765886099e-08 9.999483680402111441e-01
1.113712374581939574e-08 9.999474250606529280e-01
1.123745819397993215e-08 9.999464735491773171e-01
1.133779264214046690e-08 9.999455135058343824e-01
1.143812709030100166e-08 9.999445449306734179e-01
1.153846153846153641e-08 9.999435678237454939e-01
1.163879598662207117e-08 9.999425821851014584e-01
1.173913043478260757e-08 9.999415880147924929e-01
1.183946488294314233e-08 9.999405853128704447e-01
1.193979933110367708e-08 9.999395740793874943e-01
1.204013377926421184e-08 9.999385543143964883e-01
1.214046822742474824e-08 9.999375260179503844e-01
1.224080267558528300e-08 9.999364891901026953e-01
1.234113712374581775e-08 9.999354438309077109e-01
1.244147157190635251e-08 9.999343899404197211e-01
1.254180602006688726e-08 9.999333275186934600e-01
1.264214046822742367e-08 9.999322565657846607e-01
1.274247491638795842e-08 9.999311770817490563e-01
1.284280936454849318e-08 9.999300890666426023e-01
1.294314381270902793e-08 9.999289925205222529e-01
1.304347826086956269e-08 9.999278874434451847e-01
1.314381270903009909e-08 9.999267738354687962e-01
1.324414715719063385e-08 9.999256516966509301e-01
1.334448160535116860e-08 9.999245210270504280e-01
1.344481605351170336e-08 9.999233818267260210e-01
1.354515050167223811e-08 9.999222340957371058e-01
1.364548494983277452e-08 9.999210778341434125e-01
1.374581939799330927e-08 9.999199130420055592e-01
1.384615384615384403e-08 9.999187397193836091e-01
1.394648829431437878e-08 9.999175578663389574e-01
1.404682274247491519e-08 9.999163674829332216e-01
1.414715719063544994e-08 9.999151685692283520e-01
1.424749163879598470e-08 9.999139611252870763e-01
1.434782608695651945e-08 9.999127451511719000e-01
1.444816053511705420e-08 9.999115206469464390e-01
1.454849498327759061e-08 9.999102876126744199e-01
1.464882943143812537e-08 9.999090460484202358e-01
1.474916387959866012e-08 9.999077959542481686e-01
1.484949832775919487e-08 9.999065373302238324e-01
1.494983277591973128e-08 9.999052701764122864e-01
1.505016722408026604e-08 9.999039944928800328e-01
1.515050167224080079e-08 9.999027102796931299e-01
1.525083612040133554e-08 9.999014175369187463e-01
1.535117056856187030e-08 9.999001162646242724e-01
1.545150501672240505e-08 9.998988064628774319e-01
1.555183946488293981e-08 9.998974881317462815e-01
1.565217391304347456e-08 9.998961612712998770e-01
1.575250836120401262e-08 9.998948258816070522e-01
1.585284280936454738e-08 9.998934819627371962e-01
1.595317725752508213e-08 9.998921295147608079e-01
1.605351170568561688e-08 9.998907685377480536e-01
1.615384615384615164e-08 9.998893990317698766e-01
1.625418060200668639e-08 9.998880209968977750e-01
1.635451505016722115e-08 9.998866344332033584e-01
1.645484949832775590e-08 9.998852393407589023e-01
1.655518394648829065e-08 9.998838357196371263e-01
1.665551839464882872e-08 9.998824235699110830e-01
1.675585284280936347e-08 9.998810028916546022e-01
1.685618729096989823e-08 9.998795736849410698e-01
1.695652173913043298e-08 9.998781359498458698e-01
1.705685618729096773e-08 9.998766896864430542e-01
1.715719063545150249e-08 9.998752348948083402e-01
1.725752508361203724e-08 9.998737715750176669e-01
1.735785953177257200e-08 9.998722997271471957e-01
1.745819397993310675e-08 9.998708193512729769e-01
1.755852842809364150e-08 9.998693304474729482e-01
1.765886287625417957e-08 9.998678330158247141e-01
1.775919732441471432e-08 9.998663270564056571e-01
1.785953177257524907e-08 9.998648125692944921e-01
1.795986622073578383e-08 9.998632895545704891e-01
1.806020066889631858e-08 9.998617580123121407e-01
1.816053511705685334e-08 9.998602179425999381e-01
1.826086956521738809e-08 9.998586693455141505e-01
1.836120401337792284e-08 9.998571122211351581e-01
1.846153846153845760e-08 9.998555465695443401e-01
1.856187290969899566e-08 9.998539723908226318e-01
1.866220735785953041e-08 9.998523896850526338e-01
1.876254180602006517e-08 9.998507984523170578e-01
1.886287625418059992e-08 9.998491986926979491e-01
1.896321070234113468e-08 9.998475904062790187e-01
1.906354515050166943e-08 9.998459735931444214e-01
1.916387959866220418e-08 9.998443482533780902e-01
1.926421404682273894e-08 9.998427143870645128e-01
1.936454849498327369e-08 9.998410719942890656e-01
1.946488294314380845e-08 9.998394210751372357e-01
1.956521739130434651e-08 9.998377616296951764e-01
1.966555183946488126e-08 9.998360936580489300e-01
1.976588628762541602e-08 9.998344171602856489e-01
1.986622073578595077e-08 9.998327321364927078e-01
1.996655518394648553e-08 9.998310385867579253e-01
2.006688963210702028e-08 9.998293365111694531e-01
2.016722408026755503e-08 9.998276259098158869e-01
2.026755852842808979e-08 9.998259067827862667e-01
2.036789297658862454e-08 9.998241791301705206e-01
2.046822742474916260e-08 9.998224429520583545e-01
2.056856187290969736e-08 9.998206982485398076e-01
2.066889632107023211e-08 9.998189450197069172e-01
2.076923076923076687e-08 9.998171832656498337e-01
2.086956521739130162e-08 9.998154129864609274e-01
2.096989966555183637e-08 9.998136341822324580e-01
2.107023411371237113e-08 9.998118468530566849e-01
2.117056856187290588e-08 9.998100509990270890e-01
2.127090301003344064e-08 9.998082466202370400e-01
2.137123745819397539e-08 9.998064337167809068e-01
2.147157190635451345e-08 9.998046122887525033e-01
2.157190635451504821e-08 9.998027823362468647e-01
2.167224080267558296e-08 9.998009438593599141e-01
2.177257525083611771e-08 9.997990968581865756e-01
2.187290969899665247e-08 9.997972413328235497e-01
2.197324414715718722e-08 9.997953772833675368e-01
2.207357859531772198e-08 9.997935047099152372e-01
2.217391304347825673e-08 9.997916236125647949e-01
2.227424749163879148e-08 9.997897339914136872e-01
2.237458193979932955e-08 9.997878358465605020e-01
2.247491638795986430e-08 9.997859291781040492e-01
2.257525083612039905e-08 9.997840139861440267e-01
2.267558528428093381e-08 9.997820902707795776e-01
2.277591973244146856e-08 9.997801580321116210e-01
2.287625418060200332e-08 9.997782172702399661e-01
2.297658862876253807e-08 9.997762679852664203e-01
2.307692307692307282e-08 9.997743101772924579e-01
2.317725752508360758e-08 9.997723438464195533e-01
2.327759197324414233e-08 9.997703689927507353e-01
2.337792642140468040e-08 9.997683856163882554e-01
2.347826086956521515e-08 9.997663937174358084e-01
2.357859531772574990e-08 9.997643932959973112e-01
2.367892976588628466e-08 9.997623843521766807e-01
2.377926421404681941e-08 9.997603668860787218e-01
2.387959866220735417e-08 9.997583408978084618e-01
2.397993311036788892e-08 9.997563063874710387e-01
2.408026755852842367e-08 9.997542633551730340e-01
2.418060200668895843e-08 9.997522118010206960e-01
2.428093645484949649e-08 9.997501517251204950e-01
2.438127090301003124e-08 9.997480831275805668e-01
2.448160535117056600e-08 9.997460060085073819e-01
2.458193979933110075e-08 9.997439203680105191e-01
2.468227424749163551e-08 9.997418262061981142e-01
2.478260869565217026e-08 9.997397235231785251e-01
2.488294314381270501e-08 9.997376123190623298e-01
2.498327759197323977e-08 9.997354925939588854e-01
2.508361204013377452e-08 9.997333643479788812e-01
2.518394648829430928e-08 9.997312275812330062e-01
2.528428093645484734e-08 9.997290822938323940e-01
2.538461538461538209e-08 9.997269284858891769e-01
2.548494983277591685e-08 9.997247661575152655e-01
2.558528428093645160e-08 9.997225953088235695e-01
2.568561872909698635e-08 9.997204159399266654e-01
2.578595317725752111e-08 9.997182280509385732e-01
2.588628762541805586e-08 9.997160316419728687e-01
2.598662207357859062e-08 9.997138267131439049e-01
2.608695652173912537e-08 9.997116132645673670e-01
2.618729096989966343e-08 9.997093912963576079e-01
2.628762541806019819e-08 9.997071608086306460e-01
2.638795986622073294e-08 9.997049218015028327e-01
2.648829431438126769e-08 9.997026742750905193e-01
2.658862876254180245e-08 9.997004182295108343e-01
2.668896321070233720e-08 9.996981536648813504e-01
2.678929765886287196e-08 9.996958805813198623e-01
2.688963210702340671e-08 9.996935989789450527e-01
2.698996655518394146e-08 9.996913088578756046e-01
2.709030100334447622e-08 9.996890102182307558e-01
2.719063545150501428e-08 9.996867030601304105e-01
2.729096989966554904e-08 9.996843873836945837e-01
2.739130434782608379e-08 9.996820631890437348e-01
2.749163879598661854e-08 9.996797304762990999e-01
2.759197324414715330e-08 9.996773892455821375e-01
2.769230769230768805e-08 9.996750394970147502e-01
2.779264214046822281e-08 9.996726812307193955e-01
2.789297658862875756e-08 9.996703144468187530e-01
2.799331103678929231e-08 9.996679391454362795e-01
2.809364548494983038e-08 9.996655553266955430e-01
2.819397993311036513e-08 9.996631629907209993e-01
2.829431438127089988e-08 9.996607621376365493e-01
2.839464882943143464e-08 9.996583527675682035e-01
2.849498327759196939e-08 9.996559348806405287e-01
2.859531772575250415e-08 9.996535084769800905e-01
2.869565217391303890e-08 9.996510735567130101e-01
2.879598662207357365e-08 9.996486301199660751e-01
2.889632107023410841e-08 9.996461781668665170e-01
2.899665551839464316e-08 9.996437176975419003e-01
2.909698996655518122e-08 9.996412487121207890e-01
2.919732441471571598e-08 9.996387712107315249e-01
2.929765886287625073e-08 9.996362851935030047e-01
2.939799331103678549e-08 9.996337906605650137e-01
2.949832775919732024e-08 9.996312876120471147e-01
2.959866220735785499e-08 9.996287760480800921e-01
2.969899665551838975e-08 9.996262559687943972e-01
2.979933110367892450e-08 9.996237273743211471e-01
2.989966555183946256e-08 9.996211902647924585e-01
2.999999999999999732e-08 9.996186446403401149e-01
