0.000000000000000000e+00 9.999999999999995559e-01
1.003344481605351029e-10 9.999944488615248872e-01
2.006688963210702059e-10 9.999777958223652341e-01
3.010033444816052959e-10 9.999500420112716892e-01
4.013377926421404118e-10 9.999111893093529657e-01
5.016722408026755277e-10 9.998612403498592371e-01
6.020066889632105918e-10 9.998001985178819329e-01
7.023411371237457594e-10 9.997280679499661593e-01
8.026755852842808236e-10 9.996448535336371899e-01
9.030100334448158877e-10 9.995505609068424668e-01
1.003344481605351055e-09 9.994451964573056735e-01
1.103678929765886223e-09 9.993287673217970957e-01
1.204013377926421184e-09 9.992012813853174968e-01
1.304347826086956351e-09 9.990627472801965059e-01
1.404682274247491519e-09 9.989131743851061840e-01
1.505016722408026480e-09 9.987525728239891043e-01
1.605351170568561647e-09 9.985809534649013885e-01
1.705685618729096815e-09 9.983983279187707005e-01
1.806020066889631775e-09 9.982047085380706397e-01
1.906354515050166943e-09 9.980001084154104252e-01
2.006688963210702111e-09 9.977845413820380926e-01
2.107023411371237278e-09 9.975580220062636450e-01
2.207357859531772446e-09 9.973205655917954937e-01
2.307692307692307200e-09 9.970721881759941896e-01
2.408026755852842367e-09 9.968129065280438850e-01
2.508361204013377535e-09 9.965427381470391976e-01
2.608695652173912702e-09 9.962617012599911392e-01
2.709030100334447870e-09 9.959698148197478895e-01
2.809364548494983038e-09 9.956670985028388543e-01
2.909698996655517792e-09 9.953535727072297945e-01
3.010033444816052959e-09 9.950292585500036813e-01
3.110367892976588127e-09 9.946941778649548427e-01
3.210702341137123294e-09 9.943483532001065051e-01
3.311036789297658462e-09 9.939918078151450676e-01
3.411371237458193629e-09 9.936245656787773273e-01
3.511705685618728797e-09 9.932466514660053258e-01
3.612040133779263551e-09 9.928580905553237024e-01
3.712374581939798719e-09 9.924589090258395530e-01
3.812709030100333886e-09 9.920491336543110217e-01
3.913043478260868640e-09 9.916287919121105077e-01
4.013377926421404221e-09 9.911979119621091572e-01
4.113712374581938975e-09 9.907565226554871929e-01
4.214046822742474556e-09 9.903046535284629748e-01
4.314381270903009310e-09 9.898423347989518950e-01
4.414715719063544892e-09 9.893695973631443374e-01
4.515050167224079646e-09 9.888864727920138042e-01
4.615384615384614399e-09 9.883929933277475488e-01
4.715719063545149981e-09 9.878891918801036010e-01
4.816053511705684735e-09 9.873751020226964048e-01
4.916387959866220316e-09 9.868507579892082937e-01
5.016722408026755070e-09 9.863161946695282456e-01
5.117056856187290651e-09 9.857714476058218045e-01
5.217391304347825405e-09 9.852165529885263950e-01
5.317725752508360159e-09 9.846515476522791355e-01
5.418060200668895740e-09 9.840764690717737073e-01
5.518394648829430494e-09 9.834913553575493905e-01
5.618729096989966075e-09 9.828962452517082671e-01
5.719063545150500829e-09 9.822911781235689199e-01
5.819397993311035583e-09 9.816761939652501878e-01
5.919732441471571164e-09 9.810513333871890840e-01
6.020066889632105918e-09 9.804166376135929895e-01
6.120401337792641499e-09 9.797721484778267875e-01
6.220735785953176253e-09 9.791179084177339398e-01
6.321070234113711835e-09 9.784539604708973881e-01
6.421404682274246589e-09 9.777803482698333992e-01
6.521739130434781343e-09 9.770971160371250130e-01
6.622073578595316924e-09 9.764043085804939848e-01
6.722408026755851678e-09 9.757019712878108875e-01
6.822742474916387259e-09 9.749901501220459288e-01
6.923076923076922013e-09 9.742688916161595936e-01
7.023411371237457594e-09 9.735382428679353328e-01
7.123745819397992348e-09 9.727982515347544101e-01
7.224080267558527102e-09 9.720489658283112400e-01
7.324414715719062683e-09 9.712904345092774339e-01
7.424749163879597437e-09 9.705227068819048952e-01
7.525083612040133018e-09 9.697458327885769558e-01
7.625418060200667772e-09 9.689598626043063323e-01
7.725752508361202526e-09 9.681648472311773501e-01
7.826086956521737280e-09 9.673608380927374295e-01
7.926421404682273689e-09 9.665478871283383899e-01
8.026755852842808442e-09 9.657260467874233534e-01
8.127090301003343196e-09 9.648953700237677955e-01
8.227424749163877950e-09 9.640559102896698596e-01
8.327759197324414359e-09 9.632077215300917095e-01
8.428093645484949113e-09 9.623508581767554748e-01
8.528428093645483867e-09 9.614853751421913453e-01
8.628762541806018621e-09 9.606113278137414779e-01
8.729096989966553375e-09 9.597287720475182748e-01
8.829431438127089783e-09 9.588377641623180292e-01
8.929765886287624537e-09 9.579383609334950478e-01
9.030100334448159291e-09 9.570306195867896992e-01
9.130434782608694045e-09 9.561145977921192696e-01
9.230769230769228799e-09 9.551903536573235209e-01
9.331103678929765207e-09 9.542579457218783867e-01
9.431438127090299961e-09 9.533174329505639255e-01
9.531772575250834715e-09 9.523688747270994126e-01
9.632107023411369469e-09 9.514123308477407948e-01
9.732441471571904223e-09 9.504478615148413967e-01
9.832775919732440632e-09 9.494755273303798759e-01
9.933110367892975386e-09 9.484953892894544270e-01
1.003344481605351014e-08 9.475075087737404589e-01
1.013377926421404489e-08 9.465119475449225162e-01
1.023411371237458130e-08 9.455087677380915601e-01
1.033444816053511606e-08 9.444980318551107201e-01
1.043478260869565081e-08 9.434798027579579527e-01
1.053511705685618556e-08 9.424541436620341717e-01
1.063545150501672032e-08 9.414211181294492858e-01
1.073578595317725673e-08 9.403807900622781490e-01
1.083612040133779148e-08 9.393332236957947501e-01
1.093645484949832623e-08 9.382784835916812005e-01
1.103678929765886099e-08 9.372166346312112983e-01
1.113712374581939574e-08 9.361477420084157730e-01
1.123745819397993215e-08 9.350718712232232166e-01
1.133779264214046690e-08 9.339890880745815860e-01
1.143812709030100166e-08 9.328994586535618305e-01
1.153846153846153641e-08 9.318030493364394262e-01
1.163879598662207117e-08 9.306999267777643636e-01
1.173913043478260757e-08 9.295901579034089313e-01
1.183946488294314233e-08 9.284738099036036196e-01
1.193979933110367708e-08 9.273509502259581483e-01
1.204013377926421184e-08 9.262216465684667277e-01
1.214046822742474824e-08 9.250859668725047724e-01
1.224080267558528300e-08 9.239439793158112924e-01
1.234113712374581775e-08 9.227957523054605149e-01
1.244147157190635251e-08 9.216413544708272898e-01
1.254180602006688726e-08 9.204808546565391714e-01
1.264214046822742367e-08 9.193143219154249479e-01
1.274247491638795842e-08 9.181418255014544005e-01
1.284280936454849318e-08 9.169634348626747311e-01
1.294314381270902793e-08 9.157792196341377755e-01
1.304347826086956269e-08 9.145892496308298814e-01
1.314381270903009909e-08 9.133935948405931260e-01
1.324414715719063385e-08 9.121923254170495321e-01
1.334448160535116860e-08 9.109855116725209534e-01
1.344481605351170336e-08 9.097732240709515139e-01
1.354515050167223811e-08 9.085555332208303803e-01
1.364548494983277452e-08 9.073325098681169765e-01
1.374581939799330927e-08 9.061042248891685302e-01
1.384615384615384403e-08 9.048707492836726152e-01
1.394648829431437878e-08 9.036321541675848001e-01
1.404682274247491519e-08 9.023885107660714056e-01
1.414715719063544994e-08 9.011398904064591431e-01
1.424749163879598470e-08 8.998863645111953025e-01
1.434782608695651945e-08 8.986280045908113800e-01
1.444816053511705420e-08 8.973648822369028055e-01
1.454849498327759061e-08 8.960970691151144418e-01
1.464882943143812537e-08 8.948246369581407400e-01
1.474916387959866012e-08 8.935476575587363302e-01
1.484949832775919487e-08 8.922662027627414894e-01
1.494983277591973128e-08 8.909803444621218205e-01
1.505016722408026604e-08 8.896901545880235851e-01
1.515050167224080079e-08 8.883957051038426922e-01
1.525083612040133554e-08 8.870970679983157803e-01
1.535117056856187030e-08 8.857943152786232899e-01
1.545150501672240505e-08 8.844875189635184043e-01
1.555183946488293981e-08 8.831767510764688689e-01
1.565217391304347456e-08 8.818620836388243456e-01
1.575250836120401262e-08 8.805435886630026410e-01
1.585284280936454738e-08 8.792213381457014698e-01
1.595317725752508213e-08 8.778954040611300913e-01
1.605351170568561688e-08 8.765658583542669247e-01
1.615384615384615164e-08 8.752327729341424778e-01
1.625418060200668639e-08 8.738962196671475890e-01
1.635451505016722115e-08 8.725562703703698686e-01
1.645484949832775590e-08 8.712129968049531215e-01
1.655518394648829065e-08 8.698664706694925197e-01
1.665551839464882872e-08 8.685167635934533115e-01
1.675585284280936347e-08 8.671639471306209490e-01
1.685618729096989823e-08 8.658080927525839687e-01
1.695652173913043298e-08 8.644492718422468469e-01
1.705685618729096773e-08 8.630875556873746079e-01
1.715719063545150249e-08 8.617230154741737369e-01
1.725752508361203724e-08 8.603557222809040672e-01
1.735785953177257200e-08 8.589857470715271948e-01
1.745819397993310675e-08 8.576131606893906412e-01
1.755852842809364150e-08 8.562380338509465449e-01
1.765886287625417957e-08 8.548604371395104318e-01
1.775919732441471432e-08 8.534804409990555119e-01
1.785953177257524907e-08 8.520981157280465013e-01
1.795986622073578383e-08 8.507135314733124121e-01
1.806020066889631858e-08 8.493267582239601987e-01
1.816053511705685334e-08 8.479378658053290385e-01
1.826086956521738809e-08 8.465469238729840251e-01
1.836120401337792284e-08 8.451540019067564913e-01
1.846153846153845760e-08 8.437591692048223013e-01
1.856187290969899566e-08 8.423624948778269950e-01
1.866220735785953041e-08 8.409640478430537858e-01
1.876254180602006517e-08 8.395638968186364126e-01
1.886287625418059992e-08 8.381621103178192866e-01
1.896321070234113468e-08 8.367587566432603818e-01
1.906354515050166943e-08 8.353539038813847517e-01
1.916387959866220418e-08 8.339476198967820109e-01
1.926421404682273894e-08 8.325399723266552199e-01
1.936454849498327369e-08 8.311310285753156224e-01
1.946488294314380845e-08 8.297208558087282304e-01
1.956521739130434651e-08 8.283095209491065924e-01
1.966555183946488126e-08 8.268970906695581879e-01
1.976588628762541602e-08 8.254836313887806698e-01
1.986622073578595077e-08 8.240692092658102874e-01
1.996655518394648553e-08 8.226538901948201588e-01
2.006688963210702028e-08 8.212377397999756079e-01
2.016722408026755503e-08 8.198208234303372421e-01
2.026755852842808979e-08 8.184032061548212056e-01
2.036789297658862454e-08 8.169849527572133896e-01
2.046822742474916260e-08 8.155661277312367119e-01
2.056856187290969736e-08 8.141467952756742399e-01
2.066889632107023211e-08 8.127270192895490464e-01
2.076923076923076687e-08 8.113068633673583552e-01
2.086956521739130162e-08 8.098863907943656404e-01
2.096989966555183637e-08 8.084656645419483478e-01
2.107023411371237113e-08 8.070447472630043473e-01
2.117056856187290588e-08 8.056237012874155612e-01
2.127090301003344064e-08 8.042025886175698801e-01
2.137123745819397539e-08 8.027814709239414759e-01
2.147157190635451345e-08 8.013604095407311778e-01
2.157190635451504821e-08 7.999394654615639144e-01
2.167224080267558296e-08 7.985186993352491047e-01
2.177257525083611771e-08 7.970981714615993363e-01
2.187290969899665247e-08 7.956779417873084403e-01
2.197324414715718722e-08 7.942580699018932933e-01
2.207357859531772198e-08 7.928386150336936833e-01
2.217391304347825673e-08 7.914196360459359036e-01
2.227424749163879148e-08 7.900011914328579632e-01
2.237458193979932955e-08 7.885833393158939719e-01
2.247491638795986430e-08 7.871661374399252509e-01
2.257525083612039905e-08 7.857496431695905059e-01
2.267558528428093381e-08 7.843339134856601724e-01
2.277591973244146856e-08 7.829190049814738206e-01
2.287625418060200332e-08 7.815049738594416207e-01
2.297658862876253807e-08 7.800918759276078696e-01
2.307692307692307282e-08 7.786797665962782444e-01
2.317725752508360758e-08 7.772687008747136694e-01
2.327759197324414233e-08 7.758587333678845788e-01
2.337792642140468040e-08 7.744499182732924591e-01
2.347826086956521515e-08 7.730423093778545640e-01
2.357859531772574990e-08 7.716359600548530207e-01
2.367892976588628466e-08 7.702309232609494405e-01
2.377926421404681941e-08 7.688272515332652546e-01
2.387959866220735417e-08 7.674249969865245546e-01
2.397993311036788892e-08 7.660242113102646577e-01
2.408026755852842367e-08 7.646249457661105087e-01
2.418060200668895843e-08 7.632272511851154739e-01
2.428093645484949649e-08 7.618311779651659732e-01
2.438127090301003124e-08 7.604367760684545008e-01
2.448160535117056600e-08 7.590440950190139313e-01
2.458193979933110075e-08 7.576531839003217694e-01
2.468227424749163551e-08 7.562640913529680153e-01
2.478260869565217026e-08 7.548768655723879784e-01
2.488294314381270501e-08 7.534915543066621479e-01
2.498327759197323977e-08 7.521082048543820120e-01
2.508361204013377452e-08 7.507268640625798239e-01
2.518394648829430928e-08 7.493475783247253164e-01
2.528428093645484734e-08 7.479703935787885838e-01
2.538461538461538209e-08 7.465953553053672476e-01
2.548494983277591685e-08 7.452225085258792348e-01
2.558528428093645160e-08 7.438518978008225035e-01
2.568561872909698635e-08 7.424835672280991616e-01
2.578595317725752111e-08 7.411175604414043105e-01
2.588628762541805586e-08 7.397539206086811703e-01
2.598662207357859062e-08 7.383926904306417072e-01
2.608695652173912537e-08 7.370339121393505444e-01
2.618729096989966343e-08 7.356776274968754858e-01
2.628762541806019819e-08 7.343238777940019890e-01
2.638795986622073294e-08 7.329727038490128077e-01
2.648829431438126769e-08 7.316241460065311397e-01
2.658862876254180245e-08 7.302782441364289445e-01
2.668896321070233720e-08 7.289350376327999870e-01
2.678929765886287196e-08 7.275945654129934992e-01
2.688963210702340671e-08 7.262568659167185636e-01
2.698996655518394146e-08 7.249219771052027861e-01
2.709030100334447622e-08 7.235899364604222450e-01
2.719063545150501428e-08 7.222607809843906157e-01
2.729096989966554904e-08 7.209345471985120213e-01
2.739130434782608379e-08 7.196112711429958342e-01
2.749163879598661854e-08 7.182909883763360925e-01
2.759197324414715330e-08 7.169737339748504246e-01
2.769230769230768805e-08 7.156595425322820336e-01
2.779264214046822281e-08 7.143484481594640778e-01
2.789297658862875756e-08 7.130404844840428913e-01
2.799331103678929231e-08 7.117356846502661538e-01
2.809364548494983038e-08 7.104340813188269044e-01
2.819397993311036513e-08 7.091357066667725029e-01
2.829431438127089988e-08 7.078405923874697692e-01
2.839464882943143464e-08 7.065487696906337378e-01
2.849498327759196939e-08 7.052602693024118130e-01
2.859531772575250415e-08 7.039751214655306510e-01
2.869565217391303890e-08 7.026933559394982209e-01
2.879598662207357365e-08 7.014150020008674824e-01
2.889632107023410841e-08 7.001400884435559080e-01
2.899665551839464316e-08 6.988686435792232921e-01
2.909698996655518122e-08 6.976006952377062920e-01
2.919732441471571598e-08 6.963362707675100349e-01
2.929765886287625073e-08 6.950753970363571232e-01
2.939799331103678549e-08 6.938181004317904854e-01
2.949832775919732024e-08 6.925644068618337368e-01
2.959866220735785499e-08 6.913143417557049419e-01
2.969899665551838975e-08 6.900679300645871095e-01
2.979933110367892450e-08 6.888251962624506453e-01
2.989966555183946256e-08 6.875861643469320938e-01
2.999999999999999732e-08 6.863508578402636173e-01
