0.000000000000000000e+00 9.999999999999995559e-01
1.003344481605351029e-10 9.999995232924400179e-01
2.006688963210702059e-10 9.999980931725361843e-01
3.010033444816052959e-10 9.999957096486122854e-01
4.013377926421404118e-10 9.999923727345421121e-01
5.016722408026755277e-10 9.999880824497500154e-01
6.020066889632105918e-10 9.999828388192079087e-01
7.023411371237457594e-10 9.999766418734378215e-01
8.026755852842808236e-10 9.999694916485096785e-01
9.030100334448158877e-10 9.999613881860421882e-01
1.003344481605351055e-09 9.999523315332023987e-01
1.103678929765886223e-09 9.999423217427039212e-01
1.204013377926421184e-09 9.999313588728074853e-01
1.304347826086956351e-09 9.999194429873210499e-01
1.404682274247491519e-09 9.999065741555972497e-01
1.505016722408026480e-09 9.998927524525343946e-01
1.605351170568561647e-09 9.998779779585748040e-01
1.705685618729096815e-09 9.998622507597044740e-01
1.806020066889631775e-09 9.998455709474519670e-01
1.906354515050166943e-09 9.998279386188877460e-01
2.006688963210702111e-09 9.998093538766231747e-01
2.107023411371237278e-09 9.997898168288091858e-01
2.207357859531772446e-09 9.997693275891360587e-01
2.307692307692307200e-09 9.997478862768305330e-01
2.408026755852842367e-09 9.997254930166572517e-01
2.508361204013377535e-09 9.997021479389149867e-01
2.608695652173912702e-09 9.996778511794374156e-01
2.709030100334447870e-09 9.996526028795899022e-01
2.809364548494983038e-09 9.996264031862700516e-01
2.909698996655517792e-09 9.995992522519042689e-01
3.010033444816052959e-09 9.995711502344477584e-01
3.110367892976588127e-09 9.995420972973828588e-01
3.210702341137123294e-09 9.995120936097164899e-01
3.311036789297658462e-09 9.994811393459789306e-01
3.411371237458193629e-09 9.994492346862228205e-01
3.511705685618728797e-09 9.994163798160208279e-01
3.612040133779263551e-09 9.993825749264628744e-01
3.712374581939798719e-09 9.993478202141564681e-01
3.812709030100333886e-09 9.993121158812223737e-01
3.913043478260868640e-09 9.992754621352948341e-01
4.013377926421404221e-09 9.992378591895171303e-01
4.113712374581938975e-09 9.991993072625422467e-01
4.214046822742474556e-09 9.991598065785282090e-01
4.314381270903009310e-09 9.991193573671371952e-01
4.414715719063544892e-09 9.990779598635337599e-01
4.515050167224079646e-09 9.990356143083809481e-01
4.615384615384614399e-09 9.989923209478387411e-01
4.715719063545149981e-09 9.989480800335628352e-01
4.816053511705684735e-09 9.989028918226995346e-01
4.916387959866220316e-09 9.988567565778859736e-01
5.016722408026755070e-09 9.988096745672455645e-01
5.117056856187290651e-09 9.987616460643864436e-01
5.217391304347825405e-09 9.987126713483984730e-01
5.317725752508360159e-09 9.986627507038501328e-01
5.418060200668895740e-09 9.986118844207858558e-01
5.518394648829430494e-09 9.985600727947249178e-01
5.618729096989966075e-09 9.985073161266548869e-01
5.719063545150500829e-09 9.984536147230322900e-01
5.819397993311035583e-09 9.983989688957771724e-01
5.919732441471571164e-09 9.983433789622723209e-01
6.020066889632105918e-09 9.982868452453574903e-01
6.120401337792641499e-09 9.982293680733274055e-01
6.220735785953176253e-09 9.981709477799302066e-01
6.321070234113711835e-09 9.981115847043617872e-01
6.421404682274246589e-09 9.980512791912627968e-01
6.521739130434781343e-09 9.979900315907168640e-01
6.622073578595316924e-09 9.979278422582450458e-01
6.722408026755851678e-09 9.978647115548048285e-01
6.822742474916387259e-09 9.978006398467833549e-01
6.923076923076922013e-09 9.977356275059972024e-01
7.023411371237457594e-09 9.976696749096868322e-01
7.123745819397992348e-09 9.976027824405124811e-01
7.224080267558527102e-09 9.975349504865520522e-01
7.324414715719062683e-09 9.974661794412961191e-01
7.424749163879597437e-09 9.973964697036443727e-01
7.525083612040133018e-09 9.973258216779017360e-01
7.625418060200667772e-09 9.972542357737745888e-01
7.725752508361202526e-09 9.971817124063662163e-01
7.826086956521737280e-09 9.971082519961732560e-01
7.926421404682273689e-09 9.970338549690819230e-01
8.026755852842808442e-09 9.969585217563620150e-01
8.127090301003343196e-09 9.968822527946658019e-01
8.227424749163877950e-09 9.968050485260203653e-01
8.327759197324414359e-09 9.967269093978254890e-01
8.428093645484949113e-09 9.966478358628493295e-01
8.528428093645483867e-09 9.965678283792220871e-01
8.628762541806018621e-09 9.964868874104334528e-01
8.729096989966553375e-09 9.964050134253272795e-01
8.829431438127089783e-09 9.963222068980970292e-01
8.929765886287624537e-09 9.962384683082812220e-01
9.030100334448159291e-09 9.961537981407587727e-01
9.130434782608694045e-09 9.960681968857436619e-01
9.230769230769228799e-09 9.959816650387810499e-01
9.331103678929765207e-09 9.958942031007430584e-01
9.431438127090299961e-09 9.958058115778207764e-01
9.531772575250834715e-09 9.957164909815229281e-01
9.632107023411369469e-09 9.956262418286689897e-01
9.732441471571904223e-09 9.955350646413836380e-01
9.832775919732440632e-09 9.954429599470939749e-01
9.933110367892975386e-09 9.953499282785220892e-01
1.003344481605351014e-08 9.952559701736801712e-01
1.013377926421404489e-08 9.951610861758665161e-01
1.023411371237458130e-08 9.950652768336589737e-01
1.033444816053511606e-08 9.949685427009102856e-01
1.043478260869565081e-08 9.948708843367426446e-01
1.053511705685618556e-08 9.947723023055413671e-01
1.063545150501672032e-08 9.946727971769501186e-01
1.073578595317725673e-08 9.945723695258661401e-01
1.083612040133779148e-08 9.944710199324328093e-01
1.093645484949832623e-08 9.943687489820350889e-01
1.103678929765886099e-08 9.942655572652938645e-01
1.113712374581939574e-08 9.941614453780600602e-01
1.123745819397993215e-08 9.940564139214086437e-01
1.133779264214046690e-08 9.939504635016325196e-01
1.143812709030100166e-08 9.938435947302372009e-01
1.153846153846153641e-08 9.937358082239348134e-01
1.163879598662207117e-08 9.936271046046373234e-01
1.173913043478260757e-08 9.935174844994508758e-01
1.183946488294314233e-08 9.934069485406709088e-01
1.193979933110367708e-08 9.932954973657737163e-01
1.204013377926421184e-08 9.931831316174116742e-01
1.214046822742474824e-08 9.930698519434068006e-01
1.224080267558528300e-08 9.929556589967444280e-01
1.234113712374581775e-08 9.928405534355668749e-01
1.244147157190635251e-08 9.927245359231662292e-01
1.254180602006688726e-08 9.926076071279790192e-01
1.264214046822742367e-08 9.924897677235792193e-01
1.274247491638795842e-08 9.923710183886719216e-01
1.284280936454849318e-08 9.922513598070858976e-01
1.294314381270902793e-08 9.921307926677681577e-01
1.304347826086956269e-08 9.920093176647759581e-01
1.314381270903009909e-08 9.918869354972711383e-01
1.324414715719063385e-08 9.917636468695131269e-01
1.334448160535116860e-08 9.916394524908512809e-01
1.344481605351170336e-08 9.915143530757194457e-01
1.354515050167223811e-08 9.913883493436266292e-01
1.364548494983277452e-08 9.912614420191531162e-01
1.374581939799330927e-08 9.911336318319403649e-01
1.384615384615384403e-08 9.910049195166864555e-01
1.394648829431437878e-08 9.908753058131372082e-01
1.404682274247491519e-08 9.907447914660798549e-01
1.414715719063544994e-08 9.906133772253349346e-01
1.424749163879598470e-08 9.904810638457508531e-01
1.434782608695651945e-08 9.903478520871942248e-01
1.444816053511705420e-08 9.902137427145437654e-01
1.454849498327759061e-08 9.900787364976826321e-01
1.464882943143812537e-08 9.899428342114918733e-01
1.474916387959866012e-08 9.898060366358406581e-01
1.484949832775919487e-08 9.896683445555809477e-01
1.494983277591973128e-08 9.895297587605388356e-01
1.505016722408026604e-08 9.893902800455064428e-01
1.515050167224080079e-08 9.892499092102355895e-01
1.525083612040133554e-08 9.891086470594289137e-01
1.535117056856187030e-08 9.889664944027324323e-01
1.545150501672240505e-08 9.888234520547272144e-01
1.555183946488293981e-08 9.886795208349224984e-01
1.565217391304347456e-08 9.885347015677469207e-01
1.575250836120401262e-08 9.883889950825403004e-01
1.585284280936454738e-08 9.882424022135467556e-01
1.595317725752508213e-08 9.880949237999054890e-01
1.605351170568561688e-08 9.879465606856434601e-01
1.615384615384615164e-08 9.877973137196660591e-01
1.625418060200668639e-08 9.876471837557502242e-01
1.635451505016722115e-08 9.874961716525357813e-01
1.645484949832775590e-08 9.873442782735164513e-01
1.655518394648829065e-08 9.871915044870316347e-01
1.665551839464882872e-08 9.870378511662596388e-01
1.675585284280936347e-08 9.868833191892065759e-01
1.685618729096989823e-08 9.867279094386999239e-01
1.695652173913043298e-08 9.865716228023794221e-01
1.705685618729096773e-08 9.864144601726873018e-01
1.715719063545150249e-08 9.862564224468617358e-01
1.725752508361203724e-08 9.860975105269274010e-01
1.735785953177257200e-08 9.859377253196852653e-01
1.745819397993310675e-08 9.857770677367054812e-01
1.755852842809364150e-08 9.856155386943190599e-01
1.765886287625417957e-08 9.854531391136067686e-01
1.775919732441471432e-08 9.852898699203922472e-01
1.785953177257524907e-08 9.851257320452319055e-01
1.795986622073578383e-08 9.849607264234070403e-01
1.806020066889631858e-08 9.847948539949136215e-01
1.816053511705685334e-08 9.846281157044539656e-01
1.826086956521738809e-08 9.844605125014276314e-01
1.836120401337792284e-08 9.842920453399215397e-01
1.846153846153845760e-08 9.841227151787015348e-01
1.856187290969899566e-08 9.839525229812031704e-01
1.866220735785953041e-08 9.837814697155213839e-01
1.876254180602006517e-08 9.836095563544021703e-01
1.886287625418059992e-08 9.834367838752338109e-01
1.896321070234113468e-08 9.832631532600348834e-01
1.906354515050166943e-08 9.830886654954481552e-01
1.916387959866220418e-08 9.829133215727285933e-01
1.926421404682273894e-08 9.827371224877340383e-01
1.936454849498327369e-08 9.825600692409176551e-01
1.946488294314380845e-08 9.823821628373156090e-01
1.956521739130434651e-08 9.822034042865395165e-01
1.966555183946488126e-08 9.820237946027652320e-01
1.976588628762541602e-08 9.818433348047237441e-01
1.986622073578595077e-08 9.816620259156920714e-01
1.996655518394648553e-08 9.814798689634814943e-01
2.006688963210702028e-08 9.812968649804301169e-01
2.016722408026755503e-08 9.811130150033908759e-01
2.026755852842808979e-08 9.809283200737225483e-01
2.036789297658862454e-08 9.807427812372798703e-01
2.046822742474916260e-08 9.805563995444028791e-01
2.056856187290969736e-08 9.803691760499075869e-01
2.066889632107023211e-08 9.801811118130752121e-01
2.076923076923076687e-08 9.799922078976418538e-01
2.086956521739130162e-08 9.798024653717894994e-01
2.096989966555183637e-08 9.796118853081337008e-01
2.107023411371237113e-08 9.794204687837158030e-01
2.117056856187290588e-08 9.792282168799909536e-01
2.127090301003344064e-08 9.790351306828176670e-01
2.137123745819397539e-08 9.788412112824482758e-01
2.147157190635451345e-08 9.786464597735178295e-01
2.157190635451504821e-08 9.784508772550339906e-01
2.167224080267558296e-08 9.782544648303665991e-01
2.177257525083611771e-08 9.780572236072366810e-01
2.187290969899665247e-08 9.778591546977055682e-01
2.197324414715718722e-08 9.776602592181655726e-01
2.207357859531772198e-08 9.774605382893276628e-01
2.217391304347825673e-08 9.772599930362122489e-01
2.227424749163879148e-08 9.770586245881373033e-01
2.237458193979932955e-08 9.768564340787075917e-01
2.247491638795986430e-08 9.766534226458056800e-01
2.257525083612039905e-08 9.764495914315773906e-01
2.267558528428093381e-08 9.762449415824245857e-01
2.277591973244146856e-08 9.760394742489930664e-01
2.287625418060200332e-08 9.758331905861601374e-01
2.297658862876253807e-08 9.756260917530249488e-01
2.307692307692307282e-08 9.754181789128977265e-01
2.317725752508360758e-08 9.752094532332874488e-01
2.327759197324414233e-08 9.749999158858920767e-01
2.337792642140468040e-08 9.747895680465857859e-01
2.347826086956521515e-08 9.745784108954096414e-01
2.357859531772574990e-08 9.743664456165584964e-01
2.367892976588628466e-08 9.741536733983714447e-01
2.377926421404681941e-08 9.739400954333186089e-01
2.387959866220735417e-08 9.737257129179914816e-01
2.397993311036788892e-08 9.735105270530908239e-01
2.408026755852842367e-08 9.732945390434155630e-01
2.418060200668895843e-08 9.730777500978496919e-01
2.428093645484949649e-08 9.728601614293538313e-01
2.438127090301003124e-08 9.726417742549510193e-01
2.448160535117056600e-08 9.724225897957159415e-01
2.458193979933110075e-08 9.722026092767643846e-01
2.468227424749163551e-08 9.719818339272391361e-01
2.478260869565217026e-08 9.717602649803019910e-01
2.488294314381270501e-08 9.715379036731182083e-01
2.498327759197323977e-08 9.713147512468469635e-01
2.508361204013377452e-08 9.710908089466289139e-01
2.518394648829430928e-08 9.708660780215752073e-01
2.528428093645484734e-08 9.706405597247547146e-01
2.538461538461538209e-08 9.704142553131812621e-01
2.548494983277591685e-08 9.701871660478045278e-01
2.558528428093645160e-08 9.699592931934956086e-01
2.568561872909698635e-08 9.697306380190355846e-01
2.578595317725752111e-08 9.695012017971045282e-01
2.588628762541805586e-08 9.692709858042684035e-01
2.598662207357859062e-08 9.690399913209662985e-01
2.608695652173912537e-08 9.688082196315007666e-01
2.618729096989966343e-08 9.685756720240233930e-01
2.628762541806019819e-08 9.683423497905235822e-01
2.638795986622073294e-08 9.681082542268159008e-01
2.648829431438126769e-08 9.678733866325288648e-01
2.658862876254180245e-08 9.676377483110907285e-01
2.668896321070233720e-08 9.674013405697192702e-01
2.678929765886287196e-08 9.671641647194083591e-01
2.688963210702340671e-08 9.669262220749156311e-01
2.698996655518394146e-08 9.666875139547497220e-01
2.709030100334447622e-08 9.664480416811593866e-01
2.719063545150501428e-08 9.662078065801188442e-01
2.729096989966554904e-08 9.659668099813170095e-01
2.739130434782608379e-08 9.657250532181440583e-01
2.749163879598661854e-08 9.654825376276793270e-01
2.759197324414715330e-08 9.652392645506784330e-01
2.769230769230768805e-08 9.649952353315608411e-01
2.779264214046822281e-08 9.647504513183967623e-01
2.789297658862875756e-08 9.645049138628958296e-01
2.799331103678929231e-08 9.642586243203917773e-01
2.809364548494983038e-08 9.640115840498331146e-01
2.819397993311036513e-08 9.637637944137666945e-01
2.829431438127089988e-08 9.635152567783281663e-01
2.839464882943143464e-08 9.632659725132272088e-01
2.849498327759196939e-08 9.630159429917352076e-01
2.859531772575250415e-08 9.627651695906720430e-01
2.869565217391303890e-08 9.625136536903948770e-01
2.879598662207357365e-08 9.622613966747814995e-01
2.889632107023410841e-08 9.620083999312216694e-01
2.899665551839464316e-08 9.617546648506013485e-01
2.909698996655518122e-08 9.615001928272898235e-01
2.919732441471571598e-08 9.612449852591288257e-01
2.929765886287625073e-08 9.609890435474163217e-01
2.939799331103678549e-08 9.607323690968954111e-01
2.949832775919732024e-08 9.604749633157412259e-01
2.959866220735785499e-08 9.602168276155467197e-01
2.969899665551838975e-08 9.599579634113099003e-01
2.979933110367892450e-08 9.596983721214211727e-01
2.989966555183946256e-08 9.594380551676492397e-01
2.999999999999999732e-08 9.591770139751287783e-01
