0.000000000000000000e+00 9.999999999999995559e-01
1.003344481605351029e-10 9.999999785435009780e-01
2.006688963210702059e-10 9.999999141740106845e-01
3.010033444816052959e-10 9.999998068915457727e-01
4.013377926421404118e-10 9.999996566961341093e-01
5.016722408026755277e-10 9.999994635878148852e-01
6.020066889632105918e-10 9.999992275666389485e-01
7.023411371237457594e-10 9.999989486326681387e-01
8.026755852842808236e-10 9.999986267859757305e-01
9.030100334448158877e-10 9.999982620266454347e-01
1.003344481605351055e-09 9.999978543547733967e-01
1.103678929765886223e-09 9.999974037704663088e-01
1.204013377926421184e-09 9.999969102738422988e-01
1.304347826086956351e-09 9.999963738650302636e-01
1.404682274247491519e-09 9.999957945441707574e-01
1.505016722408026480e-09 9.999951723114161029e-01
1.605351170568561647e-09 9.999945071669288366e-01
1.705685618729096815e-09 9.999937991108837076e-01
1.806020066889631775e-09 9.999930481434656793e-01
1.906354515050166943e-09 9.999922542648714829e-01
2.006688963210702111e-09 9.999914174753093965e-01
2.107023411371237278e-09 9.999905377749988000e-01
2.207357859531772446e-09 9.999896151641698427e-01
2.307692307692307200e-09 9.999886496430645533e-01
2.408026755852842367e-09 9.999876412119356184e-01
2.508361204013377535e-09 9.999865898710471601e-01
2.608695652173912702e-09 9.999854956206747358e-01
2.709030100334447870e-09 9.999843584611050051e-01
2.809364548494983038e-09 9.999831783926361739e-01
2.909698996655517792e-09 9.999819554155771062e-01
3.010033444816052959e-09 9.999806895302483234e-01
3.110367892976588127e-09 9.999793807369811161e-01
3.210702341137123294e-09 9.999780290361188761e-01
3.311036789297658462e-09 9.999766344280157648e-01
3.411371237458193629e-09 9.999751969130367124e-01
3.511705685618728797e-09 9.999737164915584176e-01
3.612040133779263551e-09 9.999721931639692363e-01
3.712374581939798719e-09 9.999706269306674056e-01
3.812709030100333886e-09 9.999690177920641521e-01
3.913043478260868640e-09 9.999673657485803613e-01
4.013377926421404221e-09 9.999656708006489092e-01
4.113712374581938975e-09 9.999639329487143291e-01
4.214046822742474556e-09 9.999621521932312573e-01
4.314381270903009310e-09 9.999603285346667647e-01
4.414715719063544892e-09 9.999584619734983582e-01
4.515050167224079646e-09 9.999565525102153130e-01
4.615384615384614399e-09 9.999546001453174515e-01
4.715719063545149981e-09 9.999526048793163646e-01
4.816053511705684735e-09 9.999505667127345232e-01
4.916387959866220316e-09 9.999484856461068327e-01
5.016722408026755070e-09 9.999463616799774135e-01
5.117056856187290651e-09 9.999441948149032644e-01
5.217391304347825405e-09 9.999419850514519315e-01
5.317725752508360159e-09 9.999397323902021739e-01
5.418060200668895740e-09 9.999374368317444084e-01
5.518394648829430494e-09 9.999350983766795986e-01
5.618729096989966075e-09 9.999327170256209207e-01
5.719063545150500829e-09 9.999302927791914319e-01
5.819397993311035583e-09 9.999278256380270680e-01
5.919732441471571164e-09 9.999253156027735345e-01
6.020066889632105918e-09 9.999227626740885277e-01
6.120401337792641499e-09 9.999201668526408460e-01
6.220735785953176253e-09 9.999175281391109449e-01
6.321070234113711835e-09 9.999148465341892722e-01
6.421404682274246589e-09 9.999121220385788211e-01
6.521739130434781343e-09 9.999093546529931320e-01
6.622073578595316924e-09 9.999065443781571805e-01
6.722408026755851678e-09 9.999036912148070444e-01
6.822742474916387259e-09 9.999007951636907920e-01
6.923076923076922013e-09 9.998978562255660396e-01
7.023411371237457594e-09 9.998948744012031709e-01
7.123745819397992348e-09 9.998918496913837828e-01
7.224080267558527102e-09 9.998887820968992424e-01
7.324414715719062683e-09 9.998856716185535731e-01
7.424749163879597437e-09 9.998825182571617898e-01
7.525083612040133018e-09 9.998793220135497872e-01
7.625418060200667772e-09 9.998760828885546736e-01
7.725752508361202526e-09 9.998728008830252145e-01
7.826086956521737280e-09 9.998694759978206115e-01
7.926421404682273689e-09 9.998661082338125006e-01
8.026755852842808442e-09 9.998626975918823989e-01
8.127090301003343196e-09 9.998592440729241471e-01
8.227424749163877950e-09 9.998557476778420217e-01
8.327759197324414359e-09 9.998522084075521787e-01
8.428093645484949113e-09 9.998486262629816546e-01
8.528428093645483867e-09 9.998450012450685875e-01
8.628762541806018621e-09 9.998413333547625514e-01
8.729096989966553375e-09 9.998376225930243333e-01
8.829431438127089783e-09 9.998338689608265994e-01
8.929765886287624537e-09 9.998300724591508981e-01
9.030100334448159291e-09 9.998262330889933214e-01
9.130434782608694045e-09 9.998223508513585100e-01
9.230769230769228799e-09 9.998184257472636505e-01
9.331103678929765207e-09 9.998144577777372533e-01
9.431438127090299961e-09 9.998104469438178210e-01
9.531772575250834715e-09 9.998063932465566239e-01
9.632107023411369469e-09 9.998022966870148132e-01
9.732441471571904223e-09 9.997981572662659744e-01
9.832775919732440632e-09 9.997939749853937963e-01
9.933110367892975386e-09 9.997897498454937359e-01
1.003344481605351014e-08 9.997854818476727967e-01
1.013377926421404489e-08 9.997811709930489732e-01
1.023411371237458130e-08 9.997768172827506961e-01
1.033444816053511606e-08 9.997724207179184974e-01
1.043478260869565081e-08 9.997679812997041227e-01
1.053511705685618556e-08 9.997634990292700863e-01
1.063545150501672032e-08 9.997589739077901161e-01
1.073578595317725673e-08 9.997544059364499303e-01
1.083612040133779148e-08 9.997497951164456831e-01
1.093645484949832623e-08 9.997451414489848531e-01
1.103678929765886099e-08 9.997404449352861322e-01
1.113712374581939574e-08 9.997357055765796474e-01
1.123745819397993215e-08 9.997309233741069612e-01
1.133779264214046690e-08 9.997260983291200720e-01
1.143812709030100166e-08 9.997212304428827467e-01
1.153846153846153641e-08 9.997163197166700765e-01
1.163879598662207117e-08 9.997113661517675887e-01
1.173913043478260757e-08 9.997063697494731338e-01
1.183946488294314233e-08 9.997013305110952208e-01
1.193979933110367708e-08 9.996962484379530167e-01
1.204013377926421184e-08 9.996911235313775679e-01
1.214046822742474824e-08 9.996859557927116890e-01
1.224080267558528300e-08 9.996807452233078539e-01
1.234113712374581775e-08 9.996754918245310817e-01
1.244147157190635251e-08 9.996701955977568277e-01
1.254180602006688726e-08 9.996648565443724266e-01
1.264214046822742367e-08 9.996594746657755381e-01
1.274247491638795842e-08 9.996540499633757015e-01
1.284280936454849318e-08 9.996485824385936692e-01
1.294314381270902793e-08 9.996430720928609626e-01
1.304347826086956269e-08 9.996375189276206497e-01
1.314381270903009909e-08 9.996319229443271226e-01
1.324414715719063385e-08 9.996262841444454317e-01
1.334448160535116860e-08 9.996206025294520625e-01
1.344481605351170336e-08 9.996148781008348250e-01
1.354515050167223811e-08 9.996091108600931863e-01
1.364548494983277452e-08 9.996033008087367167e-01
1.374581939799330927e-08 9.995974479482865327e-01
1.384615384615384403e-08 9.995915522802762965e-01
1.394648829431437878e-08 9.995856138062485519e-01
1.404682274247491519e-08 9.995796325277592764e-01
1.414715719063544994e-08 9.995736084463738846e-01
1.424749163879598470e-08 9.995675415636700034e-01
1.434782608695651945e-08 9.995614318812362509e-01
1.444816053511705420e-08 9.995552794006721253e-01
1.454849498327759061e-08 9.995490841235884494e-01
1.464882943143812537e-08 9.995428460516077029e-01
1.474916387959866012e-08 9.995365651863630241e-01
1.484949832775919487e-08 9.995302415294989862e-01
1.494983277591973128e-08 9.995238750826709317e-01
1.505016722408026604e-08 9.995174658475463048e-01
1.515050167224080079e-08 9.995110138258026522e-01
1.525083612040133554e-08 9.995045190191292894e-01
1.535117056856187030e-08 9.994979814292267450e-01
1.545150501672240505e-08 9.994914010578067609e-01
1.555183946488293981e-08 9.994847779065918481e-01
1.565217391304347456e-08 9.994781119773162859e-01
1.575250836120401262e-08 9.994714032717247898e-01
1.585284280936454738e-08 9.994646517915743988e-01
1.595317725752508213e-08 9.994578575386319219e-01
1.605351170568561688e-08 9.994510205146767134e-01
1.615384615384615164e-08 9.994441407214984530e-01
1.625418060200668639e-08 9.994372181608977002e-01
1.635451505016722115e-08 9.994302528346874492e-01
1.645484949832775590e-08 9.994232447446907974e-01
1.655518394648829065e-08 9.994161938927421662e-01
1.665551839464882872e-08 9.994091002806875235e-01
1.675585284280936347e-08 9.994019639103839392e-01
1.685618729096989823e-08 9.993947847836993637e-01
1.695652173913043298e-08 9.993875629025131824e-01
1.705685618729096773e-08 9.993802982687158831e-01
1.715719063545150249e-08 9.993729908842089449e-01
1.725752508361203724e-08 9.993656407509057260e-01
1.735785953177257200e-08 9.993582478707295769e-01
1.745819397993310675e-08 9.993508122456155052e-01
1.755852842809364150e-08 9.993433338775109531e-01
1.765886287625417957e-08 9.993358127683724668e-01
1.775919732441471432e-08 9.993282489201690266e-01
1.785953177257524907e-08 9.993206423348801604e-01
1.795986622073578383e-08 9.993129930144970530e-01
1.806020066889631858e-08 9.993053009610222137e-01
1.816053511705685334e-08 9.992975661764680329e-01
1.826086956521738809e-08 9.992897886628601123e-01
1.836120401337792284e-08 9.992819684222334908e-01
1.846153846153845760e-08 9.992741054566351977e-01
1.856187290969899566e-08 9.992661997681230313e-01
1.866220735785953041e-08 9.992582513587658921e-01
1.876254180602006517e-08 9.992502602306447823e-01
1.886287625418059992e-08 9.992422263858503628e-01
1.896321070234113468e-08 9.992341498264857291e-01
1.906354515050166943e-08 9.992260305546646348e-01
1.916387959866220418e-08 9.992178685725113807e-01
1.926421404682273894e-08 9.992096638821630350e-01
1.936454849498327369e-08 9.992014164857657699e-01
1.946488294314380845e-08 9.991931263854788581e-01
1.956521739130434651e-08 9.991847935834710093e-01
1.966555183946488126e-08 9.991764180819234786e-01
1.976588628762541602e-08 9.991679998830278464e-01
1.986622073578595077e-08 9.991595389889869061e-01
1.996655518394648553e-08 9.991510354020152196e-01
2.006688963210702028e-08 9.991424891243376738e-01
2.016722408026755503e-08 9.991339001581904800e-01
2.026755852842808979e-08 9.991252685058222838e-01
2.036789297658862454e-08 9.991165941694903907e-01
2.046822742474916260e-08 9.991078771514652068e-01
2.056856187290969736e-08 9.990991174540277964e-01
2.066889632107023211e-08 9.990903150794701038e-01
2.076923076923076687e-08 9.990814700300951756e-01
2.086956521739130162e-08 9.990725823082179380e-01
2.096989966555183637e-08 9.990636519161638640e-01
2.107023411371237113e-08 9.990546788562689740e-01
2.117056856187290588e-08 9.990456631308813895e-01
2.127090301003344064e-08 9.990366047423603346e-01
2.137123745819397539e-08 9.990275036930754693e-01
2.147157190635451345e-08 9.990183599854084440e-01
2.157190635451504821e-08 9.990091736217509011e-01
2.167224080267558296e-08 9.989999446045068066e-01
2.177257525083611771e-08 9.989906729360904514e-01
2.187290969899665247e-08 9.989813586189278949e-01
2.197324414715718722e-08 9.989720016554556326e-01
2.207357859531772198e-08 9.989626020481218172e-01
2.217391304347825673e-08 9.989531597993854817e-01
2.227424749163879148e-08 9.989436749117164283e-01
2.237458193979932955e-08 9.989341473875965605e-01
2.247491638795986430e-08 9.989245772295181069e-01
2.257525083612039905e-08 9.989149644399847316e-01
2.267558528428093381e-08 9.989053090215108677e-01
2.277591973244146856e-08 9.988956109766223834e-01
2.287625418060200332e-08 9.988858703078563606e-01
2.297658862876253807e-08 9.988760870177607609e-01
2.307692307692307282e-08 9.988662611088945376e-01
2.317725752508360758e-08 9.988563925838281898e-01
2.327759197324414233e-08 9.988464814451432083e-01
2.337792642140468040e-08 9.988365276954317418e-01
2.347826086956521515e-08 9.988265313372972631e-01
2.357859531772574990e-08 9.988164923733551248e-01
2.367892976588628466e-08 9.988064108062306712e-01
2.377926421404681941e-08 9.987962866385606819e-01
2.387959866220735417e-08 9.987861198729934831e-01
2.397993311036788892e-08 9.987759105121879477e-01
2.408026755852842367e-08 9.987656585588143843e-01
2.418060200668895843e-08 9.987553640155544254e-01
2.428093645484949649e-08 9.987450268851001400e-01
2.438127090301003124e-08 9.987346471701549211e-01
2.448160535117056600e-08 9.987242248734340411e-01
2.458193979933110075e-08 9.987137599976624314e-01
2.468227424749163551e-08 9.987032525455772358e-01
2.478260869565217026e-08 9.986927025199264785e-01
2.488294314381270501e-08 9.986821099234689525e-01
2.498327759197323977e-08 9.986714747589751084e-01
2.508361204013377452e-08 9.986607970292253889e-01
2.518394648829430928e-08 9.986500767370130038e-01
2.528428093645484734e-08 9.986393138851408224e-01
2.538461538461538209e-08 9.986285084764234821e-01
2.548494983277591685e-08 9.986176605136860562e-01
2.558528428093645160e-08 9.986067699997656089e-01
2.568561872909698635e-08 9.985958369375095289e-01
2.578595317725752111e-08 9.985848613297768628e-01
2.588628762541805586e-08 9.985738431794374259e-01
2.598662207357859062e-08 9.985627824893723581e-01
2.608695652173912537e-08 9.985516792624731242e-01
2.618729096989966343e-08 9.985405335016432904e-01
2.628762541806019819e-08 9.985293452097967482e-01
2.638795986622073294e-08 9.985181143898590461e-01
2.648829431438126769e-08 9.985068410447659470e-01
2.658862876254180245e-08 9.984955251774654261e-01
2.668896321070233720e-08 9.984841667909158947e-01
2.678929765886287196e-08 9.984727658880867551e-01
2.688963210702340671e-08 9.984613224719581792e-01
2.698996655518394146e-08 9.984498365455225510e-01
2.709030100334447622e-08 9.984383081117821357e-01
2.719063545150501428e-08 9.984267371737509666e-01
2.729096989966554904e-08 9.984151237344535135e-01
2.739130434782608379e-08 9.984034677969261251e-01
2.749163879598661854e-08 9.983917693642156976e-01
2.759197324414715330e-08 9.983800284393801183e-01
2.769230769230768805e-08 9.983682450254885987e-01
2.779264214046822281e-08 9.983564191256213416e-01
2.789297658862875756e-08 9.983445507428690968e-01
2.799331103678929231e-08 9.983326398803348267e-01
2.809364548494983038e-08 9.983206865411314856e-01
2.819397993311036513e-08 9.983086907283833522e-01
2.829431438127089988e-08 9.982966524452254742e-01
2.839464882943143464e-08 9.982845716948052228e-01
2.849498327759196939e-08 9.982724484802795173e-01
2.859531772575250415e-08 9.982602828048168231e-01
2.869565217391303890e-08 9.982480746715970410e-01
2.879598662207357365e-08 9.982358240838106189e-01
2.889632107023410841e-08 9.982235310446591070e-01
2.899665551839464316e-08 9.982111955573553796e-01
2.909698996655518122e-08 9.981988176251233025e-01
2.919732441471571598e-08 9.981863972511972882e-01
2.929765886287625073e-08 9.981739344388236290e-01
2.939799331103678549e-08 9.981614291912588310e-01
2.949832775919732024e-08 9.981488815117705027e-01
2.959866220735785499e-08 9.981362914036383538e-01
2.969899665551838975e-08 9.981236588701519752e-01
2.979933110367892450e-08 9.981109839146119489e-01
2.989966555183946256e-08 9.980982665403305143e-01
2.999999999999999732e-08 9.980855067506311240e-01
