0.000000000000000000e+00 9.999999999999995559e-01
1.003344481605351029e-10 9.999998070403094408e-01
2.006688963210702059e-10 9.999992281616935097e-01
3.010033444816052959e-10 9.999982633655153386e-01
4.013377926421404118e-10 9.999969126540488862e-01
5.016722408026755277e-10 9.999951760304757187e-01
6.020066889632105918e-10 9.999930534988882291e-01
7.023411371237457594e-10 9.999905450642870841e-01
8.026755852842808236e-10 9.999876507325821118e-01
9.030100334448158877e-10 9.999843705105935232e-01
1.003344481605351055e-09 9.999807044060486927e-01
1.103678929765886223e-09 9.999766524275854884e-01
1.204013377926421184e-09 9.999722145847514954e-01
1.304347826086956351e-09 9.999673908880013506e-01
1.404682274247491519e-09 9.999621813487007405e-01
1.505016722408026480e-09 9.999565859791226252e-01
1.605351170568561647e-09 9.999506047924500152e-01
1.705685618729096815e-09 9.999442378027747491e-01
1.806020066889631775e-09 9.999374850250967173e-01
1.906354515050166943e-09 9.999303464753251935e-01
2.006688963210702111e-09 9.999228221702779473e-01
2.107023411371237278e-09 9.999149121276814656e-01
2.207357859531772446e-09 9.999066163661708417e-01
2.307692307692307200e-09 9.998979349052891097e-01
2.408026755852842367e-09 9.998888677654884649e-01
2.508361204013377535e-09 9.998794149681292653e-01
2.608695652173912702e-09 9.998695765354794762e-01
2.709030100334447870e-09 9.998593524907160024e-01
2.809364548494983038e-09 9.998487428579229119e-01
2.909698996655517792e-09 9.998377476620936566e-01
3.010033444816052959e-09 9.998263669291280742e-01
3.110367892976588127e-09 9.998146006858340540e-01
3.210702341137123294e-09 9.998024489599283138e-01
3.311036789297658462e-09 9.997899117800332913e-01
3.411371237458193629e-09 9.997769891756805860e-01
3.511705685618728797e-09 9.997636811773077392e-01
3.612040133779263551e-09 9.997499878162603437e-01
3.712374581939798719e-09 9.997359091247903784e-01
3.812709030100333886e-09 9.997214451360576515e-01
3.913043478260868640e-09 9.997065958841279132e-01
4.013377926421404221e-09 9.996913614039745211e-01
4.113712374581938975e-09 9.996757417314756644e-01
4.214046822742474556e-09 9.996597369034181391e-01
4.314381270903009310e-09 9.996433469574929065e-01
4.414715719063544892e-09 9.996265719322987575e-01
4.515050167224079646e-09 9.996094118673389817e-01
4.615384615384614399e-09 9.995918668030238097e-01
4.715719063545149981e-09 9.995739367806684150e-01
4.816053511705684735e-09 9.995556218424936912e-01
4.916387959866220316e-09 9.995369220316252523e-01
5.016722408026755070e-09 9.995178373920948767e-01
5.117056856187290651e-09 9.994983679688381750e-01
5.217391304347825405e-09 9.994785138076967002e-01
5.317725752508360159e-09 9.994582749554152823e-01
5.418060200668895740e-09 9.994376514596442496e-01
5.518394648829430494e-09 9.994166433689370965e-01
5.618729096989966075e-09 9.993952507327525936e-01
5.719063545150500829e-09 9.993734736014524556e-01
5.819397993311035583e-09 9.993513120263015637e-01
5.919732441471571164e-09 9.993287660594698529e-01
6.020066889632105918e-09 9.993058357540289816e-01
6.120401337792641499e-09 9.992825211639534411e-01
6.220735785953176253e-09 9.992588223441219997e-01
6.321070234113711835e-09 9.992347393503151487e-01
6.421404682274246589e-09 9.992102722392147696e-01
6.521739130434781343e-09 9.991854210684065762e-01
6.622073578595316924e-09 9.991601858963774507e-01
6.722408026755851678e-09 9.991345667825148880e-01
6.822742474916387259e-09 9.991085637871103264e-01
6.923076923076922013e-09 9.990821769713531530e-01
7.023411371237457594e-09 9.990554063973362542e-01
7.123745819397992348e-09 9.990282521280516859e-01
7.224080267558527102e-09 9.990007142273937824e-01
7.324414715719062683e-09 9.989727927601543822e-01
7.424749163879597437e-09 9.989444877920272692e-01
7.525083612040133018e-09 9.989157993896055077e-01
7.625418060200667772e-09 9.988867276203813317e-01
7.725752508361202526e-09 9.988572725527455898e-01
7.826086956521737280e-09 9.988274342559891883e-01
7.926421404682273689e-09 9.987972128003007599e-01
8.026755852842808442e-09 9.987666082567671078e-01
8.127090301003343196e-09 9.987356206973738715e-01
8.227424749163877950e-09 9.987042501950038620e-01
8.327759197324414359e-09 9.986724968234372835e-01
8.428093645484949113e-09 9.986403606573516223e-01
8.528428093645483867e-09 9.986078417723216472e-01
8.628762541806018621e-09 9.985749402448180767e-01
8.729096989966553375e-09 9.985416561522075796e-01
8.829431438127089783e-09 9.985079895727541066e-01
8.929765886287624537e-09 9.984739405856157823e-01
9.030100334448159291e-09 9.984395092708472363e-01
9.130434782608694045e-09 9.984046957093972718e-01
9.230769230769228799e-09 9.983694999831098649e-01
9.331103678929765207e-09 9.983339221747227210e-01
9.431438127090299961e-09 9.982979623678686076e-01
9.531772575250834715e-09 9.982616206470729114e-01
9.632107023411369469e-09 9.982248970977555258e-01
9.732441471571904223e-09 9.981877918062278532e-01
9.832775919732440632e-09 9.981503048596951366e-01
9.933110367892975386e-09 9.981124363462553495e-01
1.003344481605351014e-08 9.980741863548969750e-01
1.013377926421404489e-08 9.980355549755008937e-01
1.023411371237458130e-08 9.979965422988398283e-01
1.033444816053511606e-08 9.979571484165763451e-01
1.043478260869565081e-08 9.979173734212648528e-01
1.053511705685618556e-08 9.978772174063480493e-01
1.063545150501672032e-08 9.978366804661602529e-01
1.073578595317725673e-08 9.977957626959248483e-01
1.083612040133779148e-08 9.977544641917535095e-01
1.093645484949832623e-08 9.977127850506471995e-01
1.103678929765886099e-08 9.976707253704950595e-01
1.113712374581939574e-08 9.976282852500738541e-01
1.123745819397993215e-08 9.975854647890484150e-01
1.133779264214046690e-08 9.975422640879706426e-01
1.143812709030100166e-08 9.974986832482786170e-01
1.153846153846153641e-08 9.974547223722972644e-01
1.163879598662207117e-08 9.974103815632368031e-01
1.173913043478260757e-08 9.973656609251939642e-01
1.183946488294314233e-08 9.973205605631495496e-01
1.193979933110367708e-08 9.972750805829690979e-01
1.204013377926421184e-08 9.972292210914038835e-01
1.214046822742474824e-08 9.971829821960872531e-01
1.224080267558528300e-08 9.971363640055364019e-01
1.234113712374581775e-08 9.970893666291520407e-01
1.244147157190635251e-08 9.970419901772168414e-01
1.254180602006688726e-08 9.969942347608961031e-01
1.264214046822742367e-08 9.969461004922364200e-01
1.274247491638795842e-08 9.968975874841659035e-01
1.284280936454849318e-08 9.968486958504929607e-01
1.294314381270902793e-08 9.967994257059064056e-01
1.304347826086956269e-08 9.967497771659757921e-01
1.314381270903009909e-08 9.966997503471485276e-01
1.324414715719063385e-08 9.966493453667528701e-01
1.334448160535116860e-08 9.965985623429935991e-01
1.344481605351170336e-08 9.965474013949552345e-01
1.354515050167223811e-08 9.964958626425984844e-01
1.364548494983277452e-08 9.964439462067621323e-01
1.374581939799330927e-08 9.963916522091605943e-01
1.384615384615384403e-08 9.963389807723854741e-01
1.394648829431437878e-08 9.962859320199031199e-01
1.404682274247491519e-08 9.962325060760554019e-01
1.414715719063544994e-08 9.961787030660588238e-01
1.424749163879598470e-08 9.961245231160038571e-01
1.434782608695651945e-08 9.960699663528550518e-01
1.444816053511705420e-08 9.960150329044493711e-01
1.454849498327759061e-08 9.959597228994973017e-01
1.464882943143812537e-08 9.959040364675806334e-01
1.474916387959866012e-08 9.958479737391531250e-01
1.484949832775919487e-08 9.957915348455400606e-01
1.494983277591973128e-08 9.957347199189362508e-01
1.505016722408026604e-08 9.956775290924075872e-01
1.515050167224080079e-08 9.956199624998890441e-01
1.525083612040133554e-08 9.955620202761843451e-01
1.535117056856187030e-08 9.955037025569671849e-01
1.545150501672240505e-08 9.954450094787763437e-01
1.555183946488293981e-08 9.953859411790205725e-01
1.565217391304347456e-08 9.953264977959741522e-01
1.575250836120401262e-08 9.952666794687783369e-01
1.585284280936454738e-08 9.952064863374399106e-01
1.595317725752508213e-08 9.951459185428301879e-01
1.605351170568561688e-08 9.950849762266862353e-01
1.615384615384615164e-08 9.950236595316084287e-01
1.625418060200668639e-08 9.949619686010608977e-01
1.635451505016722115e-08 9.948999035793708590e-01
1.645484949832775590e-08 9.948374646117277287e-01
1.655518394648829065e-08 9.947746518441825669e-01
1.665551839464882872e-08 9.947114654236479669e-01
1.675585284280936347e-08 9.946479054978968337e-01
1.685618729096989823e-08 9.945839722155628282e-01
1.695652173913043298e-08 9.945196657261379247e-01
1.705685618729096773e-08 9.944549861799741874e-01
1.715719063545150249e-08 9.943899337282812168e-01
1.725752508361203724e-08 9.943245085231265934e-01
1.735785953177257200e-08 9.942587107174346572e-01
1.745819397993310675e-08 9.941925404649866183e-01
1.755852842809364150e-08 9.941259979204191133e-01
1.765886287625417957e-08 9.940590832392250942e-01
1.775919732441471432e-08 9.939917965777503861e-01
1.785953177257524907e-08 9.939241380931967962e-01
1.795986622073578383e-08 9.938561079436181167e-01
1.806020066889631858e-08 9.937877062879216794e-01
1.816053511705685334e-08 9.937189332858664681e-01
1.826086956521738809e-08 9.936497890980633407e-01
1.836120401337792284e-08 9.935802738859740302e-01
1.846153846153845760e-08 9.935103878119105891e-01
1.856187290969899566e-08 9.934401310390341688e-01
1.866220735785953041e-08 9.933695037313553522e-01
1.876254180602006517e-08 9.932985060537332656e-01
1.886287625418059992e-08 9.932271381718746905e-01
1.896321070234113468e-08 9.931554002523320657e-01
1.906354515050166943e-08 9.930832924625063729e-01
1.916387959866220418e-08 9.930108149706431409e-01
1.926421404682273894e-08 9.929379679458323338e-01
1.936454849498327369e-08 9.928647515580095728e-01
1.946488294314380845e-08 9.927911659779529163e-01
1.956521739130434651e-08 9.927172113772847473e-01
1.966555183946488126e-08 9.926428879284691087e-01
1.976588628762541602e-08 9.925681958048114817e-01
1.986622073578595077e-08 9.924931351804588964e-01
1.996655518394648553e-08 9.924177062303980446e-01
2.006688963210702028e-08 9.923419091304560569e-01
2.016722408026755503e-08 9.922657440572981713e-01
2.026755852842808979e-08 9.921892111884282883e-01
2.036789297658862454e-08 9.921123107021877496e-01
2.046822742474916260e-08 9.920350427777547830e-01
2.056856187290969736e-08 9.919574075951436143e-01
2.066889632107023211e-08 9.918794053352039120e-01
2.076923076923076687e-08 9.918010361796198993e-01
2.086956521739130162e-08 9.917223003109100210e-01
2.096989966555183637e-08 9.916431979124261664e-01
2.107023411371237113e-08 9.915637291683518928e-01
2.117056856187290588e-08 9.914838942637039798e-01
2.127090301003344064e-08 9.914036933843285437e-01
2.137123745819397539e-08 9.913231267169031469e-01
2.147157190635451345e-08 9.912421944489353542e-01
2.157190635451504821e-08 9.911608967687600691e-01
2.167224080267558296e-08 9.910792338655423084e-01
2.177257525083611771e-08 9.909972059292728730e-01
2.187290969899665247e-08 9.909148131507699020e-01
2.197324414715718722e-08 9.908320557216770963e-01
2.207357859531772198e-08 9.907489338344640517e-01
2.217391304347825673e-08 9.906654476824234834e-01
2.227424749163879148e-08 9.905815974596726692e-01
2.237458193979932955e-08 9.904973833611521172e-01
2.247491638795986430e-08 9.904128055826232346e-01
2.257525083612039905e-08 9.903278643206692156e-01
2.267558528428093381e-08 9.902425597726943751e-01
2.277591973244146856e-08 9.901568921369219289e-01
2.287625418060200332e-08 9.900708616123943262e-01
2.297658862876253807e-08 9.899844683989732497e-01
2.307692307692307282e-08 9.898977126973359519e-01
2.317725752508360758e-08 9.898105947089778089e-01
2.327759197324414233e-08 9.897231146362095444e-01
2.337792642140468040e-08 9.896352726821565637e-01
2.347826086956521515e-08 9.895470690507593980e-01
2.357859531772574990e-08 9.894585039467710397e-01
2.367892976588628466e-08 9.893695775757576083e-01
2.377926421404681941e-08 9.892802901440972407e-01
2.387959866220735417e-08 9.891906418589787586e-01
2.397993311036788892e-08 9.891006329284013354e-01
2.408026755852842367e-08 9.890102635611732751e-01
2.418060200668895843e-08 9.889195339669119011e-01
2.428093645484949649e-08 9.888284443560423354e-01
2.438127090301003124e-08 9.887369949397958324e-01
2.448160535117056600e-08 9.886451859302105571e-01
2.458193979933110075e-08 9.885530175401295860e-01
2.468227424749163551e-08 9.884604899832004632e-01
2.478260869565217026e-08 9.883676034738743121e-01
2.488294314381270501e-08 9.882743582274051697e-01
2.498327759197323977e-08 9.881807544598484316e-01
2.508361204013377452e-08 9.880867923880618520e-01
2.518394648829430928e-08 9.879924722297012130e-01
2.528428093645484734e-08 9.878977942032239890e-01
2.538461538461538209e-08 9.878027585278844613e-01
2.548494983277591685e-08 9.877073654237356060e-01
2.558528428093645160e-08 9.876116151116258735e-01
2.568561872909698635e-08 9.875155078132016317e-01
2.578595317725752111e-08 9.874190437509022811e-01
2.588628762541805586e-08 9.873222231479622524e-01
2.598662207357859062e-08 9.872250462284095640e-01
2.608695652173912537e-08 9.871275132170642674e-01
2.618729096989966343e-08 9.870296243395377811e-01
2.628762541806019819e-08 9.869313798222326684e-01
2.638795986622073294e-08 9.868327798923405281e-01
2.648829431438126769e-08 9.867338247778424387e-01
2.658862876254180245e-08 9.866345147075078481e-01
2.668896321070233720e-08 9.865348499108917979e-01
2.678929765886287196e-08 9.864348306183369219e-01
2.688963210702340671e-08 9.863344570609707818e-01
2.698996655518394146e-08 9.862337294707046453e-01
2.709030100334447622e-08 9.861326480802342642e-01
2.719063545150501428e-08 9.860312131230373200e-01
2.729096989966554904e-08 9.859294248333733135e-01
2.739130434782608379e-08 9.858272834462821210e-01
2.749163879598661854e-08 9.857247891975841059e-01
2.759197324414715330e-08 9.856219423238778976e-01
2.769230769230768805e-08 9.855187430625405032e-01
2.779264214046822281e-08 9.854151916517259746e-01
2.789297658862875756e-08 9.853112883303638547e-01
2.799331103678929231e-08 9.852070333381596212e-01
2.809364548494983038e-08 9.851024269155926882e-01
2.819397993311036513e-08 9.849974693039152962e-01
2.829431438127089988e-08 9.848921607451529558e-01
2.839464882943143464e-08 9.847865014821017837e-01
2.849498327759196939e-08 9.846804917583285022e-01
2.859531772575250415e-08 9.845741318181699953e-01
2.869565217391303890e-08 9.844674219067303111e-01
2.879598662207357365e-08 9.843603622698828826e-01
2.889632107023410841e-08 9.842529531542663079e-01
2.899665551839464316e-08 9.841451948072859057e-01
2.909698996655518122e-08 9.840370874771101617e-01
2.919732441471571598e-08 9.839286314126733934e-01
2.929765886287625073e-08 9.838198268636708654e-01
2.939799331103678549e-08 9.837106740805608984e-01
2.949832775919732024e-08 9.836011733145613167e-01
2.959866220735785499e-08 9.834913248176511136e-01
2.969899665551838975e-08 9.833811288425675645e-01
2.979933110367892450e-08 9.832705856428054503e-01
2.989966555183946256e-08 9.831596954726170567e-01
2.999999999999999732e-08 9.830484585870098435e-01
