0.000000000000000000e+00 9.999999999999995559e-01
1.003344481605351029e-10 9.999998304279070771e-01
2.006688963210702059e-10 9.999993217119811373e-01
3.010033444816052959e-10 9.999984738532745610e-01
4.013377926421404118e-10 9.999972868535432768e-01
5.016722408026755277e-10 9.999957607152445416e-01
6.020066889632105918e-10 9.999938954415389381e-01
7.023411371237457594e-10 9.999916910362878220e-01
8.026755852842808236e-10 9.999891475040564304e-01
9.030100334448158877e-10 9.999862648501105511e-01
1.003344481605351055e-09 9.999830430804189652e-01
1.103678929765886223e-09 9.999794822016524476e-01
1.204013377926421184e-09 9.999755822211834344e-01
1.304347826086956351e-09 9.999713431470873548e-01
1.404682274247491519e-09 9.999667649881407439e-01
1.505016722408026480e-09 9.999618477538229078e-01
1.605351170568561647e-09 9.999565914543142586e-01
1.705685618729096815e-09 9.999509961004979797e-01
1.806020066889631775e-09 9.999450617039586930e-01
1.906354515050166943e-09 9.999387882769832370e-01
2.006688963210702111e-09 9.999321758325597775e-01
2.107023411371237278e-09 9.999252243843783639e-01
2.207357859531772446e-09 9.999179339468313721e-01
2.307692307692307200e-09 9.999103045350118402e-01
2.408026755852842367e-09 9.999023361647155772e-01
2.508361204013377535e-09 9.998940288524392761e-01
2.608695652173912702e-09 9.998853826153809576e-01
2.709030100334447870e-09 9.998763974714403036e-01
2.809364548494983038e-09 9.998670734392189896e-01
2.909698996655517792e-09 9.998574105380189092e-01
3.010033444816052959e-09 9.998474087878441718e-01
3.110367892976588127e-09 9.998370682093997708e-01
3.210702341137123294e-09 9.998263888240913611e-01
3.311036789297658462e-09 9.998153706540261476e-01
3.411371237458193629e-09 9.998040137220122192e-01
3.511705685618728797e-09 9.997923180515583264e-01
3.612040133779263551e-09 9.997802836668745474e-01
3.712374581939798719e-09 9.997679105928708454e-01
3.812709030100333886e-09 9.997551988551584001e-01
3.913043478260868640e-09 9.997421484800490532e-01
4.013377926421404221e-09 9.997287594945544198e-01
4.113712374581938975e-09 9.997150319263871099e-01
4.214046822742474556e-09 9.997009658039599511e-01
4.314381270903009310e-09 9.996865611563853227e-01
4.414715719063544892e-09 9.996718180134765985e-01
4.515050167224079646e-09 9.996567364057459271e-01
4.615384615384614399e-09 9.996413163644064515e-01
4.715719063545149981e-09 9.996255579213702003e-01
4.816053511705684735e-09 9.996094611092494198e-01
4.916387959866220316e-09 9.995930259613557967e-01
5.016722408026755070e-09 9.995762525116995700e-01
5.117056856187290651e-09 9.995591407949916407e-01
5.217391304347825405e-09 9.995416908466411288e-01
5.317725752508360159e-09 9.995239027027559287e-01
5.418060200668895740e-09 9.995057764001437084e-01
5.518394648829430494e-09 9.994873119763106883e-01
5.618729096989966075e-09 9.994685094694610861e-01
5.719063545150500829e-09 9.994493689184983376e-01
5.819397993311035583e-09 9.994298903630238762e-01
5.919732441471571164e-09 9.994100738433377984e-01
6.020066889632105918e-09 9.993899194004378650e-01
6.120401337792641499e-09 9.993694270760193898e-01
6.220735785953176253e-09 9.993485969124770163e-01
6.321070234113711835e-09 9.993274289529012755e-01
6.421404682274246589e-09 9.993059232410809178e-01
6.521739130434781343e-09 9.992840798215024689e-01
6.622073578595316924e-09 9.992618987393495633e-01
6.722408026755851678e-09 9.992393800405020565e-01
6.822742474916387259e-09 9.992165237715375792e-01
6.923076923076922013e-09 9.991933299797297607e-01
7.023411371237457594e-09 9.991697987130496728e-01
7.123745819397992348e-09 9.991459300201637195e-01
7.224080267558527102e-09 9.991217239504354142e-01
7.324414715719062683e-09 9.990971805539241579e-01
7.424749163879597437e-09 9.990722998813846845e-01
7.525083612040133018e-09 9.990470819842679484e-01
7.625418060200667772e-09 9.990215269147199040e-01
7.725752508361202526e-09 9.989956347255821711e-01
7.826086956521737280e-09 9.989694054703922577e-01
7.926421404682273689e-09 9.989428392033811166e-01
8.026755852842808442e-09 9.989159359794755888e-01
8.127090301003343196e-09 9.988886958542961825e-01
8.227424749163877950e-09 9.988611188841592936e-01
8.327759197324414359e-09 9.988332051260738753e-01
8.428093645484949113e-09 9.988049546377436583e-01
8.528428093645483867e-09 9.987763674775662626e-01
8.628762541806018621e-09 9.987474437046326425e-01
8.729096989966553375e-09 9.987181833787269758e-01
8.829431438127089783e-09 9.986885865603269963e-01
8.929765886287624537e-09 9.986586533106027730e-01
9.030100334448159291e-09 9.986283836914180423e-01
9.130434782608694045e-09 9.985977777653284315e-01
9.230769230769228799e-09 9.985668355955820141e-01
9.331103678929765207e-09 9.985355572461189766e-01
9.431438127090299961e-09 9.985039427815711743e-01
9.531772575250834715e-09 9.984719922672626868e-01
9.632107023411369469e-09 9.984397057692080413e-01
9.732441471571904223e-09 9.984070833541138779e-01
9.832775919732440632e-09 9.983741250893775065e-01
9.933110367892975386e-09 9.983408310430863519e-01
1.003344481605351014e-08 9.983072012840191745e-01
1.013377926421404489e-08 9.982732358816449603e-01
1.023411371237458130e-08 9.982389349061215889e-01
1.033444816053511606e-08 9.982042984282979425e-01
1.043478260869565081e-08 9.981693265197117970e-01
1.053511705685618556e-08 9.981340192525904875e-01
1.063545150501672032e-08 9.980983766998499096e-01
1.073578595317725673e-08 9.980623989350946301e-01
1.083612040133779148e-08 9.980260860326191086e-01
1.093645484949832623e-08 9.979894380674039223e-01
1.103678929765886099e-08 9.979524551151193190e-01
1.113712374581939574e-08 9.979151372521218866e-01
1.123745819397993215e-08 9.978774845554568840e-01
1.133779264214046690e-08 9.978394971028561322e-01
1.143812709030100166e-08 9.978011749727383473e-01
1.153846153846153641e-08 9.977625182442091401e-01
1.163879598662207117e-08 9.977235269970601284e-01
1.173913043478260757e-08 9.976842013117691588e-01
1.183946488294314233e-08 9.976445412695000847e-01
1.193979933110367708e-08 9.976045469521015452e-01
1.204013377926421184e-08 9.975642184421084080e-01
1.214046822742474824e-08 9.975235558227399935e-01
1.224080267558528300e-08 9.974825591778999634e-01
1.234113712374581775e-08 9.974412285921768762e-01
1.244147157190635251e-08 9.973995641508429655e-01
1.254180602006688726e-08 9.973575659398544735e-01
1.264214046822742367e-08 9.973152340458509846e-01
1.274247491638795842e-08 9.972725685561552034e-01
1.284280936454849318e-08 9.972295695587728437e-01
1.294314381270902793e-08 9.971862371423918514e-01
1.304347826086956269e-08 9.971425713963831816e-01
1.314381270903009909e-08 9.970985724107983561e-01
1.324414715719063385e-08 9.970542402763719059e-01
1.334448160535116860e-08 9.970095750845192617e-01
1.344481605351170336e-08 9.969645769273358660e-01
1.354515050167223811e-08 9.969192458975993931e-01
1.364548494983277452e-08 9.968735820887667520e-01
1.374581939799330927e-08 9.968275855949754183e-01
1.384615384615384403e-08 9.967812565110417689e-01
1.394648829431437878e-08 9.967345949324627474e-01
1.404682274247491519e-08 9.966876009554131999e-01
1.414715719063544994e-08 9.966402746767475396e-01
1.424749163879598470e-08 9.965926161939979711e-01
1.434782608695651945e-08 9.965446256053742680e-01
1.444816053511705420e-08 9.964963030097652164e-01
1.454849498327759061e-08 9.964476485067360612e-01
1.464882943143812537e-08 9.963986621965289503e-01
1.474916387959866012e-08 9.963493441800628236e-01
1.484949832775919487e-08 9.962996945589328579e-01
1.494983277591973128e-08 9.962497134354102446e-01
1.505016722408026604e-08 9.961994009124418570e-01
1.515050167224080079e-08 9.961487570936495839e-01
1.525083612040133554e-08 9.960977820833304408e-01
1.535117056856187030e-08 9.960464759864550155e-01
1.545150501672240505e-08 9.959948389086692444e-01
1.555183946488293981e-08 9.959428709562920812e-01
1.565217391304347456e-08 9.958905722363162738e-01
1.575250836120401262e-08 9.958379428564071434e-01
1.585284280936454738e-08 9.957849829249028062e-01
1.595317725752508213e-08 9.957316925508142846e-01
1.605351170568561688e-08 9.956780718438229538e-01
1.615384615384615164e-08 9.956241209142830950e-01
1.625418060200668639e-08 9.955698398732197862e-01
1.635451505016722115e-08 9.955152288323286802e-01
1.645484949832775590e-08 9.954602879039756713e-01
1.655518394648829065e-08 9.954050172011964515e-01
1.665551839464882872e-08 9.953494168376969542e-01
1.675585284280936347e-08 9.952934869278516894e-01
1.685618729096989823e-08 9.952372275867038542e-01
1.695652173913043298e-08 9.951806389299656663e-01
1.705685618729096773e-08 9.951237210740170314e-01
1.715719063545150249e-08 9.950664741359045440e-01
1.725752508361203724e-08 9.950088982333433751e-01
1.735785953177257200e-08 9.949509934847140524e-01
1.745819397993310675e-08 9.948927600090650136e-01
1.755852842809364150e-08 9.948341979261090540e-01
1.765886287625417957e-08 9.947753073562251025e-01
1.775919732441471432e-08 9.947160884204576670e-01
1.785953177257524907e-08 9.946565412405153905e-01
1.795986622073578383e-08 9.945966659387710518e-01
1.806020066889631858e-08 9.945364626382612316e-01
1.816053511705685334e-08 9.944759314626865354e-01
1.826086956521738809e-08 9.944150725364095944e-01
1.836120401337792284e-08 9.943538859844565092e-01
1.846153846153845760e-08 9.942923719325146292e-01
1.856187290969899566e-08 9.942305305069334409e-01
1.866220735785953041e-08 9.941683618347236795e-01
1.876254180602006517e-08 9.941058660435569960e-01
1.886287625418059992e-08 9.940430432617645140e-01
1.896321070234113468e-08 9.939798936183380507e-01
1.906354515050166943e-08 9.939164172429287847e-01
1.916387959866220418e-08 9.938526142658468121e-01
1.926421404682273894e-08 9.937884848180601471e-01
1.936454849498327369e-08 9.937240290311960544e-01
1.946488294314380845e-08 9.936592470375386066e-01
1.956521739130434651e-08 9.935941389700290172e-01
1.966555183946488126e-08 9.935287049622658628e-01
1.976588628762541602e-08 9.934629451485031959e-01
1.986622073578595077e-08 9.933968596636512105e-01
1.996655518394648553e-08 9.933304486432757985e-01
2.006688963210702028e-08 9.932637122235964400e-01
2.016722408026755503e-08 9.931966505414886459e-01
2.026755852842808979e-08 9.931292637344802943e-01
2.036789297658862454e-08 9.930615519407539615e-01
2.046822742474916260e-08 9.929935152991442582e-01
2.056856187290969736e-08 9.929251539491387168e-01
2.066889632107023211e-08 9.928564680308763490e-01
2.076923076923076687e-08 9.927874576851488664e-01
2.086956521739130162e-08 9.927181230533967948e-01
2.096989966555183637e-08 9.926484642777132494e-01
2.107023411371237113e-08 9.925784815008403816e-01
2.117056856187290588e-08 9.925081748661703784e-01
2.127090301003344064e-08 9.924375445177435751e-01
2.137123745819397539e-08 9.923665906002497872e-01
2.147157190635451345e-08 9.922953132590264236e-01
2.157190635451504821e-08 9.922237126400583751e-01
2.167224080267558296e-08 9.921517888899773485e-01
2.177257525083611771e-08 9.920795421560619776e-01
2.187290969899665247e-08 9.920069725862370458e-01
2.197324414715718722e-08 9.919340803290720432e-01
2.207357859531772198e-08 9.918608655337820545e-01
2.217391304347825673e-08 9.917873283502267601e-01
2.227424749163879148e-08 9.917134689289087701e-01
2.237458193979932955e-08 9.916392874209754016e-01
2.247491638795986430e-08 9.915647839782159023e-01
2.257525083612039905e-08 9.914899587530622282e-01
2.267558528428093381e-08 9.914148118985887104e-01
2.277591973244146856e-08 9.913393435685098343e-01
2.287625418060200332e-08 9.912635539171814614e-01
2.297658862876253807e-08 9.911874430996001628e-01
2.307692307692307282e-08 9.911110112714015541e-01
2.317725752508360758e-08 9.910342585888605171e-01
2.327759197324414233e-08 9.909571852088907562e-01
2.337792642140468040e-08 9.908797912890441317e-01
2.347826086956521515e-08 9.908020769875093281e-01
2.357859531772574990e-08 9.907240424631129638e-01
2.367892976588628466e-08 9.906456878753177042e-01
2.377926421404681941e-08 9.905670133842219283e-01
2.387959866220735417e-08 9.904880191505598397e-01
2.397993311036788892e-08 9.904087053356995796e-01
2.408026755852842367e-08 9.903290721016445586e-01
2.418060200668895843e-08 9.902491196110310145e-01
2.428093645484949649e-08 9.901688480271286785e-01
2.438127090301003124e-08 9.900882575138398867e-01
2.448160535117056600e-08 9.900073482356983590e-01
2.458193979933110075e-08 9.899261203578698654e-01
2.468227424749163551e-08 9.898445740461512266e-01
2.478260869565217026e-08 9.897627094669685377e-01
2.488294314381270501e-08 9.896805267873780565e-01
2.498327759197323977e-08 9.895980261750656481e-01
2.508361204013377452e-08 9.895152077983453420e-01
2.518394648829430928e-08 9.894320718261584435e-01
2.528428093645484734e-08 9.893486184280746443e-01
2.538461538461538209e-08 9.892648477742898017e-01
2.548494983277591685e-08 9.891807600356263830e-01
2.558528428093645160e-08 9.890963553835321331e-01
2.568561872909698635e-08 9.890116339900798526e-01
2.578595317725752111e-08 9.889265960279665091e-01
2.588628762541805586e-08 9.888412416705135710e-01
2.598662207357859062e-08 9.887555710916657858e-01
2.608695652173912537e-08 9.886695844659886268e-01
2.618729096989966343e-08 9.885832819686724005e-01
2.628762541806019819e-08 9.884966637755272512e-01
2.638795986622073294e-08 9.884097300629838267e-01
2.648829431438126769e-08 9.883224810080935008e-01
2.658862876254180245e-08 9.882349167885278174e-01
2.668896321070233720e-08 9.881470375825763819e-01
2.678929765886287196e-08 9.880588435691470828e-01
2.688963210702340671e-08 9.879703349277665358e-01
2.698996655518394146e-08 9.878815118385777527e-01
2.709030100334447622e-08 9.877923744823402519e-01
2.719063545150501428e-08 9.877029230404296145e-01
2.729096989966554904e-08 9.876131576948365964e-01
2.739130434782608379e-08 9.875230786281671280e-01
2.749163879598661854e-08 9.874326860236399828e-01
2.759197324414715330e-08 9.873419800650878875e-01
2.769230769230768805e-08 9.872509609369569672e-01
2.779264214046822281e-08 9.871596288243050799e-01
2.789297658862875756e-08 9.870679839128003730e-01
2.799331103678929231e-08 9.869760263887233931e-01
2.809364548494983038e-08 9.868837564389643102e-01
2.819397993311036513e-08 9.867911742510225848e-01
2.829431438127089988e-08 9.866982800130068565e-01
2.839464882943143464e-08 9.866050739136339454e-01
2.849498327759196939e-08 9.865115561422281854e-01
2.859531772575250415e-08 9.864177268887213135e-01
2.869565217391303890e-08 9.863235863436504713e-01
2.879598662207357365e-08 9.862291346981590934e-01
2.889632107023410841e-08 9.861343721439954635e-01
2.899665551839464316e-08 9.860392988735120490e-01
2.909698996655518122e-08 9.859439150796658335e-01
2.919732441471571598e-08 9.858482209560152087e-01
2.929765886287625073e-08 9.857522166967220834e-01
2.939799331103678549e-08 9.856559024965495519e-01
2.949832775919732024e-08 9.855592785508622278e-01
2.959866220735785499e-08 9.854623450556244668e-01
2.969899665551838975e-08 9.853651022074004784e-01
2.979933110367892450e-08 9.852675502033533261e-01
2.989966555183946256e-08 9.851696892412448170e-01
2.999999999999999732e-08 9.850715195194340579e-01
