0.000000000000000000e+00 9.999999999999995559e-01
1.003344481605351029e-10 9.999982647033541783e-01
2.006688963210702059e-10 9.999930588501853013e-01
3.010033444816052959e-10 9.999843825507994666e-01
4.013377926421404118e-10 9.999722359890328427e-01
5.016722408026755277e-10 9.999566194222490045e-01
6.020066889632105918e-10 9.999375331813270540e-01
7.023411371237457594e-10 9.999149776706518500e-01
8.026755852842808236e-10 9.998889533680971331e-01
9.030100334448158877e-10 9.998594608250105376e-01
1.003344481605351055e-09 9.998265006661932741e-01
1.103678929765886223e-09 9.997900735898777036e-01
1.204013377926421184e-09 9.997501803677011356e-01
1.304347826086956351e-09 9.997068218446809595e-01
1.404682274247491519e-09 9.996599989391818930e-01
1.505016722408026480e-09 9.996097126428842294e-01
1.605351170568561647e-09 9.995559640207488661e-01
1.705685618729096815e-09 9.994987542109776690e-01
1.806020066889631775e-09 9.994380844249748375e-01
1.906354515050166943e-09 9.993739559473016065e-01
2.006688963210702111e-09 9.993063701356323936e-01
2.107023411371237278e-09 9.992353284207035058e-01
2.207357859531772446e-09 9.991608323062656227e-01
2.307692307692307200e-09 9.990828833690266197e-01
2.408026755852842367e-09 9.990014832585968341e-01
2.508361204013377535e-09 9.989166336974316662e-01
2.608695652173912702e-09 9.988283364807659659e-01
2.709030100334447870e-09 9.987365934765538578e-01
2.809364548494983038e-09 9.986414066254002408e-01
2.909698996655517792e-09 9.985427779404917326e-01
3.010033444816052959e-09 9.984407095075247263e-01
3.110367892976588127e-09 9.983352034846308953e-01
3.210702341137123294e-09 9.982262621023003657e-01
3.311036789297658462e-09 9.981138876633020018e-01
3.411371237458193629e-09 9.979980825426013613e-01
3.511705685618728797e-09 9.978788491872752076e-01
3.612040133779263551e-09 9.977561901164255787e-01
3.712374581939798719e-09 9.976301079210884160e-01
3.812709030100333886e-09 9.975006052641419707e-01
3.913043478260868640e-09 9.973676848802119910e-01
4.013377926421404221e-09 9.972313495755729118e-01
4.113712374581938975e-09 9.970916022280500446e-01
4.214046822742474556e-09 9.969484457869145499e-01
4.314381270903009310e-09 9.968018832727799650e-01
4.414715719063544892e-09 9.966519177774944005e-01
4.515050167224079646e-09 9.964985524640289638e-01
4.615384615384614399e-09 9.963417905663670693e-01
4.715719063545149981e-09 9.961816353893874210e-01
4.816053511705684735e-09 9.960180903087474391e-01
4.916387959866220316e-09 9.958511587707628010e-01
5.016722408026755070e-09 9.956808442922849833e-01
5.117056856187290651e-09 9.955071504605751409e-01
5.217391304347825405e-09 9.953300809331775412e-01
5.317725752508360159e-09 9.951496394377885579e-01
5.418060200668895740e-09 9.949658297721248879e-01
5.518394648829430494e-09 9.947786558037874372e-01
5.618729096989966075e-09 9.945881214701249862e-01
5.719063545150500829e-09 9.943942307780934131e-01
5.819397993311035583e-09 9.941969878041131414e-01
5.919732441471571164e-09 9.939963966939251439e-01
6.020066889632105918e-09 9.937924616624426166e-01
6.120401337792641499e-09 9.935851869936018765e-01
6.220735785953176253e-09 9.933745770402099273e-01
6.321070234113711835e-09 9.931606362237903607e-01
6.421404682274246589e-09 9.929433690344260377e-01
6.521739130434781343e-09 9.927227800306001049e-01
6.622073578595316924e-09 9.924988738390333465e-01
6.722408026755851678e-09 9.922716551545212038e-01
6.822742474916387259e-09 9.920411287397666866e-01
6.923076923076922013e-09 9.918072994252118413e-01
7.023411371237457594e-09 9.915701721088664433e-01
7.123745819397992348e-09 9.913297517561340255e-01
7.224080267558527102e-09 9.910860433996366847e-01
7.324414715719062683e-09 9.908390521390367800e-01
7.424749163879597437e-09 9.905887831408559663e-01
7.525083612040133018e-09 9.903352416382924517e-01
7.625418060200667772e-09 9.900784329310355902e-01
7.725752508361202526e-09 9.898183623850799195e-01
7.826086956521737280e-09 9.895550354325338693e-01
7.926421404682273689e-09 9.892884575714273598e-01
8.026755852842808442e-09 9.890186343655192891e-01
8.127090301003343196e-09 9.887455714441002463e-01
8.227424749163877950e-09 9.884692745017923388e-01
8.327759197324414359e-09 9.881897492983504616e-01
8.428093645484949113e-09 9.879070016584571290e-01
8.528428093645483867e-09 9.876210374715188589e-01
8.628762541806018621e-09 9.873318626914557861e-01
8.729096989966553375e-09 9.870394833364947162e-01
8.829431438127089783e-09 9.867439054889544092e-01
8.929765886287624537e-09 9.864451352950338592e-01
9.030100334448159291e-09 9.861431789645926926e-01
9.130434782608694045e-09 9.858380427709365623e-01
9.230769230769228799e-09 9.855297330505922160e-01
9.331103678929765207e-09 9.852182562030871171e-01
9.431438127090299961e-09 9.849036186907239587e-01
9.531772575250834715e-09 9.845858270383536226e-01
9.632107023411369469e-09 9.842648878331444751e-01
9.732441471571904223e-09 9.839408077243526618e-01
9.832775919732440632e-09 9.836135934230881839e-01
9.933110367892975386e-09 9.832832517020790863e-01
1.003344481605351014e-08 9.829497893954338705e-01
1.013377926421404489e-08 9.826132133984014638e-01
1.023411371237458130e-08 9.822735306671305233e-01
1.033444816053511606e-08 9.819307482184245206e-01
1.043478260869565081e-08 9.815848731294971596e-01
1.053511705685618556e-08 9.812359125377233537e-01
1.063545150501672032e-08 9.808838736403897585e-01
1.073578595317725673e-08 9.805287636944430840e-01
1.083612040133779148e-08 9.801705900162377416e-01
1.093645484949832623e-08 9.798093599812776056e-01
1.103678929765886099e-08 9.794450810239596628e-01
1.113712374581939574e-08 9.790777606373147757e-01
1.123745819397993215e-08 9.787074063727450035e-01
1.133779264214046690e-08 9.783340258397619227e-01
1.143812709030100166e-08 9.779576267057187300e-01
1.153846153846153641e-08 9.775782166955451213e-01
1.163879598662207117e-08 9.771958035914772855e-01
1.173913043478260757e-08 9.768103952327867878e-01
1.183946488294314233e-08 9.764219995155085652e-01
1.193979933110367708e-08 9.760306243921651470e-01
1.204013377926421184e-08 9.756362778714904316e-01
1.214046822742474824e-08 9.752389680181519083e-01
1.224080267558528300e-08 9.748387029524697711e-01
1.234113712374581775e-08 9.744354908501353663e-01
1.244147157190635251e-08 9.740293399419276410e-01
1.254180602006688726e-08 9.736202585134273724e-01
1.264214046822742367e-08 9.732082549047295084e-01
1.274247491638795842e-08 9.727933375101557312e-01
1.284280936454849318e-08 9.723755147779614694e-01
1.294314381270902793e-08 9.719547952100460186e-01
1.304347826086956269e-08 9.715311873616564453e-01
1.314381270903009909e-08 9.711046998410927111e-01
1.324414715719063385e-08 9.706753413094102445e-01
1.334448160535116860e-08 9.702431204801202913e-01
1.344481605351170336e-08 9.698080461188900436e-01
1.354515050167223811e-08 9.693701270432395489e-01
1.364548494983277452e-08 9.689293721222380640e-01
1.374581939799330927e-08 9.684857902761982995e-01
1.384615384615384403e-08 9.680393904763686663e-01
1.394648829431437878e-08 9.675901817446262987e-01
1.404682274247491519e-08 9.671381731531651926e-01
1.414715719063544994e-08 9.666833738241845664e-01
1.424749163879598470e-08 9.662257929295752223e-01
1.434782608695651945e-08 9.657654396906064642e-01
1.444816053511705420e-08 9.653023233776076850e-01
1.454849498327759061e-08 9.648364533096507323e-01
1.464882943143812537e-08 9.643678388542321622e-01
1.474916387959866012e-08 9.638964894269498318e-01
1.484949832775919487e-08 9.634224144911835985e-01
1.494983277591973128e-08 9.629456235577693590e-01
1.505016722408026604e-08 9.624661261846749749e-01
1.515050167224080079e-08 9.619839319766738672e-01
1.525083612040133554e-08 9.614990505850161684e-01
1.535117056856187030e-08 9.610114917071012064e-01
1.545150501672240505e-08 9.605212650861454371e-01
1.555183946488293981e-08 9.600283805108510427e-01
1.565217391304347456e-08 9.595328478150727536e-01
1.575250836120401262e-08 9.590346768774833386e-01
1.585284280936454738e-08 9.585338776212378731e-01
1.595317725752508213e-08 9.580304600136358983e-01
1.605351170568561688e-08 9.575244340657839137e-01
1.615384615384615164e-08 9.570158098322558704e-01
1.625418060200668639e-08 9.565045974107506677e-01
1.635451505016722115e-08 9.559908069417535348e-01
1.645484949832775590e-08 9.554744486081879762e-01
1.655518394648829065e-08 9.549555326350758211e-01
1.665551839464882872e-08 9.544340692891886135e-01
1.675585284280936347e-08 9.539100688787028881e-01
1.685618729096989823e-08 9.533835417528505607e-01
1.695652173913043298e-08 9.528544983015709846e-01
1.705685618729096773e-08 9.523229489551604532e-01
1.715719063545150249e-08 9.517889041839218134e-01
1.725752508361203724e-08 9.512523744978104157e-01
1.735785953177257200e-08 9.507133704460822843e-01
1.745819397993310675e-08 9.501719026169395121e-01
1.755852842809364150e-08 9.496279816371745452e-01
1.765886287625417957e-08 9.490816181718132460e-01
1.775919732441471432e-08 9.485328229237589559e-01
1.785953177257524907e-08 9.479816066334324498e-01
1.795986622073578383e-08 9.474279800784149996e-01
1.806020066889631858e-08 9.468719540730841100e-01
1.816053511705685334e-08 9.463135394682562485e-01
1.826086956521738809e-08 9.457527471508233585e-01
1.836120401337792284e-08 9.451895880433885955e-01
1.846153846153845760e-08 9.446240731039042826e-01
1.856187290969899566e-08 9.440562133253066479e-01
1.866220735785953041e-08 9.434860197351487843e-01
1.876254180602006517e-08 9.429135033952364964e-01
1.886287625418059992e-08 9.423386754012593736e-01
1.896321070234113468e-08 9.417615468824237501e-01
1.906354515050166943e-08 9.411821290010820018e-01
1.916387959866220418e-08 9.406004329523662832e-01
1.926421404682273894e-08 9.400164699638153820e-01
1.936454849498327369e-08 9.394302512950044592e-01
1.946488294314380845e-08 9.388417882371732359e-01
1.956521739130434651e-08 9.382510921128541792e-01
1.966555183946488126e-08 9.376581742754985793e-01
1.976588628762541602e-08 9.370630461091025154e-01
1.986622073578595077e-08 9.364657190278330434e-01
1.996655518394648553e-08 9.358662044756533849e-01
2.006688963210702028e-08 9.352645139259456730e-01
2.016722408026755503e-08 9.346606588811356975e-01
2.026755852842808979e-08 9.340546508723169827e-01
2.036789297658862454e-08 9.334465014588712028e-01
2.046822742474916260e-08 9.328362222280915939e-01
2.056856187290969736e-08 9.322238247948038126e-01
2.066889632107023211e-08 9.316093208009873505e-01
2.076923076923076687e-08 9.309927219153952827e-01
2.086956521739130162e-08 9.303740398331747929e-01
2.096989966555183637e-08 9.297532862754863681e-01
2.107023411371237113e-08 9.291304729891238789e-01
2.117056856187290588e-08 9.285056117461307768e-01
2.127090301003344064e-08 9.278787143434208406e-01
2.137123745819397539e-08 9.272497926023943737e-01
2.147157190635451345e-08 9.266188583685562863e-01
2.157190635451504821e-08 9.259859235111337350e-01
2.167224080267558296e-08 9.253509999226908755e-01
2.177257525083611771e-08 9.247140995187472789e-01
2.187290969899665247e-08 9.240752342373925732e-01
2.197324414715718722e-08 9.234344160389035272e-01
2.207357859531772198e-08 9.227916569053583595e-01
2.217391304347825673e-08 9.221469688402524900e-01
2.227424749163879148e-08 9.215003638681132925e-01
2.237458193979932955e-08 9.208518540341151803e-01
2.247491638795986430e-08 9.202014514036935822e-01
2.257525083612039905e-08 9.195491680621602493e-01
2.267558528428093381e-08 9.188950161143156770e-01
2.277591973244146856e-08 9.182390076840649673e-01
2.287625418060200332e-08 9.175811549140303613e-01
2.297658862876253807e-08 9.169214699651656586e-01
2.307692307692307282e-08 9.162599650163698595e-01
2.317725752508360758e-08 9.155966522640992533e-01
2.327759197324414233e-08 9.149315439219831703e-01
2.337792642140468040e-08 9.142646522204352921e-01
2.347826086956521515e-08 9.135959894062682940e-01
2.357859531772574990e-08 9.129255677423057103e-01
2.367892976588628466e-08 9.122533995069970203e-01
2.377926421404681941e-08 9.115794969940294035e-01
2.387959866220735417e-08 9.109038725119410485e-01
2.397993311036788892e-08 9.102265383837357948e-01
2.408026755852842367e-08 9.095475069464952211e-01
2.418060200668895843e-08 9.088667905509921763e-01
2.428093645484949649e-08 9.081844015613050880e-01
2.438127090301003124e-08 9.075003523544308282e-01
2.448160535117056600e-08 9.068146553198989102e-01
2.458193979933110075e-08 9.061273228593841322e-01
2.468227424749163551e-08 9.054383673863231063e-01
2.478260869565217026e-08 9.047478013255262352e-01
2.488294314381270501e-08 9.040556371127917989e-01
2.498327759197323977e-08 9.033618871945231499e-01
2.508361204013377452e-08 9.026665640273404678e-01
2.518394648829430928e-08 9.019696800776977330e-01
2.528428093645484734e-08 9.012712478214974787e-01
2.538461538461538209e-08 9.005712797437050998e-01
2.548494983277591685e-08 8.998697883379672691e-01
2.558528428093645160e-08 8.991667861062253575e-01
2.568561872909698635e-08 8.984622855583329626e-01
2.578595317725752111e-08 8.977562992116731033e-01
2.588628762541805586e-08 8.970488395907749712e-01
2.598662207357859062e-08 8.963399192269304594e-01
2.608695652173912537e-08 8.956295506578130228e-01
2.618729096989966343e-08 8.949177464270956506e-01
2.628762541806019819e-08 8.942045190840698377e-01
2.638795986622073294e-08 8.934898811832631127e-01
2.648829431438126769e-08 8.927738452840602301e-01
2.658862876254180245e-08 8.920564239503226966e-01
2.668896321070233720e-08 8.913376297500080758e-01
2.678929765886287196e-08 8.906174752547919571e-01
2.688963210702340671e-08 8.898959730396894807e-01
2.698996655518394146e-08 8.891731356826759747e-01
2.709030100334447622e-08 8.884489757643111441e-01
2.719063545150501428e-08 8.877235058673600410e-01
2.729096989966554904e-08 8.869967385764183643e-01
2.739130434782608379e-08 8.862686864775355389e-01
2.749163879598661854e-08 8.855393621578400154e-01
2.759197324414715330e-08 8.848087782051640149e-01
2.769230769230768805e-08 8.840769472076692725e-01
2.779264214046822281e-08 8.833438817534752241e-01
2.789297658862875756e-08 8.826095944302838614e-01
2.799331103678929231e-08 8.818740978250095841e-01
2.809364548494983038e-08 8.811374045234072749e-01
2.819397993311036513e-08 8.803995271097002639e-01
2.829431438127089988e-08 8.796604781662122896e-01
2.839464882943143464e-08 8.789202702729972394e-01
2.849498327759196939e-08 8.781789160074697786e-01
2.859531772575250415e-08 8.774364279440404202e-01
2.869565217391303890e-08 8.766928186537441547e-01
2.879598662207357365e-08 8.759481007038785183e-01
2.889632107023410841e-08 8.752022866576349980e-01
2.899665551839464316e-08 8.744553890737370994e-01
2.909698996655518122e-08 8.737074205060737508e-01
2.919732441471571598e-08 8.729583935033392583e-01
2.929765886287625073e-08 8.722083206086681528e-01
2.939799331103678549e-08 8.714572143592768105e-01
2.949832775919732024e-08 8.707050872861017421e-01
2.959866220735785499e-08 8.699519519134401024e-01
2.969899665551838975e-08 8.691978207585913108e-01
2.979933110367892450e-08 8.684427063315002249e-01
2.989966555183946256e-08 8.676866211343997604e-01
2.999999999999999732e-08 8.669295776614548421e-01
