0.000000000000000000e+00 9.999999999999995559e-01
1.003344481605351029e-10 9.999999703626467618e-01
2.006688963210702059e-10 9.999998814505989264e-01
3.010033444816052959e-10 9.999997332638881353e-01
4.013377926421404118e-10 9.999995258025683453e-01
5.016722408026755277e-10 9.999992590667143855e-01
6.020066889632105918e-10 9.999989330564226231e-01
7.023411371237457594e-10 9.999985477718115190e-01
8.026755852842808236e-10 9.999981032130200731e-01
9.030100334448158877e-10 9.999975993802092677e-01
1.003344481605351055e-09 9.999970362735616236e-01
1.103678929765886223e-09 9.999964138932808666e-01
1.204013377926421184e-09 9.999957322395918169e-01
1.304347826086956351e-09 9.999949913127417211e-01
1.404682274247491519e-09 9.999941911129983652e-01
1.505016722408026480e-09 9.999933316406516282e-01
1.605351170568561647e-09 9.999924128960121505e-01
1.705685618729096815e-09 9.999914348794125551e-01
1.806020066889631775e-09 9.999903975912068921e-01
1.906354515050166943e-09 9.999893010317704167e-01
2.006688963210702111e-09 9.999881452015000338e-01
2.107023411371237278e-09 9.999869301008138534e-01
2.207357859531772446e-09 9.999856557301519677e-01
2.307692307692307200e-09 9.999843220899751195e-01
2.408026755852842367e-09 9.999829291807661447e-01
2.508361204013377535e-09 9.999814770030290845e-01
2.608695652173912702e-09 9.999799655572894075e-01
2.709030100334447870e-09 9.999783948440941206e-01
2.809364548494983038e-09 9.999767648640114359e-01
2.909698996655517792e-09 9.999750756176315480e-01
3.010033444816052959e-09 9.999733271055656347e-01
3.110367892976588127e-09 9.999715193284460790e-01
3.210702341137123294e-09 9.999696522869275794e-01
3.311036789297658462e-09 9.999677259816854846e-01
3.411371237458193629e-09 9.999657404134170147e-01
3.511705685618728797e-09 9.999636955828402618e-01
3.612040133779263551e-09 9.999615914906958558e-01
3.712374581939798719e-09 9.999594281377446325e-01
3.812709030100333886e-09 9.999572055247699653e-01
3.913043478260868640e-09 9.999549236525756557e-01
4.013377926421404221e-09 9.999525825219875985e-01
4.113712374581938975e-09 9.999501821338530050e-01
4.214046822742474556e-09 9.999477224890407356e-01
4.314381270903009310e-09 9.999452035884400791e-01
4.414715719063544892e-09 9.999426254329629726e-01
4.515050167224079646e-09 9.999399880235427807e-01
4.615384615384614399e-09 9.999372913611332958e-01
4.715719063545149981e-09 9.999345354467102931e-01
4.816053511705684735e-09 9.999317202812715299e-01
4.916387959866220316e-09 9.999288458658354140e-01
5.016722408026755070e-09 9.999259122014416690e-01
5.117056856187290651e-09 9.999229192891523343e-01
5.217391304347825405e-09 9.999198671300502106e-01
5.317725752508360159e-09 9.999167557252396366e-01
5.418060200668895740e-09 9.999135850758466004e-01
5.518394648829430494e-09 9.999103551830182957e-01
5.618729096989966075e-09 9.999070660479235650e-01
5.719063545150500829e-09 9.999037176717522346e-01
5.819397993311035583e-09 9.999003100557161128e-01
5.919732441471571164e-09 9.998968432010484353e-01
6.020066889632105918e-09 9.998933171090033101e-01
6.120401337792641499e-09 9.998897317808563834e-01
6.220735785953176253e-09 9.998860872179052839e-01
6.321070234113711835e-09 9.998823834214687345e-01
6.421404682274246589e-09 9.998786203928871075e-01
6.521739130434781343e-09 9.998747981335209811e-01
6.622073578595316924e-09 9.998709166447544705e-01
6.722408026755851678e-09 9.998669759279913416e-01
6.822742474916387259e-09 9.998629759846575649e-01
6.923076923076922013e-09 9.998589168162004270e-01
7.023411371237457594e-09 9.998547984240885311e-01
7.123745819397992348e-09 9.998506208098123516e-01
7.224080267558527102e-09 9.998463839748826798e-01
7.324414715719062683e-09 9.998420879208331780e-01
7.424749163879597437e-09 9.998377326492176032e-01
7.525083612040133018e-09 9.998333181616118059e-01
7.625418060200667772e-09 9.998288444596135083e-01
7.725752508361202526e-09 9.998243115448407492e-01
7.826086956521737280e-09 9.998197194189334391e-01
7.926421404682273689e-09 9.998150680835539150e-01
8.026755852842808442e-09 9.998103575403838317e-01
8.127090301003343196e-09 9.998055877911281586e-01
8.227424749163877950e-09 9.998007588375118493e-01
8.327759197324414359e-09 9.997958706812830609e-01
8.428093645484949113e-09 9.997909233242089355e-01
8.528428093645483867e-09 9.997859167680802628e-01
8.628762541806018621e-09 9.997808510147082606e-01
8.729096989966553375e-09 9.997757260659251299e-01
8.829431438127089783e-09 9.997705419235851654e-01
8.929765886287624537e-09 9.997652985895639777e-01
9.030100334448159291e-09 9.997599960657586049e-01
9.130434782608694045e-09 9.997546343540866243e-01
9.230769230769228799e-09 9.997492134564880395e-01
9.331103678929765207e-09 9.997437333749242816e-01
9.431438127090299961e-09 9.997381941113776538e-01
9.531772575250834715e-09 9.997325956678517755e-01
9.632107023411369469e-09 9.997269380463721378e-01
9.732441471571904223e-09 9.997212212489847705e-01
9.832775919732440632e-09 9.997154452777586853e-01
9.933110367892975386e-09 9.997096101347828778e-01
1.003344481605351014e-08 9.997037158221678821e-01
1.013377926421404489e-08 9.996977623420461034e-01
1.023411371237458130e-08 9.996917496965711525e-01
1.033444816053511606e-08 9.996856778879180672e-01
1.043478260869565081e-08 9.996795469182829796e-01
1.053511705685618556e-08 9.996733567898837824e-01
1.063545150501672032e-08 9.996671075049594624e-01
1.073578595317725673e-08 9.996607990657704335e-01
1.083612040133779148e-08 9.996544314745990922e-01
1.093645484949832623e-08 9.996480047337480412e-01
1.103678929765886099e-08 9.996415188455421985e-01
1.113712374581939574e-08 9.996349738123275763e-01
1.123745819397993215e-08 9.996283696364713922e-01
1.133779264214046690e-08 9.996217063203622910e-01
1.143812709030100166e-08 9.996149838664106779e-01
1.153846153846153641e-08 9.996082022770478304e-01
1.163879598662207117e-08 9.996013615547263420e-01
1.173913043478260757e-08 9.995944617019211220e-01
1.183946488294314233e-08 9.995875027211270636e-01
1.193979933110367708e-08 9.995804846148612643e-01
1.204013377926421184e-08 9.995734073856621382e-01
1.214046822742474824e-08 9.995662710360890824e-01
1.224080267558528300e-08 9.995590755687231432e-01
1.234113712374581775e-08 9.995518209861667946e-01
1.244147157190635251e-08 9.995445072910437156e-01
1.254180602006688726e-08 9.995371344859987905e-01
1.264214046822742367e-08 9.995297025736988861e-01
1.274247491638795842e-08 9.995222115568309640e-01
1.284280936454849318e-08 9.995146614381047456e-01
1.294314381270902793e-08 9.995070522202507135e-01
1.304347826086956269e-08 9.994993839060201113e-01
1.314381270903009909e-08 9.994916564981867202e-01
1.324414715719063385e-08 9.994838699995445275e-01
1.334448160535116860e-08 9.994760244129095028e-01
1.344481605351170336e-08 9.994681197411188212e-01
1.354515050167223811e-08 9.994601559870307517e-01
1.364548494983277452e-08 9.994521331535251019e-01
1.374581939799330927e-08 9.994440512435037727e-01
1.384615384615384403e-08 9.994359102598883160e-01
1.394648829431437878e-08 9.994277102056229323e-01
1.404682274247491519e-08 9.994194510836725831e-01
1.414715719063544994e-08 9.994111328970237684e-01
1.424749163879598470e-08 9.994027556486844155e-01
1.434782608695651945e-08 9.993943193416835458e-01
1.444816053511705420e-08 9.993858239790716080e-01
1.454849498327759061e-08 9.993772695639200343e-01
1.464882943143812537e-08 9.993686560993222390e-01
1.474916387959866012e-08 9.993599835883923976e-01
1.484949832775919487e-08 9.993512520342662242e-01
1.494983277591973128e-08 9.993424614401005268e-01
1.505016722408026604e-08 9.993336118090739850e-01
1.515050167224080079e-08 9.993247031443857065e-01
1.525083612040133554e-08 9.993157354492572253e-01
1.535117056856187030e-08 9.993067087269299487e-01
1.545150501672240505e-08 9.992976229806679322e-01
1.555183946488293981e-08 9.992884782137558819e-01
1.565217391304347456e-08 9.992792744294995977e-01
1.575250836120401262e-08 9.992700116312268621e-01
1.585284280936454738e-08 9.992606898222859968e-01
1.595317725752508213e-08 9.992513090060470837e-01
1.605351170568561688e-08 9.992418691859017432e-01
1.615384615384615164e-08 9.992323703652619127e-01
1.625418060200668639e-08 9.992228125475617340e-01
1.635451505016722115e-08 9.992131957362565542e-01
1.645484949832775590e-08 9.992035199348220376e-01
1.655518394648829065e-08 9.991937851467562748e-01
1.665551839464882872e-08 9.991839913755784508e-01
1.675585284280936347e-08 9.991741386248282897e-01
1.685618729096989823e-08 9.991642268980676089e-01
1.695652173913043298e-08 9.991542561988792093e-01
1.705685618729096773e-08 9.991442265308665416e-01
1.715719063545150249e-08 9.991341378976553722e-01
1.725752508361203724e-08 9.991239903028920066e-01
1.735785953177257200e-08 9.991137837502445107e-01
1.745819397993310675e-08 9.991035182434017115e-01
1.755852842809364150e-08 9.990931937860739742e-01
1.765886287625417957e-08 9.990828103819929806e-01
1.775919732441471432e-08 9.990723680349113955e-01
1.785953177257524907e-08 9.990618667486029780e-01
1.795986622073578383e-08 9.990513065268635806e-01
1.806020066889631858e-08 9.990406873735092619e-01
1.816053511705685334e-08 9.990300092923783959e-01
1.826086956521738809e-08 9.990192722873300069e-01
1.836120401337792284e-08 9.990084763622436581e-01
1.846153846153845760e-08 9.989976215210211175e-01
1.856187290969899566e-08 9.989867077675853579e-01
1.866220735785953041e-08 9.989757351058802248e-01
1.876254180602006517e-08 9.989647035398707686e-01
1.886287625418059992e-08 9.989536130735438002e-01
1.896321070234113468e-08 9.989424637109063365e-01
1.906354515050166943e-08 9.989312554559878210e-01
1.916387959866220418e-08 9.989199883128380142e-01
1.926421404682273894e-08 9.989086622855282149e-01
1.936454849498327369e-08 9.988972773781510384e-01
1.946488294314380845e-08 9.988858335948198608e-01
1.956521739130434651e-08 9.988743309396703740e-01
1.966555183946488126e-08 9.988627694168575877e-01
1.976588628762541602e-08 9.988511490305599372e-01
1.986622073578595077e-08 9.988394697849752868e-01
1.996655518394648553e-08 9.988277316843235942e-01
2.006688963210702028e-08 9.988159347328449122e-01
2.016722408026755503e-08 9.988040789348028303e-01
2.026755852842808979e-08 9.987921642944800338e-01
2.036789297658862454e-08 9.987801908161806352e-01
2.046822742474916260e-08 9.987681585042305077e-01
2.056856187290969736e-08 9.987560673629765073e-01
2.066889632107023211e-08 9.987439173967868067e-01
2.076923076923076687e-08 9.987317086100504504e-01
2.086956521739130162e-08 9.987194410071777995e-01
2.096989966555183637e-08 9.987071145926006421e-01
2.107023411371237113e-08 9.986947293707715279e-01
2.117056856187290588e-08 9.986822853461641003e-01
2.127090301003344064e-08 9.986697825232736525e-01
2.137123745819397539e-08 9.986572209066167938e-01
2.147157190635451345e-08 9.986446005007298954e-01
2.157190635451504821e-08 9.986319213101721992e-01
2.167224080267558296e-08 9.986191833395233752e-01
2.177257525083611771e-08 9.986063865933839656e-01
2.187290969899665247e-08 9.985935310763757178e-01
2.197324414715718722e-08 9.985806167931423616e-01
2.207357859531772198e-08 9.985676437483477219e-01
2.217391304347825673e-08 9.985546119466773840e-01
2.227424749163879148e-08 9.985415213928376943e-01
2.237458193979932955e-08 9.985283720915565375e-01
2.247491638795986430e-08 9.985151640475823376e-01
2.257525083612039905e-08 9.985018972656852787e-01
2.267558528428093381e-08 9.984885717506561953e-01
2.277591973244146856e-08 9.984751875073075711e-01
2.287625418060200332e-08 9.984617445404720959e-01
2.297658862876253807e-08 9.984482428550045530e-01
2.307692307692307282e-08 9.984346824557804867e-01
2.317725752508360758e-08 9.984210633476964247e-01
2.327759197324414233e-08 9.984073855356697669e-01
2.337792642140468040e-08 9.983936490246396733e-01
2.347826086956521515e-08 9.983798538195660655e-01
2.357859531772574990e-08 9.983659999254295148e-01
2.367892976588628466e-08 9.983520873472327972e-01
2.377926421404681941e-08 9.983381160899985618e-01
2.387959866220735417e-08 9.983240861587714399e-01
2.397993311036788892e-08 9.983099975586162689e-01
2.408026755852842367e-08 9.982958502946200907e-01
2.418060200668895843e-08 9.982816443718899313e-01
2.428093645484949649e-08 9.982673797955546879e-01
2.438127090301003124e-08 9.982530565707637971e-01
2.448160535117056600e-08 9.982386747026884555e-01
2.458193979933110075e-08 9.982242341965197330e-01
2.468227424749163551e-08 9.982097350574710148e-01
2.478260869565217026e-08 9.981951772907760034e-01
2.488294314381270501e-08 9.981805609016900505e-01
2.498327759197323977e-08 9.981658858954886027e-01
2.508361204013377452e-08 9.981511522774689782e-01
2.518394648829430928e-08 9.981363600529497004e-01
2.528428093645484734e-08 9.981215092272691658e-01
2.538461538461538209e-08 9.981065998057881972e-01
2.548494983277591685e-08 9.980916317938876015e-01
2.558528428093645160e-08 9.980766051969700570e-01
2.568561872909698635e-08 9.980615200204585591e-01
2.578595317725752111e-08 9.980463762697979746e-01
2.588628762541805586e-08 9.980311739504527102e-01
2.598662207357859062e-08 9.980159130679100432e-01
2.608695652173912537e-08 9.980005936276766798e-01
2.618729096989966343e-08 9.979852156352815307e-01
2.628762541806019819e-08 9.979697790962739345e-01
2.638795986622073294e-08 9.979542840162237693e-01
2.648829431438126769e-08 9.979387304007232284e-01
2.658862876254180245e-08 9.979231182553841562e-01
2.668896321070233720e-08 9.979074475858404902e-01
2.678929765886287196e-08 9.978917183977462635e-01
2.688963210702340671e-08 9.978759306967767140e-01
2.698996655518394146e-08 9.978600844886288401e-01
2.709030100334447622e-08 9.978441797790195134e-01
2.719063545150501428e-08 9.978282165736870324e-01
2.729096989966554904e-08 9.978121948783913453e-01
2.739130434782608379e-08 9.977961146989120511e-01
2.749163879598661854e-08 9.977799760410506202e-01
2.759197324414715330e-08 9.977637789106295063e-01
2.769230769230768805e-08 9.977475233134917021e-01
2.779264214046822281e-08 9.977312092555012946e-01
2.789297658862875756e-08 9.977148367425437980e-01
2.799331103678929231e-08 9.976984057805248218e-01
2.809364548494983038e-08 9.976819163753712916e-01
2.819397993311036513e-08 9.976653685330313381e-01
2.829431438127089988e-08 9.976487622594740756e-01
2.839464882943143464e-08 9.976320975606890462e-01
2.849498327759196939e-08 9.976153744426871084e-01
2.859531772575250415e-08 9.975985929114998818e-01
2.869565217391303890e-08 9.975817529731801914e-01
2.879598662207357365e-08 9.975648546338010680e-01
2.889632107023410841e-08 9.975478978994574142e-01
2.899665551839464316e-08 9.975308827762645603e-01
2.909698996655518122e-08 9.975138092703585979e-01
2.919732441471571598e-08 9.974966773878964910e-01
2.929765886287625073e-08 9.974794871350569636e-01
2.939799331103678549e-08 9.974622385180382800e-01
2.949832775919732024e-08 9.974449315430610197e-01
2.959866220735785499e-08 9.974275662163654133e-01
2.969899665551838975e-08 9.974101425442133406e-01
2.979933110367892450e-08 9.973926605328873318e-01
2.989966555183946256e-08 9.973751201886906781e-01
2.999999999999999732e-08 9.973575215179477649e-01
