0.000000000000000000e+00 9.999999999999995559e-01
1.003344481605351029e-10 9.999797931866966083e-01
2.006688963210702059e-10 9.999191777323725994e-01
3.010033444816052959e-10 9.998181685917066908e-01
4.013377926421404118e-10 9.996767906822444649e-01
5.016722408026755277e-10 9.994950788740250003e-01
6.020066889632105918e-10 9.992730779750623737e-01
7.023411371237457594e-10 9.990108427126976887e-01
8.026755852842808236e-10 9.987084377108252919e-01
9.030100334448158877e-10 9.983659374630062810e-01
1.003344481605351055e-09 9.979834263014915052e-01
1.103678929765886223e-09 9.975609983621606114e-01
1.204013377926421184e-09 9.970987575454030027e-01
1.304347826086956351e-09 9.965968174729628037e-01
1.404682274247491519e-09 9.960553014407662609e-01
1.505016722408026480e-09 9.954743423677645531e-01
1.605351170568561647e-09 9.948540827408148823e-01
1.705685618729096815e-09 9.941946745556309306e-01
1.806020066889631775e-09 9.934962792538398757e-01
1.906354515050166943e-09 9.927590676561738325e-01
2.006688963210702111e-09 9.919832198918366872e-01
2.107023411371237278e-09 9.911689253240856257e-01
2.207357859531772446e-09 9.903163824720643271e-01
2.307692307692307200e-09 9.894257989289364508e-01
2.408026755852842367e-09 9.884973912763578285e-01
2.508361204013377535e-09 9.875313849953394341e-01
2.608695652173912702e-09 9.865280143735499774e-01
2.709030100334447870e-09 9.854875224091025343e-01
2.809364548494983038e-09 9.844101607108860508e-01
2.909698996655517792e-09 9.832961893954921262e-01
3.010033444816052959e-09 9.821458769807915878e-01
3.110367892976588127e-09 9.809595002762238058e-01
3.210702341137123294e-09 9.797373442698538160e-01
3.311036789297658462e-09 9.784797020122609768e-01
3.411371237458193629e-09 9.771868744973229992e-01
3.511705685618728797e-09 9.758591705399579652e-01
3.612040133779263551e-09 9.744969066508923916e-01
3.712374581939798719e-09 9.731004069085216202e-01
3.812709030100333886e-09 9.716700028279344759e-01
3.913043478260868640e-09 9.702060332271682519e-01
4.013377926421404221e-09 9.687088440907736242e-01
4.113712374581938975e-09 9.671787884307518901e-01
4.214046822742474556e-09 9.656162261449529050e-01
4.314381270903009310e-09 9.640215238729987757e-01
4.414715719063544892e-09 9.623950548498129143e-01
4.515050167224079646e-09 9.607371987568392724e-01
4.615384615384614399e-09 9.590483415710222559e-01
4.715719063545149981e-09 9.573288754116333621e-01
4.816053511705684735e-09 9.555791983850244753e-01
4.916387959866220316e-09 9.537997144273906436e-01
5.016722408026755070e-09 9.519908331456254924e-01
5.117056856187290651e-09 9.501529696563523197e-01
5.217391304347825405e-09 9.482865444232191354e-01
5.317725752508360159e-09 9.463919830925378029e-01
5.418060200668895740e-09 9.444697163273619855e-01
5.518394648829430494e-09 9.425201796400816123e-01
5.618729096989966075e-09 9.405438132236270121e-01
5.719063545150500829e-09 9.385410617813711998e-01
5.819397993311035583e-09 9.365123743558150249e-01
5.919732441471571164e-09 9.344582041561476649e-01
6.020066889632105918e-09 9.323790083847710575e-01
6.120401337792641499e-09 9.302752480628746490e-01
6.220735785953176253e-09 9.281473878551559364e-01
6.321070234113711835e-09 9.259958958937712925e-01
6.421404682274246589e-09 9.238212436016112195e-01
6.521739130434781343e-09 9.216239055149876291e-01
6.622073578595316924e-09 9.194043591058237430e-01
6.722408026755851678e-09 9.171630846034387607e-01
6.822742474916387259e-09 9.149005648160142279e-01
6.923076923076922013e-09 9.126172849518345842e-01
7.023411371237457594e-09 9.103137324403898223e-01
7.123745819397992348e-09 9.079903967534295184e-01
7.224080267558527102e-09 9.056477692260597179e-01
7.324414715719062683e-09 9.032863428779686066e-01
7.424749163879597437e-09 9.009066122348700079e-01
7.525083612040133018e-09 8.985090731502521910e-01
7.625418060200667772e-09 8.960942226275214750e-01
7.725752508361202526e-09 8.936625586426240053e-01
7.826086956521737280e-09 8.912145799672325230e-01
7.926421404682273689e-09 8.887507859925849463e-01
8.026755852842808442e-09 8.862716765540591402e-01
8.127090301003343196e-09 8.837777517565651442e-01
8.227424749163877950e-09 8.812695118008375683e-01
8.327759197324414359e-09 8.787474568107191963e-01
8.428093645484949113e-09 8.762120866615005221e-01
8.528428093645483867e-09 8.736639008094099212e-01
8.628762541806018621e-09 8.711033981223269551e-01
8.729096989966553375e-09 8.685310767117971897e-01
8.829431438127089783e-09 8.659474337664264665e-01
8.929765886287624537e-09 8.633529653867291209e-01
9.030100334448159291e-09 8.607481664215043127e-01
9.130434782608694045e-09 8.581335303058181818e-01
9.230769230769228799e-09 8.555095489006563358e-01
9.331103678929765207e-09 8.528767123343230505e-01
9.431438127090299961e-09 8.502355088456532428e-01
9.531772575250834715e-09 8.475864246291073822e-01
9.632107023411369469e-09 8.449299436818136222e-01
9.732441471571904223e-09 8.422665476526235429e-01
9.832775919732440632e-09 8.395967156932431230e-01
9.933110367892975386e-09 8.369209243115032226e-01
1.003344481605351014e-08 8.342396472268281959e-01
1.013377926421404489e-08 8.315533552279600338e-01
1.023411371237458130e-08 8.288625160329973207e-01
1.033444816053511606e-08 8.261675941518052957e-01
1.043478260869565081e-08 8.234690507508466428e-01
1.053511705685618556e-08 8.207673435204871915e-01
1.063545150501672032e-08 8.180629265448272625e-01
1.073578595317725673e-08 8.153562501741062896e-01
1.083612040133779148e-08 8.126477608997292323e-01
1.093645484949832623e-08 8.099379012319534166e-01
1.103678929765886099e-08 8.072271095802864282e-01
1.113712374581939574e-08 8.045158201366342521e-01
1.123745819397993215e-08 8.018044627612321840e-01
1.133779264214046690e-08 7.990934628714072563e-01
1.143812709030100166e-08 7.963832413331980442e-01
1.153846153846153641e-08 7.936742143558692675e-01
1.163879598662207117e-08 7.909667933893538283e-01
1.173913043478260757e-08 7.882613850246512621e-01
1.183946488294314233e-08 7.855583908972080254e-01
1.193979933110367708e-08 7.828582075933090412e-01
1.204013377926421184e-08 7.801612265595011531e-01
1.214046822742474824e-08 7.774678340150749101e-01
1.224080267558528300e-08 7.747784108676198933e-01
1.234113712374581775e-08 7.720933326316724576e-01
1.244147157190635251e-08 7.694129693504776490e-01
1.254180602006688726e-08 7.667376855208695163e-01
1.264214046822742367e-08 7.640678400212922439e-01
1.274247491638795842e-08 7.614037860429645477e-01
1.284280936454849318e-08 7.587458710241999915e-01
1.294314381270902793e-08 7.560944365878889961e-01
1.304347826086956269e-08 7.534498184821445399e-01
1.314381270903009909e-08 7.508123465241176575e-01
1.324414715719063385e-08 7.481823445469814038e-01
1.334448160535116860e-08 7.455601303500813959e-01
1.344481605351170336e-08 7.429460156522503800e-01
1.354515050167223811e-08 7.403403060482848241e-01
1.364548494983277452e-08 7.377433009685692156e-01
1.374581939799330927e-08 7.351552936418503936e-01
1.384615384615384403e-08 7.325765710611372716e-01
1.394648829431437878e-08 7.300074139527296113e-01
1.404682274247491519e-08 7.274480967483470950e-01
1.414715719063544994e-08 7.248988875603534776e-01
1.424749163879598470e-08 7.223600481600510603e-01
1.434782608695651945e-08 7.198318339590328296e-01
1.444816053511705420e-08 7.173144939935640618e-01
1.454849498327759061e-08 7.148082709119764067e-01
1.464882943143812537e-08 7.123134009650488041e-01
1.474916387959866012e-08 7.098301139993460351e-01
1.484949832775919487e-08 7.073586334534938125e-01
1.494983277591973128e-08 7.048991763573547731e-01
1.505016722408026604e-08 7.024519533340796151e-01
1.515050167224080079e-08 7.000171686049982966e-01
1.525083612040133554e-08 6.975950199973216526e-01
1.535117056856187030e-08 6.951856989546124632e-01
1.545150501672240505e-08 6.927893905499978855e-01
1.555183946488293981e-08 6.904062735020771724e-01
1.565217391304347456e-08 6.880365201934923736e-01
1.575250836120401262e-08 6.856802966921179410e-01
1.585284280936454738e-08 6.833377627748308258e-01
1.595317725752508213e-08 6.810090719538147708e-01
1.605351170568561688e-08 6.786943715053590509e-01
1.615384615384615164e-08 6.763938025011031474e-01
1.625418060200668639e-08 6.741074998416842767e-01
1.635451505016722115e-08 6.718355922927394808e-01
1.645484949832775590e-08 6.695782025232134282e-01
1.655518394648829065e-08 6.673354471459247428e-01
1.665551839464882872e-08 6.651074367603397874e-01
1.675585284280936347e-08 6.628942759975038346e-01
1.685618729096989823e-08 6.606960635670759974e-01
1.695652173913043298e-08 6.585128923064200723e-01
1.705685618729096773e-08 6.563448492316924510e-01
1.715719063545150249e-08 6.541920155908769186e-01
1.725752508361203724e-08 6.520544669187120501e-01
1.735785953177257200e-08 6.499322730934534720e-01
1.745819397993310675e-08 6.478254983954179202e-01
1.755852842809364150e-08 6.457342015672491442e-01
1.765886287625417957e-08 6.436584358758570268e-01
1.775919732441471432e-08 6.415982491759604223e-01
1.785953177257524907e-08 6.395536839751887470e-01
1.795986622073578383e-08 6.375247775006738227e-01
1.806020066889631858e-08 6.355115617670836770e-01
1.816053511705685334e-08 6.335140636460308006e-01
1.826086956521738809e-08 6.315323049367996822e-01
1.836120401337792284e-08 6.295663024383408857e-01
1.846153846153845760e-08 6.276160680224580624e-01
1.856187290969899566e-08 6.256816087081465971e-01
1.866220735785953041e-08 6.237629267370091712e-01
1.876254180602006517e-08 6.218600196496987254e-01
1.886287625418059992e-08 6.199728803633274277e-01
1.896321070234113468e-08 6.181014972497785864e-01
1.906354515050166943e-08 6.162458542148701035e-01
1.916387959866220418e-08 6.144059307783027446e-01
1.926421404682273894e-08 6.125817021543412677e-01
1.936454849498327369e-08 6.107731393331661263e-01
1.946488294314380845e-08 6.089802091628385705e-01
1.956521739130434651e-08 6.072028744318229698e-01
1.966555183946488126e-08 6.054410939520072921e-01
1.976588628762541602e-08 6.036948226421651187e-01
1.986622073578595077e-08 6.019640116118046835e-01
1.996655518394648553e-08 6.002486082453440952e-01
2.006688963210702028e-08 5.985485562865660025e-01
2.016722408026755503e-08 5.968637959232846457e-01
2.026755852842808979e-08 5.951942638721836598e-01
2.036789297658862454e-08 5.935398934637609036e-01
2.046822742474916260e-08 5.919006147273341290e-01
2.056856187290969736e-08 5.902763544760493142e-01
2.066889632107023211e-08 5.886670363918461435e-01
2.076923076923076687e-08 5.870725811103250091e-01
2.086956521739130162e-08 5.854929063054663541e-01
2.096989966555183637e-08 5.839279267741557256e-01
2.107023411371237113e-08 5.823775545204631365e-01
2.117056856187290588e-08 5.808416988396292169e-01
2.127090301003344064e-08 5.793202664017143011e-01
2.137123745819397539e-08 5.778131613348618245e-01
2.147157190635451345e-08 5.763202853081323962e-01
2.157190635451504821e-08 5.748415376138642507e-01
2.167224080267558296e-08 5.733768152495185566e-01
2.177257525083611771e-08 5.719260129989652830e-01
2.187290969899665247e-08 5.704890235131723220e-01
2.197324414715718722e-08 5.690657373902543448e-01
2.207357859531772198e-08 5.676560432548446444e-01
2.217391304347825673e-08 5.662598278367553251e-01
2.227424749163879148e-08 5.648769760488816516e-01
2.237458193979932955e-08 5.635073710643243583e-01
2.247491638795986430e-08 5.621508943926895041e-01
2.257525083612039905e-08 5.608074259555351215e-01
2.267558528428093381e-08 5.594768441609324627e-01
2.277591973244146856e-08 5.581590259771123108e-01
2.287625418060200332e-08 5.568538470051650480e-01
2.297658862876253807e-08 5.555611815507682794e-01
2.307692307692307282e-08 5.542809026949119255e-01
2.317725752508360758e-08 5.530128823636004665e-01
2.327759197324414233e-08 5.517569913965005846e-01
2.337792642140468040e-08 5.505130996145176647e-01
2.347826086956521515e-08 5.492810758862742837e-01
2.357859531772574990e-08 5.480607881934728143e-01
2.367892976588628466e-08 5.468521036951206060e-01
2.377926421404681941e-08 5.456548887906008671e-01
2.387959866220735417e-08 5.444690091815719279e-01
2.397993311036788892e-08 5.432943299326764564e-01
2.408026755852842367e-08 5.421307155310511883e-01
2.418060200668895843e-08 5.409780299446191876e-01
2.428093645484949649e-08 5.398361366791546434e-01
2.438127090301003124e-08 5.387048988341082145e-01
2.448160535117056600e-08 5.375841791571853712e-01
2.458193979933110075e-08 5.364738400976664101e-01
2.468227424749163551e-08 5.353737438584633690e-01
2.478260869565217026e-08 5.342837524469066235e-01
2.488294314381270501e-08 5.332037277242568374e-01
2.498327759197323977e-08 5.321335314539370476e-01
2.508361204013377452e-08 5.310730253484863272e-01
2.518394648829430928e-08 5.300220711152286990e-01
2.528428093645484734e-08 5.289805305006611835e-01
2.538461538461538209e-08 5.279482653335593190e-01
2.548494983277591685e-08 5.269251375668052573e-01
2.558528428093645160e-08 5.259110093179366618e-01
2.568561872909698635e-08 5.249057429084275084e-01
2.578595317725752111e-08 5.239092009016985685e-01
2.588628762541805586e-08 5.229212461398713430e-01
2.598662207357859062e-08 5.219417417792669989e-01
2.608695652173912537e-08 5.209705513246618569e-01
2.618729096989966343e-08 5.200075386623085327e-01
2.628762541806019819e-08 5.190525680917325024e-01
2.638795986622073294e-08 5.181055043563151941e-01
2.648829431438126769e-08 5.171662126726765951e-01
2.658862876254180245e-08 5.162345587588716977e-01
2.668896321070233720e-08 5.153104088614108846e-01
2.678929765886287196e-08 5.143936297811239067e-01
2.688963210702340671e-08 5.134840888978803308e-01
2.698996655518394146e-08 5.125816541941834448e-01
2.709030100334447622e-08 5.116861942776557148e-01
2.719063545150501428e-08 5.107975784024324506e-01
2.729096989966554904e-08 5.099156764894851035e-01
2.739130434782608379e-08 5.090403591458895205e-01
2.749163879598661854e-08 5.081714976830642438e-01
2.759197324414715330e-08 5.073089641339950662e-01
2.769230769230768805e-08 5.064526312694702659e-01
2.779264214046822281e-08 5.056023726133482832e-01
2.789297658862875756e-08 5.047580624568783758e-01
2.799331103678929231e-08 5.039195758720986795e-01
2.809364548494983038e-08 5.030867887243370973e-01
2.819397993311036513e-08 5.022595776838341131e-01
2.829431438127089988e-08 5.014378202365181725e-01
2.839464882943143464e-08 5.006213946939528370e-01
2.849498327759196939e-08 4.998101802024847995e-01
2.859531772575250415e-08 4.990040567516173531e-01
2.869565217391303890e-08 4.982029051816339038e-01
2.879598662207357365e-08 4.974066071904993391e-01
2.889632107023410841e-08 4.966150453400653420e-01
2.899665551839464316e-08 4.958281030616059626e-01
2.909698996655518122e-08 4.950456646607099276e-01
2.919732441471571598e-08 4.942676153215585511e-01
2.929765886287625073e-08 4.934938411106141731e-01
2.939799331103678549e-08 4.927242289797468255e-01
2.949832775919732024e-08 4.919586667688298776e-01
2.959866220735785499e-08 4.911970432078251458e-01
2.969899665551838975e-08 4.904392479183926068e-01
2.979933110367892450e-08 4.896851714150459722e-01
2.989966555183946256e-08 4.889347051058857696e-01
2.999999999999999732e-08 4.881877412929346294e-01
