0.000000000000000000e+00 9.999999999999995559e-01
1.003344481605351029e-10 9.999918206729649928e-01
2.006688963210702059e-10 9.999672835087490830e-01
3.010033444816052959e-10 9.999263909578809395e-01
4.013377926421404118e-10 9.998691471041161183e-01
5.016722408026755277e-10 9.997955576637481689e-01
6.020066889632105918e-10 9.997056299846461824e-01
7.023411371237457594e-10 9.995993730450157821e-01
8.026755852842808236e-10 9.994767974518865561e-01
9.030100334448158877e-10 9.993379154393239316e-01
1.003344481605351055e-09 9.991827408663701560e-01
1.103678929765886223e-09 9.990112892147067214e-01
1.204013377926421184e-09 9.988235775860500043e-01
1.304347826086956351e-09 9.986196246992694592e-01
1.404682274247491519e-09 9.983994508872372498e-01
1.505016722408026480e-09 9.981630780934050984e-01
1.605351170568561647e-09 9.979105298681125724e-01
1.705685618729096815e-09 9.976418313646245872e-01
1.806020066889631775e-09 9.973570093349009014e-01
1.906354515050166943e-09 9.970560921250990472e-01
2.006688963210702111e-09 9.967391096708085874e-01
2.107023411371237278e-09 9.964060934920216939e-01
2.207357859531772446e-09 9.960570766878384941e-01
2.307692307692307200e-09 9.956920939309107377e-01
2.408026755852842367e-09 9.953111814616211195e-01
2.508361204013377535e-09 9.949143770820030319e-01
2.608695652173912702e-09 9.945017201494026349e-01
2.709030100334447870e-09 9.940732515698804672e-01
2.809364548494983038e-09 9.936290137913577070e-01
2.909698996655517792e-09 9.931690507965094117e-01
3.010033444816052959e-09 9.926934080953996320e-01
3.110367892976588127e-09 9.922021327178723871e-01
3.210702341137123294e-09 9.916952732056842912e-01
3.311036789297658462e-09 9.911728796043950407e-01
3.411371237458193629e-09 9.906350034550092110e-01
3.511705685618728797e-09 9.900816977853735823e-01
3.612040133779263551e-09 9.895130171013325482e-01
3.712374581939798719e-09 9.889290173776413839e-01
3.812709030100333886e-09 9.883297560486433708e-01
3.913043478260868640e-09 9.877152919987070012e-01
4.013377926421404221e-09 9.870856855524319240e-01
4.113712374581938975e-09 9.864409984646208551e-01
4.214046822742474556e-09 9.857812939100216720e-01
4.314381270903009310e-09 9.851066364728414682e-01
4.414715719063544892e-09 9.844170921360361204e-01
4.515050167224079646e-09 9.837127282703764797e-01
4.615384615384614399e-09 9.829936136232921839e-01
4.715719063545149981e-09 9.822598183074988665e-01
4.816053511705684735e-09 9.815114137894107582e-01
4.916387959866220316e-09 9.807484728773363525e-01
5.016722408026755070e-09 9.799710697094686784e-01
5.117056856187290651e-09 9.791792797416617455e-01
5.217391304347825405e-09 9.783731797350068149e-01
5.317725752508360159e-09 9.775528477432037233e-01
5.418060200668895740e-09 9.767183630997323673e-01
5.518394648829430494e-09 9.758698064048288989e-01
5.618729096989966075e-09 9.750072595122647456e-01
5.719063545150500829e-09 9.741308055159390022e-01
5.819397993311035583e-09 9.732405287362778656e-01
5.919732441471571164e-09 9.723365147064523262e-01
6.020066889632105918e-09 9.714188501584118951e-01
6.120401337792641499e-09 9.704876230087399192e-01
6.220735785953176253e-09 9.695429223443308153e-01
6.321070234113711835e-09 9.685848384078983297e-01
6.421404682274246589e-09 9.676134625833088254e-01
6.521739130434781343e-09 9.666288873807535875e-01
6.622073578595316924e-09 9.656312064217521529e-01
6.722408026755851678e-09 9.646205144239988760e-01
6.822742474916387259e-09 9.635969071860527313e-01
6.923076923076922013e-09 9.625604815718707963e-01
7.023411371237457594e-09 9.615113354951954072e-01
7.123745819397992348e-09 9.604495679037898803e-01
7.224080267558527102e-09 9.593752787635352330e-01
7.324414715719062683e-09 9.582885690423846858e-01
7.424749163879597437e-09 9.571895406941800521e-01
7.525083612040133018e-09 9.560782966423394535e-01
7.625418060200667772e-09 9.549549407634101428e-01
7.725752508361202526e-09 9.538195778704997574e-01
7.826086956521737280e-09 9.526723136965824512e-01
7.926421404682273689e-09 9.515132548776872312e-01
8.026755852842808442e-09 9.503425089359696099e-01
8.127090301003343196e-09 9.491601842626740115e-01
8.227424749163877950e-09 9.479663901009847127e-01
8.327759197324414359e-09 9.467612365287767506e-01
8.428093645484949113e-09 9.455448344412593631e-01
8.528428093645483867e-09 9.443172955335309426e-01
8.628762541806018621e-09 9.430787322830325170e-01
8.729096989966553375e-09 9.418292579319172964e-01
8.829431438127089783e-09 9.405689864693298485e-01
8.929765886287624537e-09 9.392980326136075586e-01
9.030100334448159291e-09 9.380165117943990438e-01
9.130434782608694045e-09 9.367245401347111811e-01
9.230769230769228799e-09 9.354222344328827488e-01
9.331103678929765207e-09 9.341097121444930096e-01
9.431438127090299961e-09 9.327870913642055672e-01
9.531772575250834715e-09 9.314544908075530483e-01
9.632107023411369469e-09 9.301120297926643854e-01
9.732441471571904223e-09 9.287598282219441392e-01
9.832775919732440632e-09 9.273980065636970860e-01
9.933110367892975386e-09 9.260266858337153906e-01
1.003344481605351014e-08 9.246459875768208159e-01
1.013377926421404489e-08 9.232560338483694062e-01
1.023411371237458130e-08 9.218569471957273054e-01
1.033444816053511606e-08 9.204488506397132674e-01
1.043478260869565081e-08 9.190318676560185196e-01
1.053511705685618556e-08 9.176061221566023107e-01
1.063545150501672032e-08 9.161717384710710288e-01
1.073578595317725673e-08 9.147288413280463271e-01
1.083612040133779148e-08 9.132775558365155977e-01
1.093645484949832623e-08 9.118180074671838886e-01
1.103678929765886099e-08 9.103503220338170498e-01
1.113712374581939574e-08 9.088746256745906527e-01
1.123745819397993215e-08 9.073910448334390200e-01
1.133779264214046690e-08 9.058997062414169132e-01
1.143812709030100166e-08 9.044007368980714334e-01
1.153846153846153641e-08 9.028942640528292429e-01
1.163879598662207117e-08 9.013804151864059921e-01
1.173913043478260757e-08 8.998593179922356189e-01
1.183946488294314233e-08 8.983311003579300680e-01
1.193979933110367708e-08 8.967958903467674325e-01
1.204013377926421184e-08 8.952538161792154003e-01
1.214046822742474824e-08 8.937050062144917817e-01
1.224080267558528300e-08 8.921495889321675588e-01
1.234113712374581775e-08 8.905876929138150100e-01
1.244147157190635251e-08 8.890194468247039072e-01
1.254180602006688726e-08 8.874449793955496713e-01
1.264214046822742367e-08 8.858644194043178155e-01
1.274247491638795842e-08 8.842778956580892302e-01
1.284280936454849318e-08 8.826855369749834201e-01
1.294314381270902793e-08 8.810874721661533515e-01
1.304347826086956269e-08 8.794838300178480228e-01
1.314381270903009909e-08 8.778747392735440913e-01
1.324414715719063385e-08 8.762603286161616545e-01
1.334448160535116860e-08 8.746407266503516409e-01
1.344481605351170336e-08 8.730160618848719078e-01
1.354515050167223811e-08 8.713864627150466058e-01
1.364548494983277452e-08 8.697520574053158038e-01
1.374581939799330927e-08 8.681129740718795951e-01
1.384615384615384403e-08 8.664693406654337959e-01
1.394648829431437878e-08 8.648212849540105607e-01
1.404682274247491519e-08 8.631689345059159191e-01
1.414715719063544994e-08 8.615124166727758936e-01
1.424749163879598470e-08 8.598518585726891983e-01
1.434782608695651945e-08 8.581873870734926246e-01
1.444816053511705420e-08 8.565191287761402261e-01
1.454849498327759061e-08 8.548472099981995198e-01
1.464882943143812537e-08 8.531717567574679251e-01
1.474916387959866012e-08 8.514928947557134364e-01
1.484949832775919487e-08 8.498107493625387532e-01
1.494983277591973128e-08 8.481254455993777475e-01
1.505016722408026604e-08 8.464371081236192751e-01
1.515050167224080079e-08 8.447458612128695421e-01
1.525083612040133554e-08 8.430518287493465879e-01
1.535117056856187030e-08 8.413551342044187642e-01
1.545150501672240505e-08 8.396559006232821032e-01
1.555183946488293981e-08 8.379542506097846788e-01
1.565217391304347456e-08 8.362503063113951862e-01
1.575250836120401262e-08 8.345441894043251763e-01
1.585284280936454738e-08 8.328360210787995044e-01
1.595317725752508213e-08 8.311259220244828771e-01
1.605351170568561688e-08 8.294140124160636063e-01
1.615384615384615164e-08 8.277004118989956805e-01
1.625418060200668639e-08 8.259852395754015975e-01
1.635451505016722115e-08 8.242686139901403974e-01
1.645484949832775590e-08 8.225506531170388991e-01
1.655518394648829065e-08 8.208314743452922446e-01
1.665551839464882872e-08 8.191111944660355304e-01
1.675585284280936347e-08 8.173899296590820818e-01
1.685618729096989823e-08 8.156677954798419172e-01
1.695652173913043298e-08 8.139449068464117421e-01
1.705685618729096773e-08 8.122213780268429106e-01
1.715719063545150249e-08 8.104973226265895780e-01
1.725752508361203724e-08 8.087728535761380400e-01
1.735785953177257200e-08 8.070480831188165949e-01
1.745819397993310675e-08 8.053231227987935892e-01
1.755852842809364150e-08 8.035980834492578717e-01
1.765886287625417957e-08 8.018730751807887636e-01
1.775919732441471432e-08 8.001482073699143216e-01
1.785953177257524907e-08 7.984235886478611155e-01
1.795986622073578383e-08 7.966993268894946301e-01
1.806020066889631858e-08 7.949755292024537345e-01
1.816053511705685334e-08 7.932523019164794409e-01
1.826086956521738809e-08 7.915297505729407268e-01
1.836120401337792284e-08 7.898079799145535373e-01
1.846153846153845760e-08 7.880870938753044008e-01
1.856187290969899566e-08 7.863671955705668903e-01
1.866220735785953041e-08 7.846483872874222554e-01
1.876254180602006517e-08 7.829307704751798935e-01
1.886287625418059992e-08 7.812144457361012151e-01
1.896321070234113468e-08 7.794995128163244580e-01
1.906354515050166943e-08 7.777860705969964483e-01
1.916387959866220418e-08 7.760742170856060884e-01
1.926421404682273894e-08 7.743640494075253455e-01
1.936454849498327369e-08 7.726556637977562980e-01
1.946488294314380845e-08 7.709491555928826845e-01
1.956521739130434651e-08 7.692446192232328395e-01
1.966555183946488126e-08 7.675421482052466882e-01
1.976588628762541602e-08 7.658418351340515740e-01
1.986622073578595077e-08 7.641437716762505827e-01
1.996655518394648553e-08 7.624480485629137050e-01
2.006688963210702028e-08 7.607547555827849362e-01
2.016722408026755503e-08 7.590639815756932141e-01
2.026755852842808979e-08 7.573758144261782954e-01
2.036789297658862454e-08 7.556903410573210245e-01
2.046822742474916260e-08 7.540076474247910943e-01
2.056856187290969736e-08 7.523278185110974237e-01
2.066889632107023211e-08 7.506509383200529184e-01
2.076923076923076687e-08 7.489770898714492864e-01
2.086956521739130162e-08 7.473063551959402417e-01
2.096989966555183637e-08 7.456388153301362065e-01
2.107023411371237113e-08 7.439745503119062908e-01
2.117056856187290588e-08 7.423136391758928809e-01
2.127090301003344064e-08 7.406561599492332837e-01
2.137123745819397539e-08 7.390021896474897600e-01
2.147157190635451345e-08 7.373518042707885023e-01
2.157190635451504821e-08 7.357050788001697761e-01
2.167224080267558296e-08 7.340620871941367920e-01
2.177257525083611771e-08 7.324229023854220699e-01
2.187290969899665247e-08 7.307875962779526446e-01
2.197324414715718722e-08 7.291562397440235488e-01
2.207357859531772198e-08 7.275289026216766874e-01
2.217391304347825673e-08 7.259056537122816621e-01
2.227424749163879148e-08 7.242865607783233184e-01
2.237458193979932955e-08 7.226716905413895775e-01
2.247491638795986430e-08 7.210611086803599967e-01
2.257525083612039905e-08 7.194548798297997205e-01
2.267558528428093381e-08 7.178530675785478321e-01
2.277591973244146856e-08 7.162557344685075433e-01
2.287625418060200332e-08 7.146629419936347816e-01
2.297658862876253807e-08 7.130747505991208435e-01
2.307692307692307282e-08 7.114912196807736677e-01
2.317725752508360758e-08 7.099124075845906212e-01
2.327759197324414233e-08 7.083383716065271285e-01
2.337792642140468040e-08 7.067691679924552606e-01
2.347826086956521515e-08 7.052048519383142811e-01
2.357859531772574990e-08 7.036454775904493752e-01
2.367892976588628466e-08 7.020910980461394502e-01
2.377926421404681941e-08 7.005417653543107859e-01
2.387959866220735417e-08 6.989975305164350949e-01
2.397993311036788892e-08 6.974584434876138772e-01
2.408026755852842367e-08 6.959245531778405214e-01
2.418060200668895843e-08 6.943959074534475917e-01
2.428093645484949649e-08 6.928725531387279757e-01
2.438127090301003124e-08 6.913545360177391075e-01
2.448160535117056600e-08 6.898419008362771665e-01
2.458193979933110075e-08 6.883346913040290227e-01
2.468227424749163551e-08 6.868329500968940460e-01
2.478260869565217026e-08 6.853367188594784443e-01
2.488294314381270501e-08 6.838460382077559130e-01
2.498327759197323977e-08 6.823609477318960392e-01
2.508361204013377452e-08 6.808814859992583512e-01
2.518394648829430928e-08 6.794076905575481273e-01
2.528428093645484734e-08 6.779395979381337423e-01
2.538461538461538209e-08 6.764772436595234417e-01
2.548494983277591685e-08 6.750206622309987692e-01
2.558528428093645160e-08 6.735698871564033130e-01
2.568561872909698635e-08 6.721249509380846643e-01
2.578595317725752111e-08 6.706858850809873651e-01
2.588628762541805586e-08 6.692527200968944046e-01
2.598662207357859062e-08 6.678254855088167075e-01
2.608695652173912537e-08 6.664042098555251759e-01
2.618729096989966343e-08 6.649889206962291688e-01
2.628762541806019819e-08 6.635796446153896522e-01
2.638795986622073294e-08 6.621764072276768998e-01
2.648829431438126769e-08 6.607792331830585342e-01
2.658862876254180245e-08 6.593881461720255688e-01
2.668896321070233720e-08 6.580031689309477905e-01
2.678929765886287196e-08 6.566243232475574843e-01
2.688963210702340671e-08 6.552516299665636090e-01
2.698996655518394146e-08 6.538851089953863216e-01
2.709030100334447622e-08 6.525247793100162896e-01
2.719063545150501428e-08 6.511706589609936868e-01
2.729096989966554904e-08 6.498227650795046495e-01
2.739130434782608379e-08 6.484811138835916422e-01
2.749163879598661854e-08 6.471457206844787313e-01
2.759197324414715330e-08 6.458165998930058826e-01
2.769230769230768805e-08 6.444937650261712836e-01
2.779264214046822281e-08 6.431772287137803579e-01
2.789297658862875756e-08 6.418670027051962546e-01
2.799331103678929231e-08 6.405630978761928107e-01
2.809364548494983038e-08 6.392655242359038814e-01
2.819397993311036513e-08 6.379742909338708134e-01
2.829431438127089988e-08 6.366894062671807353e-01
2.839464882943143464e-08 6.354108776876972176e-01
2.849498327759196939e-08 6.341387118093795294e-01
2.859531772575250415e-08 6.328729144156870490e-01
2.869565217391303890e-08 6.316134904670669403e-01
2.879598662207357365e-08 6.303604441085235432e-01
2.889632107023410841e-08 6.291137786772657003e-01
2.899665551839464316e-08 6.278734967104301345e-01
2.909698996655518122e-08 6.266395999528788785e-01
2.919732441471571598e-08 6.254120893650658708e-01
2.929765886287625073e-08 6.241909651309741625e-01
2.939799331103678549e-08 6.229762266661177383e-01
2.949832775919732024e-08 6.217678726256076205e-01
2.959866220735785499e-08 6.205659009122778125e-01
2.969899665551838975e-08 6.193703086848711958e-01
2.979933110367892450e-08 6.181810923662803825e-01
2.989966555183946256e-08 6.169982476518416359e-01
2.999999999999999732e-08 6.158217695176825268e-01
