0.000000000000000000e+00 9.999999999999995559e-01
1.003344481605351029e-10 9.999999941056402220e-01
2.006688963210702059e-10 9.999999764225622201e-01
3.010033444816052959e-10 9.999999469507671046e-01
4.013377926421404118e-10 9.999999056902569849e-01
5.016722408026755277e-10 9.999998526410347477e-01
6.020066889632105918e-10 9.999997878031041676e-01
7.023411371237457594e-10 9.999997111764700186e-01
8.026755852842808236e-10 9.999996227611380739e-01
9.030100334448158877e-10 9.999995225571141066e-01
1.003344481605351055e-09 9.999994105644056663e-01
1.103678929765886223e-09 9.999992867830207466e-01
1.204013377926421184e-09 9.999991512129680071e-01
1.304347826086956351e-09 9.999990038542579951e-01
1.404682274247491519e-09 9.999988447069004804e-01
1.505016722408026480e-09 9.999986737709073426e-01
1.605351170568561647e-09 9.999984910462905718e-01
1.705685618729096815e-09 9.999982965330638240e-01
1.806020066889631775e-09 9.999980902312406439e-01
1.906354515050166943e-09 9.999978721408360194e-01
2.006688963210702111e-09 9.999976422618657157e-01
2.107023411371237278e-09 9.999974005943460531e-01
2.207357859531772446e-09 9.999971471382949062e-01
2.307692307692307200e-09 9.999968818937299275e-01
2.408026755852842367e-09 9.999966048606706570e-01
2.508361204013377535e-09 9.999963160391368566e-01
2.608695652173912702e-09 9.999960154291491765e-01
2.709030100334447870e-09 9.999957030307295991e-01
2.809364548494983038e-09 9.999953788438999958e-01
2.909698996655517792e-09 9.999950428686846804e-01
3.010033444816052959e-09 9.999946951051068567e-01
3.110367892976588127e-09 9.999943355531919487e-01
3.210702341137123294e-09 9.999939642129661577e-01
3.311036789297658462e-09 9.999935810844556849e-01
3.411371237458193629e-09 9.999931861676882860e-01
3.511705685618728797e-09 9.999927794626926048e-01
3.612040133779263551e-09 9.999923609694976179e-01
3.712374581939798719e-09 9.999919306881334125e-01
3.812709030100333886e-09 9.999914886186311858e-01
3.913043478260868640e-09 9.999910347610224681e-01
4.013377926421404221e-09 9.999905691153406773e-01
4.113712374581938975e-09 9.999900916816183427e-01
4.214046822742474556e-09 9.999896024598902144e-01
4.314381270903009310e-09 9.999891014501918196e-01
4.414715719063544892e-09 9.999885886525586853e-01
4.515050167224079646e-09 9.999880640670281151e-01
4.615384615384614399e-09 9.999875276936378565e-01
4.715719063545149981e-09 9.999869795324259902e-01
4.816053511705684735e-09 9.999864195834327063e-01
4.916387959866220316e-09 9.999858478466976397e-01
5.016722408026755070e-09 9.999852643222624238e-01
5.117056856187290651e-09 9.999846690101691360e-01
5.217391304347825405e-09 9.999840619104599648e-01
5.317725752508360159e-09 9.999834430231792082e-01
5.418060200668895740e-09 9.999828123483709419e-01
5.518394648829430494e-09 9.999821698860811292e-01
5.618729096989966075e-09 9.999815156363557334e-01
5.719063545150500829e-09 9.999808495992418278e-01
5.819397993311035583e-09 9.999801717747871521e-01
5.919732441471571164e-09 9.999794821630406672e-01
6.020066889632105918e-09 9.999787807640521109e-01
6.120401337792641499e-09 9.999780675778717765e-01
6.220735785953176253e-09 9.999773426045510671e-01
6.321070234113711835e-09 9.999766058441421634e-01
6.421404682274246589e-09 9.999758572966984671e-01
6.521739130434781343e-09 9.999750969622730468e-01
6.622073578595316924e-09 9.999743248409211915e-01
6.722408026755851678e-09 9.999735409326984126e-01
6.822742474916387259e-09 9.999727452376607761e-01
6.923076923076922013e-09 9.999719377558662359e-01
7.023411371237457594e-09 9.999711184873721903e-01
7.123745819397992348e-09 9.999702874322381474e-01
7.224080267558527102e-09 9.999694445905235041e-01
7.324414715719062683e-09 9.999685899622891005e-01
7.424749163879597437e-09 9.999677235475965542e-01
7.525083612040133018e-09 9.999668453465079265e-01
7.625418060200667772e-09 9.999659553590867223e-01
7.725752508361202526e-09 9.999650535853970013e-01
7.826086956521737280e-09 9.999641400255033785e-01
7.926421404682273689e-09 9.999632146794715792e-01
8.026755852842808442e-09 9.999622775473684388e-01
8.127090301003343196e-09 9.999613286292615699e-01
8.227424749163877950e-09 9.999603679252191402e-01
8.327759197324414359e-09 9.999593954353097613e-01
8.428093645484949113e-09 9.999584111596040437e-01
8.528428093645483867e-09 9.999574150981729304e-01
8.628762541806018621e-09 9.999564072510873647e-01
8.729096989966553375e-09 9.999553876184202883e-01
8.829431438127089783e-09 9.999543562002455310e-01
8.929765886287624537e-09 9.999533129966365896e-01
9.030100334448159291e-09 9.999522580076690703e-01
9.130434782608694045e-09 9.999511912334184682e-01
9.230769230769228799e-09 9.999501126739619439e-01
9.331103678929765207e-09 9.999490223293766578e-01
9.431438127090299961e-09 9.999479201997419908e-01
9.531772575250834715e-09 9.999468062851359917e-01
9.632107023411369469e-09 9.999456805856398178e-01
9.732441471571904223e-09 9.999445431013338492e-01
9.832775919732440632e-09 9.999433938323006865e-01
9.933110367892975386e-09 9.999422327786222642e-01
1.003344481605351014e-08 9.999410599403828481e-01
1.013377926421404489e-08 9.999398753176659271e-01
1.023411371237458130e-08 9.999386789105577655e-01
1.033444816053511606e-08 9.999374707191435174e-01
1.043478260869565081e-08 9.999362507435108904e-01
1.053511705685618556e-08 9.999350189837474812e-01
1.063545150501672032e-08 9.999337754399417744e-01
1.073578595317725673e-08 9.999325201121831430e-01
1.083612040133779148e-08 9.999312530005624033e-01
1.093645484949832623e-08 9.999299741051703716e-01
1.103678929765886099e-08 9.999286834260991963e-01
1.113712374581939574e-08 9.999273809634416921e-01
1.123745819397993215e-08 9.999260667172916728e-01
1.133779264214046690e-08 9.999247406877439515e-01
1.143812709030100166e-08 9.999234028748932301e-01
1.153846153846153641e-08 9.999220532788367644e-01
1.163879598662207117e-08 9.999206918996706994e-01
1.173913043478260757e-08 9.999193187374936231e-01
1.183946488294314233e-08 9.999179337924043454e-01
1.193979933110367708e-08 9.999165370645021200e-01
1.204013377926421184e-08 9.999151285538878664e-01
1.214046822742474824e-08 9.999137082606628368e-01
1.224080267558528300e-08 9.999122761849292829e-01
1.234113712374581775e-08 9.999108323267904552e-01
1.244147157190635251e-08 9.999093766863494936e-01
1.254180602006688726e-08 9.999079092637119803e-01
1.264214046822742367e-08 9.999064300589830534e-01
1.274247491638795842e-08 9.999049390722691832e-01
1.284280936454849318e-08 9.999034363036781725e-01
1.294314381270902793e-08 9.999019217533177128e-01
1.304347826086956269e-08 9.999003954212967171e-01
1.314381270903009909e-08 9.998988573077250974e-01
1.324414715719063385e-08 9.998973074127139871e-01
1.334448160535116860e-08 9.998957457363741863e-01
1.344481605351170336e-08 9.998941722788183828e-01
1.354515050167223811e-08 9.998925870401601523e-01
1.364548494983277452e-08 9.998909900205132928e-01
1.374581939799330927e-08 9.998893812199923792e-01
1.384615384615384403e-08 9.998877606387137629e-01
1.394648829431437878e-08 9.998861282767939063e-01
1.404682274247491519e-08 9.998844841343501599e-01
1.414715719063544994e-08 9.998828282115006516e-01
1.424749163879598470e-08 9.998811605083650633e-01
1.434782608695651945e-08 9.998794810250628551e-01
1.444816053511705420e-08 9.998777897617152632e-01
1.454849498327759061e-08 9.998760867184441903e-01
1.464882943143812537e-08 9.998743718953714277e-01
1.474916387959866012e-08 9.998726452926209873e-01
1.484949832775919487e-08 9.998709069103171032e-01
1.494983277591973128e-08 9.998691567485844534e-01
1.505016722408026604e-08 9.998673948075490481e-01
1.515050167224080079e-08 9.998656210873383410e-01
1.525083612040133554e-08 9.998638355880792306e-01
1.535117056856187030e-08 9.998620383099005027e-01
1.545150501672240505e-08 9.998602292529314983e-01
1.555183946488293981e-08 9.998584084173022246e-01
1.565217391304347456e-08 9.998565758031440209e-01
1.575250836120401262e-08 9.998547314105884487e-01
1.585284280936454738e-08 9.998528752397679575e-01
1.595317725752508213e-08 9.998510072908171065e-01
1.605351170568561688e-08 9.998491275638696774e-01
1.615384615384615164e-08 9.998472360590604513e-01
1.625418060200668639e-08 9.998453327765260967e-01
1.635451505016722115e-08 9.998434177164039482e-01
1.645484949832775590e-08 9.998414908788311184e-01
1.655518394648829065e-08 9.998395522639466071e-01
1.665551839464882872e-08 9.998376018718897473e-01
1.675585284280936347e-08 9.998356397028010933e-01
1.685618729096989823e-08 9.998336657568214214e-01
1.695652173913043298e-08 9.998316800340933952e-01
1.705685618729096773e-08 9.998296825347595673e-01
1.715719063545150249e-08 9.998276732589631566e-01
1.725752508361203724e-08 9.998256522068494911e-01
1.735785953177257200e-08 9.998236193785640102e-01
1.745819397993310675e-08 9.998215747742521531e-01
1.755852842809364150e-08 9.998195183940621344e-01
1.765886287625417957e-08 9.998174502381411699e-01
1.775919732441471432e-08 9.998153703066382514e-01
1.785953177257524907e-08 9.998132785997029259e-01
1.795986622073578383e-08 9.998111751174860728e-01
1.806020066889631858e-08 9.998090598601390155e-01
1.816053511705685334e-08 9.998069328278132994e-01
1.826086956521738809e-08 9.998047940206628015e-01
1.836120401337792284e-08 9.998026434388409545e-01
1.846153846153845760e-08 9.998004810825025235e-01
1.856187290969899566e-08 9.997983069518032728e-01
1.866220735785953041e-08 9.997961210468995219e-01
1.876254180602006517e-08 9.997939233679483673e-01
1.886287625418059992e-08 9.997917139151084598e-01
1.896321070234113468e-08 9.997894926885382283e-01
1.906354515050166943e-08 9.997872596883977669e-01
1.916387959866220418e-08 9.997850149148478360e-01
1.926421404682273894e-08 9.997827583680496399e-01
1.936454849498327369e-08 9.997804900481658263e-01
1.946488294314380845e-08 9.997782099553592650e-01
1.956521739130434651e-08 9.997759180897944908e-01
1.966555183946488126e-08 9.997736144516360390e-01
1.976588628762541602e-08 9.997712990410497769e-01
1.986622073578595077e-08 9.997689718582023488e-01
1.996655518394648553e-08 9.997666329032610655e-01
2.006688963210702028e-08 9.997642821763943477e-01
2.016722408026755503e-08 9.997619196777710604e-01
2.026755852842808979e-08 9.997595454075612897e-01
2.036789297658862454e-08 9.997571593659363431e-01
2.046822742474916260e-08 9.997547615530673060e-01
2.056856187290969736e-08 9.997523519691270399e-01
2.066889632107023211e-08 9.997499306142885178e-01
2.076923076923076687e-08 9.997474974887263777e-01
2.086956521739130162e-08 9.997450525926154796e-01
2.096989966555183637e-08 9.997425959261316830e-01
2.107023411371237113e-08 9.997401274894516243e-01
2.117056856187290588e-08 9.997376472827534943e-01
2.127090301003344064e-08 9.997351553062150398e-01
2.137123745819397539e-08 9.997326515600157837e-01
2.147157190635451345e-08 9.997301360443360263e-01
2.157190635451504821e-08 9.997276087593566229e-01
2.167224080267558296e-08 9.997250697052594282e-01
2.177257525083611771e-08 9.997225188822268516e-01
2.187290969899665247e-08 9.997199562904428571e-01
2.197324414715718722e-08 9.997173819300915198e-01
2.207357859531772198e-08 9.997147958013584690e-01
2.217391304347825673e-08 9.997121979044290008e-01
2.227424749163879148e-08 9.997095882394906319e-01
2.237458193979932955e-08 9.997069668067308790e-01
2.247491638795986430e-08 9.997043336063385910e-01
2.257525083612039905e-08 9.997016886385025058e-01
2.267558528428093381e-08 9.996990319034136929e-01
2.277591973244146856e-08 9.996963634012631106e-01
2.287625418060200332e-08 9.996936831322427164e-01
2.297658862876253807e-08 9.996909910965451340e-01
2.307692307692307282e-08 9.996882872943640974e-01
2.317725752508360758e-08 9.996855717258940066e-01
2.327759197324414233e-08 9.996828443913305939e-01
2.337792642140468040e-08 9.996801052908698138e-01
2.347826086956521515e-08 9.996773544247087306e-01
2.357859531772574990e-08 9.996745917930454084e-01
2.367892976588628466e-08 9.996718173960782439e-01
2.377926421404681941e-08 9.996690312340071882e-01
2.387959866220735417e-08 9.996662333070324147e-01
2.397993311036788892e-08 9.996634236153554287e-01
2.408026755852842367e-08 9.996606021591784019e-01
2.418060200668895843e-08 9.996577689387038390e-01
2.428093645484949649e-08 9.996549239541360210e-01
2.438127090301003124e-08 9.996520672056796730e-01
2.448160535117056600e-08 9.996491986935398533e-01
2.458193979933110075e-08 9.996463184179229522e-01
2.468227424749163551e-08 9.996434263790369146e-01
2.478260869565217026e-08 9.996405225770886860e-01
2.488294314381270501e-08 9.996376070122880986e-01
2.498327759197323977e-08 9.996346796848444294e-01
2.508361204013377452e-08 9.996317405949682877e-01
2.518394648829430928e-08 9.996287897428711711e-01
2.528428093645484734e-08 9.996258271287653541e-01
2.538461538461538209e-08 9.996228527528638885e-01
2.548494983277591685e-08 9.996198666153808254e-01
2.558528428093645160e-08 9.996168687165308819e-01
2.568561872909698635e-08 9.996138590565299964e-01
2.578595317725752111e-08 9.996108376355939962e-01
2.588628762541805586e-08 9.996078044539405960e-01
2.598662207357859062e-08 9.996047595117887319e-01
2.608695652173912537e-08 9.996017028093562296e-01
2.618729096989966343e-08 9.995986343468634683e-01
2.628762541806019819e-08 9.995955541245314935e-01
2.638795986622073294e-08 9.995924621425812395e-01
2.648829431438126769e-08 9.995893584012355282e-01
2.658862876254180245e-08 9.995862429007177363e-01
2.668896321070233720e-08 9.995831156412514629e-01
2.678929765886287196e-08 9.995799766230620831e-01
2.688963210702340671e-08 9.995768258463751943e-01
2.698996655518394146e-08 9.995736633114175040e-01
2.709030100334447622e-08 9.995704890184169411e-01
2.719063545150501428e-08 9.995673029676007681e-01
2.729096989966554904e-08 9.995641051591986903e-01
2.739130434782608379e-08 9.995608955934411899e-01
2.749163879598661854e-08 9.995576742705587492e-01
2.759197324414715330e-08 9.995544411907828497e-01
2.769230769230768805e-08 9.995511963543465273e-01
2.779264214046822281e-08 9.995479397614827066e-01
2.789297658862875756e-08 9.995446714124257559e-01
2.799331103678929231e-08 9.995413913074108203e-01
2.809364548494983038e-08 9.995380994466738223e-01
2.819397993311036513e-08 9.995347958304516833e-01
2.829431438127089988e-08 9.995314804589816582e-01
2.839464882943143464e-08 9.995281533325027779e-01
2.849498327759196939e-08 9.995248144512538513e-01
2.859531772575250415e-08 9.995214638154751308e-01
2.869565217391303890e-08 9.995181014254076457e-01
2.879598662207357365e-08 9.995147272812930916e-01
2.889632107023410841e-08 9.995113413833744964e-01
2.899665551839464316e-08 9.995079437318953319e-01
2.909698996655518122e-08 9.995045343270997362e-01
2.919732441471571598e-08 9.995011131692328465e-01
2.929765886287625073e-08 9.994976802585411324e-01
2.939799331103678549e-08 9.994942355952710633e-01
2.949832775919732024e-08 9.994907791796707741e-01
2.959866220735785499e-08 9.994873110119883997e-01
2.969899665551838975e-08 9.994838310924737401e-01
2.979933110367892450e-08 9.994803394213769288e-01
2.989966555183946256e-08 9.994768359989493201e-01
2.999999999999999732e-08 9.994733208254426016e-01
