0.000000000000000000e+00 9.999999999999995559e-01
1.003344481605351029e-10 9.999661202119947134e-01
2.006688963210702059e-10 9.998644948629926699e-01
3.010033444816052959e-10 9.996951659882507002e-01
4.013377926421404118e-10 9.994582036139224579e-01
5.016722408026755277e-10 9.991537057081831819e-01
6.020066889632105918e-10 9.987817981128617184e-01
7.023411371237457594e-10 9.983426344556537435e-01
8.026755852842808236e-10 9.978363960429864621e-01
9.030100334448158877e-10 9.972632917336445857e-01
1.003344481605351055e-09 9.966235577932665013e-01
1.103678929765886223e-09 9.959174577298491871e-01
1.204013377926421184e-09 9.951452821104141977e-01
1.304347826086956351e-09 9.943073483590016970e-01
1.404682274247491519e-09 9.934040005361819414e-01
1.505016722408026480e-09 9.924356091002887181e-01
1.605351170568561647e-09 9.914025706505866786e-01
1.705685618729096815e-09 9.903053076526239229e-01
1.806020066889631775e-09 9.891442681460091979e-01
1.906354515050166943e-09 9.879199254348888237e-01
2.006688963210702111e-09 9.866327777614114503e-01
2.107023411371237278e-09 9.852833479624696356e-01
2.207357859531772446e-09 9.838721831100458726e-01
2.307692307692307200e-09 9.823998541354853620e-01
2.408026755852842367e-09 9.808669554380393674e-01
2.508361204013377535e-09 9.792741044780387538e-01
2.608695652173912702e-09 9.776219413550722992e-01
2.709030100334447870e-09 9.759111283715451446e-01
2.809364548494983038e-09 9.741423495820261680e-01
2.909698996655517792e-09 9.723163103287828513e-01
3.010033444816052959e-09 9.704337367639336298e-01
3.110367892976588127e-09 9.684953753586442726e-01
3.210702341137123294e-09 9.665019923998158236e-01
3.311036789297658462e-09 9.644543734747156316e-01
3.411371237458193629e-09 9.623533229440159875e-01
3.511705685618728797e-09 9.601996634037160971e-01
3.612040133779263551e-09 9.579942351364234554e-01
3.712374581939798719e-09 9.557378955524944431e-01
3.812709030100333886e-09 9.534315186215235327e-01
3.913043478260868640e-09 9.510759942946921397e-01
4.013377926421404221e-09 9.486722279184894857e-01
4.113712374581938975e-09 9.462211396403222841e-01
4.214046822742474556e-09 9.437236638065387151e-01
4.314381270903009310e-09 9.411807483533984886e-01
4.414715719063544892e-09 9.385933541915194578e-01
4.515050167224079646e-09 9.359624545843399090e-01
4.615384615384614399e-09 9.332890345211437566e-01
4.715719063545149981e-09 9.305740900851828812e-01
4.816053511705684735e-09 9.278186278174530566e-01
4.916387959866220316e-09 9.250236640766662521e-01
5.016722408026755070e-09 9.221902243959726464e-01
5.117056856187290651e-09 9.193193428369773601e-01
5.217391304347825405e-09 9.164120613416093519e-01
5.317725752508360159e-09 9.134694290823844876e-01
5.418060200668895740e-09 9.104925018116187818e-01
5.518394648829430494e-09 9.074823412101303832e-01
5.618729096989966075e-09 9.044400142359830808e-01
5.719063545150500829e-09 9.013665924738059054e-01
5.819397993311035583e-09 8.982631514852318366e-01
5.919732441471571164e-09 8.951307701609881873e-01
6.020066889632105918e-09 8.919705300751674670e-01
6.120401337792641499e-09 8.887835148422041920e-01
6.220735785953176253e-09 8.855708094770810002e-01
6.321070234113711835e-09 8.823334997592676698e-01
6.421404682274246589e-09 8.790726716009117370e-01
6.521739130434781343e-09 8.757894104197704310e-01
6.622073578595316924e-09 8.724848005173807541e-01
6.722408026755851678e-09 8.691599244629520937e-01
6.822742474916387259e-09 8.658158624834565442e-01
6.923076923076922013e-09 8.624536918603787905e-01
7.023411371237457594e-09 8.590744863335931791e-01
7.123745819397992348e-09 8.556793155128027406e-01
7.224080267558527102e-09 8.522692442969905802e-01
7.324414715719062683e-09 8.488453323022989716e-01
7.424749163879597437e-09 8.454086332987573726e-01
7.525083612040133018e-09 8.419601946562643713e-01
7.625418060200667772e-09 8.385010568002125853e-01
7.725752508361202526e-09 8.350322526771393195e-01
7.826086956521737280e-09 8.315548072307700211e-01
7.926421404682273689e-09 8.280697368888102483e-01
8.026755852842808442e-09 8.245780490608267677e-01
8.127090301003343196e-09 8.210807416475490728e-01
8.227424749163877950e-09 8.175788025619047383e-01
8.327759197324414359e-09 8.140732092620890370e-01
8.428093645484949113e-09 8.105649282969601410e-01
8.528428093645483867e-09 8.070549148640291381e-01
8.628762541806018621e-09 8.035441123803023222e-01
8.729096989966553375e-09 8.000334520662263360e-01
8.829431438127089783e-09 7.965238525429574334e-01
8.929765886287624537e-09 7.930162194431740197e-01
9.030100334448159291e-09 7.895114450356279789e-01
9.130434782608694045e-09 7.860104078636237501e-01
9.230769230769228799e-09 7.825139723975879091e-01
9.331103678929765207e-09 7.790229887018860211e-01
9.431438127090299961e-09 7.755382921160240972e-01
9.531772575250834715e-09 7.720607029503550045e-01
9.632107023411369469e-09 7.685910261964021828e-01
9.732441471571904223e-09 7.651300512518837138e-01
9.832775919732440632e-09 7.616785516605213413e-01
9.933110367892975386e-09 7.582372848666907306e-01
1.003344481605351014e-08 7.548069919849563769e-01
1.013377926421404489e-08 7.513883975845289109e-01
1.023411371237458130e-08 7.479822094886512396e-01
1.033444816053511606e-08 7.445891185889181862e-01
1.043478260869565081e-08 7.412097986745134204e-01
1.053511705685618556e-08 7.378449062763361432e-01
1.063545150501672032e-08 7.344950805259676807e-01
1.073578595317725673e-08 7.311609430294264689e-01
1.083612040133779148e-08 7.278430977556299419e-01
1.093645484949832623e-08 7.245421309394860510e-01
1.103678929765886099e-08 7.212586109995045014e-01
1.113712374581939574e-08 7.179930884698172422e-01
1.123745819397993215e-08 7.147460959464810859e-01
1.133779264214046690e-08 7.115181480479197962e-01
1.143812709030100166e-08 7.083097413893510996e-01
1.153846153846153641e-08 7.051213545710363073e-01
1.163879598662207117e-08 7.019534481801680270e-01
1.173913043478260757e-08 6.988064648062107809e-01
1.183946488294314233e-08 6.956808290694912467e-01
1.193979933110367708e-08 6.925769476628224064e-01
1.204013377926421184e-08 6.894952094059411118e-01
1.214046822742474824e-08 6.864359853125231448e-01
1.224080267558528300e-08 6.833996286695290800e-01
1.234113712374581775e-08 6.803864751286305967e-01
1.244147157190635251e-08 6.773968428094510053e-01
1.254180602006688726e-08 6.744310324143452107e-01
1.264214046822742367e-08 6.714893273544434438e-01
1.274247491638795842e-08 6.685719938866638845e-01
1.284280936454849318e-08 6.656792812613998578e-01
1.294314381270902793e-08 6.628114218805749580e-01
1.304347826086956269e-08 6.599686314657590147e-01
1.314381270903009909e-08 6.571511092360197148e-01
1.324414715719063385e-08 6.543590380951962437e-01
1.334448160535116860e-08 6.515925848282546617e-01
1.344481605351170336e-08 6.488519003063986101e-01
1.354515050167223811e-08 6.461371197005914002e-01
1.364548494983277452e-08 6.434483627031513109e-01
1.374581939799330927e-08 6.407857337570651568e-01
1.384615384615384403e-08 6.381493222926779563e-01
1.394648829431437878e-08 6.355392029713996527e-01
1.404682274247491519e-08 6.329554359360763938e-01
1.414715719063544994e-08 6.303980670676669895e-01
1.424749163879598470e-08 6.278671282478651694e-01
1.434782608695651945e-08 6.253626376273099252e-01
1.444816053511705420e-08 6.228845998990202304e-01
1.454849498327759061e-08 6.204330065766947566e-01
1.464882943143812537e-08 6.180078362775153211e-01
1.474916387959866012e-08 6.156090550090943525e-01
1.484949832775919487e-08 6.132366164602067737e-01
1.494983277591973128e-08 6.108904622949504759e-01
1.505016722408026604e-08 6.085705224499777799e-01
1.515050167224080079e-08 6.062767154344473886e-01
1.525083612040133554e-08 6.040089486323449997e-01
1.535117056856187030e-08 6.017671186068246358e-01
1.545150501672240505e-08 5.995511114062301861e-01
1.555183946488293981e-08 5.973608028714558760e-01
1.565217391304347456e-08 5.951960589443087146e-01
1.575250836120401262e-08 5.930567359765458457e-01
1.585284280936454738e-08 5.909426810392599538e-01
1.595317725752508213e-08 5.888537322322890954e-01
1.605351170568561688e-08 5.867897189933446445e-01
1.615384615384615164e-08 5.847504624065393841e-01
1.625418060200668639e-08 5.827357755100204262e-01
1.635451505016722115e-08 5.807454636024091954e-01
1.645484949832775590e-08 5.787793245477593773e-01
1.655518394648829065e-08 5.768371490787526090e-01
1.665551839464882872e-08 5.749187210978567997e-01
1.675585284280936347e-08 5.730238179761826256e-01
1.685618729096989823e-08 5.711522108497782968e-01
1.695652173913043298e-08 5.693036649131126836e-01
1.705685618729096773e-08 5.674779397095059963e-01
1.715719063545150249e-08 5.656747894182744263e-01
1.725752508361203724e-08 5.638939631383640405e-01
1.735785953177257200e-08 5.621352051682579898e-01
1.745819397993310675e-08 5.603982552819526397e-01
1.755852842809364150e-08 5.586828490008024506e-01
1.765886287625417957e-08 5.569887178610485323e-01
1.775919732441471432e-08 5.553155896768505739e-01
1.785953177257524907e-08 5.536631887986541711e-01
1.795986622073578383e-08 5.520312363667346789e-01
1.806020066889631858e-08 5.504194505597661546e-01
1.816053511705685334e-08 5.488275468382796118e-01
1.826086956521738809e-08 5.472552381828754697e-01
1.836120401337792284e-08 5.457022353270750692e-01
1.846153846153845760e-08 5.441682469846980119e-01
1.856187290969899566e-08 5.426529800716650698e-01
1.866220735785953041e-08 5.411561399221394009e-01
1.876254180602006517e-08 5.396774304989199189e-01
1.886287625418059992e-08 5.382165545980220900e-01
1.896321070234113468e-08 5.367732140473793212e-01
1.906354515050166943e-08 5.353471098996174238e-01
1.916387959866220418e-08 5.339379426188592959e-01
1.926421404682273894e-08 5.325454122615247421e-01
1.936454849498327369e-08 5.311692186511082214e-01
1.946488294314380845e-08 5.298090615469130960e-01
1.956521739130434651e-08 5.284646408067447121e-01
1.966555183946488126e-08 5.271356565435624253e-01
1.976588628762541602e-08 5.258218092761055562e-01
1.986622073578595077e-08 5.245228000735138174e-01
1.996655518394648553e-08 5.232383306939740741e-01
2.006688963210702028e-08 5.219681037174328520e-01
2.016722408026755503e-08 5.207118226724158916e-01
2.026755852842808979e-08 5.194691921570194770e-01
2.036789297658862454e-08 5.182399179541244960e-01
2.046822742474916260e-08 5.170237071409133911e-01
2.056856187290969736e-08 5.158202681927598343e-01
2.066889632107023211e-08 5.146293110815799432e-01
2.076923076923076687e-08 5.134505473687329680e-01
2.086956521739130162e-08 5.122836902925710367e-01
2.096989966555183637e-08 5.111284548507414316e-01
2.107023411371237113e-08 5.099845578773498644e-01
2.117056856187290588e-08 5.088517181151005486e-01
2.127090301003344064e-08 5.077296562825364123e-01
2.137123745819397539e-08 5.066180951365013563e-01
2.147157190635451345e-08 5.055167595299590033e-01
2.157190635451504821e-08 5.044253764653008343e-01
2.167224080267558296e-08 5.033436751432854850e-01
2.177257525083611771e-08 5.022713870077520903e-01
2.187290969899665247e-08 5.012082457862540030e-01
2.197324414715718722e-08 5.001539875267647650e-01
2.207357859531772198e-08 4.991083506306102091e-01
2.217391304347825673e-08 4.980710758817826767e-01
2.227424749163879148e-08 4.970419064727957248e-01
2.237458193979932955e-08 4.960205880272418599e-01
2.247491638795986430e-08 4.950068686192148348e-01
2.257525083612039905e-08 4.940004987897605448e-01
2.267558528428093381e-08 4.930012315605245554e-01
2.277591973244146856e-08 4.920088224447588532e-01
2.287625418060200332e-08 4.910230294558588504e-01
2.297658862876253807e-08 4.900436131135938456e-01
2.307692307692307282e-08 4.890703364482020810e-01
2.317725752508360758e-08 4.881029650025139888e-01
2.327759197324414233e-08 4.871412668322727679e-01
2.337792642140468040e-08 4.861850125048144955e-01
2.347826086956521515e-08 4.852339750962753606e-01
2.357859531772574990e-08 4.842879301874863374e-01
2.367892976588628466e-08 4.833466558587165562e-01
2.377926421404681941e-08 4.824099326834254686e-01
2.387959866220735417e-08 4.814775437211792908e-01
2.397993311036788892e-08 4.805492745098857155e-01
2.408026755852842367e-08 4.796249130575001574e-01
2.418060200668895843e-08 4.787042498333479723e-01
2.428093645484949649e-08 4.777870777592119200e-01
2.438127090301003124e-08 4.768731922003235923e-01
2.448160535117056600e-08 4.759623909563964750e-01
2.458193979933110075e-08 4.750544742528366449e-01
2.468227424749163551e-08 4.741492447322586123e-01
2.478260869565217026e-08 4.732465074464317634e-01
2.488294314381270501e-08 4.723460698487798037e-01
2.498327759197323977e-08 4.714477417875473364e-01
2.508361204013377452e-08 4.705513354997458153e-01
2.518394648829430928e-08 4.696566656059854017e-01
2.528428093645484734e-08 4.687635491062918103e-01
2.538461538461538209e-08 4.678718053770064000e-01
2.548494983277591685e-08 4.669812561688574393e-01
2.558528428093645160e-08 4.660917256062879765e-01
2.568561872909698635e-08 4.652030401881208088e-01
2.578595317725752111e-08 4.643150287896302131e-01
2.588628762541805586e-08 4.634275226660915514e-01
2.598662207357859062e-08 4.625403554578660370e-01
2.608695652173912537e-08 4.616533631970814455e-01
2.618729096989966343e-08 4.607663843159520711e-01
2.628762541806019819e-08 4.598792596567852220e-01
2.638795986622073294e-08 4.589918324837092278e-01
2.648829431438126769e-08 4.581039484961558772e-01
2.658862876254180245e-08 4.572154558441187677e-01
2.668896321070233720e-08 4.563262051452093848e-01
2.678929765886287196e-08 4.554360495035210121e-01
2.688963210702340671e-08 4.545448445303078566e-01
2.698996655518394146e-08 4.536524483664783336e-01
2.709030100334447622e-08 4.527587217068974601e-01
2.719063545150501428e-08 4.518635278264865884e-01
2.729096989966554904e-08 4.509667326081002736e-01
2.739130434782608379e-08 4.500682045721594027e-01
2.749163879598661854e-08 4.491678149080077787e-01
2.759197324414715330e-08 4.482654375069596853e-01
2.769230769230768805e-08 4.473609489969934128e-01
2.779264214046822281e-08 4.464542287790495001e-01
2.789297658862875756e-08 4.455451590648747406e-01
2.799331103678929231e-08 4.446336249163614363e-01
2.809364548494983038e-08 4.437195142863138986e-01
2.819397993311036513e-08 4.428027180605787483e-01
2.829431438127089988e-08 4.418831301014627400e-01
2.839464882943143464e-08 4.409606472923645049e-01
2.849498327759196939e-08 4.400351695835370003e-01
2.859531772575250415e-08 4.391066000388936796e-01
2.869565217391303890e-08 4.381748448837695653e-01
2.879598662207357365e-08 4.372398135535435215e-01
2.889632107023410841e-08 4.363014187430206414e-01
2.899665551839464316e-08 4.353595764564776038e-01
2.909698996655518122e-08 4.344142060582615317e-01
2.919732441471571598e-08 4.334652303238375470e-01
2.929765886287625073e-08 4.325125754911704479e-01
2.939799331103678549e-08 4.315561713123305387e-01
2.949832775919732024e-08 4.305959511052022681e-01
2.959866220735785499e-08 4.296318518051813751e-01
2.969899665551838975e-08 4.286638140167358113e-01
2.979933110367892450e-08 4.276917820647092583e-01
2.989966555183946256e-08 4.267157040452435601e-01
2.999999999999999732e-08 4.257355318761910645e-01
