0.000000000000000000e+00 9.999999999999995559e-01
1.003344481605351029e-10 9.999999616236328048e-01
2.006688963210702059e-10 9.999998464945505372e-01
3.010033444816052959e-10 9.999996546128065988e-01
4.013377926421404118e-10 9.999993859784912509e-01
5.016722408026755277e-10 9.999990405917298375e-01
6.020066889632105918e-10 9.999986184526845623e-01
7.023411371237457594e-10 9.999981195615533780e-01
8.026755852842808236e-10 9.999975439185695425e-01
9.030100334448158877e-10 9.999968915240031730e-01
1.003344481605351055e-09 9.999961623781598030e-01
1.103678929765886223e-09 9.999953564813814921e-01
1.204013377926421184e-09 9.999944738340454942e-01
1.304347826086956351e-09 9.999935144365652562e-01
1.404682274247491519e-09 9.999924782893908626e-01
1.505016722408026480e-09 9.999913653930071478e-01
1.605351170568561647e-09 9.999901757479363607e-01
1.705685618729096815e-09 9.999889093547358332e-01
1.806020066889631775e-09 9.999875662139984245e-01
1.906354515050166943e-09 9.999861463263538530e-01
2.006688963210702111e-09 9.999846496924674755e-01
2.107023411371237278e-09 9.999830763130408418e-01
2.207357859531772446e-09 9.999814261888104738e-01
2.307692307692307200e-09 9.999796993205504192e-01
2.408026755852842367e-09 9.999778957090692533e-01
2.508361204013377535e-09 9.999760153552127440e-01
2.608695652173912702e-09 9.999740582598611871e-01
2.709030100334447870e-09 9.999720244239321820e-01
2.809364548494983038e-09 9.999699138483785221e-01
2.909698996655517792e-09 9.999677265341891941e-01
3.010033444816052959e-09 9.999654624823890448e-01
3.110367892976588127e-09 9.999631216940394474e-01
3.210702341137123294e-09 9.999607041702367471e-01
3.311036789297658462e-09 9.999582099121137047e-01
3.411371237458193629e-09 9.999556389208392737e-01
3.511705685618728797e-09 9.999529911976177132e-01
3.612040133779263551e-09 9.999502667436902525e-01
3.712374581939798719e-09 9.999474655603329820e-01
3.812709030100333886e-09 9.999445876488586293e-01
3.913043478260868640e-09 9.999416330106158934e-01
4.013377926421404221e-09 9.999386016469887783e-01
4.113712374581938975e-09 9.999354935593978144e-01
4.214046822742474556e-09 9.999323087492992812e-01
4.314381270903009310e-09 9.999290472181852074e-01
4.414715719063544892e-09 9.999257089675842591e-01
4.515050167224079646e-09 9.999222939990601855e-01
4.615384615384614399e-09 9.999188023142133730e-01
4.715719063545149981e-09 9.999152339146792912e-01
4.816053511705684735e-09 9.999115888021306020e-01
4.916387959866220316e-09 9.999078669782746065e-01
5.016722408026755070e-09 9.999040684448550209e-01
5.117056856187290651e-09 9.999001932036521989e-01
5.217391304347825405e-09 9.998962412564812441e-01
5.317725752508360159e-09 9.998922126051942305e-01
5.418060200668895740e-09 9.998881072516782043e-01
5.518394648829430494e-09 9.998839251978569598e-01
5.618729096989966075e-09 9.998796664456895966e-01
5.719063545150500829e-09 9.998753309971715186e-01
5.819397993311035583e-09 9.998709188543341009e-01
5.919732441471571164e-09 9.998664300192440235e-01
6.020066889632105918e-09 9.998618644940048261e-01
6.120401337792641499e-09 9.998572222807553533e-01
6.220735785953176253e-09 9.998525033816704211e-01
6.321070234113711835e-09 9.998477077989609274e-01
6.421404682274246589e-09 9.998428355348735197e-01
6.521739130434781343e-09 9.998378865916907055e-01
6.622073578595316924e-09 9.998328609717309634e-01
6.722408026755851678e-09 9.998277586773490766e-01
6.822742474916387259e-09 9.998225797109351332e-01
6.923076923076922013e-09 9.998173240749155255e-01
7.023411371237457594e-09 9.998119917717521732e-01
7.123745819397992348e-09 9.998065828039433001e-01
7.224080267558527102e-09 9.998010971740224351e-01
7.324414715719062683e-09 9.997955348845598555e-01
7.424749163879597437e-09 9.997898959381611439e-01
7.525083612040133018e-09 9.997841803374680758e-01
7.625418060200667772e-09 9.997783880851578431e-01
7.725752508361202526e-09 9.997725191839440528e-01
7.826086956521737280e-09 9.997665736365760614e-01
7.926421404682273689e-09 9.997605514458387521e-01
8.026755852842808442e-09 9.997544526145529797e-01
8.127090301003343196e-09 9.997482771455761252e-01
8.227424749163877950e-09 9.997420250418008747e-01
8.327759197324414359e-09 9.997356963061554413e-01
8.428093645484949113e-09 9.997292909416048978e-01
8.528428093645483867e-09 9.997228089511495108e-01
8.628762541806018621e-09 9.997162503378250742e-01
8.729096989966553375e-09 9.997096151047044632e-01
8.829431438127089783e-09 9.997029032548950811e-01
8.929765886287624537e-09 9.996961147915407464e-01
9.030100334448159291e-09 9.996892497178216930e-01
9.130434782608694045e-09 9.996823080369530157e-01
9.230769230769228799e-09 9.996752897521862247e-01
9.331103678929765207e-09 9.996681948668083573e-01
9.431438127090299961e-09 9.996610233841430881e-01
9.531772575250834715e-09 9.996537753075485089e-01
9.632107023411369469e-09 9.996464506404201256e-01
9.732441471571904223e-09 9.996390493861884163e-01
9.832775919732440632e-09 9.996315715483194975e-01
9.933110367892975386e-09 9.996240171303161226e-01
1.003344481605351014e-08 9.996163861357157954e-01
1.013377926421404489e-08 9.996086785680927678e-01
1.023411371237458130e-08 9.996008944310568189e-01
1.033444816053511606e-08 9.995930337282540323e-01
1.043478260869565081e-08 9.995850964633649083e-01
1.053511705685618556e-08 9.995770826401071396e-01
1.063545150501672032e-08 9.995689922622335022e-01
1.073578595317725673e-08 9.995608253335331872e-01
1.083612040133779148e-08 9.995525818578301358e-01
1.093645484949832623e-08 9.995442618389859257e-01
1.103678929765886099e-08 9.995358652808957745e-01
1.113712374581939574e-08 9.995273921874925360e-01
1.123745819397993215e-08 9.995188425627433704e-01
1.133779264214046690e-08 9.995102164106519638e-01
1.143812709030100166e-08 9.995015137352583068e-01
1.153846153846153641e-08 9.994927345406369179e-01
1.163879598662207117e-08 9.994838788308995081e-01
1.173913043478260757e-08 9.994749466101920943e-01
1.183946488294314233e-08 9.994659378826974416e-01
1.193979933110367708e-08 9.994568526526341756e-01
1.204013377926421184e-08 9.994476909242561158e-01
1.214046822742474824e-08 9.994384527018527198e-01
1.224080267558528300e-08 9.994291379897501937e-01
1.234113712374581775e-08 9.994197467923096045e-01
1.244147157190635251e-08 9.994102791139282127e-01
1.254180602006688726e-08 9.994007349590390277e-01
1.264214046822742367e-08 9.993911143321101420e-01
1.274247491638795842e-08 9.993814172376462857e-01
1.284280936454849318e-08 9.993716436801874936e-01
1.294314381270902793e-08 9.993617936643095501e-01
1.304347826086956269e-08 9.993518671946237664e-01
1.314381270903009909e-08 9.993418642757780912e-01
1.324414715719063385e-08 9.993317849124547791e-01
1.334448160535116860e-08 9.993216291093731662e-01
1.344481605351170336e-08 9.993113968712875606e-01
1.354515050167223811e-08 9.993010882029880193e-01
1.364548494983277452e-08 9.992907031093000159e-01
1.374581939799330927e-08 9.992802415950863271e-01
1.384615384615384403e-08 9.992697036652429254e-01
1.394648829431437878e-08 9.992590893247038641e-01
1.404682274247491519e-08 9.992483985784369471e-01
1.414715719063544994e-08 9.992376314314472818e-01
1.424749163879598470e-08 9.992267878887746146e-01
1.434782608695651945e-08 9.992158679554941081e-01
1.444816053511705420e-08 9.992048716367185612e-01
1.454849498327759061e-08 9.991937989375939688e-01
1.464882943143812537e-08 9.991826498633035181e-01
1.474916387959866012e-08 9.991714244190652572e-01
1.484949832775919487e-08 9.991601226101340938e-01
1.494983277591973128e-08 9.991487444417991304e-01
1.505016722408026604e-08 9.991372899193858848e-01
1.515050167224080079e-08 9.991257590482556239e-01
1.525083612040133554e-08 9.991141518338052530e-01
1.535117056856187030e-08 9.991024682814666491e-01
1.545150501672240505e-08 9.990907083967078828e-01
1.555183946488293981e-08 9.990788721850328846e-01
1.565217391304347456e-08 9.990669596519807794e-01
1.575250836120401262e-08 9.990549708031263298e-01
1.585284280936454738e-08 9.990429056440801592e-01
1.595317725752508213e-08 9.990307641804884176e-01
1.605351170568561688e-08 9.990185464180330044e-01
1.615384615384615164e-08 9.990062523624310131e-01
1.625418060200668639e-08 9.989938820194351754e-01
1.635451505016722115e-08 9.989814353948346382e-01
1.645484949832775590e-08 9.989689124944531873e-01
1.655518394648829065e-08 9.989563133241503579e-01
1.665551839464882872e-08 9.989436378898217672e-01
1.675585284280936347e-08 9.989308861973981157e-01
1.685618729096989823e-08 9.989180582528459640e-01
1.695652173913043298e-08 9.989051540621678438e-01
1.705685618729096773e-08 9.988921736314000377e-01
1.715719063545150249e-08 9.988791169666173531e-01
1.725752508361203724e-08 9.988659840739273488e-01
1.735785953177257200e-08 9.988527749594743321e-01
1.745819397993310675e-08 9.988394896294385816e-01
1.755852842809364150e-08 9.988261280900355699e-01
1.765886287625417957e-08 9.988126903475157414e-01
1.775919732441471432e-08 9.987991764081657342e-01
1.785953177257524907e-08 9.987855862783072691e-01
1.795986622073578383e-08 9.987719199642982604e-01
1.806020066889631858e-08 9.987581774725312611e-01
1.816053511705685334e-08 9.987443588094349067e-01
1.826086956521738809e-08 9.987304639814732488e-01
1.836120401337792284e-08 9.987164929951458658e-01
1.846153846153845760e-08 9.987024458569876417e-01
1.856187290969899566e-08 9.986883225735690983e-01
1.866220735785953041e-08 9.986741231514962847e-01
1.876254180602006517e-08 9.986598475974108879e-01
1.886287625418059992e-08 9.986454959179892343e-01
1.896321070234113468e-08 9.986310681199442874e-01
1.906354515050166943e-08 9.986165642100233164e-01
1.916387959866220418e-08 9.986019841950102283e-01
1.926421404682273894e-08 9.985873280817237907e-01
1.936454849498327369e-08 9.985725958770178545e-01
1.946488294314380845e-08 9.985577875877821308e-01
1.956521739130434651e-08 9.985429032209421907e-01
1.966555183946488126e-08 9.985279427834581334e-01
1.976588628762541602e-08 9.985129062823262514e-01
1.986622073578595077e-08 9.984977937245776980e-01
1.996655518394648553e-08 9.984826051172792649e-01
2.006688963210702028e-08 9.984673404675334929e-01
2.016722408026755503e-08 9.984519997824773396e-01
2.026755852842808979e-08 9.984365830692847332e-01
2.036789297658862454e-08 9.984210903351635746e-01
2.046822742474916260e-08 9.984055215873575140e-01
2.056856187290969736e-08 9.983898768331460616e-01
2.066889632107023211e-08 9.983741560798438108e-01
2.076923076923076687e-08 9.983583593348004381e-01
2.086956521739130162e-08 9.983424866054011471e-01
2.096989966555183637e-08 9.983265378990670014e-01
2.107023411371237113e-08 9.983105132232538148e-01
2.117056856187290588e-08 9.982944125854532613e-01
2.127090301003344064e-08 9.982782359931910987e-01
2.137123745819397539e-08 9.982619834540302772e-01
2.147157190635451345e-08 9.982456549755678310e-01
2.157190635451504821e-08 9.982292505654367654e-01
2.167224080267558296e-08 9.982127702313043915e-01
2.177257525083611771e-08 9.981962139808747692e-01
2.187290969899665247e-08 9.981795818218858196e-01
2.197324414715718722e-08 9.981628737621119907e-01
2.207357859531772198e-08 9.981460898093622580e-01
2.217391304347825673e-08 9.981292299714813465e-01
2.227424749163879148e-08 9.981122942563487310e-01
2.237458193979932955e-08 9.980952826718796356e-01
2.247491638795986430e-08 9.980781952260244783e-01
2.257525083612039905e-08 9.980610319267682051e-01
2.267558528428093381e-08 9.980437927821323996e-01
2.277591973244146856e-08 9.980264778001731729e-01
2.287625418060200332e-08 9.980090869889816085e-01
2.297658862876253807e-08 9.979916203566839839e-01
2.307692307692307282e-08 9.979740779114423255e-01
2.317725752508360758e-08 9.979564596614538541e-01
2.327759197324414233e-08 9.979387656149505403e-01
2.337792642140468040e-08 9.979209957801996600e-01
2.347826086956521515e-08 9.979031501655044600e-01
2.357859531772574990e-08 9.978852287792026043e-01
2.367892976588628466e-08 9.978672316296666178e-01
2.377926421404681941e-08 9.978491587253051076e-01
2.387959866220735417e-08 9.978310100745617639e-01
2.397993311036788892e-08 9.978127856859142497e-01
2.408026755852842367e-08 9.977944855678771985e-01
2.418060200668895843e-08 9.977761097289992165e-01
2.428093645484949649e-08 9.977576581778643261e-01
2.438127090301003124e-08 9.977391309230916328e-01
2.448160535117056600e-08 9.977205279733355470e-01
2.458193979933110075e-08 9.977018493372856733e-01
2.468227424749163551e-08 9.976830950236662554e-01
2.478260869565217026e-08 9.976642650412372859e-01
2.488294314381270501e-08 9.976453593987931745e-01
2.498327759197323977e-08 9.976263781051641910e-01
2.508361204013377452e-08 9.976073211692153553e-01
2.518394648829430928e-08 9.975881885998465481e-01
2.528428093645484734e-08 9.975689804059930665e-01
2.538461538461538209e-08 9.975496965966251794e-01
2.548494983277591685e-08 9.975303371807481279e-01
2.558528428093645160e-08 9.975109021674023468e-01
2.568561872909698635e-08 9.974913915656631325e-01
2.578595317725752111e-08 9.974718053846411969e-01
2.588628762541805586e-08 9.974521436334818913e-01
2.598662207357859062e-08 9.974324063213657610e-01
2.608695652173912537e-08 9.974125934575083230e-01
2.618729096989966343e-08 9.973927050511603998e-01
2.628762541806019819e-08 9.973727411116075636e-01
2.638795986622073294e-08 9.973527016481699148e-01
2.648829431438126769e-08 9.973325866702035247e-01
2.658862876254180245e-08 9.973123961870989929e-01
2.668896321070233720e-08 9.972921302082820016e-01
2.678929765886287196e-08 9.972717887432126505e-01
2.688963210702340671e-08 9.972513718013866768e-01
2.698996655518394146e-08 9.972308793923343462e-01
2.709030100334447622e-08 9.972103115256213401e-01
2.719063545150501428e-08 9.971896682108480903e-01
2.729096989966554904e-08 9.971689494576497781e-01
2.739130434782608379e-08 9.971481552756965572e-01
2.749163879598661854e-08 9.971272856746934421e-01
2.759197324414715330e-08 9.971063406643806415e-01
2.769230769230768805e-08 9.970853202545332250e-01
2.779264214046822281e-08 9.970642244549610123e-01
2.789297658862875756e-08 9.970430532755083508e-01
2.799331103678929231e-08 9.970218067260556705e-01
2.809364548494983038e-08 9.970004848165165967e-01
2.819397993311036513e-08 9.969790875568408373e-01
2.829431438127089988e-08 9.969576149570130719e-01
2.839464882943143464e-08 9.969360670270517311e-01
2.849498327759196939e-08 9.969144437770109946e-01
2.859531772575250415e-08 9.968927452169796810e-01
2.869565217391303890e-08 9.968709713570816922e-01
2.879598662207357365e-08 9.968491222074741254e-01
2.889632107023410841e-08 9.968271977783518256e-01
2.899665551839464316e-08 9.968051980799418343e-01
2.909698996655518122e-08 9.967831231225073862e-01
2.919732441471571598e-08 9.967609729163456889e-01
2.929765886287625073e-08 9.967387474717894769e-01
2.939799331103678549e-08 9.967164467992056798e-01
2.949832775919732024e-08 9.966940709089966433e-01
2.959866220735785499e-08 9.966716198115980196e-01
2.969899665551838975e-08 9.966490935174825427e-01
2.979933110367892450e-08 9.966264920371553648e-01
2.989966555183946256e-08 9.966038153811578315e-01
2.999999999999999732e-08 9.965810635600647061e-01
