0.000000000000000000e+00 9.999999999999995559e-01
1.003344481605351029e-10 9.999998988640607100e-01
2.006688963210702059e-10 9.999995954563681844e-01
3.010033444816052959e-10 9.999990897772969012e-01
4.013377926421404118e-10 9.999983818274716940e-01
5.016722408026755277e-10 9.999974716077661974e-01
6.020066889632105918e-10 9.999963591193048451e-01
7.023411371237457594e-10 9.999950443634614272e-01
8.026755852842808236e-10 9.999935273418598669e-01
9.030100334448158877e-10 9.999918080563729994e-01
1.003344481605351055e-09 9.999898865091242373e-01
1.103678929765886223e-09 9.999877627024864601e-01
1.204013377926421184e-09 9.999854366390823479e-01
1.304347826086956351e-09 9.999829083217842696e-01
1.404682274247491519e-09 9.999801777537146164e-01
1.505016722408026480e-09 9.999772449382451356e-01
1.605351170568561647e-09 9.999741098789978189e-01
1.705685618729096815e-09 9.999707725798434588e-01
1.806020066889631775e-09 9.999672330449037583e-01
1.906354515050166943e-09 9.999634912785493324e-01
2.006688963210702111e-09 9.999595472854010403e-01
2.107023411371237278e-09 9.999554010703288753e-01
2.207357859531772446e-09 9.999510526384525200e-01
2.307692307692307200e-09 9.999465019951422340e-01
2.408026755852842367e-09 9.999417491460163010e-01
2.508361204013377535e-09 9.999367940969445812e-01
2.608695652173912702e-09 9.999316368540451805e-01
2.709030100334447870e-09 9.999262774236861162e-01
2.809364548494983038e-09 9.999207158124862049e-01
2.909698996655517792e-09 9.999149520273116210e-01
3.010033444816052959e-09 9.999089860752795600e-01
3.110367892976588127e-09 9.999028179637574620e-01
3.210702341137123294e-09 9.998964477003604578e-01
3.311036789297658462e-09 9.998898752929544775e-01
3.411371237458193629e-09 9.998831007496550294e-01
3.511705685618728797e-09 9.998761240788265336e-01
3.612040133779263551e-09 9.998689452890832108e-01
3.712374581939798719e-09 9.998615643892880822e-01
3.812709030100333886e-09 9.998539813885551908e-01
3.913043478260868640e-09 9.998461962962468252e-01
4.013377926421404221e-09 9.998382091219745194e-01
4.113712374581938975e-09 9.998300198756000512e-01
4.214046822742474556e-09 9.998216285672339998e-01
4.314381270903009310e-09 9.998130352072361893e-01
4.414715719063544892e-09 9.998042398062159108e-01
4.515050167224079646e-09 9.997952423750324780e-01
4.615384615384614399e-09 9.997860429247934499e-01
4.715719063545149981e-09 9.997766414668558532e-01
4.816053511705684735e-09 9.997670380128267364e-01
4.916387959866220316e-09 9.997572325745611721e-01
5.016722408026755070e-09 9.997472251641646990e-01
5.117056856187290651e-09 9.997370157939905466e-01
5.217391304347825405e-09 9.997266044766427440e-01
5.317725752508360159e-09 9.997159912249728997e-01
5.418060200668895740e-09 9.997051760520830888e-01
5.518394648829430494e-09 9.996941589713231879e-01
5.618729096989966075e-09 9.996829399962925411e-01
5.719063545150500829e-09 9.996715191408408474e-01
5.819397993311035583e-09 9.996598964190640535e-01
5.919732441471571164e-09 9.996480718453090164e-01
6.020066889632105918e-09 9.996360454341712831e-01
6.120401337792641499e-09 9.996238172004953126e-01
6.220735785953176253e-09 9.996113871593730327e-01
6.321070234113711835e-09 9.995987553261477254e-01
6.421404682274246589e-09 9.995859217164091426e-01
6.521739130434781343e-09 9.995728863459969471e-01
6.622073578595316924e-09 9.995596492309991588e-01
6.722408026755851678e-09 9.995462103877529314e-01
6.822742474916387259e-09 9.995325698328432207e-01
6.923076923076922013e-09 9.995187275831047824e-01
7.023411371237457594e-09 9.995046836556196190e-01
7.123745819397992348e-09 9.994904380677194222e-01
7.224080267558527102e-09 9.994759908369840185e-01
7.324414715719062683e-09 9.994613419812413690e-01
7.424749163879597437e-09 9.994464915185681253e-01
7.525083612040133018e-09 9.994314394672898505e-01
7.625418060200667772e-09 9.994161858459790215e-01
7.725752508361202526e-09 9.994007306734588036e-01
7.826086956521737280e-09 9.993850739687977214e-01
7.926421404682273689e-09 9.993692157513154317e-01
8.026755852842808442e-09 9.993531560405775060e-01
8.127090301003343196e-09 9.993368948563992049e-01
8.227424749163877950e-09 9.993204322188428135e-01
8.327759197324414359e-09 9.993037681482199730e-01
8.428093645484949113e-09 9.992869026650890163e-01
8.528428093645483867e-09 9.992698357902570772e-01
8.628762541806018621e-09 9.992525675447787581e-01
8.729096989966553375e-09 9.992350979499576846e-01
8.829431438127089783e-09 9.992174270273432857e-01
8.929765886287624537e-09 9.991995547987352344e-01
9.030100334448159291e-09 9.991814812861790074e-01
9.130434782608694045e-09 9.991632065119689932e-01
9.230769230769228799e-09 9.991447304986468270e-01
9.331103678929765207e-09 9.991260532690015017e-01
9.431438127090299961e-09 9.991071748460705892e-01
9.531772575250834715e-09 9.990880952531376868e-01
9.632107023411369469e-09 9.990688145137355258e-01
9.732441471571904223e-09 9.990493326516433070e-01
9.832775919732440632e-09 9.990296496908875890e-01
9.933110367892975386e-09 9.990097656557422878e-01
1.003344481605351014e-08 9.989896805707298988e-01
1.013377926421404489e-08 9.989693944606178322e-01
1.023411371237458130e-08 9.989489073504225214e-01
1.033444816053511606e-08 9.989282192654068693e-01
1.043478260869565081e-08 9.989073302310812474e-01
1.053511705685618556e-08 9.988862402732023860e-01
1.063545150501672032e-08 9.988649494177747057e-01
1.073578595317725673e-08 9.988434576910489859e-01
1.083612040133779148e-08 9.988217651195232527e-01
1.093645484949832623e-08 9.987998717299422236e-01
1.103678929765886099e-08 9.987777775492973076e-01
1.113712374581939574e-08 9.987554826048269385e-01
1.123745819397993215e-08 9.987329869240156865e-01
1.133779264214046690e-08 9.987102905345950354e-01
1.143812709030100166e-08 9.986873934645429385e-01
1.153846153846153641e-08 9.986642957420839295e-01
1.163879598662207117e-08 9.986409973956889008e-01
1.173913043478260757e-08 9.986174984540747701e-01
1.183946488294314233e-08 9.985937989462053688e-01
1.193979933110367708e-08 9.985698989012903315e-01
1.204013377926421184e-08 9.985457983487852074e-01
1.214046822742474824e-08 9.985214973183930143e-01
1.224080267558528300e-08 9.984969958400607970e-01
1.234113712374581775e-08 9.984722939439832912e-01
1.244147157190635251e-08 9.984473916606000365e-01
1.254180602006688726e-08 9.984222890205969314e-01
1.264214046822742367e-08 9.983969860549061215e-01
1.274247491638795842e-08 9.983714827947047787e-01
1.284280936454849318e-08 9.983457792714157675e-01
1.294314381270902793e-08 9.983198755167079774e-01
1.304347826086956269e-08 9.982937715624956576e-01
1.314381270903009909e-08 9.982674674409385274e-01
1.324414715719063385e-08 9.982409631844415543e-01
1.334448160535116860e-08 9.982142588256551763e-01
1.344481605351170336e-08 9.981873543974751906e-01
1.354515050167223811e-08 9.981602499330425315e-01
1.364548494983277452e-08 9.981329454657434930e-01
1.374581939799330927e-08 9.981054410292089507e-01
1.384615384615384403e-08 9.980777366573148068e-01
1.394648829431437878e-08 9.980498323841823227e-01
1.404682274247491519e-08 9.980217282441773419e-01
1.414715719063544994e-08 9.979934242719106230e-01
1.424749163879598470e-08 9.979649205022376179e-01
1.434782608695651945e-08 9.979362169702582497e-01
1.444816053511705420e-08 9.979073137113170233e-01
1.454849498327759061e-08 9.978782107610032481e-01
1.464882943143812537e-08 9.978489081551502604e-01
1.474916387959866012e-08 9.978194059298356455e-01
1.484949832775919487e-08 9.977897041213821261e-01
1.494983277591973128e-08 9.977598027663557856e-01
1.505016722408026604e-08 9.977297019015666235e-01
1.515050167224080079e-08 9.976994015640692215e-01
1.525083612040133554e-08 9.976689017911622992e-01
1.535117056856187030e-08 9.976382026203884923e-01
1.545150501672240505e-08 9.976073040895330202e-01
1.555183946488293981e-08 9.975762062366263505e-01
1.565217391304347456e-08 9.975449090999414237e-01
1.575250836120401262e-08 9.975134127179963173e-01
1.585284280936454738e-08 9.974817171295503604e-01
1.595317725752508213e-08 9.974498223736081304e-01
1.605351170568561688e-08 9.974177284894170104e-01
1.615384615384615164e-08 9.973854355164674113e-01
1.625418060200668639e-08 9.973529434944927718e-01
1.635451505016722115e-08 9.973202524634700028e-01
1.645484949832775590e-08 9.972873624636191536e-01
1.655518394648829065e-08 9.972542735354029686e-01
1.665551839464882872e-08 9.972209857195263316e-01
1.675585284280936347e-08 9.971874990569379316e-01
1.685618729096989823e-08 9.971538135888290411e-01
1.695652173913043298e-08 9.971199293566326283e-01
1.705685618729096773e-08 9.970858464020248002e-01
1.715719063545150249e-08 9.970515647669242476e-01
1.725752508361203724e-08 9.970170844934912457e-01
1.735785953177257200e-08 9.969824056241289867e-01
1.745819397993310675e-08 9.969475282014823581e-01
1.755852842809364150e-08 9.969124522684393863e-01
1.765886287625417957e-08 9.968771778681276841e-01
1.775919732441471432e-08 9.968417050439194460e-01
1.785953177257524907e-08 9.968060338394265640e-01
1.795986622073578383e-08 9.967701642985045130e-01
1.806020066889631858e-08 9.967340964652483537e-01
1.816053511705685334e-08 9.966978303839960640e-01
1.826086956521738809e-08 9.966613660993266510e-01
1.836120401337792284e-08 9.966247036560602623e-01
1.846153846153845760e-08 9.965878430992587411e-01
1.856187290969899566e-08 9.965507844742242938e-01
1.866220735785953041e-08 9.965135278265012664e-01
1.876254180602006517e-08 9.964760732018735911e-01
1.886287625418059992e-08 9.964384206463675620e-01
1.896321070234113468e-08 9.964005702062490588e-01
1.906354515050166943e-08 9.963625219280247691e-01
1.916387959866220418e-08 9.963242758584428538e-01
1.926421404682273894e-08 9.962858320444905047e-01
1.936454849498327369e-08 9.962471905333969424e-01
1.946488294314380845e-08 9.962083513726300854e-01
1.956521739130434651e-08 9.961693146098992147e-01
1.966555183946488126e-08 9.961300802931529752e-01
1.976588628762541602e-08 9.960906484705801534e-01
1.986622073578595077e-08 9.960510191906097877e-01
1.996655518394648553e-08 9.960111925019102808e-01
2.006688963210702028e-08 9.959711684533896214e-01
2.016722408026755503e-08 9.959309470941960507e-01
2.026755852842808979e-08 9.958905284737160635e-01
2.036789297658862454e-08 9.958499126415767400e-01
2.046822742474916260e-08 9.958090996476441914e-01
2.056856187290969736e-08 9.957680895420231160e-01
2.066889632107023211e-08 9.957268823750573539e-01
2.076923076923076687e-08 9.956854781973307755e-01
2.086956521739130162e-08 9.956438770596645060e-01
2.096989966555183637e-08 9.956020790131195897e-01
2.107023411371237113e-08 9.955600841089953246e-01
2.117056856187290588e-08 9.955178923988291517e-01
2.127090301003344064e-08 9.954755039343976541e-01
2.137123745819397539e-08 9.954329187677155577e-01
2.147157190635451345e-08 9.953901369510352870e-01
2.157190635451504821e-08 9.953471585368478536e-01
2.167224080267558296e-08 9.953039835778821898e-01
2.177257525083611771e-08 9.952606121271048156e-01
2.187290969899665247e-08 9.952170442377205051e-01
2.197324414715718722e-08 9.951732799631713977e-01
2.207357859531772198e-08 9.951293193571371098e-01
2.217391304347825673e-08 9.950851624735349565e-01
2.227424749163879148e-08 9.950408093665198406e-01
2.237458193979932955e-08 9.949962600904826981e-01
2.247491638795986430e-08 9.949515147000527193e-01
2.257525083612039905e-08 9.949065732500959047e-01
2.267558528428093381e-08 9.948614357957148435e-01
2.277591973244146856e-08 9.948161023922490465e-01
2.287625418060200332e-08 9.947705730952746128e-01
2.297658862876253807e-08 9.947248479606040084e-01
2.307692307692307282e-08 9.946789270442868425e-01
2.317725752508360758e-08 9.946328104026080918e-01
2.327759197324414233e-08 9.945864980920892107e-01
2.337792642140468040e-08 9.945399901694880196e-01
2.347826086956521515e-08 9.944932866917982617e-01
2.357859531772574990e-08 9.944463877162490473e-01
2.367892976588628466e-08 9.943992933003056311e-01
2.377926421404681941e-08 9.943520035016689684e-01
2.387959866220735417e-08 9.943045183782747154e-01
2.397993311036788892e-08 9.942568379882951168e-01
2.408026755852842367e-08 9.942089623901364526e-01
2.418060200668895843e-08 9.941608916424408138e-01
2.428093645484949649e-08 9.941126258040852148e-01
2.438127090301003124e-08 9.940641649341811492e-01
2.448160535117056600e-08 9.940155090920755887e-01
2.458193979933110075e-08 9.939666583373489850e-01
2.468227424749163551e-08 9.939176127298177121e-01
2.478260869565217026e-08 9.938683723295312911e-01
2.488294314381270501e-08 9.938189371967742769e-01
2.498327759197323977e-08 9.937693073920650377e-01
2.508361204013377452e-08 9.937194829761561987e-01
2.518394648829430928e-08 9.936694640100334208e-01
2.528428093645484734e-08 9.936192505549176213e-01
2.538461538461538209e-08 9.935688426722617539e-01
2.548494983277591685e-08 9.935182404237534737e-01
2.558528428093645160e-08 9.934674438713126943e-01
2.568561872909698635e-08 9.934164530770943635e-01
2.578595317725752111e-08 9.933652681034840226e-01
2.588628762541805586e-08 9.933138890131025800e-01
2.598662207357859062e-08 9.932623158688025367e-01
2.608695652173912537e-08 9.932105487336692073e-01
2.618729096989966343e-08 9.931585876710203875e-01
2.628762541806019819e-08 9.931064327444070194e-01
2.638795986622073294e-08 9.930540840176119710e-01
2.648829431438126769e-08 9.930015415546501467e-01
2.658862876254180245e-08 9.929488054197691538e-01
2.668896321070233720e-08 9.928958756774474148e-01
2.678929765886287196e-08 9.928427523923958331e-01
2.688963210702340671e-08 9.927894356295571265e-01
2.698996655518394146e-08 9.927359254541056055e-01
2.709030100334447622e-08 9.926822219314469509e-01
2.719063545150501428e-08 9.926283251272169927e-01
2.729096989966554904e-08 9.925742351072841529e-01
2.739130434782608379e-08 9.925199519377476687e-01
2.749163879598661854e-08 9.924654756849367043e-01
2.759197324414715330e-08 9.924108064154117947e-01
2.769230769230768805e-08 9.923559441959640681e-01
2.779264214046822281e-08 9.923008890936149129e-01
2.789297658862875756e-08 9.922456411756161998e-01
2.799331103678929231e-08 9.921902005094498378e-01
2.809364548494983038e-08 9.921345671628278851e-01
2.819397993311036513e-08 9.920787412036918829e-01
2.829431438127089988e-08 9.920227227002140769e-01
2.839464882943143464e-08 9.919665117207947524e-01
2.849498327759196939e-08 9.919101083340653435e-01
2.859531772575250415e-08 9.918535126088853238e-01
2.869565217391303890e-08 9.917967246143443161e-01
2.879598662207357365e-08 9.917397444197598722e-01
2.889632107023410841e-08 9.916825720946801370e-01
2.899665551839464316e-08 9.916252077088800743e-01
2.909698996655518122e-08 9.915676513323645747e-01
2.919732441471571598e-08 9.915099030353662357e-01
2.929765886287625073e-08 9.914519628883464719e-01
2.939799331103678549e-08 9.913938309619949596e-01
2.949832775919732024e-08 9.913355073272286377e-01
2.959866220735785499e-08 9.912769920551931513e-01
2.969899665551838975e-08 9.912182852172619629e-01
2.979933110367892450e-08 9.911593868850350209e-01
2.989966555183946256e-08 9.911002971303402020e-01
2.999999999999999732e-08 9.910410160252338674e-01
