0.000000000000000000e+00 9.999999999999995559e-01
1.003344481605351029e-10 9.999996072793484458e-01
2.006688963210702059e-10 9.999984291192771657e-01
3.010033444816052959e-10 9.999964655254364176e-01
4.013377926421404118e-10 9.999937165072414480e-01
5.016722408026755277e-10 9.999901820778748229e-01
6.020066889632105918e-10 9.999858622542852071e-01
7.023411371237457594e-10 9.999807570571870308e-01
8.026755852842808236e-10 9.999748665110604895e-01
9.030100334448158877e-10 9.999681906441516555e-01
1.003344481605351055e-09 9.999607294884723663e-01
1.103678929765886223e-09 9.999524830797991148e-01
1.204013377926421184e-09 9.999434514576740485e-01
1.304347826086956351e-09 9.999336346654025265e-01
1.404682274247491519e-09 9.999230327500558957e-01
1.505016722408026480e-09 9.999116457624683818e-01
1.605351170568561647e-09 9.998994737572370894e-01
1.705685618729096815e-09 9.998865167927233344e-01
1.806020066889631775e-09 9.998727749310505342e-01
1.906354515050166943e-09 9.998582482381035419e-01
2.006688963210702111e-09 9.998429367835295345e-01
2.107023411371237278e-09 9.998268406407363473e-01
2.207357859531772446e-09 9.998099598868916971e-01
2.307692307692307200e-09 9.997922946029238478e-01
2.408026755852842367e-09 9.997738448735192796e-01
2.508361204013377535e-09 9.997546107871233545e-01
2.608695652173912702e-09 9.997345924359392066e-01
2.709030100334447870e-09 9.997137899159266317e-01
2.809364548494983038e-09 9.996922033268008656e-01
2.909698996655517792e-09 9.996698327720338062e-01
3.010033444816052959e-09 9.996466783588514593e-01
3.110367892976588127e-09 9.996227401982322736e-01
3.210702341137123294e-09 9.995980184049093609e-01
3.311036789297658462e-09 9.995725130973660555e-01
3.411371237458193629e-09 9.995462243978370243e-01
3.511705685618728797e-09 9.995191524323070453e-01
3.612040133779263551e-09 9.994912973305096759e-01
3.712374581939798719e-09 9.994626592259259201e-01
3.812709030100333886e-09 9.994332382557836736e-01
3.913043478260868640e-09 9.994030345610563915e-01
4.013377926421404221e-09 9.993720482864622001e-01
4.113712374581938975e-09 9.993402795804618988e-01
4.214046822742474556e-09 9.993077285952592925e-01
4.314381270903009310e-09 9.992743954867985279e-01
4.414715719063544892e-09 9.992402804147627604e-01
4.515050167224079646e-09 9.992053835425748209e-01
4.615384615384614399e-09 9.991697050373928857e-01
4.715719063545149981e-09 9.991332450701116974e-01
4.816053511705684735e-09 9.990960038153605671e-01
4.916387959866220316e-09 9.990579814515013757e-01
5.016722408026755070e-09 9.990191781606265753e-01
5.117056856187290651e-09 9.989795941285590786e-01
5.217391304347825405e-09 9.989392295448510373e-01
5.317725752508360159e-09 9.988980846027801785e-01
5.418060200668895740e-09 9.988561594993504711e-01
5.518394648829430494e-09 9.988134544352887945e-01
5.618729096989966075e-09 9.987699696150450501e-01
5.719063545150500829e-09 9.987257052467883867e-01
5.819397993311035583e-09 9.986806615424085320e-01
5.919732441471571164e-09 9.986348387175103536e-01
6.020066889632105918e-09 9.985882369914149681e-01
6.120401337792641499e-09 9.985408565871571884e-01
6.220735785953176253e-09 9.984926977314833030e-01
6.321070234113711835e-09 9.984437606548491884e-01
6.421404682274246589e-09 9.983940455914196432e-01
6.521739130434781343e-09 9.983435527790645025e-01
6.622073578595316924e-09 9.982922824593587485e-01
6.722408026755851678e-09 9.982402348775789580e-01
6.822742474916387259e-09 9.981874102827027473e-01
6.923076923076922013e-09 9.981338089274054415e-01
7.023411371237457594e-09 9.980794310680586312e-01
7.123745819397992348e-09 9.980242769647282852e-01
7.224080267558527102e-09 9.979683468811723079e-01
7.324414715719062683e-09 9.979116410848389851e-01
7.424749163879597437e-09 9.978541598468637641e-01
7.525083612040133018e-09 9.977959034420675888e-01
7.625418060200667772e-09 9.977368721489556780e-01
7.725752508361202526e-09 9.976770662497138620e-01
7.826086956521737280e-09 9.976164860302068060e-01
7.926421404682273689e-09 9.975551317799754569e-01
8.026755852842808442e-09 9.974930037922351556e-01
8.127090301003343196e-09 9.974301023638736385e-01
8.227424749163877950e-09 9.973664277954469304e-01
8.327759197324414359e-09 9.973019803911790104e-01
8.428093645484949113e-09 9.972367604589583712e-01
8.528428093645483867e-09 9.971707683103350206e-01
8.628762541806018621e-09 9.971040042605192610e-01
8.729096989966553375e-09 9.970364686283778033e-01
8.829431438127089783e-09 9.969681617364318793e-01
8.929765886287624537e-09 9.968990839108551327e-01
9.030100334448159291e-09 9.968292354814698442e-01
9.130434782608694045e-09 9.967586167817448217e-01
9.230769230769228799e-09 9.966872281487928475e-01
9.331103678929765207e-09 9.966150699233684573e-01
9.431438127090299961e-09 9.965421424498633884e-01
9.531772575250834715e-09 9.964684460763064688e-01
9.632107023411369469e-09 9.963939811543578440e-01
9.732441471571904223e-09 9.963187480393090878e-01
9.832775919732440632e-09 9.962427470900776516e-01
9.933110367892975386e-09 9.961659786692056429e-01
1.003344481605351014e-08 9.960884431428568275e-01
1.013377926421404489e-08 9.960101408808128554e-01
1.023411371237458130e-08 9.959310722564711504e-01
1.033444816053511606e-08 9.958512376468411365e-01
1.043478260869565081e-08 9.957706374325420162e-01
1.053511705685618556e-08 9.956892719977988859e-01
1.063545150501672032e-08 9.956071417304399596e-01
1.073578595317725673e-08 9.955242470218933493e-01
1.083612040133779148e-08 9.954405882671849559e-01
1.093645484949832623e-08 9.953561658649334731e-01
1.103678929765886099e-08 9.952709802173488329e-01
1.113712374581939574e-08 9.951850317302269877e-01
1.123745819397993215e-08 9.950983208129490221e-01
1.133779264214046690e-08 9.950108478784769339e-01
1.143812709030100166e-08 9.949226133433486385e-01
1.153846153846153641e-08 9.948336176276780796e-01
1.163879598662207117e-08 9.947438611551480125e-01
1.173913043478260757e-08 9.946533443530094498e-01
1.183946488294314233e-08 9.945620676520766645e-01
1.193979933110367708e-08 9.944700314867250812e-01
1.204013377926421184e-08 9.943772362948859467e-01
1.214046822742474824e-08 9.942836825180445537e-01
1.224080267558528300e-08 9.941893706012352450e-01
1.234113712374581775e-08 9.940943009930395258e-01
1.244147157190635251e-08 9.939984741455809569e-01
1.254180602006688726e-08 9.939018905145218241e-01
1.264214046822742367e-08 9.938045505590601403e-01
1.274247491638795842e-08 9.937064547419249827e-01
1.284280936454849318e-08 9.936076035293739395e-01
1.294314381270902793e-08 9.935079973911884466e-01
1.304347826086956269e-08 9.934076368006701241e-01
1.314381270903009909e-08 9.933065222346368905e-01
1.324414715719063385e-08 9.932046541734204093e-01
1.334448160535116860e-08 9.931020331008603153e-01
1.344481605351170336e-08 9.929986595043012176e-01
1.354515050167223811e-08 9.928945338745890359e-01
1.364548494983277452e-08 9.927896567060676691e-01
1.374581939799330927e-08 9.926840284965724459e-01
1.384615384615384403e-08 9.925776497474287918e-01
1.394648829431437878e-08 9.924705209634474556e-01
1.404682274247491519e-08 9.923626426529197353e-01
1.414715719063544994e-08 9.922540153276145913e-01
1.424749163879598470e-08 9.921446395027734289e-01
1.434782608695651945e-08 9.920345156971063227e-01
1.444816053511705420e-08 9.919236444327877988e-01
1.454849498327759061e-08 9.918120262354535033e-01
1.464882943143812537e-08 9.916996616341949844e-01
1.474916387959866012e-08 9.915865511615553629e-01
1.484949832775919487e-08 9.914726953535261122e-01
1.494983277591973128e-08 9.913580947495412854e-01
1.505016722408026604e-08 9.912427498924747393e-01
1.515050167224080079e-08 9.911266613286344729e-01
1.525083612040133554e-08 9.910098296077594071e-01
1.535117056856187030e-08 9.908922552830141672e-01
1.545150501672240505e-08 9.907739389109845307e-01
1.555183946488293981e-08 9.906548810516737635e-01
1.565217391304347456e-08 9.905350822684977352e-01
1.575250836120401262e-08 9.904145431282799228e-01
1.585284280936454738e-08 9.902932642012473030e-01
1.595317725752508213e-08 9.901712460610265776e-01
1.605351170568561688e-08 9.900484892846381779e-01
1.615384615384615164e-08 9.899249944524922684e-01
1.625418060200668639e-08 9.898007621483844165e-01
1.635451505016722115e-08 9.896757929594905967e-01
1.645484949832775590e-08 9.895500874763619725e-01
1.655518394648829065e-08 9.894236462929211218e-01
1.665551839464882872e-08 9.892964700064569294e-01
1.675585284280936347e-08 9.891685592176201469e-01
1.685618729096989823e-08 9.890399145304169526e-01
1.695652173913043298e-08 9.889105365522068425e-01
1.705685618729096773e-08 9.887804258936953028e-01
1.715719063545150249e-08 9.886495831689303682e-01
1.725752508361203724e-08 9.885180089952969595e-01
1.735785953177257200e-08 9.883857039935131095e-01
1.745819397993310675e-08 9.882526687876233007e-01
1.755852842809364150e-08 9.881189040049945804e-01
1.765886287625417957e-08 9.879844102763112312e-01
1.775919732441471432e-08 9.878491882355702192e-01
1.785953177257524907e-08 9.877132385200754205e-01
1.795986622073578383e-08 9.875765617704329591e-01
1.806020066889631858e-08 9.874391586305459878e-01
1.816053511705685334e-08 9.873010297476094710e-01
1.826086956521738809e-08 9.871621757721056323e-01
1.836120401337792284e-08 9.870225973577971823e-01
1.846153846153845760e-08 9.868822951617246542e-01
1.856187290969899566e-08 9.867412698441977437e-01
1.866220735785953041e-08 9.865995220687941991e-01
1.876254180602006517e-08 9.864570525023503844e-01
1.886287625418059992e-08 9.863138618149590586e-01
1.896321070234113468e-08 9.861699506799624926e-01
1.906354515050166943e-08 9.860253197739474729e-01
1.916387959866220418e-08 9.858799697767398618e-01
1.926421404682273894e-08 9.857339013713998233e-01
1.936454849498327369e-08 9.855871152442148286e-01
1.946488294314380845e-08 9.854396120846962148e-01
1.956521739130434651e-08 9.852913925855718569e-01
1.966555183946488126e-08 9.851424574427817271e-01
1.976588628762541602e-08 9.849928073554723440e-01
1.986622073578595077e-08 9.848424430259902218e-01
1.996655518394648553e-08 9.846913651598782069e-01
2.006688963210702028e-08 9.845395744658679282e-01
2.016722408026755503e-08 9.843870716558748013e-01
2.026755852842808979e-08 9.842338574449924771e-01
2.036789297658862454e-08 9.840799325514876239e-01
2.046822742474916260e-08 9.839252976967935993e-01
2.056856187290969736e-08 9.837699536055045657e-01
2.066889632107023211e-08 9.836139010053703835e-01
2.076923076923076687e-08 9.834571406272906158e-01
2.086956521739130162e-08 9.832996732053082001e-01
2.096989966555183637e-08 9.831414994766041193e-01
2.107023411371237113e-08 9.829826201814915176e-01
2.117056856187290588e-08 9.828230360634104823e-01
2.127090301003344064e-08 9.826627478689200501e-01
2.137123745819397539e-08 9.825017563476942106e-01
2.147157190635451345e-08 9.823400622525164660e-01
2.157190635451504821e-08 9.821776663392716156e-01
2.167224080267558296e-08 9.820145693669408704e-01
2.177257525083611771e-08 9.818507720975969688e-01
2.187290969899665247e-08 9.816862752963961825e-01
2.197324414715718722e-08 9.815210797315734315e-01
2.207357859531772198e-08 9.813551861744362892e-01
2.217391304347825673e-08 9.811885953993580989e-01
2.227424749163879148e-08 9.810213081837724225e-01
2.237458193979932955e-08 9.808533253081668235e-01
2.247491638795986430e-08 9.806846475560763166e-01
2.257525083612039905e-08 9.805152757140778164e-01
2.267558528428093381e-08 9.803452105717834764e-01
2.277591973244146856e-08 9.801744529218340274e-01
2.287625418060200332e-08 9.800030035598937816e-01
2.297658862876253807e-08 9.798308632846430832e-01
2.307692307692307282e-08 9.796580328977723129e-01
2.317725752508360758e-08 9.794845132039763369e-01
2.327759197324414233e-08 9.793103050109471797e-01
2.337792642140468040e-08 9.791354091293676953e-01
2.347826086956521515e-08 9.789598263729055727e-01
2.357859531772574990e-08 9.787835575582074510e-01
2.367892976588628466e-08 9.786066035048912592e-01
2.377926421404681941e-08 9.784289650355399992e-01
2.387959866220735417e-08 9.782506429756965272e-01
2.397993311036788892e-08 9.780716381538548942e-01
2.408026755852842367e-08 9.778919514014560166e-01
2.418060200668895843e-08 9.777115835528794596e-01
2.428093645484949649e-08 9.775305354454381090e-01
2.438127090301003124e-08 9.773488079193701772e-01
2.448160535117056600e-08 9.771664018178337630e-01
2.458193979933110075e-08 9.769833179869001905e-01
2.468227424749163551e-08 9.767995572755463485e-01
2.478260869565217026e-08 9.766151205356491394e-01
2.488294314381270501e-08 9.764300086219775965e-01
2.498327759197323977e-08 9.762442223921874440e-01
2.508361204013377452e-08 9.760577627068141027e-01
2.518394648829430928e-08 9.758706304292641409e-01
2.528428093645484734e-08 9.756828264258108341e-01
2.538461538461538209e-08 9.754943515655867259e-01
2.548494983277591685e-08 9.753052067205756348e-01
2.558528428093645160e-08 9.751153927656075471e-01
2.568561872909698635e-08 9.749249105783496239e-01
2.578595317725752111e-08 9.747337610393019824e-01
2.588628762541805586e-08 9.745419450317880372e-01
2.598662207357859062e-08 9.743494634419495037e-01
2.608695652173912537e-08 9.741563171587387382e-01
2.618729096989966343e-08 9.739625070739116319e-01
2.628762541806019819e-08 9.737680340820212832e-01
2.638795986622073294e-08 9.735728990804098926e-01
2.648829431438126769e-08 9.733771029692022125e-01
2.658862876254180245e-08 9.731806466512992193e-01
2.668896321070233720e-08 9.729835310323702302e-01
2.678929765886287196e-08 9.727857570208457982e-01
2.688963210702340671e-08 9.725873255279109397e-01
2.698996655518394146e-08 9.723882374674978069e-01
2.709030100334447622e-08 9.721884937562783602e-01
2.719063545150501428e-08 9.719880953136579294e-01
2.729096989966554904e-08 9.717870430617672195e-01
2.739130434782608379e-08 9.715853379254548727e-01
2.749163879598661854e-08 9.713829808322820281e-01
2.759197324414715330e-08 9.711799727125122184e-01
2.769230769230768805e-08 9.709763144991068184e-01
2.779264214046822281e-08 9.707720071277162743e-01
2.789297658862875756e-08 9.705670515366724427e-01
2.799331103678929231e-08 9.703614486669835948e-01
2.809364548494983038e-08 9.701551994623235364e-01
2.819397993311036513e-08 9.699483048690269449e-01
2.829431438127089988e-08 9.697407658360813754e-01
2.839464882943143464e-08 9.695325833151190453e-01
2.849498327759196939e-08 9.693237582604108393e-01
2.859531772575250415e-08 9.691142916288565390e-01
2.869565217391303890e-08 9.689041843799808262e-01
2.879598662207357365e-08 9.686934374759227362e-01
2.889632107023410841e-08 9.684820518814285517e-01
2.899665551839464316e-08 9.682700285638465854e-01
2.909698996655518122e-08 9.680573684931166323e-01
2.919732441471571598e-08 9.678440726417645301e-01
2.929765886287625073e-08 9.676301419848942764e-01
2.939799331103678549e-08 9.674155775001790358e-01
2.949832775919732024e-08 9.672003801678552559e-01
2.959866220735785499e-08 9.669845509707143405e-01
2.969899665551838975e-08 9.667680908940944340e-01
2.979933110367892450e-08 9.665510009258743152e-01
2.989966555183946256e-08 9.663332820564640713e-01
2.999999999999999732e-08 9.661149352787982147e-01
