0.000000000000000000e+00 9.999999999999995559e-01
1.003344481605351029e-10 9.999998509808215585e-01
2.006688963210702059e-10 9.999994039235583498e-01
3.010033444816052959e-10 9.999986588290237233e-01
4.013377926421404118e-10 9.999976156985732612e-01
5.016722408026755277e-10 9.999962745341047787e-01
6.020066889632105918e-10 9.999946353380591013e-01
7.023411371237457594e-10 9.999926981134187320e-01
8.026755852842808236e-10 9.999904628637082959e-01
9.030100334448158877e-10 9.999879295929954282e-01
1.003344481605351055e-09 9.999850983058895526e-01
1.103678929765886223e-09 9.999819690075419931e-01
1.204013377926421184e-09 9.999785417036471946e-01
1.304347826086956351e-09 9.999748164004410578e-01
1.404682274247491519e-09 9.999707931047017162e-01
1.505016722408026480e-09 9.999664718237495364e-01
1.605351170568561647e-09 9.999618525654480061e-01
1.705685618729096815e-09 9.999569353382009584e-01
1.806020066889631775e-09 9.999517201509556807e-01
1.906354515050166943e-09 9.999462070132008051e-01
2.006688963210702111e-09 9.999403959349676407e-01
2.107023411371237278e-09 9.999342869268295075e-01
2.207357859531772446e-09 9.999278799999002931e-01
2.307692307692307200e-09 9.999211751658377834e-01
2.408026755852842367e-09 9.999141724368403317e-01
2.508361204013377535e-09 9.999068718256486354e-01
2.608695652173912702e-09 9.998992733455455140e-01
2.709030100334447870e-09 9.998913770103549092e-01
2.809364548494983038e-09 9.998831828344433292e-01
2.909698996655517792e-09 9.998746908327177385e-01
3.010033444816052959e-09 9.998659010206280007e-01
3.110367892976588127e-09 9.998568134141649910e-01
3.210702341137123294e-09 9.998474280298615957e-01
3.311036789297658462e-09 9.998377448847914906e-01
3.411371237458193629e-09 9.998277639965703623e-01
3.511705685618728797e-09 9.998174853833551312e-01
3.612040133779263551e-09 9.998069090638440626e-01
3.712374581939798719e-09 9.997960350572765442e-01
3.812709030100333886e-09 9.997848633834336418e-01
3.913043478260868640e-09 9.997733940626372107e-01
4.013377926421404221e-09 9.997616271157501178e-01
4.113712374581938975e-09 9.997495625641772410e-01
4.214046822742474556e-09 9.997372004298626935e-01
4.314381270903009310e-09 9.997245407352930435e-01
4.414715719063544892e-09 9.997115835034949827e-01
4.515050167224079646e-09 9.996983287580362143e-01
4.615384615384614399e-09 9.996847765230250094e-01
4.715719063545149981e-09 9.996709268231098733e-01
4.816053511705684735e-09 9.996567796834811004e-01
4.916387959866220316e-09 9.996423351298681093e-01
5.016722408026755070e-09 9.996275931885415522e-01
5.117056856187290651e-09 9.996125538863115390e-01
5.217391304347825405e-09 9.995972172505296349e-01
5.317725752508360159e-09 9.995815833090863078e-01
5.418060200668895740e-09 9.995656520904130371e-01
5.518394648829430494e-09 9.995494236234808705e-01
5.618729096989966075e-09 9.995328979378005352e-01
5.719063545150500829e-09 9.995160750634229929e-01
5.819397993311035583e-09 9.994989550309385518e-01
5.919732441471571164e-09 9.994815378714773102e-01
6.020066889632105918e-09 9.994638236167084910e-01
6.120401337792641499e-09 9.994458122988418847e-01
6.220735785953176253e-09 9.994275039506249625e-01
6.321070234113711835e-09 9.994088986053457635e-01
6.421404682274246589e-09 9.993899962968304518e-01
6.521739130434781343e-09 9.993707970594450929e-01
6.622073578595316924e-09 9.993513009280940995e-01
6.722408026755851678e-09 9.993315079382205646e-01
6.822742474916387259e-09 9.993114181258067052e-01
6.923076923076922013e-09 9.992910315273729749e-01
7.023411371237457594e-09 9.992703481799783960e-01
7.123745819397992348e-09 9.992493681212206713e-01
7.224080267558527102e-09 9.992280913892354066e-01
7.324414715719062683e-09 9.992065180226959997e-01
7.424749163879597437e-09 9.991846480608145287e-01
7.525083612040133018e-09 9.991624815433400864e-01
7.625418060200667772e-09 9.991400185105610010e-01
7.725752508361202526e-09 9.991172590033015055e-01
7.826086956521737280e-09 9.990942030629246240e-01
7.926421404682273689e-09 9.990708507313301734e-01
8.026755852842808442e-09 9.990472020509549855e-01
8.127090301003343196e-09 9.990232570647735733e-01
8.227424749163877950e-09 9.989990158162975753e-01
8.327759197324414359e-09 9.989744783495744240e-01
8.428093645484949113e-09 9.989496447091898990e-01
8.528428093645483867e-09 9.989245149402644630e-01
8.628762541806018621e-09 9.988990890884569263e-01
8.729096989966553375e-09 9.988733671999605601e-01
8.829431438127089783e-09 9.988473493215065391e-01
8.929765886287624537e-09 9.988210355003611651e-01
9.030100334448159291e-09 9.987944257843260898e-01
9.130434782608694045e-09 9.987675202217400905e-01
9.230769230769228799e-09 9.987403188614762950e-01
9.331103678929765207e-09 9.987128217529437357e-01
9.431438127090299961e-09 9.986850289460869057e-01
9.531772575250834715e-09 9.986569404913853143e-01
9.632107023411369469e-09 9.986285564398530434e-01
9.732441471571904223e-09 9.985998768430399686e-01
9.832775919732440632e-09 9.985709017530286502e-01
9.933110367892975386e-09 9.985416312224389968e-01
1.003344481605351014e-08 9.985120653044226025e-01
1.013377926421404489e-08 9.984822040526668552e-01
1.023411371237458130e-08 9.984520475213927160e-01
1.033444816053511606e-08 9.984215957653547191e-01
1.043478260869565081e-08 9.983908488398413050e-01
1.053511705685618556e-08 9.983598068006747095e-01
1.063545150501672032e-08 9.983284697042098532e-01
1.073578595317725673e-08 9.982968376073351191e-01
1.083612040133779148e-08 9.982649105674724632e-01
1.093645484949832623e-08 9.982326886425753054e-01
1.103678929765886099e-08 9.982001718911309718e-01
1.113712374581939574e-08 9.981673603721590293e-01
1.123745819397993215e-08 9.981342541452105088e-01
1.133779264214046690e-08 9.981008532703693481e-01
1.143812709030100166e-08 9.980671578082510598e-01
1.153846153846153641e-08 9.980331678200030643e-01
1.163879598662207117e-08 9.979988833673043569e-01
1.173913043478260757e-08 9.979643045123649525e-01
1.183946488294314233e-08 9.979294313179259968e-01
1.193979933110367708e-08 9.978942638472605431e-01
1.204013377926421184e-08 9.978588021641705552e-01
1.214046822742474824e-08 9.978230463329905708e-01
1.224080267558528300e-08 9.977869964185842599e-01
1.234113712374581775e-08 9.977506524863458681e-01
1.244147157190635251e-08 9.977140146021999945e-01
1.254180602006688726e-08 9.976770828325999263e-01
1.264214046822742367e-08 9.976398572445294155e-01
1.274247491638795842e-08 9.976023379055016793e-01
1.284280936454849318e-08 9.975645248835580681e-01
1.294314381270902793e-08 9.975264182472706187e-01
1.304347826086956269e-08 9.974880180657381690e-01
1.314381270903009909e-08 9.974493244085895771e-01
1.324414715719063385e-08 9.974103373459811683e-01
1.334448160535116860e-08 9.973710569485978450e-01
1.344481605351170336e-08 9.973314832876519764e-01
1.354515050167223811e-08 9.972916164348839541e-01
1.364548494983277452e-08 9.972514564625618583e-01
1.374581939799330927e-08 9.972110034434794601e-01
1.384615384615384403e-08 9.971702574509596628e-01
1.394648829431437878e-08 9.971292185588510604e-01
1.404682274247491519e-08 9.970878868415288254e-01
1.414715719063544994e-08 9.970462623738947094e-01
1.424749163879598470e-08 9.970043452313757104e-01
1.434782608695651945e-08 9.969621354899261823e-01
1.444816053511705420e-08 9.969196332260250593e-01
1.454849498327759061e-08 9.968768385166766333e-01
1.464882943143812537e-08 9.968337514394114418e-01
1.474916387959866012e-08 9.967903720722831595e-01
1.484949832775919487e-08 9.967467004938718178e-01
1.494983277591973128e-08 9.967027367832810292e-01
1.505016722408026604e-08 9.966584810201385425e-01
1.515050167224080079e-08 9.966139332845967980e-01
1.525083612040133554e-08 9.965690936573312619e-01
1.535117056856187030e-08 9.965239622195409819e-01
1.545150501672240505e-08 9.964785390529485865e-01
1.555183946488293981e-08 9.964328242397991753e-01
1.565217391304347456e-08 9.963868178628609851e-01
1.575250836120401262e-08 9.963405200054242794e-01
1.585284280936454738e-08 9.962939307513020148e-01
1.595317725752508213e-08 9.962470501848290638e-01
1.605351170568561688e-08 9.961998783908616595e-01
1.615384615384615164e-08 9.961524154547775067e-01
1.625418060200668639e-08 9.961046614624756712e-01
1.635451505016722115e-08 9.960566165003760242e-01
1.645484949832775590e-08 9.960082806554193535e-01
1.655518394648829065e-08 9.959596540150662536e-01
1.665551839464882872e-08 9.959107366672983463e-01
1.675585284280936347e-08 9.958615287006160610e-01
1.685618729096989823e-08 9.958120302040398553e-01
1.695652173913043298e-08 9.957622412671097711e-01
1.705685618729096773e-08 9.957121619798847689e-01
1.715719063545150249e-08 9.956617924329420610e-01
1.725752508361203724e-08 9.956111327173780001e-01
1.735785953177257200e-08 9.955601829248065249e-01
1.745819397993310675e-08 9.955089431473602701e-01
1.755852842809364150e-08 9.954574134776887906e-01
1.765886287625417957e-08 9.954055940089592269e-01
1.775919732441471432e-08 9.953534848348556396e-01
1.785953177257524907e-08 9.953010860495795642e-01
1.795986622073578383e-08 9.952483977478481236e-01
1.806020066889631858e-08 9.951954200248954718e-01
1.816053511705685334e-08 9.951421529764707952e-01
1.826086956521738809e-08 9.950885966988395337e-01
1.836120401337792284e-08 9.950347512887822710e-01
1.846153846153845760e-08 9.949806168435947340e-01
1.856187290969899566e-08 9.949261934610874603e-01
1.866220735785953041e-08 9.948714812395846874e-01
1.876254180602006517e-08 9.948164802779262406e-01
1.886287625418059992e-08 9.947611906754638689e-01
1.896321070234113468e-08 9.947056125320647979e-01
1.906354515050166943e-08 9.946497459481083991e-01
1.916387959866220418e-08 9.945935910244865230e-01
1.926421404682273894e-08 9.945371478626050532e-01
1.936454849498327369e-08 9.944804165643811311e-01
1.946488294314380845e-08 9.944233972322439330e-01
1.956521739130434651e-08 9.943660899691351140e-01
1.966555183946488126e-08 9.943084948785061439e-01
1.976588628762541602e-08 9.942506120643216372e-01
1.986622073578595077e-08 9.941924416310550239e-01
1.996655518394648553e-08 9.941339836836909916e-01
2.006688963210702028e-08 9.940752383277245974e-01
2.016722408026755503e-08 9.940162056691601578e-01
2.026755852842808979e-08 9.939568858145118035e-01
2.036789297658862454e-08 9.938972788708027029e-01
2.046822742474916260e-08 9.938373849455641729e-01
2.056856187290969736e-08 9.937772041468370121e-01
2.066889632107023211e-08 9.937167365831695021e-01
2.076923076923076687e-08 9.936559823636181843e-01
2.086956521739130162e-08 9.935949415977470833e-01
2.096989966555183637e-08 9.935336143956265964e-01
2.107023411371237113e-08 9.934720008678347147e-01
2.117056856187290588e-08 9.934101011254554692e-01
2.127090301003344064e-08 9.933479152800793743e-01
2.137123745819397539e-08 9.932854434438025404e-01
2.147157190635451345e-08 9.932226857292262290e-01
2.157190635451504821e-08 9.931596422494577414e-01
2.167224080267558296e-08 9.930963131181081982e-01
2.177257525083611771e-08 9.930326984492936493e-01
2.187290969899665247e-08 9.929687983576332977e-01
2.197324414715718722e-08 9.929046129582518310e-01
2.207357859531772198e-08 9.928401423667756465e-01
2.217391304347825673e-08 9.927753866993349607e-01
2.227424749163879148e-08 9.927103460725623663e-01
2.237458193979932955e-08 9.926450206035929424e-01
2.247491638795986430e-08 9.925794104100640336e-01
2.257525083612039905e-08 9.925135156101135836e-01
2.267558528428093381e-08 9.924473363223815792e-01
2.277591973244146856e-08 9.923808726660086066e-01
2.287625418060200332e-08 9.923141247606365178e-01
2.297658862876253807e-08 9.922470927264055440e-01
2.307692307692307282e-08 9.921797766839577370e-01
2.317725752508360758e-08 9.921121767544329728e-01
2.327759197324414233e-08 9.920442930594712827e-01
2.337792642140468040e-08 9.919761257212099670e-01
2.347826086956521515e-08 9.919076748622867035e-01
2.357859531772574990e-08 9.918389406058354396e-01
2.367892976588628466e-08 9.917699230754880579e-01
2.377926421404681941e-08 9.917006223953741539e-01
2.387959866220735417e-08 9.916310386901192597e-01
2.397993311036788892e-08 9.915611720848456212e-01
2.408026755852842367e-08 9.914910227051725311e-01
2.418060200668895843e-08 9.914205906772131094e-01
2.428093645484949649e-08 9.913498761275775228e-01
2.438127090301003124e-08 9.912788791833695434e-01
2.448160535117056600e-08 9.912075999721879915e-01
2.458193979933110075e-08 9.911360386221259589e-01
2.468227424749163551e-08 9.910641952617696981e-01
2.478260869565217026e-08 9.909920700201996224e-01
2.488294314381270501e-08 9.909196630269883066e-01
2.498327759197323977e-08 9.908469744122013756e-01
2.508361204013377452e-08 9.907740043063960611e-01
2.518394648829430928e-08 9.907007528406223118e-01
2.528428093645484734e-08 9.906272201464201288e-01
2.538461538461538209e-08 9.905534063558217861e-01
2.548494983277591685e-08 9.904793116013488330e-01
2.558528428093645160e-08 9.904049360160139814e-01
2.568561872909698635e-08 9.903302797333198848e-01
2.578595317725752111e-08 9.902553428872570285e-01
2.588628762541805586e-08 9.901801256123063943e-01
2.598662207357859062e-08 9.901046280434370184e-01
2.608695652173912537e-08 9.900288503161055464e-01
2.618729096989966343e-08 9.899527925662570116e-01
2.628762541806019819e-08 9.898764549303232796e-01
2.638795986622073294e-08 9.897998375452232711e-01
2.648829431438126769e-08 9.897229405483626286e-01
2.658862876254180245e-08 9.896457640776329390e-01
2.668896321070233720e-08 9.895683082714109569e-01
2.678929765886287196e-08 9.894905732685591593e-01
2.688963210702340671e-08 9.894125592084244136e-01
2.698996655518394146e-08 9.893342662308379776e-01
2.709030100334447622e-08 9.892556944761159432e-01
2.719063545150501428e-08 9.891768440850567945e-01
2.729096989966554904e-08 9.890977151989426286e-01
2.739130434782608379e-08 9.890183079595381566e-01
2.749163879598661854e-08 9.889386225090899263e-01
2.759197324414715330e-08 9.888586589903270996e-01
2.769230769230768805e-08 9.887784175464594538e-01
2.779264214046822281e-08 9.886978983211777150e-01
2.789297658862875756e-08 9.886171014586542238e-01
2.799331103678929231e-08 9.885360271035397162e-01
2.809364548494983038e-08 9.884546754009657654e-01
2.819397993311036513e-08 9.883730464965425622e-01
2.829431438127089988e-08 9.882911405363592472e-01
2.839464882943143464e-08 9.882089576669834674e-01
2.849498327759196939e-08 9.881264980354601546e-01
2.859531772575250415e-08 9.880437617893118585e-01
2.869565217391303890e-08 9.879607490765384137e-01
2.879598662207357365e-08 9.878774600456160515e-01
2.889632107023410841e-08 9.877938948454968449e-01
2.899665551839464316e-08 9.877100536256084862e-01
2.909698996655518122e-08 9.876259365358540654e-01
2.919732441471571598e-08 9.875415437266114038e-01
2.929765886287625073e-08 9.874568753487320549e-01
2.939799331103678549e-08 9.873719315535421925e-01
2.949832775919732024e-08 9.872867124928405014e-01
2.959866220735785499e-08 9.872012183188991763e-01
2.969899665551838975e-08 9.871154491844624790e-01
2.979933110367892450e-08 9.870294052427466269e-01
2.989966555183946256e-08 9.869430866474393493e-01
2.999999999999999732e-08 9.868564935526997761e-01
