0.000000000000000000e+00 9.999999999999995559e-01
1.003344481605351029e-10 9.999784447360527961e-01
2.006688963210702059e-10 9.999137846173900002e-01
3.010033444816052959e-10 9.998060366610219685e-01
4.013377926421404118e-10 9.996552292202351975e-01
5.016722408026755277e-10 9.994614019720005071e-01
6.020066889632105918e-10 9.992246058993503599e-01
7.023411371237457594e-10 9.989449032687476304e-01
8.026755852842808236e-10 9.986223676024437168e-01
9.030100334448158877e-10 9.982570836458549701e-01
1.003344481605351055e-09 9.978491473299713199e-01
1.103678929765886223e-09 9.973986657288158586e-01
1.204013377926421184e-09 9.969057570119900236e-01
1.304347826086956351e-09 9.963705503923229179e-01
1.404682274247491519e-09 9.957931860686576320e-01
1.505016722408026480e-09 9.951738151638149787e-01
1.605351170568561647e-09 9.945125996577619532e-01
1.705685618729096815e-09 9.938097123160278823e-01
1.806020066889631775e-09 9.930653366134158944e-01
1.906354515050166943e-09 9.922796666530409038e-01
2.006688963210702111e-09 9.914529070807577282e-01
2.107023411371237278e-09 9.905852729950174185e-01
2.207357859531772446e-09 9.896769898522104203e-01
2.307692307692307200e-09 9.887282933675505259e-01
2.408026755852842367e-09 9.877394294115570128e-01
2.508361204013377535e-09 9.867106539021968103e-01
2.608695652173912702e-09 9.856422326927488653e-01
2.709030100334447870e-09 9.845344414554562107e-01
2.809364548494983038e-09 9.833875655610333499e-01
2.909698996655517792e-09 9.822018999541002326e-01
3.010033444816052959e-09 9.809777490246139875e-01
3.110367892976588127e-09 9.797154264753740183e-01
3.210702341137123294e-09 9.784152551856765134e-01
3.311036789297658462e-09 9.770775670711985272e-01
3.411371237458193629e-09 9.757027029401917906e-01
3.511705685618728797e-09 9.742910123460706284e-01
3.612040133779263551e-09 9.728428534364776947e-01
3.712374581939798719e-09 9.713585927989157875e-01
3.812709030100333886e-09 9.698386053030332299e-01
3.913043478260868640e-09 9.682832739396566302e-01
4.013377926421404221e-09 9.666929896566581748e-01
4.113712374581938975e-09 9.650681511917579281e-01
4.214046822742474556e-09 9.634091649023519555e-01
4.314381270903009310e-09 9.617164445924639704e-01
4.414715719063544892e-09 9.599904113369245318e-01
4.515050167224079646e-09 9.582314933028696080e-01
4.615384615384614399e-09 9.564401255686665326e-01
4.715719063545149981e-09 9.546167499403657164e-01
4.816053511705684735e-09 9.527618147657879177e-01
4.916387959866220316e-09 9.508757747463441046e-01
5.016722408026755070e-09 9.489590907467004843e-01
5.117056856187290651e-09 9.470122296023919528e-01
5.217391304347825405e-09 9.450356639254950952e-01
5.317725752508360159e-09 9.430298719084657666e-01
5.418060200668895740e-09 9.409953371262554933e-01
5.518394648829430494e-09 9.389325483368111680e-01
5.618729096989966075e-09 9.368419992800746110e-01
5.719063545150500829e-09 9.347241884755893571e-01
5.819397993311035583e-09 9.325796190188292423e-01
5.919732441471571164e-09 9.304087983763567049e-01
6.020066889632105918e-09 9.282122381799318145e-01
6.120401337792641499e-09 9.259904540196738365e-01
6.220735785953176253e-09 9.237439652363970133e-01
6.321070234113711835e-09 9.214732947132284746e-01
6.421404682274246589e-09 9.191789686666264059e-01
6.521739130434781343e-09 9.168615164369042780e-01
6.622073578595316924e-09 9.145214702783803773e-01
6.722408026755851678e-09 9.121593651492633237e-01
6.822742474916387259e-09 9.097757385013829357e-01
6.923076923076922013e-09 9.073711300698842352e-01
7.023411371237457594e-09 9.049460816629897320e-01
7.123745819397992348e-09 9.025011369519464477e-01
7.224080267558527102e-09 9.000368412612647084e-01
7.324414715719062683e-09 8.975537413593603908e-01
7.424749163879597437e-09 8.950523852497080934e-01
7.525083612040133018e-09 8.925333219626150338e-01
7.625418060200667772e-09 8.899971013477232518e-01
7.725752508361202526e-09 8.874442738673438136e-01
7.826086956521737280e-09 8.848753903907335960e-01
7.926421404682273689e-09 8.822910019894137923e-01
8.026755852842808442e-09 8.796916597336367216e-01
8.127090301003343196e-09 8.770779144901035274e-01
8.227424749163877950e-09 8.744503167210302408e-01
8.327759197324414359e-09 8.718094162846656836e-01
8.428093645484949113e-09 8.691557622373576875e-01
8.528428093645483867e-09 8.664899026372631097e-01
8.628762541806018621e-09 8.638123843498002330e-01
8.729096989966553375e-09 8.611237528549343656e-01
8.829431438127089783e-09 8.584245520563895671e-01
8.929765886287624537e-09 8.557153240928780935e-01
9.030100334448159291e-09 8.529966091514342708e-01
9.130434782608694045e-09 8.502689452829421679e-01
9.230769230769228799e-09 8.475328682199406716e-01
9.331103678929765207e-09 8.447889111967881171e-01
9.431438127090299961e-09 8.420376047722726298e-01
9.531772575250834715e-09 8.392794766547404528e-01
9.632107023411369469e-09 8.365150515298259704e-01
9.732441471571904223e-09 8.337448508908573697e-01
9.832775919732440632e-09 8.309693928720065514e-01
9.933110367892975386e-09 8.281891920842608945e-01
1.003344481605351014e-08 8.254047594542845978e-01
1.013377926421404489e-08 8.226166020662297740e-01
1.023411371237458130e-08 8.198252230065734558e-01
1.033444816053511606e-08 8.170311212120306976e-01
1.043478260869565081e-08 8.142347913206128274e-01
1.053511705685618556e-08 8.114367235258849176e-01
1.063545150501672032e-08 8.086374034344765427e-01
1.073578595317725673e-08 8.058373119269005569e-01
1.083612040133779148e-08 8.030369250217336274e-01
1.093645484949832623e-08 8.002367137431962707e-01
1.103678929765886099e-08 7.974371439921923432e-01
1.113712374581939574e-08 7.946386764208382969e-01
1.123745819397993215e-08 7.918417663105327131e-01
1.133779264214046690e-08 7.890468634535972026e-01
1.143812709030100166e-08 7.862544120385281943e-01
1.153846153846153641e-08 7.834648505388928097e-01
1.163879598662207117e-08 7.806786116058990199e-01
1.173913043478260757e-08 7.778961219646668424e-01
1.183946488294314233e-08 7.751178023142277773e-01
1.193979933110367708e-08 7.723440672312775757e-01
1.204013377926421184e-08 7.695753250776972143e-01
1.214046822742474824e-08 7.668119779118672819e-01
1.224080267558528300e-08 7.640544214037855442e-01
1.234113712374581775e-08 7.613030447540041212e-01
1.244147157190635251e-08 7.585582306163944910e-01
1.254180602006688726e-08 7.558203550247516445e-01
1.264214046822742367e-08 7.530897873232390571e-01
1.274247491638795842e-08 7.503668901006803615e-01
1.284280936454849318e-08 7.476520191286960548e-01
1.294314381270902793e-08 7.449455233036863522e-01
1.304347826086956269e-08 7.422477445926533024e-01
1.314381270903009909e-08 7.395590179828556154e-01
1.324414715719063385e-08 7.368796714352886523e-01
1.334448160535116860e-08 7.342100258419773651e-01
1.344481605351170336e-08 7.315503949870669764e-01
1.354515050167223811e-08 7.289010855116980769e-01
1.364548494983277452e-08 7.262623968826460441e-01
1.374581939799330927e-08 7.236346213647010250e-01
1.384615384615384403e-08 7.210180439967738275e-01
1.394648829431437878e-08 7.184129425716936357e-01
1.404682274247491519e-08 7.158195876196752350e-01
1.414715719063544994e-08 7.132382423954246597e-01
1.424749163879598470e-08 7.106691628688537321e-01
1.434782608695651945e-08 7.081125977193668541e-01
1.444816053511705420e-08 7.055687883336853039e-01
1.454849498327759061e-08 7.030379688071755062e-01
1.464882943143812537e-08 7.005203659486354262e-01
1.474916387959866012e-08 6.980161992885005606e-01
1.484949832775919487e-08 6.955256810904284492e-01
1.494983277591973128e-08 6.930490163662137437e-01
1.505016722408026604e-08 6.905864028939875388e-01
1.515050167224080079e-08 6.881380312396524479e-01
1.525083612040133554e-08 6.857040847815063511e-01
1.535117056856187030e-08 6.832847397379956389e-01
1.545150501672240505e-08 6.808801651985548764e-01
1.555183946488293981e-08 6.784905231574673845e-01
1.565217391304347456e-08 6.761159685506999972e-01
1.575250836120401262e-08 6.737566492956468256e-01
1.585284280936454738e-08 6.714127063337276269e-01
1.595317725752508213e-08 6.690842736757782738e-01
1.605351170568561688e-08 6.667714784501725944e-01
1.615384615384615164e-08 6.644744409536138541e-01
1.625418060200668639e-08 6.621932747045278234e-01
1.635451505016722115e-08 6.599280864989988116e-01
1.645484949832775590e-08 6.576789764691777229e-01
1.655518394648829065e-08 6.554460381440968542e-01
1.665551839464882872e-08 6.532293585128240432e-01
1.675585284280936347e-08 6.510290180898876677e-01
1.685618729096989823e-08 6.488450909829015512e-01
1.695652173913043298e-08 6.466776449623216072e-01
1.705685618729096773e-08 6.445267415332623928e-01
1.715719063545150249e-08 6.423924360093020702e-01
1.725752508361203724e-08 6.402747775882042802e-01
1.735785953177257200e-08 6.381738094294839847e-01
1.745819397993310675e-08 6.360895687337457804e-01
1.755852842809364150e-08 6.340220868237191887e-01
1.765886287625417957e-08 6.319713892269203104e-01
1.775919732441471432e-08 6.299374957598626867e-01
1.785953177257524907e-08 6.279204206137469768e-01
1.795986622073578383e-08 6.259201724415522916e-01
1.806020066889631858e-08 6.239367544464574644e-01
1.816053511705685334e-08 6.219701644715159849e-01
1.826086956521738809e-08 6.200203950905132100e-01
1.836120401337792284e-08 6.180874336999274687e-01
1.846153846153845760e-08 6.161712626119275615e-01
1.856187290969899566e-08 6.142718591483251611e-01
1.866220735785953041e-08 6.123891957354167248e-01
1.876254180602006517e-08 6.105232399996349812e-01
1.886287625418059992e-08 6.086739548639423791e-01
1.896321070234113468e-08 6.068412986448914470e-01
1.906354515050166943e-08 6.050252251502810097e-01
1.916387959866220418e-08 6.032256837773370961e-01
1.926421404682273894e-08 6.014426196113471512e-01
1.936454849498327369e-08 5.996759735246798284e-01
1.946488294314380845e-08 5.979256822761176426e-01
1.956521739130434651e-08 5.961916786104358712e-01
1.966555183946488126e-08 5.944738913581606443e-01
1.976588628762541602e-08 5.927722455354361708e-01
1.986622073578595077e-08 5.910866624439387040e-01
1.996655518394648553e-08 5.894170597707680814e-01
2.006688963210702028e-08 5.877633516882566633e-01
2.016722408026755503e-08 5.861254489536288359e-01
2.026755852842808979e-08 5.845032590084491275e-01
2.036789297658862454e-08 5.828966860778030945e-01
2.046822742474916260e-08 5.813056312691396998e-01
2.056856187290969736e-08 5.797299926707305540e-01
2.066889632107023211e-08 5.781696654496744081e-01
2.076923076923076687e-08 5.766245419494010482e-01
2.086956521739130162e-08 5.750945117866124168e-01
2.096989966555183637e-08 5.735794619476114464e-01
2.107023411371237113e-08 5.720792768839616516e-01
2.117056856187290588e-08 5.705938386074304036e-01
2.127090301003344064e-08 5.691230267841630441e-01
2.137123745819397539e-08 5.676667188280403176e-01
2.147157190635451345e-08 5.662247899931714956e-01
2.157190635451504821e-08 5.647971134654772296e-01
2.167224080267558296e-08 5.633835604533198316e-01
2.177257525083611771e-08 5.619840002771341325e-01
2.187290969899665247e-08 5.605983004580232798e-01
2.197324414715718722e-08 5.592263268052738434e-01
2.207357859531772198e-08 5.578679435027568134e-01
2.217391304347825673e-08 5.565230131941732994e-01
2.227424749163879148e-08 5.551913970671155107e-01
2.237458193979932955e-08 5.538729549359036053e-01
2.247491638795986430e-08 5.525675453231694290e-01
2.257525083612039905e-08 5.512750255401583921e-01
2.267558528428093381e-08 5.499952517657160644e-01
2.277591973244146856e-08 5.487280791239378397e-01
2.287625418060200332e-08 5.474733617604505831e-01
2.297658862876253807e-08 5.462309529173070555e-01
2.307692307692307282e-08 5.450007050064689107e-01
2.317725752508360758e-08 5.437824696818560621e-01
2.327759197324414233e-08 5.425760979099466530e-01
2.337792642140468040e-08 5.413814400389070913e-01
2.347826086956521515e-08 5.401983458662374948e-01
2.357859531772574990e-08 5.390266647049204440e-01
2.367892976588628466e-08 5.378662454480542809e-01
2.377926421404681941e-08 5.367169366319688439e-01
2.387959866220735417e-08 5.355785864978047650e-01
2.397993311036788892e-08 5.344510430515556632e-01
2.408026755852842367e-08 5.333341541225631310e-01
2.418060200668895843e-08 5.322277674204598519e-01
2.428093645484949649e-08 5.311317305905592923e-01
2.438127090301003124e-08 5.300458912676880852e-01
2.448160535117056600e-08 5.289700971284628794e-01
2.458193979933110075e-08 5.279041959420106567e-01
2.468227424749163551e-08 5.268480356191362901e-01
2.478260869565217026e-08 5.258014642599412314e-01
2.488294314381270501e-08 5.247643301998992094e-01
2.498327759197323977e-08 5.237364820543939370e-01
2.508361204013377452e-08 5.227177687617297064e-01
2.518394648829430928e-08 5.217080396246214224e-01
2.528428093645484734e-08 5.207071443501776198e-01
2.538461538461538209e-08 5.197149330883860108e-01
2.548494983277591685e-08 5.187312564691173300e-01
2.558528428093645160e-08 5.177559656376595765e-01
2.568561872909698635e-08 5.167889122888005282e-01
2.578595317725752111e-08 5.158299486994737393e-01
2.588628762541805586e-08 5.148789277599870040e-01
2.598662207357859062e-08 5.139357030038524954e-01
2.608695652173912537e-08 5.130001286362375623e-01
2.618729096989966343e-08 5.120720595610587234e-01
2.628762541806019819e-08 5.111513514067402841e-01
2.638795986622073294e-08 5.102378605506610043e-01
2.648829431438126769e-08 5.093314441423123506e-01
2.658862876254180245e-08 5.084319601251942045e-01
2.668896321070233720e-08 5.075392672574728925e-01
2.678929765886287196e-08 5.066532251314280755e-01
2.688963210702340671e-08 5.057736941917173601e-01
2.698996655518394146e-08 5.049005357524842807e-01
2.709030100334447622e-08 5.040336120133404041e-01
2.719063545150501428e-08 5.031727860742503111e-01
2.729096989966554904e-08 5.023179219493492109e-01
2.739130434782608379e-08 5.014688845797239392e-01
2.749163879598661854e-08 5.006255398451885386e-01
2.759197324414715330e-08 4.997877545750867845e-01
2.769230769230768805e-08 4.989553965581516870e-01
2.779264214046822281e-08 4.981283345514573302e-01
2.789297658862875756e-08 4.973064382884924139e-01
2.799331103678929231e-08 4.964895784863930794e-01
2.809364548494983038e-08 4.956776268523630513e-01
2.819397993311036513e-08 4.948704560893206761e-01
2.829431438127089988e-08 4.940679399008020001e-01
2.839464882943143464e-08 4.932699529951564688e-01
2.849498327759196939e-08 4.924763710890689428e-01
2.859531772575250415e-08 4.916870709104422810e-01
2.869565217391303890e-08 4.909019302006743524e-01
2.879598662207357365e-08 4.901208277163651705e-01
2.889632107023410841e-08 4.893436432304871797e-01
2.899665551839464316e-08 4.885702575330528874e-01
2.909698996655518122e-08 4.878005524313157593e-01
2.919732441471571598e-08 4.870344107495362951e-01
2.929765886287625073e-08 4.862717163283481470e-01
2.939799331103678549e-08 4.855123540237573643e-01
2.949832775919732024e-08 4.847562097058103481e-01
2.959866220735785499e-08 4.840031702569582706e-01
2.969899665551838975e-08 4.832531235701579275e-01
2.979933110367892450e-08 4.825059585467345036e-01
2.989966555183946256e-08 4.817615650940439975e-01
2.999999999999999732e-08 4.810198341229616203e-01
