0.000000000000000000e+00 9.999999999999995559e-01
1.003344481605351029e-10 9.999959811464810278e-01
2.006688963210702059e-10 9.999839247831372457e-01
3.010033444816052959e-10 9.999638315015901835e-01
4.013377926421404118e-10 9.999357022878211376e-01
5.016722408026755277e-10 9.998995385220896814e-01
6.020066889632105918e-10 9.998553419788189789e-01
7.023411371237457594e-10 9.998031148264495682e-01
8.026755852842808236e-10 9.997428596272595058e-01
9.030100334448158877e-10 9.996745793371515365e-01
1.003344481605351055e-09 9.995982773054092885e-01
1.103678929765886223e-09 9.995139572744194956e-01
1.204013377926421184e-09 9.994216233793621340e-01
1.304347826086956351e-09 9.993212801478681406e-01
1.404682274247491519e-09 9.992129324996446016e-01
1.505016722408026480e-09 9.990965857460685218e-01
1.605351170568561647e-09 9.989722455897456221e-01
1.705685618729096815e-09 9.988399181240394942e-01
1.806020066889631775e-09 9.986996098325674476e-01
1.906354515050166943e-09 9.985513275886642726e-01
2.006688963210702111e-09 9.983950786548132506e-01
2.107023411371237278e-09 9.982308706820461897e-01
2.207357859531772446e-09 9.980587117093104865e-01
2.307692307692307200e-09 9.978786101628046579e-01
2.408026755852842367e-09 9.976905748552817865e-01
2.508361204013377535e-09 9.974946149853222144e-01
2.608695652173912702e-09 9.972907401365720403e-01
2.709030100334447870e-09 9.970789602769529747e-01
2.809364548494983038e-09 9.968592857578381095e-01
2.909698996655517792e-09 9.966317273131986010e-01
3.010033444816052959e-09 9.963962960587166018e-01
3.110367892976588127e-09 9.961530034908683273e-01
3.210702341137123294e-09 9.959018614859758145e-01
3.311036789297658462e-09 9.956428822992274830e-01
3.411371237458193629e-09 9.953760785636680541e-01
3.511705685618728797e-09 9.951014632891563849e-01
3.612040133779263551e-09 9.948190498612938804e-01
3.712374581939798719e-09 9.945288520403223753e-01
3.812709030100333886e-09 9.942308839599907078e-01
3.913043478260868640e-09 9.939251601263905389e-01
4.013377926421404221e-09 9.936116954167639737e-01
4.113712374581938975e-09 9.932905050782787626e-01
4.214046822742474556e-09 9.929616047267744161e-01
4.314381270903009310e-09 9.926250103454793416e-01
4.414715719063544892e-09 9.922807382836968948e-01
4.515050167224079646e-09 9.919288052554621204e-01
4.615384615384614399e-09 9.915692283381704053e-01
4.715719063545149981e-09 9.912020249711754882e-01
4.816053511705684735e-09 9.908272129543577167e-01
4.916387959866220316e-09 9.904448104466663239e-01
5.016722408026755070e-09 9.900548359646292873e-01
5.117056856187290651e-09 9.896573083808370974e-01
5.217391304347825405e-09 9.892522469223971049e-01
5.317725752508360159e-09 9.888396711693598906e-01
5.418060200668895740e-09 9.884196010531164367e-01
5.518394648829430494e-09 9.879920568547694293e-01
5.618729096989966075e-09 9.875570592034741413e-01
5.719063545150500829e-09 9.871146290747545571e-01
5.819397993311035583e-09 9.866647877887899654e-01
5.919732441471571164e-09 9.862075570086750176e-01
6.020066889632105918e-09 9.857429587386535852e-01
6.120401337792641499e-09 9.852710153223227518e-01
6.220735785953176253e-09 9.847917494408156003e-01
6.321070234113711835e-09 9.843051841109518030e-01
6.421404682274246589e-09 9.838113426833646757e-01
6.521739130434781343e-09 9.833102488406046948e-01
6.622073578595316924e-09 9.828019265952100403e-01
6.722408026755851678e-09 9.822864002877599310e-01
6.822742474916387259e-09 9.817636945848967622e-01
6.923076923076922013e-09 9.812338344773239296e-01
7.023411371237457594e-09 9.806968452777823364e-01
7.123745819397992348e-09 9.801527526189958150e-01
7.224080267558527102e-09 9.796015824515991177e-01
7.324414715719062683e-09 9.790433610420351540e-01
7.424749163879597437e-09 9.784781149704324665e-01
7.525083612040133018e-09 9.779058711284569494e-01
7.625418060200667772e-09 9.773266567171404740e-01
7.725752508361202526e-09 9.767404992446855339e-01
7.826086956521737280e-09 9.761474265242484627e-01
7.926421404682273689e-09 9.755474666716964505e-01
8.026755852842808442e-09 9.749406481033454641e-01
8.127090301003343196e-09 9.743269995336725220e-01
8.227424749163877950e-09 9.737065499730105378e-01
8.327759197324414359e-09 9.730793287252135215e-01
8.428093645484949113e-09 9.724453653853082358e-01
8.528428093645483867e-09 9.718046898371194287e-01
8.628762541806018621e-09 9.711573322508748607e-01
8.729096989966553375e-09 9.705033230807905698e-01
8.829431438127089783e-09 9.698426930626339315e-01
8.929765886287624537e-09 9.691754732112674020e-01
9.030100334448159291e-09 9.685016948181722762e-01
9.130434782608694045e-09 9.678213894489503533e-01
9.230769230769228799e-09 9.671345889408096141e-01
9.331103678929765207e-09 9.664413254000273623e-01
9.431438127090299961e-09 9.657416311993950453e-01
9.531772575250834715e-09 9.650355389756467561e-01
9.632107023411369469e-09 9.643230816268648642e-01
9.732441471571904223e-09 9.636042923098709911e-01
9.832775919732440632e-09 9.628792044375968917e-01
9.933110367892975386e-09 9.621478516764396804e-01
1.003344481605351014e-08 9.614102679435965193e-01
1.013377926421404489e-08 9.606664874043860936e-01
1.023411371237458130e-08 9.599165444695495486e-01
1.033444816053511606e-08 9.591604737925371049e-01
1.043478260869565081e-08 9.583983102667776866e-01
1.053511705685618556e-08 9.576300890229328955e-01
1.063545150501672032e-08 9.568558454261345547e-01
1.073578595317725673e-08 9.560756150732072634e-01
1.083612040133779148e-08 9.552894337898767407e-01
1.093645484949832623e-08 9.544973376279611843e-01
1.103678929765886099e-08 9.536993628625506370e-01
1.113712374581939574e-08 9.528955459891692570e-01
1.123745819397993215e-08 9.520859237209268189e-01
1.133779264214046690e-08 9.512705329856553371e-01
1.143812709030100166e-08 9.504494109230294807e-01
1.153846153846153641e-08 9.496225948816785500e-01
1.163879598662207117e-08 9.487901224162841318e-01
1.173913043478260757e-08 9.479520312846628771e-01
1.183946488294314233e-08 9.471083594448410636e-01
1.193979933110367708e-08 9.462591450521138370e-01
1.204013377926421184e-08 9.454044264560960142e-01
1.214046822742474824e-08 9.445442421977583436e-01
1.224080267558528300e-08 9.436786310064572136e-01
1.234113712374581775e-08 9.428076317969483755e-01
1.244147157190635251e-08 9.419312836663953359e-01
1.254180602006688726e-08 9.410496258913652046e-01
1.264214046822742367e-08 9.401626979248151050e-01
1.274247491638795842e-08 9.392705393930693702e-01
1.284280936454849318e-08 9.383731900927879677e-01
1.294314381270902793e-08 9.374706899879269306e-01
1.304347826086956269e-08 9.365630792066886867e-01
1.314381270903009909e-08 9.356503980384646146e-01
1.324414715719063385e-08 9.347326869307711616e-01
1.334448160535116860e-08 9.338099864861781896e-01
1.344481605351170336e-08 9.328823374592285500e-01
1.354515050167223811e-08 9.319497807533513312e-01
1.364548494983277452e-08 9.310123574177721073e-01
1.374581939799330927e-08 9.300701086444103094e-01
1.384615384615384403e-08 9.291230757647768179e-01
1.394648829431437878e-08 9.281713002468632290e-01
1.404682274247491519e-08 9.272148236920253472e-01
1.414715719063544994e-08 9.262536878318637923e-01
1.424749163879598470e-08 9.252879345250979437e-01
1.434782608695651945e-08 9.243176057544364443e-01
1.444816053511705420e-08 9.233427436234447061e-01
1.454849498327759061e-08 9.223633903534063094e-01
1.464882943143812537e-08 9.213795882801835146e-01
1.474916387959866012e-08 9.203913798510731104e-01
1.484949832775919487e-08 9.193988076216607075e-01
1.494983277591973128e-08 9.184019142526713697e-01
1.505016722408026604e-08 9.174007425068183563e-01
1.515050167224080079e-08 9.163953352456524204e-01
1.525083612040133554e-08 9.153857354264061108e-01
1.535117056856187030e-08 9.143719860988381853e-01
1.545150501672240505e-08 9.133541304020791340e-01
1.555183946488293981e-08 9.123322115614733718e-01
1.565217391304347456e-08 9.113062728854229855e-01
1.575250836120401262e-08 9.102763577622307034e-01
1.585284280936454738e-08 9.092425096569438647e-01
1.595317725752508213e-08 9.082047721081983882e-01
1.605351170568561688e-08 9.071631887250644066e-01
1.615384615384615164e-08 9.061178031838946767e-01
1.625418060200668639e-08 9.050686592251694362e-01
1.635451505016722115e-08 9.040158006503501431e-01
1.645484949832775590e-08 9.029592713187304387e-01
1.655518394648829065e-08 9.018991151442931065e-01
1.665551839464882872e-08 9.008353760925649212e-01
1.675585284280936347e-08 8.997680981774821563e-01
1.685618729096989823e-08 8.986973254582514281e-01
1.695652173913043298e-08 8.976231020362215318e-01
1.705685618729096773e-08 8.965454720517544995e-01
1.715719063545150249e-08 8.954644796811024321e-01
1.725752508361203724e-08 8.943801691332903259e-01
1.735785953177257200e-08 8.932925846470026743e-01
1.745819397993310675e-08 8.922017704874738442e-01
1.755852842809364150e-08 8.911077709433892213e-01
1.765886287625417957e-08 8.900106303237853567e-01
1.775919732441471432e-08 8.889103929549613259e-01
1.785953177257524907e-08 8.878071031773946409e-01
1.795986622073578383e-08 8.867008053426645997e-01
1.806020066889631858e-08 8.855915438103818538e-01
1.816053511705685334e-08 8.844793629451258576e-01
1.826086956521738809e-08 8.833643071133907565e-01
1.836120401337792284e-08 8.822464206805358256e-01
1.846153846153845760e-08 8.811257480077500093e-01
1.856187290969899566e-08 8.800023334490189031e-01
1.866220735785953041e-08 8.788762213481047247e-01
1.876254180602006517e-08 8.777474560355323918e-01
1.886287625418059992e-08 8.766160818255873677e-01
1.896321070234113468e-08 8.754821430133215010e-01
1.906354515050166943e-08 8.743456838715699675e-01
1.916387959866220418e-08 8.732067486479758722e-01
1.926421404682273894e-08 8.720653815620288407e-01
1.936454849498327369e-08 8.709216268021122698e-01
1.946488294314380845e-08 8.697755285225605704e-01
1.956521739130434651e-08 8.686271308407305103e-01
1.966555183946488126e-08 8.674764778340805504e-01
1.976588628762541602e-08 8.663236135372652802e-01
1.986622073578595077e-08 8.651685819392394006e-01
1.996655518394648553e-08 8.640114269803754743e-01
2.006688963210702028e-08 8.628521925495928890e-01
2.016722408026755503e-08 8.616909224815016977e-01
2.026755852842808979e-08 8.605276605535561174e-01
2.036789297658862454e-08 8.593624504832246824e-01
2.046822742474916260e-08 8.581953359251731639e-01
2.056856187290969736e-08 8.570263604684584813e-01
2.066889632107023211e-08 8.558555676337408213e-01
2.076923076923076687e-08 8.546830008705075254e-01
2.086956521739130162e-08 8.535087035543102996e-01
2.096989966555183637e-08 8.523327189840219642e-01
2.107023411371237113e-08 8.511550903791021971e-01
2.117056856187290588e-08 8.499758608768823720e-01
2.127090301003344064e-08 8.487950735298649407e-01
2.137123745819397539e-08 8.476127713030384703e-01
2.147157190635451345e-08 8.464289970712068900e-01
2.157190635451504821e-08 8.452437936163390564e-01
2.167224080267558296e-08 8.440572036249289756e-01
2.177257525083611771e-08 8.428692696853774535e-01
2.187290969899665247e-08 8.416800342853880679e-01
2.197324414715718722e-08 8.404895398093806813e-01
2.207357859531772198e-08 8.392978285359219415e-01
2.217391304347825673e-08 8.381049426351737663e-01
2.227424749163879148e-08 8.369109241663585941e-01
2.237458193979932955e-08 8.357158150752430625e-01
2.247491638795986430e-08 8.345196571916396744e-01
2.257525083612039905e-08 8.333224922269260038e-01
2.267558528428093381e-08 8.321243617715834429e-01
2.277591973244146856e-08 8.309253072927530459e-01
2.287625418060200332e-08 8.297253701318124675e-01
2.297658862876253807e-08 8.285245915019686658e-01
2.307692307692307282e-08 8.273230124858731438e-01
2.317725752508360758e-08 8.261206740332531773e-01
2.327759197324414233e-08 8.249176169585659135e-01
2.337792642140468040e-08 8.237138819386706778e-01
2.347826086956521515e-08 8.225095095105185994e-01
2.357859531772574990e-08 8.213045400688681053e-01
2.367892976588628466e-08 8.200990138640139593e-01
2.377926421404681941e-08 8.188929709995428352e-01
2.387959866220735417e-08 8.176864514301047659e-01
2.397993311036788892e-08 8.164794949592080187e-01
2.408026755852842367e-08 8.152721412370320664e-01
2.418060200668895843e-08 8.140644297582668720e-01
2.428093645484949649e-08 8.128563998599660501e-01
2.438127090301003124e-08 8.116480907194280059e-01
2.448160535117056600e-08 8.104395413520943947e-01
2.458193979933110075e-08 8.092307906094707848e-01
2.468227424749163551e-08 8.080218771770724118e-01
2.478260869565217026e-08 8.068128395723854762e-01
2.488294314381270501e-08 8.056037161428575288e-01
2.498327759197323977e-08 8.043945450639040651e-01
2.508361204013377452e-08 8.031853643369418760e-01
2.518394648829430928e-08 8.019762117874423835e-01
2.528428093645484734e-08 8.007671250630056248e-01
2.538461538461538209e-08 7.995581416314636591e-01
2.548494983277591685e-08 7.983492987789981843e-01
2.558528428093645160e-08 7.971406336082875743e-01
2.568561872909698635e-08 7.959321830366732353e-01
2.578595317725752111e-08 7.947239837943512741e-01
2.588628762541805586e-08 7.935160724225857054e-01
2.598662207357859062e-08 7.923084852719456395e-01
2.608695652173912537e-08 7.911012585005658959e-01
2.618729096989966343e-08 7.898944280724311540e-01
2.628762541806019819e-08 7.886880297556837505e-01
2.638795986622073294e-08 7.874820991209547927e-01
2.648829431438126769e-08 7.862766715397188078e-01
2.658862876254180245e-08 7.850717821826727061e-01
2.668896321070233720e-08 7.838674660181405018e-01
2.678929765886287196e-08 7.826637578104962412e-01
2.688963210702340671e-08 7.814606921186190158e-01
2.698996655518394146e-08 7.802583032943649632e-01
2.709030100334447622e-08 7.790566254810677993e-01
2.719063545150501428e-08 7.778556926120626658e-01
2.729096989966554904e-08 7.766555384092328485e-01
2.739130434782608379e-08 7.754561963815828074e-01
2.749163879598661854e-08 7.742576998238346331e-01
2.759197324414715330e-08 7.730600818150490383e-01
2.769230769230768805e-08 7.718633752172715523e-01
2.779264214046822281e-08 7.706676126742018074e-01
2.789297658862875756e-08 7.694728266098901370e-01
2.799331103678929231e-08 7.682790492274562677e-01
2.809364548494983038e-08 7.670863125078326572e-01
2.819397993311036513e-08 7.658946482085360330e-01
2.829431438127089988e-08 7.647040878624592475e-01
2.839464882943143464e-08 7.635146627766902228e-01
2.849498327759196939e-08 7.623264040313572076e-01
2.859531772575250415e-08 7.611393424784945738e-01
2.869565217391303890e-08 7.599535087409385881e-01
2.879598662207357365e-08 7.587689332112440566e-01
2.889632107023410841e-08 7.575856460506277257e-01
2.899665551839464316e-08 7.564036771879363297e-01
2.909698996655518122e-08 7.552230563186405066e-01
2.919732441471571598e-08 7.540438129038500303e-01
2.929765886287625073e-08 7.528659761693597963e-01
2.939799331103678549e-08 7.516895751047160124e-01
2.949832775919732024e-08 7.505146384623079259e-01
2.959866220735785499e-08 7.493411947564875275e-01
2.969899665551838975e-08 7.481692722627099057e-01
2.979933110367892450e-08 7.469988990167024667e-01
2.989966555183946256e-08 7.458301028136553601e-01
2.999999999999999732e-08 7.446629112074399925e-01
