0.000000000000000000e+00 9.999999999999995559e-01
1.003344481605351029e-10 9.999997941633520515e-01
2.006688963210702059e-10 9.999991766539270133e-01
3.010033444816052959e-10 9.999981474732764219e-01
4.013377926421404118e-10 9.999967066239867641e-01
5.016722408026755277e-10 9.999948541096795873e-01
6.020066889632105918e-10 9.999925899350107228e-01
7.023411371237457594e-10 9.999899141056715068e-01
8.026755852842808236e-10 9.999868266283862273e-01
9.030100334448158877e-10 9.999833275109154540e-01
1.003344481605351055e-09 9.999794167620528196e-01
1.103678929765886223e-09 9.999750943916280166e-01
1.204013377926421184e-09 9.999703604105039112e-01
1.304347826086956351e-09 9.999652148305784305e-01
1.404682274247491519e-09 9.999596576647835633e-01
1.505016722408026480e-09 9.999536889270859152e-01
1.605351170568561647e-09 9.999473086324860427e-01
1.705685618729096815e-09 9.999405167970188968e-01
1.806020066889631775e-09 9.999333134377536014e-01
1.906354515050166943e-09 9.999256985727930092e-01
2.006688963210702111e-09 9.999176722212741453e-01
2.107023411371237278e-09 9.999092344033682078e-01
2.207357859531772446e-09 9.999003851402799015e-01
2.307692307692307200e-09 9.998911244542475485e-01
2.408026755852842367e-09 9.998814523685431999e-01
2.508361204013377535e-09 9.998713689074725242e-01
2.608695652173912702e-09 9.998608740963743635e-01
2.709030100334447870e-09 9.998499679616215108e-01
2.809364548494983038e-09 9.998386505306189331e-01
2.909698996655517792e-09 9.998269218318056595e-01
3.010033444816052959e-09 9.998147818946533372e-01
3.110367892976588127e-09 9.998022307496658989e-01
3.210702341137123294e-09 9.997892684283811171e-01
3.311036789297658462e-09 9.997758949633681613e-01
3.411371237458193629e-09 9.997621103882292637e-01
3.511705685618728797e-09 9.997479147375993858e-01
3.612040133779263551e-09 9.997333080471446642e-01
3.712374581939798719e-09 9.997182903535639653e-01
3.812709030100333886e-09 9.997028616945868862e-01
3.913043478260868640e-09 9.996870221089767528e-01
4.013377926421404221e-09 9.996707716365268448e-01
4.113712374581938975e-09 9.996541103180616172e-01
4.214046822742474556e-09 9.996370381954378104e-01
4.314381270903009310e-09 9.996195553115421184e-01
4.414715719063544892e-09 9.996016617102930768e-01
4.515050167224079646e-09 9.995833574366391749e-01
4.615384615384614399e-09 9.995646425365586341e-01
4.715719063545149981e-09 9.995455170570617387e-01
4.816053511705684735e-09 9.995259810461875061e-01
4.916387959866220316e-09 9.995060345530053514e-01
5.016722408026755070e-09 9.994856776276135335e-01
5.117056856187290651e-09 9.994649103211408203e-01
5.217391304347825405e-09 9.994437326857441573e-01
5.317725752508360159e-09 9.994221447746102216e-01
5.418060200668895740e-09 9.994001466419547564e-01
5.518394648829430494e-09 9.993777383430205719e-01
5.618729096989966075e-09 9.993549199340800993e-01
5.719063545150500829e-09 9.993316914724333921e-01
5.819397993311035583e-09 9.993080530164080155e-01
5.919732441471571164e-09 9.992840046253601560e-01
6.020066889632105918e-09 9.992595463596718464e-01
6.120401337792641499e-09 9.992346782807531858e-01
6.220735785953176253e-09 9.992094004510408967e-01
6.321070234113711835e-09 9.991837129339976586e-01
6.421404682274246589e-09 9.991576157941134406e-01
6.521739130434781343e-09 9.991311090969033915e-01
6.622073578595316924e-09 9.991041929089085061e-01
6.722408026755851678e-09 9.990768672976956255e-01
6.822742474916387259e-09 9.990491323318561045e-01
6.923076923076922013e-09 9.990209880810069221e-01
7.023411371237457594e-09 9.989924346157883495e-01
7.123745819397992348e-09 9.989634720078666152e-01
7.224080267558527102e-09 9.989341003299307964e-01
7.324414715719062683e-09 9.989043196556938176e-01
7.424749163879597437e-09 9.988741300598917849e-01
7.525083612040133018e-09 9.988435316182842083e-01
7.625418060200667772e-09 9.988125244076530018e-01
7.725752508361202526e-09 9.987811085058030391e-01
7.826086956521737280e-09 9.987492839915598219e-01
7.926421404682273689e-09 9.987170509447721445e-01
8.026755852842808442e-09 9.986844094463095400e-01
8.127090301003343196e-09 9.986513595780625030e-01
8.227424749163877950e-09 9.986179014229418227e-01
8.327759197324414359e-09 9.985840350648799157e-01
8.428093645484949113e-09 9.985497605888272732e-01
8.528428093645483867e-09 9.985150780807557913e-01
8.628762541806018621e-09 9.984799876276554409e-01
8.729096989966553375e-09 9.984444893175359326e-01
8.829431438127089783e-09 9.984085832394248294e-01
8.929765886287624537e-09 9.983722694833677691e-01
9.030100334448159291e-09 9.983355481404290188e-01
9.130434782608694045e-09 9.982984193026890329e-01
9.230769230769228799e-09 9.982608830632462293e-01
9.331103678929765207e-09 9.982229395162153240e-01
9.431438127090299961e-09 9.981845887567262210e-01
9.531772575250834715e-09 9.981458308809267876e-01
9.632107023411369469e-09 9.981066659859778589e-01
9.732441471571904223e-09 9.980670941700569010e-01
9.832775919732440632e-09 9.980271155323552357e-01
9.933110367892975386e-09 9.979867301730784845e-01
1.003344481605351014e-08 9.979459381934457918e-01
1.013377926421404489e-08 9.979047396956894911e-01
1.023411371237458130e-08 9.978631347830558829e-01
1.033444816053511606e-08 9.978211235598020146e-01
1.043478260869565081e-08 9.977787061311973460e-01
1.053511705685618556e-08 9.977358826035239714e-01
1.063545150501672032e-08 9.976926530840738438e-01
1.073578595317725673e-08 9.976490176811497745e-01
1.083612040133779148e-08 9.976049765040652106e-01
1.093645484949832623e-08 9.975605296631429031e-01
1.103678929765886099e-08 9.975156772697147955e-01
1.113712374581939574e-08 9.974704194361214693e-01
1.123745819397993215e-08 9.974247562757125873e-01
1.133779264214046690e-08 9.973786879028445629e-01
1.143812709030100166e-08 9.973322144328817807e-01
1.153846153846153641e-08 9.972853359821951535e-01
1.163879598662207117e-08 9.972380526681619006e-01
1.173913043478260757e-08 9.971903646091658802e-01
1.183946488294314233e-08 9.971422719245948141e-01
1.193979933110367708e-08 9.970937747348427305e-01
1.204013377926421184e-08 9.970448731613070770e-01
1.214046822742474824e-08 9.969955673263891649e-01
1.224080267558528300e-08 9.969458573534943913e-01
1.234113712374581775e-08 9.968957433670295742e-01
1.244147157190635251e-08 9.968452254924053957e-01
1.254180602006688726e-08 9.967943038560329594e-01
1.264214046822742367e-08 9.967429785853250124e-01
1.274247491638795842e-08 9.966912498086949457e-01
1.284280936454849318e-08 9.966391176555562392e-01
1.294314381270902793e-08 9.965865822563222398e-01
1.304347826086956269e-08 9.965336437424044957e-01
1.314381270903009909e-08 9.964803022462143112e-01
1.324414715719063385e-08 9.964265579011593044e-01
1.334448160535116860e-08 9.963724108416451841e-01
1.344481605351170336e-08 9.963178612030750836e-01
1.354515050167223811e-08 9.962629091218472288e-01
1.364548494983277452e-08 9.962075547353559379e-01
1.374581939799330927e-08 9.961517981819906220e-01
1.384615384615384403e-08 9.960956396011348968e-01
1.394648829431437878e-08 9.960390791331663607e-01
1.404682274247491519e-08 9.959821169194561508e-01
1.414715719063544994e-08 9.959247531023676103e-01
1.424749163879598470e-08 9.958669878252562890e-01
1.434782608695651945e-08 9.958088212324692767e-01
1.444816053511705420e-08 9.957502534693445373e-01
1.454849498327759061e-08 9.956912846822102425e-01
1.464882943143812537e-08 9.956319150183843281e-01
1.474916387959866012e-08 9.955721446261732721e-01
1.484949832775919487e-08 9.955119736548720955e-01
1.494983277591973128e-08 9.954514022547644725e-01
1.505016722408026604e-08 9.953904305771194005e-01
1.515050167224080079e-08 9.953290587741938644e-01
1.525083612040133554e-08 9.952672869992300608e-01
1.535117056856187030e-08 9.952051154064556204e-01
1.545150501672240505e-08 9.951425441510821646e-01
1.555183946488293981e-08 9.950795733893058603e-01
1.565217391304347456e-08 9.950162032783055333e-01
1.575250836120401262e-08 9.949524339762433334e-01
1.585284280936454738e-08 9.948882656422624038e-01
1.595317725752508213e-08 9.948236984364872137e-01
1.605351170568561688e-08 9.947587325200234476e-01
1.615384615384615164e-08 9.946933680549563395e-01
1.625418060200668639e-08 9.946276052043496740e-01
1.635451505016722115e-08 9.945614441322468968e-01
1.645484949832775590e-08 9.944948850036682275e-01
1.655518394648829065e-08 9.944279279846112152e-01
1.665551839464882872e-08 9.943605732420501830e-01
1.675585284280936347e-08 9.942928209439347853e-01
1.685618729096989823e-08 9.942246712591901181e-01
1.695652173913043298e-08 9.941561243577148321e-01
1.705685618729096773e-08 9.940871804103816878e-01
1.715719063545150249e-08 9.940178395890363339e-01
1.725752508361203724e-08 9.939481020664961974e-01
1.735785953177257200e-08 9.938779680165501507e-01
1.745819397993310675e-08 9.938074376139580668e-01
1.755852842809364150e-08 9.937365110344492658e-01
1.765886287625417957e-08 9.936651884547224034e-01
1.775919732441471432e-08 9.935934700524449159e-01
1.785953177257524907e-08 9.935213560062513549e-01
1.795986622073578383e-08 9.934488464957437204e-01
1.806020066889631858e-08 9.933759417014900173e-01
1.816053511705685334e-08 9.933026418050234785e-01
1.826086956521738809e-08 9.932289469888421207e-01
1.836120401337792284e-08 9.931548574364079673e-01
1.846153846153845760e-08 9.930803733321461602e-01
1.856187290969899566e-08 9.930054948614438493e-01
1.866220735785953041e-08 9.929302222106500819e-01
1.876254180602006517e-08 9.928545555670744704e-01
1.886287625418059992e-08 9.927784951189868590e-01
1.896321070234113468e-08 9.927020410556161023e-01
1.906354515050166943e-08 9.926251935671492888e-01
1.916387959866220418e-08 9.925479528447317401e-01
1.926421404682273894e-08 9.924703190804646802e-01
1.936454849498327369e-08 9.923922924674062340e-01
1.946488294314380845e-08 9.923138731995685413e-01
1.956521739130434651e-08 9.922350614719194217e-01
1.966555183946488126e-08 9.921558574803794883e-01
1.976588628762541602e-08 9.920762614218217035e-01
1.986622073578595077e-08 9.919962734940721560e-01
1.996655518394648553e-08 9.919158938959066196e-01
2.006688963210702028e-08 9.918351228270521069e-01
2.016722408026755503e-08 9.917539604881842052e-01
2.026755852842808979e-08 9.916724070809278535e-01
2.036789297658862454e-08 9.915904628078551220e-01
2.046822742474916260e-08 9.915081278724849900e-01
2.056856187290969736e-08 9.914254024792823472e-01
2.066889632107023211e-08 9.913422868336575489e-01
2.076923076923076687e-08 9.912587811419649730e-01
2.086956521739130162e-08 9.911748856115026873e-01
2.096989966555183637e-08 9.910906004505101174e-01
2.107023411371237113e-08 9.910059258681704897e-01
2.117056856187290588e-08 9.909208620746056129e-01
2.127090301003344064e-08 9.908354092808787650e-01
2.137123745819397539e-08 9.907495676989912514e-01
2.147157190635451345e-08 9.906633375418827381e-01
2.157190635451504821e-08 9.905767190234303632e-01
2.167224080267558296e-08 9.904897123584476271e-01
2.177257525083611771e-08 9.904023177626828378e-01
2.187290969899665247e-08 9.903145354528195554e-01
2.197324414715718722e-08 9.902263656464745933e-01
2.207357859531772198e-08 9.901378085621970193e-01
2.217391304347825673e-08 9.900488644194687105e-01
2.227424749163879148e-08 9.899595334387017997e-01
2.237458193979932955e-08 9.898698158412381209e-01
2.247491638795986430e-08 9.897797118493487645e-01
2.257525083612039905e-08 9.896892216862334113e-01
2.267558528428093381e-08 9.895983455760178904e-01
2.277591973244146856e-08 9.895070837437545119e-01
2.287625418060200332e-08 9.894154364154218451e-01
2.297658862876253807e-08 9.893234038179210543e-01
2.307692307692307282e-08 9.892309861790781200e-01
2.317725752508360758e-08 9.891381837276402855e-01
2.327759197324414233e-08 9.890449966932778336e-01
2.337792642140468040e-08 9.889514253065795346e-01
2.347826086956521515e-08 9.888574697990549778e-01
2.357859531772574990e-08 9.887631304031323509e-01
2.367892976588628466e-08 9.886684073521563310e-01
2.377926421404681941e-08 9.885733008803893052e-01
2.387959866220735417e-08 9.884778112230087066e-01
2.397993311036788892e-08 9.883819386161071252e-01
2.408026755852842367e-08 9.882856832966899763e-01
2.418060200668895843e-08 9.881890455026760556e-01
2.428093645484949649e-08 9.880920254728950969e-01
2.438127090301003124e-08 9.879946234470881050e-01
2.448160535117056600e-08 9.878968396659055795e-01
2.458193979933110075e-08 9.877986743709068485e-01
2.468227424749163551e-08 9.877001278045585142e-01
2.478260869565217026e-08 9.876012002102335652e-01
2.488294314381270501e-08 9.875018918322112649e-01
2.498327759197323977e-08 9.874022029156751534e-01
2.508361204013377452e-08 9.873021337067123815e-01
2.518394648829430928e-08 9.872016844523123780e-01
2.528428093645484734e-08 9.871008554003664059e-01
2.538461538461538209e-08 9.869996467996658973e-01
2.548494983277591685e-08 9.868980588999020087e-01
2.558528428093645160e-08 9.867960919516637341e-01
2.568561872909698635e-08 9.866937462064382380e-01
2.578595317725752111e-08 9.865910219166081907e-01
2.588628762541805586e-08 9.864879193354521014e-01
2.598662207357859062e-08 9.863844387171416539e-01
2.608695652173912537e-08 9.862805803167431495e-01
2.618729096989966343e-08 9.861763443902133996e-01
2.628762541806019819e-08 9.860717311944012797e-01
2.638795986622073294e-08 9.859667409870450649e-01
2.648829431438126769e-08 9.858613740267716530e-01
2.658862876254180245e-08 9.857556305730965640e-01
2.668896321070233720e-08 9.856495108864206101e-01
2.678929765886287196e-08 9.855430152280317824e-01
2.688963210702340671e-08 9.854361438601012546e-01
2.698996655518394146e-08 9.853288970456841600e-01
2.709030100334447622e-08 9.852212750487177040e-01
2.719063545150501428e-08 9.851132781340206090e-01
2.729096989966554904e-08 9.850049065672912274e-01
2.739130434782608379e-08 9.848961606151076520e-01
2.749163879598661854e-08 9.847870405449249409e-01
2.759197324414715330e-08 9.846775466250753395e-01
2.769230769230768805e-08 9.845676791247669479e-01
2.779264214046822281e-08 9.844574383140817231e-01
2.789297658862875756e-08 9.843468244639758113e-01
2.799331103678929231e-08 9.842358378462769952e-01
2.809364548494983038e-08 9.841244787336844713e-01
2.819397993311036513e-08 9.840127473997677399e-01
2.829431438127089988e-08 9.839006441189641627e-01
2.839464882943143464e-08 9.837881691665800732e-01
2.849498327759196939e-08 9.836753228187875564e-01
2.859531772575250415e-08 9.835621053526240054e-01
2.869565217391303890e-08 9.834485170459916770e-01
2.879598662207357365e-08 9.833345581776554711e-01
2.889632107023410841e-08 9.832202290272425982e-01
2.899665551839464316e-08 9.831055298752405802e-01
2.909698996655518122e-08 9.829904610029970291e-01
2.919732441471571598e-08 9.828750226927179812e-01
2.929765886287625073e-08 9.827592152274662318e-01
2.939799331103678549e-08 9.826430388911610025e-01
2.949832775919732024e-08 9.825264939685768306e-01
2.959866220735785499e-08 9.824095807453412377e-01
2.969899665551838975e-08 9.822922995079346187e-01
2.979933110367892450e-08 9.821746505436891317e-01
2.989966555183946256e-08 9.820566341407863664e-01
2.999999999999999732e-08 9.819382505882576773e-01
