0.000000000000000000e+00 9.999999999999995559e-01
1.003344481605351029e-10 9.999978935948881098e-01
2.006688963210702059e-10 9.999915744337304346e-01
3.010033444816052959e-10 9.999810426790558537e-01
4.013377926421404118e-10 9.999662986017372468e-01
5.016722408026755277e-10 9.999473425809811689e-01
6.020066889632105918e-10 9.999241751043104198e-01
7.023411371237457594e-10 9.998967967675431723e-01
8.026755852842808236e-10 9.998652082747669922e-01
9.030100334448158877e-10 9.998294104383080860e-01
1.003344481605351055e-09 9.997894041786966612e-01
1.103678929765886223e-09 9.997451905246259596e-01
1.204013377926421184e-09 9.996967706129094022e-01
1.304347826086956351e-09 9.996441456884287424e-01
1.404682274247491519e-09 9.995873171040821070e-01
1.505016722408026480e-09 9.995262863207247106e-01
1.605351170568561647e-09 9.994610549071045735e-01
1.705685618729096815e-09 9.993916245397963527e-01
1.806020066889631775e-09 9.993179970031259574e-01
1.906354515050166943e-09 9.992401741890960531e-01
2.006688963210702111e-09 9.991581580973024623e-01
2.107023411371237278e-09 9.990719508348462341e-01
2.207357859531772446e-09 9.989815546162451598e-01
2.307692307692307200e-09 9.988869717633347411e-01
2.408026755852842367e-09 9.987882047051702683e-01
2.508361204013377535e-09 9.986852559779194616e-01
2.608695652173912702e-09 9.985781282247534474e-01
2.709030100334447870e-09 9.984668241957312951e-01
2.809364548494983038e-09 9.983513467476826664e-01
2.909698996655517792e-09 9.982316988440814720e-01
3.010033444816052959e-09 9.981078835549204165e-01
3.110367892976588127e-09 9.979799040565748847e-01
3.210702341137123294e-09 9.978477636316676058e-01
3.311036789297658462e-09 9.977114656689253236e-01
3.411371237458193629e-09 9.975710136630333569e-01
3.511705685618728797e-09 9.974264112144825001e-01
3.612040133779263551e-09 9.972776620294135919e-01
3.712374581939798719e-09 9.971247699194585312e-01
3.812709030100333886e-09 9.969677388015739661e-01
3.913043478260868640e-09 9.968065726978716512e-01
4.013377926421404221e-09 9.966412757354455865e-01
4.113712374581938975e-09 9.964718521461920497e-01
4.214046822742474556e-09 9.962983062666279643e-01
4.314381270903009310e-09 9.961206425377023832e-01
4.414715719063544892e-09 9.959388655046048644e-01
4.515050167224079646e-09 9.957529798165694057e-01
4.615384615384614399e-09 9.955629902266728282e-01
4.715719063545149981e-09 9.953689015916296068e-01
4.816053511705684735e-09 9.951707188715825936e-01
4.916387959866220316e-09 9.949684471298883004e-01
5.016722408026755070e-09 9.947620915328977409e-01
5.117056856187290651e-09 9.945516573497357182e-01
5.217391304347825405e-09 9.943371499520701207e-01
5.317725752508360159e-09 9.941185748138826606e-01
5.418060200668895740e-09 9.938959375112316197e-01
5.518394648829430494e-09 9.936692437220121521e-01
5.618729096989966075e-09 9.934384992257111469e-01
5.719063545150500829e-09 9.932037099031569838e-01
5.819397993311035583e-09 9.929648817362682900e-01
5.919732441471571164e-09 9.927220208077948138e-01
6.020066889632105918e-09 9.924751333010553012e-01
6.120401337792641499e-09 9.922242254996724853e-01
6.220735785953176253e-09 9.919693037873015262e-01
6.321070234113711835e-09 9.917103746473555637e-01
6.421404682274246589e-09 9.914474446627272730e-01
6.521739130434781343e-09 9.911805205155052034e-01
6.622073578595316924e-09 9.909096089866872292e-01
6.722408026755851678e-09 9.906347169558875621e-01
6.822742474916387259e-09 9.903558514010435410e-01
6.923076923076922013e-09 9.900730193981140959e-01
7.023411371237457594e-09 9.897862281207765456e-01
7.123745819397992348e-09 9.894954848401187331e-01
7.224080267558527102e-09 9.892007969243264975e-01
7.324414715719062683e-09 9.889021718383691484e-01
7.424749163879597437e-09 9.885996171436770563e-01
7.525083612040133018e-09 9.882931404978201329e-01
7.625418060200667772e-09 9.879827496541777609e-01
7.725752508361202526e-09 9.876684524616071714e-01
7.826086956521737280e-09 9.873502568641078225e-01
7.926421404682273689e-09 9.870281709004816717e-01
8.026755852842808442e-09 9.867022027039883403e-01
8.127090301003343196e-09 9.863723605019977247e-01
8.227424749163877950e-09 9.860386526156385001e-01
8.327759197324414359e-09 9.857010874594418492e-01
8.428093645484949113e-09 9.853596735409831942e-01
8.528428093645483867e-09 9.850144194605178205e-01
8.628762541806018621e-09 9.846653339106141711e-01
8.729096989966553375e-09 9.843124256757833646e-01
8.829431438127089783e-09 9.839557036321040506e-01
8.929765886287624537e-09 9.835951767468442686e-01
9.030100334448159291e-09 9.832308540780796413e-01
9.130434782608694045e-09 9.828627447743073509e-01
9.230769230769228799e-09 9.824908580740563391e-01
9.331103678929765207e-09 9.821152033054947328e-01
9.431438127090299961e-09 9.817357898860331611e-01
9.531772575250834715e-09 9.813526273219237428e-01
9.632107023411369469e-09 9.809657252078571865e-01
9.732441471571904223e-09 9.805750932265537845e-01
9.832775919732440632e-09 9.801807411483537402e-01
9.933110367892975386e-09 9.797826788308026114e-01
1.003344481605351014e-08 9.793809162182318673e-01
1.013377926421404489e-08 9.789754633413390028e-01
1.023411371237458130e-08 9.785663303167611016e-01
1.033444816053511606e-08 9.781535273466479552e-01
1.043478260869565081e-08 9.777370647182284102e-01
1.053511705685618556e-08 9.773169528033774922e-01
1.063545150501672032e-08 9.768932020581752029e-01
1.073578595317725673e-08 9.764658230224675384e-01
1.083612040133779148e-08 9.760348263194187357e-01
1.093645484949832623e-08 9.756002226550646306e-01
1.103678929765886099e-08 9.751620228178603522e-01
1.113712374581939574e-08 9.747202376782246880e-01
1.123745819397993215e-08 9.742748781880833375e-01
1.133779264214046690e-08 9.738259553804073931e-01
1.143812709030100166e-08 9.733734803687478232e-01
1.153846153846153641e-08 9.729174643467689565e-01
1.163879598662207117e-08 9.724579185877770815e-01
1.173913043478260757e-08 9.719948544442479355e-01
1.183946488294314233e-08 9.715282833473487534e-01
1.193979933110367708e-08 9.710582168064589847e-01
1.204013377926421184e-08 9.705846664086875686e-01
1.214046822742474824e-08 9.701076438183874329e-01
1.224080267558528300e-08 9.696271607766659972e-01
1.234113712374581775e-08 9.691432291008947875e-01
1.244147157190635251e-08 9.686558606842140540e-01
1.254180602006688726e-08 9.681650674950360580e-01
1.264214046822742367e-08 9.676708615765449162e-01
1.274247491638795842e-08 9.671732550461930034e-01
1.284280936454849318e-08 9.666722600951963562e-01
1.294314381270902793e-08 9.661678889880254140e-01
1.304347826086956269e-08 9.656601540618946489e-01
1.314381270903009909e-08 9.651490677262484219e-01
1.324414715719063385e-08 9.646346424622439519e-01
1.334448160535116860e-08 9.641168908222321754e-01
1.344481605351170336e-08 9.635958254292386060e-01
1.354515050167223811e-08 9.630714589764352018e-01
1.364548494983277452e-08 9.625438042266164507e-01
1.374581939799330927e-08 9.620128740116686838e-01
1.384615384615384403e-08 9.614786812320391673e-01
1.394648829431437878e-08 9.609412388562020846e-01
1.404682274247491519e-08 9.604005599201196341e-01
1.414715719063544994e-08 9.598566575267063472e-01
1.424749163879598470e-08 9.593095448452848562e-01
1.434782608695651945e-08 9.587592351110442168e-01
1.444816053511705420e-08 9.582057416244931236e-01
1.454849498327759061e-08 9.576490777509101271e-01
1.464882943143812537e-08 9.570892569197961830e-01
1.474916387959866012e-08 9.565262926243199848e-01
1.484949832775919487e-08 9.559601984207624081e-01
1.494983277591973128e-08 9.553909879279616213e-01
1.505016722408026604e-08 9.548186748267517565e-01
1.515050167224080079e-08 9.542432728594029134e-01
1.525083612040133554e-08 9.536647958290578320e-01
1.535117056856187030e-08 9.530832575991656785e-01
1.545150501672240505e-08 9.524986720929157213e-01
1.555183946488293981e-08 9.519110532926672308e-01
1.565217391304347456e-08 9.513204152393793800e-01
1.575250836120401262e-08 9.507267720320359272e-01
1.585284280936454738e-08 9.501301378270727849e-01
1.595317725752508213e-08 9.495305268378004815e-01
1.605351170568561688e-08 9.489279533338239592e-01
1.615384615384615164e-08 9.483224316404638143e-01
1.625418060200668639e-08 9.477139761381737637e-01
1.635451505016722115e-08 9.471026012619568890e-01
1.645484949832775590e-08 9.464883215007791062e-01
1.655518394648829065e-08 9.458711513969837448e-01
1.665551839464882872e-08 9.452511055457011313e-01
1.675585284280936347e-08 9.446281985942598380e-01
1.685618729096989823e-08 9.440024452415923806e-01
1.695652173913043298e-08 9.433738602376444682e-01
1.705685618729096773e-08 9.427424583827781479e-01
1.715719063545150249e-08 9.421082545271766140e-01
1.725752508361203724e-08 9.414712635702453536e-01
1.735785953177257200e-08 9.408315004600138476e-01
1.745819397993310675e-08 9.401889801925352730e-01
1.755852842809364150e-08 9.395437178112827636e-01
1.765886287625417957e-08 9.388957284065488906e-01
1.775919732441471432e-08 9.382450271148392584e-01
1.785953177257524907e-08 9.375916291182676554e-01
1.795986622073578383e-08 9.369355496439488729e-01
1.806020066889631858e-08 9.362768039633918571e-01
1.816053511705685334e-08 9.356154073918889758e-01
1.826086956521738809e-08 9.349513752879066164e-01
1.836120401337792284e-08 9.342847230524738977e-01
1.846153846153845760e-08 9.336154661285709366e-01
1.856187290969899566e-08 9.329436200005137847e-01
1.866220735785953041e-08 9.322692001933429173e-01
1.876254180602006517e-08 9.315922222722052837e-01
1.886287625418059992e-08 9.309127018417396870e-01
1.896321070234113468e-08 9.302306545454597231e-01
1.906354515050166943e-08 9.295460960651361626e-01
1.916387959866220418e-08 9.288590421201777803e-01
1.926421404682273894e-08 9.281695084670120721e-01
1.936454849498327369e-08 9.274775108984661953e-01
1.946488294314380845e-08 9.267830652431447991e-01
1.956521739130434651e-08 9.260861873648095210e-01
1.966555183946488126e-08 9.253868931617565963e-01
1.976588628762541602e-08 9.246851985661943552e-01
1.986622073578595077e-08 9.239811195436200553e-01
1.996655518394648553e-08 9.232746720921954919e-01
2.006688963210702028e-08 9.225658722421230529e-01
2.016722408026755503e-08 9.218547360550223280e-01
2.026755852842808979e-08 9.211412796233021671e-01
2.036789297658862454e-08 9.204255190695375122e-01
2.046822742474916260e-08 9.197074705458427868e-01
2.056856187290969736e-08 9.189871502332448427e-01
2.066889632107023211e-08 9.182645743410571271e-01
2.076923076923076687e-08 9.175397591062529612e-01
2.086956521739130162e-08 9.168127207928379319e-01
2.096989966555183637e-08 9.160834756912226151e-01
2.107023411371237113e-08 9.153520401175959664e-01
2.117056856187290588e-08 9.146184304132962684e-01
2.127090301003344064e-08 9.138826629441847427e-01
2.137123745819397539e-08 9.131447541000172752e-01
2.147157190635451345e-08 9.124047202938161405e-01
2.157190635451504821e-08 9.116625779612425040e-01
2.167224080267558296e-08 9.109183435599684797e-01
2.177257525083611771e-08 9.101720335690508534e-01
2.187290969899665247e-08 9.094236644883008092e-01
2.197324414715718722e-08 9.086732528376573192e-01
2.207357859531772198e-08 9.079208151565615337e-01
2.217391304347825673e-08 9.071663680033269506e-01
2.227424749163879148e-08 9.064099279545136945e-01
2.237458193979932955e-08 9.056515116043022395e-01
2.247491638795986430e-08 9.048911355638663556e-01
2.257525083612039905e-08 9.041288164607462763e-01
2.267558528428093381e-08 9.033645709382233102e-01
2.277591973244146856e-08 9.025984156546966730e-01
2.287625418060200332e-08 9.018303672830543238e-01
2.297658862876253807e-08 9.010604425100514625e-01
2.307692307692307282e-08 9.002886580356855850e-01
2.317725752508360758e-08 8.995150305725726492e-01
2.327759197324414233e-08 8.987395768453243505e-01
2.337792642140468040e-08 8.979623135899253983e-01
2.347826086956521515e-08 8.971832575531115683e-01
2.357859531772574990e-08 8.964024254917489776e-01
2.367892976588628466e-08 8.956198341722123590e-01
2.377926421404681941e-08 8.948355003697672228e-01
2.387959866220735417e-08 8.940494408679480198e-01
2.397993311036788892e-08 8.932616724579414136e-01
2.408026755852842367e-08 8.924722119379688845e-01
2.418060200668895843e-08 8.916810761126691132e-01
2.428093645484949649e-08 8.908882817924814734e-01
2.438127090301003124e-08 8.900938457930329673e-01
2.448160535117056600e-08 8.892977849345217178e-01
2.458193979933110075e-08 8.885001160411054588e-01
2.468227424749163551e-08 8.877008559402883581e-01
2.478260869565217026e-08 8.869000214623100620e-01
2.488294314381270501e-08 8.860976294395355168e-01
2.498327759197323977e-08 8.852936967058453455e-01
2.508361204013377452e-08 8.844882400960286661e-01
2.518394648829430928e-08 8.836812764451750235e-01
2.528428093645484734e-08 8.828728225880698721e-01
2.538461538461538209e-08 8.820628953585887277e-01
2.548494983277591685e-08 8.812515115890940942e-01
2.558528428093645160e-08 8.804386881098341666e-01
2.568561872909698635e-08 8.796244417483403133e-01
2.578595317725752111e-08 8.788087893288291097e-01
2.588628762541805586e-08 8.779917476716027069e-01
2.598662207357859062e-08 8.771733335924531971e-01
2.608695652173912537e-08 8.763535639020657575e-01
2.618729096989966343e-08 8.755324554054251252e-01
2.628762541806019819e-08 8.747100249012236262e-01
2.638795986622073294e-08 8.738862891812685385e-01
2.648829431438126769e-08 8.730612650298934518e-01
2.658862876254180245e-08 8.722349692233697382e-01
2.668896321070233720e-08 8.714074185293196884e-01
2.678929765886287196e-08 8.705786297061316459e-01
2.688963210702340671e-08 8.697486195023768074e-01
2.698996655518394146e-08 8.689174046562273546e-01
2.709030100334447622e-08 8.680850018948752522e-01
2.719063545150501428e-08 8.672514279339559318e-01
2.729096989966554904e-08 8.664166994769698649e-01
2.739130434782608379e-08 8.655808332147070239e-01
2.749163879598661854e-08 8.647438458246768933e-01
2.759197324414715330e-08 8.639057539705322641e-01
2.769230769230768805e-08 8.630665743015044633e-01
2.779264214046822281e-08 8.622263234518322550e-01
2.789297658862875756e-08 8.613850180401970702e-01
2.799331103678929231e-08 8.605426746691597906e-01
2.809364548494983038e-08 8.596993099245976433e-01
2.819397993311036513e-08 8.588549403751447597e-01
2.829431438127089988e-08 8.580095825716340663e-01
2.839464882943143464e-08 8.571632530465405075e-01
2.849498327759196939e-08 8.563159683134283773e-01
2.859531772575250415e-08 8.554677448663978723e-01
2.869565217391303890e-08 8.546185991795365311e-01
2.879598662207357365e-08 8.537685477063703399e-01
2.889632107023410841e-08 8.529176068793185017e-01
2.899665551839464316e-08 8.520657931091506487e-01
2.909698996655518122e-08 8.512131227844443870e-01
2.919732441471571598e-08 8.503596122710463945e-01
2.929765886287625073e-08 8.495052779115369601e-01
2.939799331103678549e-08 8.486501360246928582e-01
2.949832775919732024e-08 8.477942029049577721e-01
2.959866220735785499e-08 8.469374948219099419e-01
2.969899665551838975e-08 8.460800280197354750e-01
2.979933110367892450e-08 8.452218187167037655e-01
2.989966555183946256e-08 8.443628831046421368e-01
2.999999999999999732e-08 8.435032373484181445e-01
