0.000000000000000000e+00 9.999999999999995559e-01
1.003344481605351029e-10 9.999997804270651658e-01
2.006688963210702059e-10 9.999991217088505246e-01
3.010033444816052959e-10 9.999980238471219973e-01
4.013377926421404118e-10 9.999964868448225630e-01
5.016722408026755277e-10 9.999945107060735916e-01
6.020066889632105918e-10 9.999920954361729564e-01
7.023411371237457594e-10 9.999892410415959221e-01
8.026755852842808236e-10 9.999859475299958111e-01
9.030100334448158877e-10 9.999822149102022273e-01
1.003344481605351055e-09 9.999780431922228319e-01
1.103678929765886223e-09 9.999734323872416786e-01
1.204013377926421184e-09 9.999683825076206567e-01
1.304347826086956351e-09 9.999628935668981589e-01
1.404682274247491519e-09 9.999569655797898582e-01
1.505016722408026480e-09 9.999505985621884863e-01
1.605351170568561647e-09 9.999437925311636111e-01
1.705685618729096815e-09 9.999365475049609708e-01
1.806020066889631775e-09 9.999288635030040284e-01
1.906354515050166943e-09 9.999207405458919729e-01
2.006688963210702111e-09 9.999121786554010516e-01
2.107023411371237278e-09 9.999031778544836824e-01
2.207357859531772446e-09 9.998937381672690083e-01
2.307692307692307200e-09 9.998838596190616768e-01
2.408026755852842367e-09 9.998735422363431713e-01
2.508361204013377535e-09 9.998627860467705908e-01
2.608695652173912702e-09 9.998515910791767602e-01
2.709030100334447870e-09 9.998399573635705639e-01
2.809364548494983038e-09 9.998278849311362793e-01
2.909698996655517792e-09 9.998153738142334657e-01
3.010033444816052959e-09 9.998024240463974088e-01
3.110367892976588127e-09 9.997890356623381214e-01
3.210702341137123294e-09 9.997752086979414532e-01
3.311036789297658462e-09 9.997609431902666488e-01
3.411371237458193629e-09 9.997462391775485679e-01
3.511705685618728797e-09 9.997310966991966863e-01
3.612040133779263551e-09 9.997155157957944294e-01
3.712374581939798719e-09 9.996994965090991725e-01
3.812709030100333886e-09 9.996830388820429070e-01
3.913043478260868640e-09 9.996661429587303527e-01
4.013377926421404221e-09 9.996488087844409565e-01
4.113712374581938975e-09 9.996310364056265607e-01
4.214046822742474556e-09 9.996128258699127356e-01
4.314381270903009310e-09 9.995941772260977798e-01
4.414715719063544892e-09 9.995750905241521655e-01
4.515050167224079646e-09 9.995555658152196488e-01
4.615384615384614399e-09 9.995356031516158257e-01
4.715719063545149981e-09 9.995152025868285772e-01
4.816053511705684735e-09 9.994943641755169583e-01
4.916387959866220316e-09 9.994730879735120865e-01
5.016722408026755070e-09 9.994513740378160316e-01
5.117056856187290651e-09 9.994292224266021485e-01
5.217391304347825405e-09 9.994066331992141894e-01
5.317725752508360159e-09 9.993836064161665256e-01
5.418060200668895740e-09 9.993601421391441475e-01
5.518394648829430494e-09 9.993362404310007774e-01
5.618729096989966075e-09 9.993119013557612007e-01
5.719063545150500829e-09 9.992871249786186016e-01
5.819397993311035583e-09 9.992619113659357843e-01
5.919732441471571164e-09 9.992362605852437296e-01
6.020066889632105918e-09 9.992101727052423721e-01
6.120401337792641499e-09 9.991836477957992679e-01
6.220735785953176253e-09 9.991566859279503721e-01
6.321070234113711835e-09 9.991292871738987058e-01
6.421404682274246589e-09 9.991014516070148010e-01
6.521739130434781343e-09 9.990731793018357010e-01
6.622073578595316924e-09 9.990444703340646271e-01
6.722408026755851678e-09 9.990153247805724224e-01
6.822742474916387259e-09 9.989857427193941097e-01
6.923076923076922013e-09 9.989557242297307793e-01
7.023411371237457594e-09 9.989252693919487003e-01
7.123745819397992348e-09 9.988943782875788768e-01
7.224080267558527102e-09 9.988630509993168261e-01
7.324414715719062683e-09 9.988312876110210237e-01
7.424749163879597437e-09 9.987990882077153465e-01
7.525083612040133018e-09 9.987664528755856308e-01
7.625418060200667772e-09 9.987333817019805604e-01
7.725752508361202526e-09 9.986998747754118888e-01
7.826086956521737280e-09 9.986659321855529958e-01
7.926421404682273689e-09 9.986315540232391097e-01
8.026755852842808442e-09 9.985967403804666409e-01
8.127090301003343196e-09 9.985614913503925161e-01
8.227424749163877950e-09 9.985258070273346220e-01
8.327759197324414359e-09 9.984896875067702515e-01
8.428093645484949113e-09 9.984531328853365473e-01
8.528428093645483867e-09 9.984161432608298359e-01
8.628762541806018621e-09 9.983787187322047396e-01
8.729096989966553375e-09 9.983408593995746205e-01
8.829431438127089783e-09 9.983025653642100261e-01
8.929765886287624537e-09 9.982638367285389114e-01
9.030100334448159291e-09 9.982246735961468609e-01
9.130434782608694045e-09 9.981850760717749793e-01
9.230769230769228799e-09 9.981450442613198915e-01
9.331103678929765207e-09 9.981045782718348525e-01
9.431438127090299961e-09 9.980636782115273054e-01
9.531772575250834715e-09 9.980223441897594361e-01
9.632107023411369469e-09 9.979805763170469524e-01
9.732441471571904223e-09 9.979383747050597497e-01
9.832775919732440632e-09 9.978957394666199132e-01
9.933110367892975386e-09 9.978526707157020503e-01
1.003344481605351014e-08 9.978091685674334022e-01
1.013377926421404489e-08 9.977652331380919559e-01
1.023411371237458130e-08 9.977208645451068891e-01
1.033444816053511606e-08 9.976760629070575703e-01
1.043478260869565081e-08 9.976308283436731150e-01
1.053511705685618556e-08 9.975851609758323857e-01
1.063545150501672032e-08 9.975390609255623264e-01
1.073578595317725673e-08 9.974925283160382961e-01
1.083612040133779148e-08 9.974455632715836240e-01
1.093645484949832623e-08 9.973981659176682779e-01
1.103678929765886099e-08 9.973503363809091971e-01
1.113712374581939574e-08 9.973020747890682935e-01
1.123745819397993215e-08 9.972533812710540069e-01
1.133779264214046690e-08 9.972042559569191944e-01
1.143812709030100166e-08 9.971546989778602432e-01
1.153846153846153641e-08 9.971047104662177363e-01
1.163879598662207117e-08 9.970542905554753421e-01
1.173913043478260757e-08 9.970034393802584827e-01
1.183946488294314233e-08 9.969521570763349994e-01
1.193979933110367708e-08 9.969004437806138208e-01
1.204013377926421184e-08 9.968482996311441857e-01
1.214046822742474824e-08 9.967957247671154208e-01
1.224080267558528300e-08 9.967427193288559417e-01
1.234113712374581775e-08 9.966892834578332527e-01
1.244147157190635251e-08 9.966354172966528369e-01
1.254180602006688726e-08 9.965811209890569344e-01
1.264214046822742367e-08 9.965263946799250983e-01
1.274247491638795842e-08 9.964712385152729723e-01
1.284280936454849318e-08 9.964156526422516258e-01
1.294314381270902793e-08 9.963596372091465536e-01
1.304347826086956269e-08 9.963031923653777877e-01
1.314381270903009909e-08 9.962463182614982315e-01
1.324414715719063385e-08 9.961890150491941043e-01
1.334448160535116860e-08 9.961312828812839415e-01
1.344481605351170336e-08 9.960731219117162638e-01
1.354515050167223811e-08 9.960145322955721303e-01
1.364548494983277452e-08 9.959555141890612528e-01
1.374581939799330927e-08 9.958960677495227731e-01
1.384615384615384403e-08 9.958361931354251517e-01
1.394648829431437878e-08 9.957758905063641697e-01
1.404682274247491519e-08 9.957151600230625954e-01
1.414715719063544994e-08 9.956540018473698517e-01
1.424749163879598470e-08 9.955924161422610164e-01
1.434782608695651945e-08 9.955304030718362673e-01
1.444816053511705420e-08 9.954679628013195503e-01
1.454849498327759061e-08 9.954050954970591336e-01
1.464882943143812537e-08 9.953418013265249442e-01
1.474916387959866012e-08 9.952780804583097884e-01
1.484949832775919487e-08 9.952139330621271318e-01
1.494983277591973128e-08 9.951493593088105438e-01
1.505016722408026604e-08 9.950843593703146972e-01
1.515050167224080079e-08 9.950189334197119262e-01
1.525083612040133554e-08 9.949530816311923376e-01
1.535117056856187030e-08 9.948868041800649209e-01
1.545150501672240505e-08 9.948201012427539958e-01
1.555183946488293981e-08 9.947529729967996559e-01
1.565217391304347456e-08 9.946854196208583243e-01
1.575250836120401262e-08 9.946174412946980903e-01
1.585284280936454738e-08 9.945490381992031503e-01
1.595317725752508213e-08 9.944802105163681460e-01
1.605351170568561688e-08 9.944109584293003845e-01
1.615384615384615164e-08 9.943412821222180620e-01
1.625418060200668639e-08 9.942711817804490426e-01
1.635451505016722115e-08 9.942006575904308585e-01
1.645484949832775590e-08 9.941297097397093774e-01
1.655518394648829065e-08 9.940583384169370262e-01
1.665551839464882872e-08 9.939865438118746788e-01
1.675585284280936347e-08 9.939143261153879916e-01
1.685618729096989823e-08 9.938416855194476263e-01
1.695652173913043298e-08 9.937686222171282502e-01
1.705685618729096773e-08 9.936951364026082034e-01
1.715719063545150249e-08 9.936212282711682775e-01
1.725752508361203724e-08 9.935468980191904942e-01
1.735785953177257200e-08 9.934721458441574393e-01
1.745819397993310675e-08 9.933969719446519298e-01
1.755852842809364150e-08 9.933213765203546819e-01
1.765886287625417957e-08 9.932453597720450889e-01
1.775919732441471432e-08 9.931689219015999992e-01
1.785953177257524907e-08 9.930920631119912745e-01
1.795986622073578383e-08 9.930147836072868994e-01
1.806020066889631858e-08 9.929370835926486505e-01
1.816053511705685334e-08 9.928589632743323179e-01
1.826086956521738809e-08 9.927804228596853742e-01
1.836120401337792284e-08 9.927014625571477513e-01
1.846153846153845760e-08 9.926220825762488431e-01
1.856187290969899566e-08 9.925422831276082825e-01
1.866220735785953041e-08 9.924620644229348310e-01
1.876254180602006517e-08 9.923814266750249358e-01
1.886287625418059992e-08 9.923003700977610642e-01
1.896321070234113468e-08 9.922188949061118146e-01
1.906354515050166943e-08 9.921370013161316948e-01
1.916387959866220418e-08 9.920546895449577907e-01
1.926421404682273894e-08 9.919719598108108771e-01
1.936454849498327369e-08 9.918888123329935302e-01
1.946488294314380845e-08 9.918052473318887952e-01
1.956521739130434651e-08 9.917212650289610743e-01
1.966555183946488126e-08 9.916368656467522413e-01
1.976588628762541602e-08 9.915520494088833070e-01
1.986622073578595077e-08 9.914668165400516431e-01
1.996655518394648553e-08 9.913811672660306495e-01
2.006688963210702028e-08 9.912951018136689774e-01
2.016722408026755503e-08 9.912086204108890852e-01
2.026755852842808979e-08 9.911217232866865734e-01
2.036789297658862454e-08 9.910344106711287404e-01
2.046822742474916260e-08 9.909466827953538060e-01
2.056856187290969736e-08 9.908585398915702447e-01
2.066889632107023211e-08 9.907699821930544548e-01
2.076923076923076687e-08 9.906810099341517573e-01
2.086956521739130162e-08 9.905916233502729540e-01
2.096989966555183637e-08 9.905018226778957713e-01
2.107023411371237113e-08 9.904116081545615291e-01
2.117056856187290588e-08 9.903209800188756962e-01
2.127090301003344064e-08 9.902299385105057805e-01
2.137123745819397539e-08 9.901384838701811075e-01
2.147157190635451345e-08 9.900466163396914876e-01
2.157190635451504821e-08 9.899543361618852177e-01
2.167224080267558296e-08 9.898616435806693037e-01
2.177257525083611771e-08 9.897685388410082385e-01
2.187290969899665247e-08 9.896750221889208943e-01
2.197324414715718722e-08 9.895810938714829641e-01
2.207357859531772198e-08 9.894867541368230768e-01
2.217391304347825673e-08 9.893920032341217974e-01
2.227424749163879148e-08 9.892968414136127375e-01
2.237458193979932955e-08 9.892012689265786696e-01
2.247491638795986430e-08 9.891052860253519707e-01
2.257525083612039905e-08 9.890088929633139569e-01
2.267558528428093381e-08 9.889120899948915522e-01
2.277591973244146856e-08 9.888148773755595089e-01
2.287625418060200332e-08 9.887172553618353010e-01
2.297658862876253807e-08 9.886192242112816775e-01
2.307692307692307282e-08 9.885207841825025543e-01
2.317725752508360758e-08 9.884219355351443470e-01
2.327759197324414233e-08 9.883226785298926398e-01
2.337792642140468040e-08 9.882230134284728518e-01
2.347826086956521515e-08 9.881229404936473504e-01
2.357859531772574990e-08 9.880224599892161175e-01
2.367892976588628466e-08 9.879215721800136407e-01
2.377926421404681941e-08 9.878202773319096908e-01
2.387959866220735417e-08 9.877185757118057685e-01
2.397993311036788892e-08 9.876164675876369925e-01
2.408026755852842367e-08 9.875139532283678800e-01
2.418060200668895843e-08 9.874110329039930134e-01
2.428093645484949649e-08 9.873077068855355964e-01
2.438127090301003124e-08 9.872039754450447901e-01
2.448160535117056600e-08 9.870998388555970449e-01
2.458193979933110075e-08 9.869952973912929917e-01
2.468227424749163551e-08 9.868903513272559991e-01
2.478260869565217026e-08 9.867850009396325062e-01
2.488294314381270501e-08 9.866792465055898020e-01
2.498327759197323977e-08 9.865730883033146936e-01
2.508361204013377452e-08 9.864665266120129505e-01
2.518394648829430928e-08 9.863595617119068626e-01
2.528428093645484734e-08 9.862521938842354619e-01
2.538461538461538209e-08 9.861444234112524132e-01
2.548494983277591685e-08 9.860362505762246821e-01
2.558528428093645160e-08 9.859276756634316463e-01
2.568561872909698635e-08 9.858186989581634307e-01
2.578595317725752111e-08 9.857093207467202411e-01
2.588628762541805586e-08 9.855995413164106989e-01
2.598662207357859062e-08 9.854893609555501754e-01
2.608695652173912537e-08 9.853787799534607927e-01
2.618729096989966343e-08 9.852677986004683142e-01
2.628762541806019819e-08 9.851564171879025889e-01
2.638795986622073294e-08 9.850446360080944430e-01
2.648829431438126769e-08 9.849324553543767902e-01
2.658862876254180245e-08 9.848198755210807454e-01
2.668896321070233720e-08 9.847068968035362913e-01
2.678929765886287196e-08 9.845935194980701688e-01
2.688963210702340671e-08 9.844797439020039898e-01
2.698996655518394146e-08 9.843655703136540147e-01
2.709030100334447622e-08 9.842509990323290436e-01
2.719063545150501428e-08 9.841360303583299718e-01
2.729096989966554904e-08 9.840206645929467921e-01
2.739130434782608379e-08 9.839049020384599276e-01
2.749163879598661854e-08 9.837887429981350129e-01
2.759197324414715330e-08 9.836721877762258925e-01
2.769230769230768805e-08 9.835552366779704014e-01
2.779264214046822281e-08 9.834378900095898102e-01
2.789297658862875756e-08 9.833201480782871595e-01
2.799331103678929231e-08 9.832020111922464833e-01
2.809364548494983038e-08 9.830834796606316983e-01
2.819397993311036513e-08 9.829645537935834954e-01
2.829431438127089988e-08 9.828452339022200057e-01
2.839464882943143464e-08 9.827255202986345806e-01
2.849498327759196939e-08 9.826054132958942366e-01
2.859531772575250415e-08 9.824849132080378800e-01
2.869565217391303890e-08 9.823640203500760837e-01
2.879598662207357365e-08 9.822427350379892008e-01
2.889632107023410841e-08 9.821210575887254768e-01
2.899665551839464316e-08 9.819989883202002723e-01
2.909698996655518122e-08 9.818765275512939539e-01
2.919732441471571598e-08 9.817536756018510058e-01
2.929765886287625073e-08 9.816304327926791418e-01
2.939799331103678549e-08 9.815067994455466405e-01
2.949832775919732024e-08 9.813827758831815684e-01
2.959866220735785499e-08 9.812583624292704476e-01
2.969899665551838975e-08 9.811335594084569234e-01
2.979933110367892450e-08 9.810083671463396549e-01
2.989966555183946256e-08 9.808827859694717599e-01
2.999999999999999732e-08 9.807568162053584837e-01
