0.000000000000000000e+00 9.999999999999995559e-01
1.003344481605351029e-10 9.999970904749124756e-01
2.006688963210702059e-10 9.999883620030168840e-01
3.010033444816052959e-10 9.999738148944029570e-01
4.013377926421404118e-10 9.999534496658656346e-01
5.016722408026755277e-10 9.999272670408771990e-01
6.020066889632105918e-10 9.998952679495400897e-01
7.023411371237457594e-10 9.998574535285322806e-01
8.026755852842808236e-10 9.998138251210405558e-01
9.030100334448158877e-10 9.997643842766782418e-01
1.003344481605351055e-09 9.997091327513936143e-01
1.103678929765886223e-09 9.996480725073627616e-01
1.204013377926421184e-09 9.995812057128747874e-01
1.304347826086956351e-09 9.995085347421986954e-01
1.404682274247491519e-09 9.994300621754441671e-01
1.505016722408026480e-09 9.993457907984039101e-01
1.605351170568561647e-09 9.992557236023895673e-01
1.705685618729096815e-09 9.991598637840504171e-01
1.806020066889631775e-09 9.990582147451825268e-01
1.906354515050166943e-09 9.989507800925255809e-01
2.006688963210702111e-09 9.988375636375453892e-01
2.107023411371237278e-09 9.987185693962074007e-01
2.207357859531772446e-09 9.985938015887350083e-01
2.307692307692307200e-09 9.984632646393570843e-01
2.408026755852842367e-09 9.983269631760426366e-01
2.508361204013377535e-09 9.981849020302251407e-01
2.608695652173912702e-09 9.980370862365122164e-01
2.709030100334447870e-09 9.978835210323845351e-01
2.809364548494983038e-09 9.977242118578828478e-01
2.909698996655517792e-09 9.975591643552816912e-01
3.010033444816052959e-09 9.973883843687529893e-01
3.110367892976588127e-09 9.972118779440164449e-01
3.210702341137123294e-09 9.970296513279767181e-01
3.311036789297658462e-09 9.968417109683512800e-01
3.411371237458193629e-09 9.966480635132862753e-01
3.511705685618728797e-09 9.964487158109556209e-01
3.612040133779263551e-09 9.962436749091549970e-01
3.712374581939798719e-09 9.960329480548802961e-01
3.812709030100333886e-09 9.958165426938941911e-01
3.913043478260868640e-09 9.955944664702819358e-01
4.013377926421404221e-09 9.953667272259959509e-01
4.113712374581938975e-09 9.951333330003860889e-01
4.214046822742474556e-09 9.948942920297223491e-01
4.314381270903009310e-09 9.946496127467014947e-01
4.414715719063544892e-09 9.943993037799462309e-01
4.515050167224079646e-09 9.941433739534893954e-01
4.615384615384614399e-09 9.938818322862490451e-01
4.715719063545149981e-09 9.936146879914911079e-01
4.816053511705684735e-09 9.933419504762798224e-01
4.916387959866220316e-09 9.930636293409194071e-01
5.016722408026755070e-09 9.927797343783809625e-01
5.117056856187290651e-09 9.924902755737216031e-01
5.217391304347825405e-09 9.921952631034882675e-01
5.317725752508360159e-09 9.918947073351154220e-01
5.418060200668895740e-09 9.915886188263062229e-01
5.518394648829430494e-09 9.912770083244073493e-01
5.618729096989966075e-09 9.909598867657697374e-01
5.719063545150500829e-09 9.906372652750988772e-01
5.819397993311035583e-09 9.903091551647954516e-01
5.919732441471571164e-09 9.899755679342835402e-01
6.020066889632105918e-09 9.896365152693292755e-01
6.120401337792641499e-09 9.892920090413476197e-01
6.220735785953176253e-09 9.889420613066985943e-01
6.321070234113711835e-09 9.885866843059739617e-01
6.421404682274246589e-09 9.882258904632724716e-01
6.521739130434781343e-09 9.878596923854634504e-01
6.622073578595316924e-09 9.874881028614416190e-01
6.722408026755851678e-09 9.871111348613718084e-01
6.822742474916387259e-09 9.867288015359209075e-01
6.923076923076922013e-09 9.863411162154817058e-01
7.023411371237457594e-09 9.859480924093851906e-01
7.123745819397992348e-09 9.855497438051035175e-01
7.224080267558527102e-09 9.851460842674428786e-01
7.324414715719062683e-09 9.847371278377249348e-01
7.424749163879597437e-09 9.843228887329600330e-01
7.525083612040133018e-09 9.839033813450090982e-01
7.625418060200667772e-09 9.834786202397367560e-01
7.725752508361202526e-09 9.830486201561534632e-01
7.826086956521737280e-09 9.826133960055500882e-01
7.926421404682273689e-09 9.821729628706177273e-01
8.026755852842808442e-09 9.817273360045664088e-01
8.127090301003343196e-09 9.812765308302258127e-01
8.227424749163877950e-09 9.808205629391401059e-01
8.327759197324414359e-09 9.803594480906555608e-01
8.428093645484949113e-09 9.798932022109944073e-01
8.528428093645483867e-09 9.794218413923221345e-01
8.628762541806018621e-09 9.789453818918063543e-01
8.729096989966553375e-09 9.784638401306642308e-01
8.829431438127089783e-09 9.779772326932014703e-01
8.929765886287624537e-09 9.774855763258435415e-01
9.030100334448159291e-09 9.769888879361586786e-01
9.130434782608694045e-09 9.764871845918677851e-01
9.230769230769228799e-09 9.759804835198501172e-01
9.331103678929765207e-09 9.754688021051403091e-01
9.431438127090299961e-09 9.749521578899124075e-01
9.531772575250834715e-09 9.744305685724602428e-01
9.632107023411369469e-09 9.739040520061665873e-01
9.732441471571904223e-09 9.733726261984654293e-01
9.832775919732440632e-09 9.728363093097948111e-01
9.933110367892975386e-09 9.722951196525428941e-01
1.003344481605351014e-08 9.717490756899836990e-01
1.013377926421404489e-08 9.711981960352080723e-01
1.023411371237458130e-08 9.706424994500438830e-01
1.033444816053511606e-08 9.700820048439692256e-01
1.043478260869565081e-08 9.695167312730194054e-01
1.053511705685618556e-08 9.689466979386831547e-01
1.063545150501672032e-08 9.683719241867944083e-01
1.073578595317725673e-08 9.677924295064146420e-01
1.083612040133779148e-08 9.672082335287087718e-01
1.093645484949832623e-08 9.666193560258118378e-01
1.103678929765886099e-08 9.660258169096932468e-01
1.113712374581939574e-08 9.654276362310069137e-01
1.123745819397993215e-08 9.648248341779397386e-01
1.133779264214046690e-08 9.642174310750519783e-01
1.143812709030100166e-08 9.636054473821088484e-01
1.153846153846153641e-08 9.629889036929071278e-01
1.163879598662207117e-08 9.623678207340947699e-01
1.173913043478260757e-08 9.617422193639834083e-01
1.183946488294314233e-08 9.611121205713544224e-01
1.193979933110367708e-08 9.604775454742593421e-01
1.204013377926421184e-08 9.598385153188134788e-01
1.214046822742474824e-08 9.591950514779813419e-01
1.224080267558528300e-08 9.585471754503608333e-01
1.234113712374581775e-08 9.578949088589551186e-01
1.244147157190635251e-08 9.572382734499440549e-01
1.254180602006688726e-08 9.565772910914462912e-01
1.264214046822742367e-08 9.559119837722769297e-01
1.274247491638795842e-08 9.552423736006990795e-01
1.284280936454849318e-08 9.545684828031703040e-01
1.294314381270902793e-08 9.538903337230831836e-01
1.304347826086956269e-08 9.532079488195011052e-01
1.314381270903009909e-08 9.525213506658868345e-01
1.324414715719063385e-08 9.518305619488287572e-01
1.334448160535116860e-08 9.511356054667596815e-01
1.344481605351170336e-08 9.504365041286724214e-01
1.354515050167223811e-08 9.497332809528286068e-01
1.364548494983277452e-08 9.490259590654636090e-01
1.374581939799330927e-08 9.483145616994872462e-01
1.384615384615384403e-08 9.475991121931802708e-01
1.394648829431437878e-08 9.468796339888833069e-01
1.404682274247491519e-08 9.461561506316840120e-01
1.414715719063544994e-08 9.454286857681022394e-01
1.424749163879598470e-08 9.446972631447645430e-01
1.434782608695651945e-08 9.439619066070801257e-01
1.444816053511705420e-08 9.432226400979101255e-01
1.454849498327759061e-08 9.424794876562339052e-01
1.464882943143812537e-08 9.417324734158116772e-01
1.474916387959866012e-08 9.409816216038422443e-01
1.484949832775919487e-08 9.402269565396186302e-01
1.494983277591973128e-08 9.394685026331784927e-01
1.505016722408026604e-08 9.387062843839540927e-01
1.515050167224080079e-08 9.379403263794139356e-01
1.525083612040133554e-08 9.371706532937071898e-01
1.535117056856187030e-08 9.363972898862995553e-01
1.545150501672240505e-08 9.356202610006102427e-01
1.555183946488293981e-08 9.348395915626437347e-01
1.565217391304347456e-08 9.340553065796192156e-01
1.575250836120401262e-08 9.332674311385974475e-01
1.585284280936454738e-08 9.324759904051057591e-01
1.595317725752508213e-08 9.316810096217577053e-01
1.605351170568561688e-08 9.308825141068755027e-01
1.615384615384615164e-08 9.300805292531043600e-01
1.625418060200668639e-08 9.292750805260290292e-01
1.635451505016722115e-08 9.284661934627851387e-01
1.645484949832775590e-08 9.276538936706711924e-01
1.655518394648829065e-08 9.268382068257565720e-01
1.665551839464882872e-08 9.260191586714893175e-01
1.675585284280936347e-08 9.251967750173005767e-01
1.685618729096989823e-08 9.243710817372087218e-01
1.695652173913043298e-08 9.235421047684223561e-01
1.705685618729096773e-08 9.227098701099396560e-01
1.715719063545150249e-08 9.218744038211502678e-01
1.725752508361203724e-08 9.210357320204312082e-01
1.735785953177257200e-08 9.201938808837457628e-01
1.745819397993310675e-08 9.193488766432398318e-01
1.755852842809364150e-08 9.185007455858367198e-01
1.765886287625417957e-08 9.176495140518325933e-01
1.775919732441471432e-08 9.167952084334897167e-01
1.785953177257524907e-08 9.159378551736313545e-01
1.795986622073578383e-08 9.150774807642330089e-01
1.806020066889631858e-08 9.142141117450164334e-01
1.816053511705685334e-08 9.133477747020409820e-01
1.826086956521738809e-08 9.124784962662977339e-01
1.836120401337792284e-08 9.116063031122990656e-01
1.846153846153845760e-08 9.107312219566732203e-01
1.856187290969899566e-08 9.098532795567535469e-01
1.866220735785953041e-08 9.089725027091760667e-01
1.876254180602006517e-08 9.080889182484671585e-01
1.886287625418059992e-08 9.072025530456404585e-01
1.896321070234113468e-08 9.063134340067886541e-01
1.906354515050166943e-08 9.054215880716798281e-01
1.916387959866220418e-08 9.045270422123512510e-01
1.926421404682273894e-08 9.036298234317061695e-01
1.936454849498327369e-08 9.027299587621112620e-01
1.946488294314380845e-08 9.018274752639930947e-01
1.956521739130434651e-08 9.009224000244401287e-01
1.966555183946488126e-08 9.000147601558000643e-01
1.976588628762541602e-08 8.991045827942848456e-01
1.986622073578595077e-08 8.981918950985703365e-01
1.996655518394648553e-08 8.972767242484042116e-01
2.006688963210702028e-08 8.963590974432110725e-01
2.016722408026755503e-08 8.954390419007004498e-01
2.026755852842808979e-08 8.945165848554764709e-01
2.036789297658862454e-08 8.935917535576504145e-01
2.046822742474916260e-08 8.926645752714537085e-01
2.056856187290969736e-08 8.917350772738561471e-01
2.066889632107023211e-08 8.908032868531803317e-01
2.076923076923076687e-08 8.898692313077254390e-01
2.086956521739130162e-08 8.889329379443878798e-01
2.096989966555183637e-08 8.879944340772885081e-01
2.107023411371237113e-08 8.870537470263988311e-01
2.117056856187290588e-08 8.861109041161726596e-01
2.127090301003344064e-08 8.851659326741792011e-01
2.137123745819397539e-08 8.842188600297393730e-01
2.147157190635451345e-08 8.832697135125642252e-01
2.157190635451504821e-08 8.823185204513992463e-01
2.167224080267558296e-08 8.813653081726664507e-01
2.177257525083611771e-08 8.804101039991165667e-01
2.187290969899665247e-08 8.794529352484781182e-01
2.197324414715718722e-08 8.784938292321139430e-01
2.207357859531772198e-08 8.775328132536804882e-01
2.217391304347825673e-08 8.765699146077889914e-01
2.227424749163879148e-08 8.756051605786725478e-01
2.237458193979932955e-08 8.746385784388557294e-01
2.247491638795986430e-08 8.736701954478279797e-01
2.257525083612039905e-08 8.727000388507222262e-01
2.267558528428093381e-08 8.717281358769939370e-01
2.277591973244146856e-08 8.707545137391109469e-01
2.287625418060200332e-08 8.697791996312405072e-01
2.297658862876253807e-08 8.688022207279439968e-01
2.307692307692307282e-08 8.678236041828766290e-01
2.317725752508360758e-08 8.668433771274896005e-01
2.327759197324414233e-08 8.658615666697379032e-01
2.337792642140468040e-08 8.648781998927934644e-01
2.347826086956521515e-08 8.638933038537607301e-01
2.357859531772574990e-08 8.629069055824000190e-01
2.367892976588628466e-08 8.619190320798519878e-01
2.377926421404681941e-08 8.609297103173719767e-01
2.387959866220735417e-08 8.599389672350652436e-01
2.397993311036788892e-08 8.589468297406276376e-01
2.408026755852842367e-08 8.579533247080946001e-01
2.418060200668895843e-08 8.569584789765922750e-01
2.428093645484949649e-08 8.559623193490959459e-01
2.438127090301003124e-08 8.549648725911910274e-01
2.448160535117056600e-08 8.539661654298441595e-01
2.458193979933110075e-08 8.529662245521756336e-01
2.468227424749163551e-08 8.519650766042399237e-01
2.478260869565217026e-08 8.509627481898104362e-01
2.488294314381270501e-08 8.499592658691720315e-01
2.498327759197323977e-08 8.489546561579160988e-01
2.508361204013377452e-08 8.479489455257471775e-01
2.518394648829430928e-08 8.469421603952879130e-01
2.528428093645484734e-08 8.459343271408977794e-01
2.538461538461538209e-08 8.449254720874926905e-01
2.548494983277591685e-08 8.439156215093733815e-01
2.558528428093645160e-08 8.429048016290593415e-01
2.568561872909698635e-08 8.418930386161285195e-01
2.578595317725752111e-08 8.408803585860655794e-01
2.588628762541805586e-08 8.398667875991138176e-01
2.598662207357859062e-08 8.388523516591361862e-01
2.608695652173912537e-08 8.378370767124809770e-01
2.618729096989966343e-08 8.368209886468560565e-01
2.628762541806019819e-08 8.358041132902085391e-01
2.638795986622073294e-08 8.347864764096117884e-01
2.648829431438126769e-08 8.337681037101587478e-01
2.658862876254180245e-08 8.327490208338642619e-01
2.668896321070233720e-08 8.317292533585710634e-01
2.678929765886287196e-08 8.307088267968667505e-01
2.688963210702340671e-08 8.296877665950042058e-01
2.698996655518394146e-08 8.286660981318320074e-01
2.709030100334447622e-08 8.276438467177311686e-01
2.719063545150501428e-08 8.266210375935583166e-01
2.729096989966554904e-08 8.255976959295977524e-01
2.739130434782608379e-08 8.245738468245207287e-01
2.749163879598661854e-08 8.235495153043506100e-01
2.759197324414715330e-08 8.225247263214373605e-01
2.769230769230768805e-08 8.214995047534398021e-01
2.779264214046822281e-08 8.204738754023146452e-01
2.789297658862875756e-08 8.194478629933118485e-01
2.799331103678929231e-08 8.184214921739825233e-01
2.809364548494983038e-08 8.173947875131876151e-01
2.819397993311036513e-08 8.163677735001224622e-01
2.829431438127089988e-08 8.153404745433421308e-01
2.839464882943143464e-08 8.143129149697991842e-01
2.849498327759196939e-08 8.132851190238882255e-01
2.859531772575250415e-08 8.122571108664978778e-01
2.869565217391303890e-08 8.112289145740720908e-01
2.879598662207357365e-08 8.102005541376781084e-01
2.889632107023410841e-08 8.091720534620844285e-01
2.899665551839464316e-08 8.081434363648460906e-01
2.909698996655518122e-08 8.071147265753974009e-01
2.919732441471571598e-08 8.060859477341548729e-01
2.929765886287625073e-08 8.050571233916278269e-01
2.939799331103678549e-08 8.040282770075360963e-01
2.949832775919732024e-08 8.029994319499382804e-01
2.959866220735785499e-08 8.019706114943674358e-01
2.969899665551838975e-08 8.009418388229758712e-01
2.979933110367892450e-08 7.999131370236866045e-01
2.989966555183946256e-08 7.988845290893572537e-01
2.999999999999999732e-08 7.978560379169487016e-01
