0.000000000000000000e+00 9.999999999999995559e-01
1.003344481605351029e-10 9.999966891907998701e-01
2.006688963210702059e-10 9.999867568970444154e-01
3.010033444816052959e-10 9.999702035202565620e-01
4.013377926421404118e-10 9.999470297296102483e-01
5.016722408026755277e-10 9.999172364618867936e-01
6.020066889632105918e-10 9.998808249214079513e-01
7.023411371237457594e-10 9.998377965799564171e-01
8.026755852842808236e-10 9.997881531766733554e-01
9.030100334448158877e-10 9.997318967179419369e-01
1.003344481605351055e-09 9.996690294772478946e-01
1.103678929765886223e-09 9.995995539950265352e-01
1.204013377926421184e-09 9.995234730784887667e-01
1.304347826086956351e-09 9.994407898014292524e-01
1.404682274247491519e-09 9.993515075040174667e-01
1.505016722408026480e-09 9.992556297925694331e-01
1.605351170568561647e-09 9.991531605393014770e-01
1.705685618729096815e-09 9.990441038820677688e-01
1.806020066889631775e-09 9.989284642240764400e-01
1.906354515050166943e-09 9.988062462335906000e-01
2.006688963210702111e-09 9.986774548436095911e-01
2.107023411371237278e-09 9.985420952515335902e-01
2.207357859531772446e-09 9.984001729188077823e-01
2.307692307692307200e-09 9.982516935705531003e-01
2.408026755852842367e-09 9.980966631951735391e-01
2.508361204013377535e-09 9.979350880439500360e-01
2.608695652173912702e-09 9.977669746306137011e-01
2.709030100334447870e-09 9.975923297309040594e-01
2.809364548494983038e-09 9.974111603821051997e-01
2.909698996655517792e-09 9.972234738825698219e-01
3.010033444816052959e-09 9.970292777912201920e-01
3.110367892976588127e-09 9.968285799270367731e-01
3.210702341137123294e-09 9.966213883685223207e-01
3.311036789297658462e-09 9.964077114531570967e-01
3.411371237458193629e-09 9.961875577768293244e-01
3.511705685618728797e-09 9.959609361932513227e-01
3.612040133779263551e-09 9.957278558133595414e-01
3.712374581939798719e-09 9.954883260046931692e-01
3.812709030100333886e-09 9.952423563907604187e-01
3.913043478260868640e-09 9.949899568503836056e-01
4.013377926421404221e-09 9.947311375170296843e-01
4.113712374581938975e-09 9.944659087781213547e-01
4.214046822742474556e-09 9.941942812743347346e-01
4.314381270903009310e-09 9.939162658988744958e-01
4.414715719063544892e-09 9.936318737967385628e-01
4.515050167224079646e-09 9.933411163639621622e-01
4.615384615384614399e-09 9.930440052468438861e-01
4.715719063545149981e-09 9.927405523411593213e-01
4.816053511705684735e-09 9.924307697913539172e-01
4.916387959866220316e-09 9.921146699897229748e-01
5.016722408026755070e-09 9.917922655755707639e-01
5.117056856187290651e-09 9.914635694343587602e-01
5.217391304347825405e-09 9.911285946968318994e-01
5.317725752508360159e-09 9.907873547381327306e-01
5.418060200668895740e-09 9.904398631768980277e-01
5.518394648829430494e-09 9.900861338743379703e-01
5.618729096989966075e-09 9.897261809333021132e-01
5.719063545150500829e-09 9.893600186973274813e-01
5.819397993311035583e-09 9.889876617496693445e-01
5.919732441471571164e-09 9.886091249123223346e-01
6.020066889632105918e-09 9.882244232450172472e-01
6.120401337792641499e-09 9.878335720442095180e-01
6.220735785953176253e-09 9.874365868420486025e-01
6.321070234113711835e-09 9.870334834053334783e-01
6.421404682274246589e-09 9.866242777344513826e-01
6.521739130434781343e-09 9.862089860623023396e-01
6.622073578595316924e-09 9.857876248532098096e-01
6.722408026755851678e-09 9.853602108018129080e-01
6.822742474916387259e-09 9.849267608319470790e-01
6.923076923076922013e-09 9.844872920955087814e-01
7.023411371237457594e-09 9.840418219713054082e-01
7.123745819397992348e-09 9.835903680638891089e-01
7.224080267558527102e-09 9.831329482023803967e-01
7.324414715719062683e-09 9.826695804392722167e-01
7.424749163879597437e-09 9.822002830492229108e-01
7.525083612040133018e-09 9.817250745278345292e-01
7.625418060200667772e-09 9.812439735904165961e-01
7.725752508361202526e-09 9.807569991707352219e-01
7.826086956521737280e-09 9.802641704197512240e-01
7.926421404682273689e-09 9.797655067043407051e-01
8.026755852842808442e-09 9.792610276060044194e-01
8.127090301003343196e-09 9.787507529195631495e-01
8.227424749163877950e-09 9.782347026518403155e-01
8.327759197324414359e-09 9.777128970203287084e-01
8.428093645484949113e-09 9.771853564518483415e-01
8.528428093645483867e-09 9.766521015811880924e-01
8.628762541806018621e-09 9.761131532497336893e-01
8.729096989966553375e-09 9.755685325040870381e-01
8.829431438127089783e-09 9.750182605946685621e-01
8.929765886287624537e-09 9.744623589743097725e-01
9.030100334448159291e-09 9.739008492968318498e-01
9.130434782608694045e-09 9.733337534156122350e-01
9.230769230769228799e-09 9.727610933821413397e-01
9.331103678929765207e-09 9.721828914445617142e-01
9.431438127090299961e-09 9.715991700462023317e-01
9.531772575250834715e-09 9.710099518240959959e-01
9.632107023411369469e-09 9.704152596074854253e-01
9.732441471571904223e-09 9.698151164163225646e-01
9.832775919732440632e-09 9.692095454597495774e-01
9.933110367892975386e-09 9.685985701345734000e-01
1.003344481605351014e-08 9.679822140237286376e-01
1.013377926421404489e-08 9.673605008947274708e-01
1.023411371237458130e-08 9.667334546981004584e-01
1.033444816053511606e-08 9.661010995658261269e-01
1.043478260869565081e-08 9.654634598097496800e-01
1.053511705685618556e-08 9.648205599199923821e-01
1.063545150501672032e-08 9.641724245633483958e-01
1.073578595317725673e-08 9.635190785816747372e-01
1.083612040133779148e-08 9.628605469902680181e-01
1.093645484949832623e-08 9.621968549762330847e-01
1.103678929765886099e-08 9.615280278968419969e-01
1.113712374581939574e-08 9.608540912778822385e-01
1.123745819397993215e-08 9.601750708119969335e-01
1.133779264214046690e-08 9.594909923570151822e-01
1.143812709030100166e-08 9.588018819342725152e-01
1.153846153846153641e-08 9.581077657269229109e-01
1.163879598662207117e-08 9.574086700782428183e-01
1.173913043478260757e-08 9.567046214899254108e-01
1.183946488294314233e-08 9.559956466203667347e-01
1.193979933110367708e-08 9.552817722829420877e-01
1.204013377926421184e-08 9.545630254442769580e-01
1.214046822742474824e-08 9.538394332225081929e-01
1.224080267558528300e-08 9.531110228855349531e-01
1.234113712374581775e-08 9.523778218492678915e-01
1.244147157190635251e-08 9.516398576758632322e-01
1.254180602006688726e-08 9.508971580719556282e-01
1.264214046822742367e-08 9.501497508868803621e-01
1.274247491638795842e-08 9.493976641108882175e-01
1.284280936454849318e-08 9.486409258733560224e-01
1.294314381270902793e-08 9.478795644409860888e-01
1.304347826086956269e-08 9.471136082160039882e-01
1.314381270903009909e-08 9.463430857343447800e-01
1.324414715719063385e-08 9.455680256638363534e-01
1.334448160535116860e-08 9.447884568023748875e-01
1.344481605351170336e-08 9.440044080760943146e-01
1.354515050167223811e-08 9.432159085375310115e-01
1.364548494983277452e-08 9.424229873637803845e-01
1.374581939799330927e-08 9.416256738546499028e-01
1.384615384615384403e-08 9.408239974308066911e-01
1.394648829431437878e-08 9.400179876319172401e-01
1.404682274247491519e-08 9.392076741147861174e-01
1.414715719063544994e-08 9.383930866514841318e-01
1.424749163879598470e-08 9.375742551274783843e-01
1.434782608695651945e-08 9.367512095397512173e-01
1.444816053511705420e-08 9.359239799949196081e-01
1.454849498327759061e-08 9.350925967073457912e-01
1.464882943143812537e-08 9.342570899972483245e-01
1.474916387959866012e-08 9.334174902888049408e-01
1.484949832775919487e-08 9.325738281082542880e-01
1.494983277591973128e-08 9.317261340819925630e-01
1.505016722408026604e-08 9.308744389346667036e-01
1.515050167224080079e-08 9.300187734872646939e-01
1.525083612040133554e-08 9.291591686552028717e-01
1.535117056856187030e-08 9.282956554464085741e-01
1.545150501672240505e-08 9.274282649594008943e-01
1.555183946488293981e-08 9.265570283813706620e-01
1.565217391304347456e-08 9.256819769862527636e-01
1.575250836120401262e-08 9.248031421328011259e-01
1.585284280936454738e-08 9.239205552626588158e-01
1.595317725752508213e-08 9.230342478984263632e-01
1.605351170568561688e-08 9.221442516417288626e-01
1.615384615384615164e-08 9.212505981712797443e-01
1.625418060200668639e-08 9.203533192409447672e-01
1.635451505016722115e-08 9.194524466778032368e-01
1.645484949832775590e-08 9.185480123802081120e-01
1.655518394648829065e-08 9.176400483158452248e-01
1.665551839464882872e-08 9.167285865197916106e-01
1.675585284280936347e-08 9.158136590925726184e-01
1.685618729096989823e-08 9.148952981982184651e-01
1.695652173913043298e-08 9.139735360623193472e-01
1.705685618729096773e-08 9.130484049700833271e-01
1.715719063545150249e-08 9.121199372643901127e-01
1.725752508361203724e-08 9.111881653438456130e-01
1.735785953177257200e-08 9.102531216608404918e-01
1.745819397993310675e-08 9.093148387196029470e-01
1.755852842809364150e-08 9.083733490742557093e-01
1.765886287625417957e-08 9.074286853268739295e-01
1.775919732441471432e-08 9.064808801255419546e-01
1.785953177257524907e-08 9.055299661624113261e-01
1.795986622073578383e-08 9.045759761717607761e-01
1.806020066889631858e-08 9.036189429280567786e-01
1.816053511705685334e-08 9.026588992440159886e-01
1.826086956521738809e-08 9.016958779686675696e-01
1.836120401337792284e-08 9.007299119854199621e-01
1.846153846153845760e-08 8.997610342101270975e-01
1.856187290969899566e-08 8.987892775891578312e-01
1.866220735785953041e-08 8.978146750974660417e-01
1.876254180602006517e-08 8.968372597366661703e-01
1.886287625418059992e-08 8.958570645331069837e-01
1.896321070234113468e-08 8.948741225359517770e-01
1.906354515050166943e-08 8.938884668152586865e-01
1.916387959866220418e-08 8.929001304600651112e-01
1.926421404682273894e-08 8.919091465764747984e-01
1.936454849498327369e-08 8.909155482857484820e-01
1.946488294314380845e-08 8.899193687223974081e-01
1.956521739130434651e-08 8.889206410322814111e-01
1.966555183946488126e-08 8.879193983707085458e-01
1.976588628762541602e-08 8.869156739005409351e-01
1.986622073578595077e-08 8.859095007903025065e-01
1.996655518394648553e-08 8.849009122122920568e-01
2.006688963210702028e-08 8.838899413407012018e-01
2.016722408026755503e-08 8.828766213497339921e-01
2.026755852842808979e-08 8.818609854117340774e-01
2.036789297658862454e-08 8.808430666953149801e-01
2.046822742474916260e-08 8.798228983634955869e-01
2.056856187290969736e-08 8.788005135718390815e-01
2.066889632107023211e-08 8.777759454666015371e-01
2.076923076923076687e-08 8.767492271828788430e-01
2.086956521739130162e-08 8.757203918427651779e-01
2.096989966555183637e-08 8.746894725535139248e-01
2.107023411371237113e-08 8.736565024057044715e-01
2.117056856187290588e-08 8.726215144714163374e-01
2.127090301003344064e-08 8.715845418024067426e-01
2.137123745819397539e-08 8.705456174282958370e-01
2.147157190635451345e-08 8.695047743547598129e-01
2.157190635451504821e-08 8.684620455617249046e-01
2.167224080267558296e-08 8.674174640015748228e-01
2.177257525083611771e-08 8.663710625973600754e-01
2.187290969899665247e-08 8.653228742410139507e-01
2.197324414715718722e-08 8.642729317915788245e-01
2.207357859531772198e-08 8.632212680734370203e-01
2.217391304347825673e-08 8.621679158745478855e-01
2.227424749163879148e-08 8.611129079446940837e-01
2.237458193979932955e-08 8.600562769937351026e-01
2.247491638795986430e-08 8.589980556898670905e-01
2.257525083612039905e-08 8.579382766578915742e-01
2.267558528428093381e-08 8.568769724774901730e-01
2.277591973244146856e-08 8.558141756815093038e-01
2.287625418060200332e-08 8.547499187542521026e-01
2.297658862876253807e-08 8.536842341297774528e-01
2.307692307692307282e-08 8.526171541902086704e-01
2.317725752508360758e-08 8.515487112640498513e-01
2.327759197324414233e-08 8.504789376245112109e-01
2.337792642140468040e-08 8.494078654878415291e-01
2.347826086956521515e-08 8.483355270116712532e-01
2.357859531772574990e-08 8.472619542933644832e-01
2.367892976588628466e-08 8.461871793683769516e-01
2.377926421404681941e-08 8.451112342086262164e-01
2.387959866220735417e-08 8.440341507208710681e-01
2.397993311036788892e-08 8.429559607450963776e-01
2.408026755852842367e-08 8.418766960529127097e-01
2.418060200668895843e-08 8.407963883459610432e-01
2.428093645484949649e-08 8.397150692543293715e-01
2.438127090301003124e-08 8.386327703349787388e-01
2.448160535117056600e-08 8.375495230701780480e-01
2.458193979933110075e-08 8.364653588659506367e-01
2.468227424749163551e-08 8.353803090505286244e-01
2.478260869565217026e-08 8.342944048728188067e-01
2.488294314381270501e-08 8.332076775008788738e-01
2.498327759197323977e-08 8.321201580204035109e-01
2.508361204013377452e-08 8.310318774332207115e-01
2.518394648829430928e-08 8.299428666557991940e-01
2.528428093645484734e-08 8.288531565177652549e-01
2.538461538461538209e-08 8.277627777604323889e-01
2.548494983277591685e-08 8.266717610353396806e-01
2.558528428093645160e-08 8.255801369028019643e-01
2.568561872909698635e-08 8.244879358304706418e-01
2.578595317725752111e-08 8.233951881919068239e-01
2.588628762541805586e-08 8.223019242651640193e-01
2.598662207357859062e-08 8.212081742313811494e-01
2.608695652173912537e-08 8.201139681733919939e-01
2.618729096989966343e-08 8.190193360743387441e-01
2.628762541806019819e-08 8.179243078163020986e-01
2.638795986622073294e-08 8.168289131789427948e-01
2.648829431438126769e-08 8.157331818381517996e-01
2.658862876254180245e-08 8.146371433647150440e-01
2.668896321070233720e-08 8.135408272229883719e-01
2.678929765886287196e-08 8.124442627695855901e-01
2.688963210702340671e-08 8.113474792520772860e-01
2.698996655518394146e-08 8.102505058077023037e-01
2.709030100334447622e-08 8.091533714620912088e-01
2.719063545150501428e-08 8.080561051280026330e-01
2.729096989966554904e-08 8.069587356040697212e-01
2.739130434782608379e-08 8.058612915735621218e-01
2.749163879598661854e-08 8.047638016031576358e-01
2.759197324414715330e-08 8.036662941417269668e-01
2.769230769230768805e-08 8.025687975191320156e-01
2.779264214046822281e-08 8.014713399450359432e-01
2.789297658862875756e-08 8.003739495077254462e-01
2.799331103678929231e-08 7.992766541729466878e-01
2.809364548494983038e-08 7.981794817827525534e-01
2.819397993311036513e-08 7.970824600543660043e-01
2.829431438127089988e-08 7.959856165790510918e-01
2.839464882943143464e-08 7.948889788210014018e-01
2.849498327759196939e-08 7.937925741162399351e-01
2.859531772575250415e-08 7.926964296715308667e-01
2.869565217391303890e-08 7.916005725633062928e-01
2.879598662207357365e-08 7.905050297366053025e-01
2.889632107023410841e-08 7.894098280040251492e-01
2.899665551839464316e-08 7.883149940446873005e-01
2.909698996655518122e-08 7.872205544032165880e-01
2.919732441471571598e-08 7.861265354887319035e-01
2.929765886287625073e-08 7.850329635738526601e-01
2.939799331103678549e-08 7.839398647937165787e-01
2.949832775919732024e-08 7.828472651450115727e-01
2.959866220735785499e-08 7.817551904850231770e-01
2.969899665551838975e-08 7.806636665306907474e-01
2.979933110367892450e-08 7.795727188576822009e-01
2.989966555183946256e-08 7.784823728994794134e-01
2.999999999999999732e-08 7.773926539464776075e-01
