0.000000000000000000e+00 9.999999999999995559e-01
1.003344481605351029e-10 9.999997657741021007e-01
2.006688963210702059e-10 9.999990630970798655e-01
3.010033444816052959e-10 9.999978919709415770e-01
4.013377926421404118e-10 9.999962523990378882e-01
5.016722408026755277e-10 9.999941443860572710e-01
6.020066889632105918e-10 9.999915679380286804e-01
7.023411371237457594e-10 9.999885230623206667e-01
8.026755852842808236e-10 9.999850097676415972e-01
9.030100334448158877e-10 9.999810280640394344e-01
1.003344481605351055e-09 9.999765779629016249e-01
1.103678929765886223e-09 9.999716594769550992e-01
1.204013377926421184e-09 9.999662726202658281e-01
1.304347826086956351e-09 9.999604174082404873e-01
1.404682274247491519e-09 9.999540938576235716e-01
1.505016722408026480e-09 9.999473019864992818e-01
1.605351170568561647e-09 9.999400418142915248e-01
1.705685618729096815e-09 9.999323133617625814e-01
1.806020066889631775e-09 9.999241166510137724e-01
1.906354515050166943e-09 9.999154517054860136e-01
2.006688963210702111e-09 9.999063185499579287e-01
2.107023411371237278e-09 9.998967172105471812e-01
2.207357859531772446e-09 9.998866477147099197e-01
2.307692307692307200e-09 9.998761100912406663e-01
2.408026755852842367e-09 9.998651043702723173e-01
2.508361204013377535e-09 9.998536305832754767e-01
2.608695652173912702e-09 9.998416887630585670e-01
2.709030100334447870e-09 9.998292789437684958e-01
2.809364548494983038e-09 9.998164011608891011e-01
2.909698996655517792e-09 9.998030554512419288e-01
3.010033444816052959e-09 9.997892418529856773e-01
3.110367892976588127e-09 9.997749604056156425e-01
3.210702341137123294e-09 9.997602111499650501e-01
3.311036789297658462e-09 9.997449941282028352e-01
3.411371237458193629e-09 9.997293093838351963e-01
3.511705685618728797e-09 9.997131569617037083e-01
3.612040133779263551e-09 9.996965369079866548e-01
3.712374581939798719e-09 9.996794492701975843e-01
3.812709030100333886e-09 9.996618940971866429e-01
3.913043478260868640e-09 9.996438714391379099e-01
4.013377926421404221e-09 9.996253813475716177e-01
4.113712374581938975e-09 9.996064238753429310e-01
4.214046822742474556e-09 9.995869990766408364e-01
4.314381270903009310e-09 9.995671070069888087e-01
4.414715719063544892e-09 9.995467477232454767e-01
4.515050167224079646e-09 9.995259212836017371e-01
4.615384615384614399e-09 9.995046277475831964e-01
4.715719063545149981e-09 9.994828671760479510e-01
4.816053511705684735e-09 9.994606396311876972e-01
4.916387959866220316e-09 9.994379451765260658e-01
5.016722408026755070e-09 9.994147838769192882e-01
5.117056856187290651e-09 9.993911557985561966e-01
5.217391304347825405e-09 9.993670610089563366e-01
5.317725752508360159e-09 9.993424995769712993e-01
5.418060200668895740e-09 9.993174715727836110e-01
5.518394648829430494e-09 9.992919770679064007e-01
5.618729096989966075e-09 9.992660161351832881e-01
5.719063545150500829e-09 9.992395888487872746e-01
5.819397993311035583e-09 9.992126952842224075e-01
5.919732441471571164e-09 9.991853355183205609e-01
6.020066889632105918e-09 9.991575096292434344e-01
6.120401337792641499e-09 9.991292176964808869e-01
6.220735785953176253e-09 9.991004598008511595e-01
6.321070234113711835e-09 9.990712360244994317e-01
6.421404682274246589e-09 9.990415464508999310e-01
6.521739130434781343e-09 9.990113911648522693e-01
6.622073578595316924e-09 9.989807702524833299e-01
6.722408026755851678e-09 9.989496838012459357e-01
6.822742474916387259e-09 9.989181318999192927e-01
6.923076923076922013e-09 9.988861146386065482e-01
7.023411371237457594e-09 9.988536321087368997e-01
7.123745819397992348e-09 9.988206844030635967e-01
7.224080267558527102e-09 9.987872716156640518e-01
7.324414715719062683e-09 9.987533938419381752e-01
7.424749163879597437e-09 9.987190511786105951e-01
7.525083612040133018e-09 9.986842437237274384e-01
7.625418060200667772e-09 9.986489715766569963e-01
7.725752508361202526e-09 9.986132348380895030e-01
7.826086956521737280e-09 9.985770336100361355e-01
7.926421404682273689e-09 9.985403679958292367e-01
8.026755852842808442e-09 9.985032381001206492e-01
8.127090301003343196e-09 9.984656440288820489e-01
8.227424749163877950e-09 9.984275858894045008e-01
8.327759197324414359e-09 9.983890637902979037e-01
8.428093645484949113e-09 9.983500778414891030e-01
8.528428093645483867e-09 9.983106281542242222e-01
8.628762541806018621e-09 9.982707148410653319e-01
8.729096989966553375e-09 9.982303380158911166e-01
8.829431438127089783e-09 9.981894977938964297e-01
8.929765886287624537e-09 9.981481942915915173e-01
9.030100334448159291e-09 9.981064276268013513e-01
9.130434782608694045e-09 9.980641979186649637e-01
9.230769230769228799e-09 9.980215052876357795e-01
9.331103678929765207e-09 9.979783498554793963e-01
9.431438127090299961e-09 9.979347317452750277e-01
9.531772575250834715e-09 9.978906510814128383e-01
9.632107023411369469e-09 9.978461079895949437e-01
9.732441471571904223e-09 9.978011025968338554e-01
9.832775919732440632e-09 9.977556350314521483e-01
9.933110367892975386e-09 9.977097054230825712e-01
1.003344481605351014e-08 9.976633139026661601e-01
1.013377926421404489e-08 9.976164606024522374e-01
1.023411371237458130e-08 9.975691456559976356e-01
1.033444816053511606e-08 9.975213691981663633e-01
1.043478260869565081e-08 9.974731313651292730e-01
1.053511705685618556e-08 9.974244322943617291e-01
1.063545150501672032e-08 9.973752721246449404e-01
1.073578595317725673e-08 9.973256509960642946e-01
1.083612040133779148e-08 9.972755690500085812e-01
1.093645484949832623e-08 9.972250264291699917e-01
1.103678929765886099e-08 9.971740232775426760e-01
1.113712374581939574e-08 9.971225597404222984e-01
1.123745819397993215e-08 9.970706359644057049e-01
1.133779264214046690e-08 9.970182520973901452e-01
1.143812709030100166e-08 9.969654082885718305e-01
1.153846153846153641e-08 9.969121046884457105e-01
1.163879598662207117e-08 9.968583414488059180e-01
1.173913043478260757e-08 9.968041187227419941e-01
1.183946488294314233e-08 9.967494366646414417e-01
1.193979933110367708e-08 9.966942954301873936e-01
1.204013377926421184e-08 9.966386951763580582e-01
1.214046822742474824e-08 9.965826360614253865e-01
1.224080267558528300e-08 9.965261182449558497e-01
1.234113712374581775e-08 9.964691418878074414e-01
1.244147157190635251e-08 9.964117071521320090e-01
1.254180602006688726e-08 9.963538142013705912e-01
1.264214046822742367e-08 9.962954632002564148e-01
1.274247491638795842e-08 9.962366543148112319e-01
1.284280936454849318e-08 9.961773877123466514e-01
1.294314381270902793e-08 9.961176635614612529e-01
1.304347826086956269e-08 9.960574820320413636e-01
1.314381270903009909e-08 9.959968432952603923e-01
1.324414715719063385e-08 9.959357475235763868e-01
1.334448160535116860e-08 9.958741948907324781e-01
1.344481605351170336e-08 9.958121855717565474e-01
1.354515050167223811e-08 9.957497197429581171e-01
1.364548494983277452e-08 9.956867975819303496e-01
1.374581939799330927e-08 9.956234192675466055e-01
1.384615384615384403e-08 9.955595849799623309e-01
1.394648829431437878e-08 9.954952949006109497e-01
1.404682274247491519e-08 9.954305492122060839e-01
1.414715719063544994e-08 9.953653480987381119e-01
1.424749163879598470e-08 9.952996917454760561e-01
1.434782608695651945e-08 9.952335803389634750e-01
1.444816053511705420e-08 9.951670140670199061e-01
1.454849498327759061e-08 9.950999931187394232e-01
1.464882943143812537e-08 9.950325176844895259e-01
1.474916387959866012e-08 9.949645879559099182e-01
1.484949832775919487e-08 9.948962041259121758e-01
1.494983277591973128e-08 9.948273663886784135e-01
1.505016722408026604e-08 9.947580749396610633e-01
1.515050167224080079e-08 9.946883299755805430e-01
1.525083612040133554e-08 9.946181316944257000e-01
1.535117056856187030e-08 9.945474802954520355e-01
1.545150501672240505e-08 9.944763759791817037e-01
1.555183946488293981e-08 9.944048189474010702e-01
1.565217391304347456e-08 9.943328094031609332e-01
1.575250836120401262e-08 9.942603475507750810e-01
1.585284280936454738e-08 9.941874335958192921e-01
1.595317725752508213e-08 9.941140677451308916e-01
1.605351170568561688e-08 9.940402502068069746e-01
1.615384615384615164e-08 9.939659811902041842e-01
1.625418060200668639e-08 9.938912609059360470e-01
1.635451505016722115e-08 9.938160895658746385e-01
1.645484949832775590e-08 9.937404673831479185e-01
1.655518394648829065e-08 9.936643945721378435e-01
1.665551839464882872e-08 9.935878713484816993e-01
1.675585284280936347e-08 9.935108979290688813e-01
1.685618729096989823e-08 9.934334745320414495e-01
1.695652173913043298e-08 9.933556013767919080e-01
1.705685618729096773e-08 9.932772786839629831e-01
1.715719063545150249e-08 9.931985066754456248e-01
1.725752508361203724e-08 9.931192855743794512e-01
1.735785953177257200e-08 9.930396156051498613e-01
1.745819397993310675e-08 9.929594969933887016e-01
1.755852842809364150e-08 9.928789299659713796e-01
1.765886287625417957e-08 9.927979147510177516e-01
1.775919732441471432e-08 9.927164515778896803e-01
1.785953177257524907e-08 9.926345406771894808e-01
1.795986622073578383e-08 9.925521822807613637e-01
1.806020066889631858e-08 9.924693766216867719e-01
1.816053511705685334e-08 9.923861239342862683e-01
1.826086956521738809e-08 9.923024244541164274e-01
1.836120401337792284e-08 9.922182784179702786e-01
1.846153846153845760e-08 9.921336860638747535e-01
1.856187290969899566e-08 9.920486476310907964e-01
1.866220735785953041e-08 9.919631633601109222e-01
1.876254180602006517e-08 9.918772334926588830e-01
1.886287625418059992e-08 9.917908582716896682e-01
1.896321070234113468e-08 9.917040379413848417e-01
1.906354515050166943e-08 9.916167727471549842e-01
1.916387959866220418e-08 9.915290629356373620e-01
1.926421404682273894e-08 9.914409087546940391e-01
1.936454849498327369e-08 9.913523104534107677e-01
1.946488294314380845e-08 9.912632682820972096e-01
1.956521739130434651e-08 9.911737824922833839e-01
1.966555183946488126e-08 9.910838533367208880e-01
1.976588628762541602e-08 9.909934810693806773e-01
1.986622073578595077e-08 9.909026659454509556e-01
1.996655518394648553e-08 9.908114082213376195e-01
2.006688963210702028e-08 9.907197081546615935e-01
2.016722408026755503e-08 9.906275660042586084e-01
2.026755852842808979e-08 9.905349820301769803e-01
2.036789297658862454e-08 9.904419564936776110e-01
2.046822742474916260e-08 9.903484896572317675e-01
2.056856187290969736e-08 9.902545817845205267e-01
2.066889632107023211e-08 9.901602331404327773e-01
2.076923076923076687e-08 9.900654439910641091e-01
2.086956521739130162e-08 9.899702146037160366e-01
2.096989966555183637e-08 9.898745452468942219e-01
2.107023411371237113e-08 9.897784361903081418e-01
2.117056856187290588e-08 9.896818877048680907e-01
2.127090301003344064e-08 9.895849000626854020e-01
2.137123745819397539e-08 9.894874735370702279e-01
2.147157190635451345e-08 9.893896084025308735e-01
2.157190635451504821e-08 9.892913049347727972e-01
2.167224080267558296e-08 9.891925634106955023e-01
2.177257525083611771e-08 9.890933841083936473e-01
2.187290969899665247e-08 9.889937673071534929e-01
2.197324414715718722e-08 9.888937132874532354e-01
2.207357859531772198e-08 9.887932223309610080e-01
2.217391304347825673e-08 9.886922947205332157e-01
2.227424749163879148e-08 9.885909307402139801e-01
2.237458193979932955e-08 9.884891306752329188e-01
2.247491638795986430e-08 9.883868948120040354e-01
2.257525083612039905e-08 9.882842234381258306e-01
2.267558528428093381e-08 9.881811168423766389e-01
2.277591973244146856e-08 9.880775753147168494e-01
2.287625418060200332e-08 9.879735991462852418e-01
2.297658862876253807e-08 9.878691886293986535e-01
2.307692307692307282e-08 9.877643440575493150e-01
2.317725752508360758e-08 9.876590657254051830e-01
2.327759197324414233e-08 9.875533539288076090e-01
2.337792642140468040e-08 9.874472089647700068e-01
2.347826086956521515e-08 9.873406311314764094e-01
2.357859531772574990e-08 9.872336207282796927e-01
2.367892976588628466e-08 9.871261780557014642e-01
2.377926421404681941e-08 9.870183034154286217e-01
2.387959866220735417e-08 9.869099971103139080e-01
2.397993311036788892e-08 9.868012594443730245e-01
2.408026755852842367e-08 9.866920907227842985e-01
2.418060200668895843e-08 9.865824912518863510e-01
2.428093645484949649e-08 9.864724613391767649e-01
2.438127090301003124e-08 9.863620012933113079e-01
2.448160535117056600e-08 9.862511114241013788e-01
2.458193979933110075e-08 9.861397920425141184e-01
2.468227424749163551e-08 9.860280434606689681e-01
2.478260869565217026e-08 9.859158659918373369e-01
2.488294314381270501e-08 9.858032599504420457e-01
2.498327759197323977e-08 9.856902256520532202e-01
2.508361204013377452e-08 9.855767634133890676e-01
2.518394648829430928e-08 9.854628735523134342e-01
2.528428093645484734e-08 9.853485563878351394e-01
2.538461538461538209e-08 9.852338122401049780e-01
2.548494983277591685e-08 9.851186414304151651e-01
2.558528428093645160e-08 9.850030442811980036e-01
2.568561872909698635e-08 9.848870211160236643e-01
2.578595317725752111e-08 9.847705722595997413e-01
2.588628762541805586e-08 9.846536980377679216e-01
2.598662207357859062e-08 9.845363987775042069e-01
2.608695652173912537e-08 9.844186748069163606e-01
2.618729096989966343e-08 9.843005264552431299e-01
2.628762541806019819e-08 9.841819540528518040e-01
2.638795986622073294e-08 9.840629579312369923e-01
2.648829431438126769e-08 9.839435384230194037e-01
2.658862876254180245e-08 9.838236958619435146e-01
2.668896321070233720e-08 9.837034305828765701e-01
2.678929765886287196e-08 9.835827429218080287e-01
2.688963210702340671e-08 9.834616332158451213e-01
2.698996655518394146e-08 9.833401018032137397e-01
2.709030100334447622e-08 9.832181490232563270e-01
2.719063545150501428e-08 9.830957752164293240e-01
2.729096989966554904e-08 9.829729807243028361e-01
2.739130434782608379e-08 9.828497658895580802e-01
2.749163879598661854e-08 9.827261310559864960e-01
2.759197324414715330e-08 9.826020765684870817e-01
2.769230769230768805e-08 9.824776027730659500e-01
2.779264214046822281e-08 9.823527100168336634e-01
2.789297658862875756e-08 9.822273986480044572e-01
2.799331103678929231e-08 9.821016690158942408e-01
2.809364548494983038e-08 9.819755214709182667e-01
2.819397993311036513e-08 9.818489563645915741e-01
2.829431438127089988e-08 9.817219740495242153e-01
2.839464882943143464e-08 9.815945748794218106e-01
2.849498327759196939e-08 9.814667592090838832e-01
2.859531772575250415e-08 9.813385273944009723e-01
2.869565217391303890e-08 9.812098797923539673e-01
2.879598662207357365e-08 9.810808167610117758e-01
2.889632107023410841e-08 9.809513386595301032e-01
2.899665551839464316e-08 9.808214458481494535e-01
2.909698996655518122e-08 9.806911386881935755e-01
2.919732441471571598e-08 9.805604175420677970e-01
2.929765886287625073e-08 9.804292827732569160e-01
2.939799331103678549e-08 9.802977347463242008e-01
2.949832775919732024e-08 9.801657738269093922e-01
2.959866220735785499e-08 9.800334003817262607e-01
2.969899665551838975e-08 9.799006147785619403e-01
2.979933110367892450e-08 9.797674173862744862e-01
2.989966555183946256e-08 9.796338085747919866e-01
2.999999999999999732e-08 9.794997887151091209e-01
