0.000000000000000000e+00 9.999999999999995559e-01
1.003344481605351029e-10 9.999974431218161541e-01
2.006688963210702059e-10 9.999897725670925386e-01
3.010033444816052959e-10 9.999769885753065912e-01
4.013377926421404118e-10 9.999590915455737195e-01
5.016722408026755277e-10 9.999360820366259839e-01
6.020066889632105918e-10 9.999079607667826775e-01
7.023411371237457594e-10 9.998747286139115786e-01
8.026755852842808236e-10 9.998363866153857638e-01
9.030100334448158877e-10 9.997929359680246542e-01
1.003344481605351055e-09 9.997443780280339531e-01
1.103678929765886223e-09 9.996907143109337035e-01
1.204013377926421184e-09 9.996319464914776853e-01
1.304347826086956351e-09 9.995680764035653754e-01
1.404682274247491519e-09 9.994991060401460237e-01
1.505016722408026480e-09 9.994250375531129604e-01
1.605351170568561647e-09 9.993458732531910194e-01
1.705685618729096815e-09 9.992616156098137470e-01
1.806020066889631775e-09 9.991722672509942837e-01
1.906354515050166943e-09 9.990778309631869192e-01
2.006688963210702111e-09 9.989783096911397653e-01
2.107023411371237278e-09 9.988737065377408797e-01
2.207357859531772446e-09 9.987640247638535085e-01
2.307692307692307200e-09 9.986492677881450009e-01
2.408026755852842367e-09 9.985294391869085073e-01
2.508361204013377535e-09 9.984045426938715773e-01
2.608695652173912702e-09 9.982745822000030911e-01
2.709030100334447870e-09 9.981395617533064257e-01
2.809364548494983038e-09 9.979994855586068470e-01
2.909698996655517792e-09 9.978543579773313521e-01
3.010033444816052959e-09 9.977041835272784098e-01
3.110367892976588127e-09 9.975489668823809275e-01
3.210702341137123294e-09 9.973887128724602258e-01
3.311036789297658462e-09 9.972234264829726857e-01
3.411371237458193629e-09 9.970531128547477362e-01
3.511705685618728797e-09 9.968777772837171813e-01
3.612040133779263551e-09 9.966974252206382001e-01
3.712374581939798719e-09 9.965120622708050213e-01
3.812709030100333886e-09 9.963216941937577120e-01
3.913043478260868640e-09 9.961263269029769774e-01
4.013377926421404221e-09 9.959259664655757405e-01
4.113712374581938975e-09 9.957206191019796204e-01
4.214046822742474556e-09 9.955102911856010817e-01
4.314381270903009310e-09 9.952949892425064782e-01
4.414715719063544892e-09 9.950747199510705521e-01
4.515050167224079646e-09 9.948494901416302660e-01
4.615384615384614399e-09 9.946193067961240919e-01
4.715719063545149981e-09 9.943841770477278574e-01
4.816053511705684735e-09 9.941441081804789359e-01
4.916387959866220316e-09 9.938991076288989923e-01
5.016722408026755070e-09 9.936491829775999651e-01
5.117056856187290651e-09 9.933943419608903813e-01
5.217391304347825405e-09 9.931345924623690147e-01
5.317725752508360159e-09 9.928699425145138813e-01
5.418060200668895740e-09 9.926004002982612429e-01
5.518394648829430494e-09 9.923259741425778380e-01
5.618729096989966075e-09 9.920466725240271177e-01
5.719063545150500829e-09 9.917625040663246017e-01
5.819397993311035583e-09 9.914734775398889033e-01
5.919732441471571164e-09 9.911796018613826531e-01
6.020066889632105918e-09 9.908808860932486473e-01
6.120401337792641499e-09 9.905773394432357826e-01
6.220735785953176253e-09 9.902689712639194397e-01
6.321070234113711835e-09 9.899557910522137627e-01
6.421404682274246589e-09 9.896378084488767213e-01
6.521739130434781343e-09 9.893150332380087342e-01
6.622073578595316924e-09 9.889874753465417445e-01
6.722408026755851678e-09 9.886551448437226330e-01
6.822742474916387259e-09 9.883180519405907472e-01
6.923076923076922013e-09 9.879762069894454379e-01
7.023411371237457594e-09 9.876296204833080461e-01
7.123745819397992348e-09 9.872783030553774486e-01
7.224080267558527102e-09 9.869222654784753912e-01
7.324414715719062683e-09 9.865615186644900447e-01
7.424749163879597437e-09 9.861960736638076819e-01
7.525083612040133018e-09 9.858259416647393580e-01
7.625418060200667772e-09 9.854511339929417080e-01
7.725752508361202526e-09 9.850716621108290827e-01
7.826086956521737280e-09 9.846875376169793581e-01
7.926421404682273689e-09 9.842987722455347477e-01
8.026755852842808442e-09 9.839053778655918459e-01
8.127090301003343196e-09 9.835073664805901172e-01
8.227424749163877950e-09 9.831047502276893946e-01
8.327759197324414359e-09 9.826975413771428247e-01
8.428093645484949113e-09 9.822857523316638195e-01
8.528428093645483867e-09 9.818693956257839028e-01
8.628762541806018621e-09 9.814484839252071158e-01
8.729096989966553375e-09 9.810230300261562064e-01
8.829431438127089783e-09 9.805930468547126022e-01
8.929765886287624537e-09 9.801585474661504982e-01
9.030100334448159291e-09 9.797195450442645059e-01
9.130434782608694045e-09 9.792760529006904191e-01
9.230769230769228799e-09 9.788280844742208719e-01
9.331103678929765207e-09 9.783756533301141145e-01
9.431438127090299961e-09 9.779187731593970145e-01
9.531772575250834715e-09 9.774574577781612872e-01
9.632107023411369469e-09 9.769917211268547286e-01
9.732441471571904223e-09 9.765215772695660101e-01
9.832775919732440632e-09 9.760470403933027006e-01
9.933110367892975386e-09 9.755681248072660683e-01
1.003344481605351014e-08 9.750848449421161135e-01
1.013377926421404489e-08 9.745972153492341583e-01
1.023411371237458130e-08 9.741052506999793303e-01
1.033444816053511606e-08 9.736089657849356094e-01
1.043478260869565081e-08 9.731083755131604285e-01
1.053511705685618556e-08 9.726034949114196193e-01
1.063545150501672032e-08 9.720943391234233566e-01
1.073578595317725673e-08 9.715809234090528879e-01
1.083612040133779148e-08 9.710632631435830442e-01
1.093645484949832623e-08 9.705413738168991999e-01
1.103678929765886099e-08 9.700152710327103467e-01
1.113712374581939574e-08 9.694849705077533963e-01
1.123745819397993215e-08 9.689504880709965962e-01
1.133779264214046690e-08 9.684118396628350611e-01
1.143812709030100166e-08 9.678690413342815324e-01
1.153846153846153641e-08 9.673221092461524728e-01
1.163879598662207117e-08 9.667710596682496105e-01
1.173913043478260757e-08 9.662159089785363753e-01
1.183946488294314233e-08 9.656566736623084513e-01
1.193979933110367708e-08 9.650933703113614426e-01
1.204013377926421184e-08 9.645260156231508786e-01
1.214046822742474824e-08 9.639546263999516640e-01
1.224080267558528300e-08 9.633792195480075371e-01
1.234113712374581775e-08 9.627998120766829704e-01
1.244147157190635251e-08 9.622164210976023035e-01
1.254180602006688726e-08 9.616290638237916522e-01
1.264214046822742367e-08 9.610377575688117124e-01
1.274247491638795842e-08 9.604425197458889008e-01
1.284280936454849318e-08 9.598433678670404978e-01
1.294314381270902793e-08 9.592403195421974615e-01
1.304347826086956269e-08 9.586333924783193572e-01
1.314381270903009909e-08 9.580226044785107309e-01
1.324414715719063385e-08 9.574079734411289344e-01
1.334448160535116860e-08 9.567895173588883972e-01
1.344481605351170336e-08 9.561672543179638994e-01
1.354515050167223811e-08 9.555412024970875162e-01
1.364548494983277452e-08 9.549113801666407886e-01
1.374581939799330927e-08 9.542778056877474491e-01
1.384615384615384403e-08 9.536404975113568216e-01
1.394648829431437878e-08 9.529994741773282207e-01
1.404682274247491519e-08 9.523547543135089111e-01
1.414715719063544994e-08 9.517063566348112902e-01
1.424749163879598470e-08 9.510542999422826327e-01
1.434782608695651945e-08 9.503986031221752784e-01
1.444816053511705420e-08 9.497392851450122686e-01
1.454849498327759061e-08 9.490763650646486527e-01
1.464882943143812537e-08 9.484098620173309069e-01
1.474916387959866012e-08 9.477397952207515797e-01
1.484949832775919487e-08 9.470661839731041587e-01
1.494983277591973128e-08 9.463890476521310546e-01
1.505016722408026604e-08 9.457084057141708078e-01
1.515050167224080079e-08 9.450242776932022970e-01
1.525083612040133554e-08 9.443366831998857291e-01
1.535117056856187030e-08 9.436456419206002977e-01
1.545150501672240505e-08 9.429511736164802871e-01
1.555183946488293981e-08 9.422532981224488458e-01
1.565217391304347456e-08 9.415520353462468739e-01
1.575250836120401262e-08 9.408474052674615784e-01
1.585284280936454738e-08 9.401394279365532514e-01
1.595317725752508213e-08 9.394281234738761643e-01
1.605351170568561688e-08 9.387135120687004619e-01
1.615384615384615164e-08 9.379956139782311686e-01
1.625418060200668639e-08 9.372744495266239761e-01
1.635451505016722115e-08 9.365500391039995876e-01
1.645484949832775590e-08 9.358224031654558406e-01
1.655518394648829065e-08 9.350915622300783880e-01
1.665551839464882872e-08 9.343575368799482694e-01
1.675585284280936347e-08 9.336203477591489275e-01
1.685618729096989823e-08 9.328800155727712262e-01
1.695652173913043298e-08 9.321365610859149164e-01
1.705685618729096773e-08 9.313900051226918775e-01
1.715719063545150249e-08 9.306403685652239188e-01
1.725752508361203724e-08 9.298876723526419141e-01
1.735785953177257200e-08 9.291319374800828257e-01
1.745819397993310675e-08 9.283731849976836203e-01
1.755852842809364150e-08 9.276114360095764066e-01
1.765886287625417957e-08 9.268467116728811295e-01
1.775919732441471432e-08 9.260790331966958222e-01
1.785953177257524907e-08 9.253084218410880801e-01
1.795986622073578383e-08 9.245348989160834252e-01
1.806020066889631858e-08 9.237584857806545591e-01
1.816053511705685334e-08 9.229792038417073963e-01
1.826086956521738809e-08 9.221970745530679858e-01
1.836120401337792284e-08 9.214121194144686555e-01
1.846153846153845760e-08 9.206243599705318248e-01
1.856187290969899566e-08 9.198338178097542617e-01
1.866220735785953041e-08 9.190405145634918949e-01
1.876254180602006517e-08 9.182444719049402959e-01
1.886287625418059992e-08 9.174457115481194913e-01
1.896321070234113468e-08 9.166442552468546667e-01
1.906354515050166943e-08 9.158401247937578704e-01
1.916387959866220418e-08 9.150333420192099387e-01
1.926421404682273894e-08 9.142239287903414224e-01
1.936454849498327369e-08 9.134119070100119586e-01
1.946488294314380845e-08 9.125972986157946387e-01
1.956521739130434651e-08 9.117801255789529380e-01
1.966555183946488126e-08 9.109604099034236402e-01
1.976588628762541602e-08 9.101381736247972087e-01
1.986622073578595077e-08 9.093134388092990461e-01
1.996655518394648553e-08 9.084862275527704201e-01
2.006688963210702028e-08 9.076565619796503892e-01
2.016722408026755503e-08 9.068244642419566182e-01
2.026755852842808979e-08 9.059899565182691905e-01
2.036789297658862454e-08 9.051530610127122012e-01
2.046822742474916260e-08 9.043137999539374583e-01
2.056856187290969736e-08 9.034721955941081850e-01
2.066889632107023211e-08 9.026282702078838316e-01
2.076923076923076687e-08 9.017820460914051095e-01
2.086956521739130162e-08 9.009335455612792476e-01
2.096989966555183637e-08 9.000827909535683569e-01
2.107023411371237113e-08 8.992298046227763519e-01
2.117056856187290588e-08 8.983746089408370938e-01
2.127090301003344064e-08 8.975172262961060854e-01
2.137123745819397539e-08 8.966576790923487250e-01
2.147157190635451345e-08 8.957959897477344446e-01
2.157190635451504821e-08 8.949321806938288493e-01
2.167224080267558296e-08 8.940662743745887431e-01
2.177257525083611771e-08 8.931982932453581547e-01
2.187290969899665247e-08 8.923282597718643627e-01
2.197324414715718722e-08 8.914561964292180285e-01
2.207357859531772198e-08 8.905821257009127745e-01
2.217391304347825673e-08 8.897060700778276487e-01
2.227424749163879148e-08 8.888280520572293675e-01
2.237458193979932955e-08 8.879480941417779993e-01
2.247491638795986430e-08 8.870662188385352032e-01
2.257525083612039905e-08 8.861824486579710225e-01
2.267558528428093381e-08 8.852968061129752320e-01
2.277591973244146856e-08 8.844093137178704600e-01
2.287625418060200332e-08 8.835199939874265329e-01
2.297658862876253807e-08 8.826288694358765952e-01
2.307692307692307282e-08 8.817359625759361164e-01
2.317725752508360758e-08 8.808412959178241186e-01
2.327759197324414233e-08 8.799448919682859582e-01
2.337792642140468040e-08 8.790467732296192160e-01
2.347826086956521515e-08 8.781469621987010310e-01
2.357859531772574990e-08 8.772454813660185424e-01
2.367892976588628466e-08 8.763423532147011086e-01
2.377926421404681941e-08 8.754376002195564110e-01
2.387959866220735417e-08 8.745312448461080024e-01
2.397993311036788892e-08 8.736233095496341861e-01
2.408026755852842367e-08 8.727138167742134467e-01
2.418060200668895843e-08 8.718027889517683260e-01
2.428093645484949649e-08 8.708902485011152939e-01
2.438127090301003124e-08 8.699762178270153967e-01
2.448160535117056600e-08 8.690607193192292357e-01
2.458193979933110075e-08 8.681437753515734990e-01
2.468227424749163551e-08 8.672254082809824904e-01
2.478260869565217026e-08 8.663056404465704352e-01
2.488294314381270501e-08 8.653844941686983372e-01
2.498327759197323977e-08 8.644619917480443894e-01
2.508361204013377452e-08 8.635381554646756053e-01
2.518394648829430928e-08 8.626130075771245576e-01
2.528428093645484734e-08 8.616865703214700023e-01
2.538461538461538209e-08 8.607588659104185025e-01
2.548494983277591685e-08 8.598299165323908255e-01
2.558528428093645160e-08 8.588997443506120044e-01
2.568561872909698635e-08 8.579683715022050627e-01
2.578595317725752111e-08 8.570358200972880702e-01
2.588628762541805586e-08 8.561021122180741960e-01
2.598662207357859062e-08 8.551672699179753145e-01
2.608695652173912537e-08 8.542313152207120508e-01
2.618729096989966343e-08 8.532942701194239365e-01
2.628762541806019819e-08 8.523561565757853398e-01
2.638795986622073294e-08 8.514169965191250578e-01
2.648829431438126769e-08 8.504768118455502401e-01
2.658862876254180245e-08 8.495356244170727544e-01
2.668896321070233720e-08 8.485934560607418797e-01
2.678929765886287196e-08 8.476503285677783328e-01
2.688963210702340671e-08 8.467062636927151775e-01
2.698996655518394146e-08 8.457612831525408437e-01
2.709030100334447622e-08 8.448154086258471418e-01
2.719063545150501428e-08 8.438686617519822741e-01
2.729096989966554904e-08 8.429210641302063989e-01
2.739130434782608379e-08 8.419726373188516355e-01
2.749163879598661854e-08 8.410234028344901747e-01
2.759197324414715330e-08 8.400733821511013888e-01
2.769230769230768805e-08 8.391225966992464924e-01
2.779264214046822281e-08 8.381710678652473101e-01
2.789297658862875756e-08 8.372188169903704846e-01
2.799331103678929231e-08 8.362658653700130174e-01
2.809364548494983038e-08 8.353122342528971345e-01
2.819397993311036513e-08 8.343579448402654863e-01
2.829431438127089988e-08 8.334030182850840074e-01
2.839464882943143464e-08 8.324474756912478846e-01
2.849498327759196939e-08 8.314913381127934100e-01
2.859531772575250415e-08 8.305346265531132754e-01
2.869565217391303890e-08 8.295773619641795271e-01
2.879598662207357365e-08 8.286195652457670757e-01
2.889632107023410841e-08 8.276612572446863103e-01
2.899665551839464316e-08 8.267024587540182656e-01
2.909698996655518122e-08 8.257431905123560067e-01
2.919732441471571598e-08 8.247834732030510096e-01
2.929765886287625073e-08 8.238233274534622064e-01
2.939799331103678549e-08 8.228627738342151332e-01
2.949832775919732024e-08 8.219018328584608568e-01
2.959866220735785499e-08 8.209405249811438932e-01
2.969899665551838975e-08 8.199788705982740122e-01
2.979933110367892450e-08 8.190168900462023727e-01
2.989966555183946256e-08 8.180546036009047617e-01
2.999999999999999732e-08 8.170920314772691651e-01
