0.000000000000000000e+00 9.999999999999995559e-01
1.003344481605351029e-10 9.999999887540086396e-01
2.006688963210702059e-10 9.999999550160366679e-01
3.010033444816052959e-10 9.999998987860890809e-01
4.013377926421404118e-10 9.999998200641728729e-01
5.016722408026755277e-10 9.999997188502992573e-01
6.020066889632105918e-10 9.999995951444821118e-01
7.023411371237457594e-10 9.999994489467380898e-01
8.026755852842808236e-10 9.999992802570877304e-01
9.030100334448158877e-10 9.999990890755540152e-01
1.003344481605351055e-09 9.999988754021630344e-01
1.103678929765886223e-09 9.999986392369444310e-01
1.204013377926421184e-09 9.999983805799304015e-01
1.304347826086956351e-09 9.999980994311565841e-01
1.404682274247491519e-09 9.999977957906617254e-01
1.505016722408026480e-09 9.999974696584870149e-01
1.605351170568561647e-09 9.999971210346775274e-01
1.705685618729096815e-09 9.999967499192813358e-01
1.806020066889631775e-09 9.999963563123491772e-01
1.906354515050166943e-09 9.999959402139352305e-01
2.006688963210702111e-09 9.999955016240964500e-01
2.107023411371237278e-09 9.999950405428931210e-01
2.207357859531772446e-09 9.999945569703888593e-01
2.307692307692307200e-09 9.999940509066495009e-01
2.408026755852842367e-09 9.999935223517451011e-01
2.508361204013377535e-09 9.999929713057481573e-01
2.608695652173912702e-09 9.999923977687337207e-01
2.709030100334447870e-09 9.999918017407809501e-01
2.809364548494983038e-09 9.999911832219721131e-01
2.909698996655517792e-09 9.999905422123918086e-01
3.010033444816052959e-09 9.999898787121277444e-01
3.110367892976588127e-09 9.999891927212715137e-01
3.210702341137123294e-09 9.999884842399168194e-01
3.311036789297658462e-09 9.999877532681618053e-01
3.411371237458193629e-09 9.999869998061056142e-01
3.511705685618728797e-09 9.999862238538527182e-01
3.612040133779263551e-09 9.999854254115091434e-01
3.712374581939798719e-09 9.999846044791846911e-01
3.812709030100333886e-09 9.999837610569921598e-01
3.913043478260868640e-09 9.999828951450473458e-01
4.013377926421404221e-09 9.999820067434692650e-01
4.113712374581938975e-09 9.999810958523795978e-01
4.214046822742474556e-09 9.999801624719035775e-01
4.314381270903009310e-09 9.999792066021693238e-01
4.414715719063544892e-09 9.999782282433083980e-01
4.515050167224079646e-09 9.999772273954546931e-01
4.615384615384614399e-09 9.999762040587455436e-01
4.715719063545149981e-09 9.999751582333222810e-01
4.816053511705684735e-09 9.999740899193279020e-01
4.916387959866220316e-09 9.999729991169090670e-01
5.016722408026755070e-09 9.999718858262156562e-01
5.117056856187290651e-09 9.999707500474005473e-01
5.217391304347825405e-09 9.999695917806197265e-01
5.317725752508360159e-09 9.999684110260322889e-01
5.418060200668895740e-09 9.999672077838002160e-01
5.518394648829430494e-09 9.999659820540891531e-01
5.618729096989966075e-09 9.999647338370667438e-01
5.719063545150500829e-09 9.999634631329050727e-01
5.819397993311035583e-09 9.999621699417777787e-01
5.919732441471571164e-09 9.999608542638631636e-01
6.020066889632105918e-09 9.999595160993417498e-01
6.120401337792641499e-09 9.999581554483968349e-01
6.220735785953176253e-09 9.999567723112160467e-01
6.321070234113711835e-09 9.999553666879883451e-01
6.421404682274246589e-09 9.999539385789077972e-01
6.521739130434781343e-09 9.999524879841693581e-01
6.622073578595316924e-09 9.999510149039732010e-01
6.722408026755851678e-09 9.999495193385210534e-01
6.822742474916387259e-09 9.999480012880185287e-01
6.923076923076922013e-09 9.999464607526739046e-01
7.023411371237457594e-09 9.999448977326984567e-01
7.123745819397992348e-09 9.999433122283074571e-01
7.224080267558527102e-09 9.999417042397178434e-01
7.324414715719062683e-09 9.999400737671511052e-01
7.424749163879597437e-09 9.999384208108311745e-01
7.525083612040133018e-09 9.999367453709842035e-01
7.625418060200667772e-09 9.999350474478405637e-01
7.725752508361202526e-09 9.999333270416335129e-01
7.826086956521737280e-09 9.999315841525997506e-01
7.926421404682273689e-09 9.999298187809778637e-01
8.026755852842808442e-09 9.999280309270104361e-01
8.127090301003343196e-09 9.999262205909431600e-01
8.227424749163877950e-09 9.999243877730242813e-01
8.327759197324414359e-09 9.999225324735054876e-01
8.428093645484949113e-09 9.999206546926420192e-01
8.528428093645483867e-09 9.999187544306913367e-01
8.628762541806018621e-09 9.999168316879142315e-01
8.729096989966553375e-09 9.999148864645747148e-01
8.829431438127089783e-09 9.999129187609403502e-01
8.929765886287624537e-09 9.999109285772805888e-01
9.030100334448159291e-09 9.999089159138694338e-01
9.130434782608694045e-09 9.999068807709825535e-01
9.230769230769228799e-09 9.999048231488997240e-01
9.331103678929765207e-09 9.999027430479032752e-01
9.431438127090299961e-09 9.999006404682789784e-01
9.531772575250834715e-09 9.998985154103157136e-01
9.632107023411369469e-09 9.998963678743048034e-01
9.732441471571904223e-09 9.998941978605412340e-01
9.832775919732440632e-09 9.998920053693232113e-01
9.933110367892975386e-09 9.998897904009517168e-01
1.003344481605351014e-08 9.998875529557303965e-01
1.013377926421404489e-08 9.998852930339667822e-01
1.023411371237458130e-08 9.998830106359710701e-01
1.033444816053511606e-08 9.998807057620566763e-01
1.043478260869565081e-08 9.998783784125401253e-01
1.053511705685618556e-08 9.998760285877413834e-01
1.063545150501672032e-08 9.998736562879819711e-01
1.073578595317725673e-08 9.998712615135881832e-01
1.083612040133779148e-08 9.998688442648894226e-01
1.093645484949832623e-08 9.998664045422165358e-01
1.103678929765886099e-08 9.998639423459048103e-01
1.113712374581939574e-08 9.998614576762925310e-01
1.123745819397993215e-08 9.998589505337205363e-01
1.133779264214046690e-08 9.998564209185335505e-01
1.143812709030100166e-08 9.998538688310782963e-01
1.153846153846153641e-08 9.998512942717051599e-01
1.163879598662207117e-08 9.998486972407681916e-01
1.173913043478260757e-08 9.998460777386233289e-01
1.183946488294314233e-08 9.998434357656302840e-01
1.193979933110367708e-08 9.998407713221520998e-01
1.204013377926421184e-08 9.998380844085542618e-01
1.214046822742474824e-08 9.998353750252058081e-01
1.224080267558528300e-08 9.998326431724788854e-01
1.234113712374581775e-08 9.998298888507483051e-01
1.244147157190635251e-08 9.998271120603918760e-01
1.254180602006688726e-08 9.998243128017914039e-01
1.264214046822742367e-08 9.998214910753306928e-01
1.274247491638795842e-08 9.998186468813976546e-01
1.284280936454849318e-08 9.998157802203824218e-01
1.294314381270902793e-08 9.998128910926783464e-01
1.304347826086956269e-08 9.998099794986825550e-01
1.314381270903009909e-08 9.998070454387943951e-01
1.324414715719063385e-08 9.998040889134169884e-01
1.334448160535116860e-08 9.998011099229556775e-01
1.344481605351170336e-08 9.997981084678199126e-01
1.354515050167223811e-08 9.997950845484213644e-01
1.364548494983277452e-08 9.997920381651754784e-01
1.374581939799330927e-08 9.997889693185003646e-01
1.384615384615384403e-08 9.997858780088173525e-01
1.394648829431437878e-08 9.997827642365502143e-01
1.404682274247491519e-08 9.997796280021274962e-01
1.414715719063544994e-08 9.997764693059789654e-01
1.424749163879598470e-08 9.997732881485383860e-01
1.434782608695651945e-08 9.997700845302424089e-01
1.444816053511705420e-08 9.997668584515310153e-01
1.454849498327759061e-08 9.997636099128470732e-01
1.464882943143812537e-08 9.997603389146361152e-01
1.474916387959866012e-08 9.997570454573475596e-01
1.484949832775919487e-08 9.997537295414336000e-01
1.494983277591973128e-08 9.997503911673488730e-01
1.505016722408026604e-08 9.997470303355521226e-01
1.515050167224080079e-08 9.997436470465043135e-01
1.525083612040133554e-08 9.997402413006700739e-01
1.535117056856187030e-08 9.997368130985173629e-01
1.545150501672240505e-08 9.997333624405160268e-01
1.555183946488293981e-08 9.997298893271400200e-01
1.565217391304347456e-08 9.997263937588662941e-01
1.575250836120401262e-08 9.997228757361742435e-01
1.585284280936454738e-08 9.997193352595472593e-01
1.595317725752508213e-08 9.997157723294712861e-01
1.605351170568561688e-08 9.997121869464346000e-01
1.615384615384615164e-08 9.997085791109302511e-01
1.625418060200668639e-08 9.997049488234530656e-01
1.635451505016722115e-08 9.997012960845014229e-01
1.645484949832775590e-08 9.996976208945768105e-01
1.655518394648829065e-08 9.996939232541834919e-01
1.665551839464882872e-08 9.996902031638290609e-01
1.675585284280936347e-08 9.996864606240241091e-01
1.685618729096989823e-08 9.996826956352826699e-01
1.695652173913043298e-08 9.996789081981211078e-01
1.705685618729096773e-08 9.996750983130593404e-01
1.715719063545150249e-08 9.996712659806205048e-01
1.725752508361203724e-08 9.996674112013304025e-01
1.735785953177257200e-08 9.996635339757179439e-01
1.745819397993310675e-08 9.996596343043161470e-01
1.755852842809364150e-08 9.996557121876591401e-01
1.765886287625417957e-08 9.996517676262859364e-01
1.775919732441471432e-08 9.996478006207377698e-01
1.785953177257524907e-08 9.996438111715592045e-01
1.795986622073578383e-08 9.996397992792973586e-01
1.806020066889631858e-08 9.996357649445035687e-01
1.816053511705685334e-08 9.996317081677313920e-01
1.826086956521738809e-08 9.996276289495369394e-01
1.836120401337792284e-08 9.996235272904809843e-01
1.846153846153845760e-08 9.996194031911256328e-01
1.856187290969899566e-08 9.996152566520377647e-01
1.866220735785953041e-08 9.996110876737854811e-01
1.876254180602006517e-08 9.996068962569415461e-01
1.886287625418059992e-08 9.996026824020813883e-01
1.896321070234113468e-08 9.995984461097832119e-01
1.906354515050166943e-08 9.995941873806281075e-01
1.916387959866220418e-08 9.995899062152004966e-01
1.926421404682273894e-08 9.995856026140885753e-01
1.936454849498327369e-08 9.995812765778822051e-01
1.946488294314380845e-08 9.995769281071754664e-01
1.956521739130434651e-08 9.995725572025651040e-01
1.966555183946488126e-08 9.995681638646511935e-01
1.976588628762541602e-08 9.995637480940361419e-01
1.986622073578595077e-08 9.995593098913265750e-01
1.996655518394648553e-08 9.995548492571310062e-01
2.006688963210702028e-08 9.995503661920616123e-01
2.016722408026755503e-08 9.995458606967342341e-01
2.026755852842808979e-08 9.995413327717663776e-01
2.036789297658862454e-08 9.995367824177801008e-01
2.046822742474916260e-08 9.995322096353997932e-01
2.056856187290969736e-08 9.995276144252519535e-01
2.066889632107023211e-08 9.995229967879685207e-01
2.076923076923076687e-08 9.995183567241824329e-01
2.086956521739130162e-08 9.995136942345305142e-01
2.096989966555183637e-08 9.995090093196528080e-01
2.107023411371237113e-08 9.995043019801918005e-01
2.117056856187290588e-08 9.994995722167937524e-01
2.127090301003344064e-08 9.994948200301075891e-01
2.137123745819397539e-08 9.994900454207857887e-01
2.147157190635451345e-08 9.994852483894827166e-01
2.157190635451504821e-08 9.994804289368577344e-01
2.167224080267558296e-08 9.994755870635709805e-01
2.177257525083611771e-08 9.994707227702877006e-01
2.187290969899665247e-08 9.994658360576750278e-01
2.197324414715718722e-08 9.994609269264035367e-01
2.207357859531772198e-08 9.994559953771467997e-01
2.217391304347825673e-08 9.994510414105813867e-01
2.227424749163879148e-08 9.994460650273874203e-01
2.237458193979932955e-08 9.994410662282473545e-01
2.247491638795986430e-08 9.994360450138475294e-01
2.257525083612039905e-08 9.994310013848766161e-01
2.267558528428093381e-08 9.994259353420265057e-01
2.277591973244146856e-08 9.994208468859923089e-01
2.287625418060200332e-08 9.994157360174726890e-01
2.297658862876253807e-08 9.994106027371681966e-01
2.307692307692307282e-08 9.994054470457836015e-01
2.317725752508360758e-08 9.994002689440263376e-01
2.327759197324414233e-08 9.993950684326067258e-01
2.337792642140468040e-08 9.993898455122386393e-01
2.347826086956521515e-08 9.993846001836376169e-01
2.357859531772574990e-08 9.993793324475243045e-01
2.367892976588628466e-08 9.993740423046213461e-01
2.377926421404681941e-08 9.993687297556540505e-01
2.387959866220735417e-08 9.993633948013517232e-01
2.397993311036788892e-08 9.993580374424462232e-01
2.408026755852842367e-08 9.993526576796726291e-01
2.418060200668895843e-08 9.993472555137685731e-01
2.428093645484949649e-08 9.993418309454760173e-01
2.438127090301003124e-08 9.993363839755380340e-01
2.448160535117056600e-08 9.993309146047030245e-01
2.458193979933110075e-08 9.993254228337207223e-01
2.468227424749163551e-08 9.993199086633448580e-01
2.478260869565217026e-08 9.993143720943314934e-01
2.488294314381270501e-08 9.993088131274404651e-01
2.498327759197323977e-08 9.993032317634344963e-01
2.508361204013377452e-08 9.992976280030790859e-01
2.518394648829430928e-08 9.992920018471427301e-01
2.528428093645484734e-08 9.992863532963979223e-01
2.538461538461538209e-08 9.992806823516191539e-01
2.548494983277591685e-08 9.992749890135841362e-01
2.558528428093645160e-08 9.992692732830742441e-01
2.568561872909698635e-08 9.992635351608732952e-01
2.578595317725752111e-08 9.992577746477685485e-01
2.588628762541805586e-08 9.992519917445501498e-01
2.598662207357859062e-08 9.992461864520117976e-01
2.608695652173912537e-08 9.992403587709494106e-01
2.618729096989966343e-08 9.992345087021623495e-01
2.628762541806019819e-08 9.992286362464534166e-01
2.638795986622073294e-08 9.992227414046275236e-01
2.648829431438126769e-08 9.992168241774939119e-01
2.658862876254180245e-08 9.992108845658638216e-01
2.668896321070233720e-08 9.992049225705522675e-01
2.678929765886287196e-08 9.991989381923770397e-01
2.688963210702340671e-08 9.991929314321588151e-01
2.698996655518394146e-08 9.991869022907213793e-01
2.709030100334447622e-08 9.991808507688919594e-01
2.719063545150501428e-08 9.991747768675005581e-01
2.729096989966554904e-08 9.991686805873800648e-01
2.739130434782608379e-08 9.991625619293669214e-01
2.749163879598661854e-08 9.991564208943003456e-01
2.759197324414715330e-08 9.991502574830225525e-01
2.769230769230768805e-08 9.991440716963787549e-01
2.779264214046822281e-08 9.991378635352174964e-01
2.789297658862875756e-08 9.991316330003903179e-01
2.799331103678929231e-08 9.991253800927513140e-01
2.809364548494983038e-08 9.991191048131589092e-01
2.819397993311036513e-08 9.991128071624729712e-01
2.829431438127089988e-08 9.991064871415578086e-01
2.839464882943143464e-08 9.991001447512797284e-01
2.849498327759196939e-08 9.990937799925085905e-01
2.859531772575250415e-08 9.990873928661172521e-01
2.869565217391303890e-08 9.990809833729825673e-01
2.879598662207357365e-08 9.990745515139823896e-01
2.889632107023410841e-08 9.990680972899992351e-01
2.899665551839464316e-08 9.990616207019185069e-01
2.909698996655518122e-08 9.990551217506278281e-01
2.919732441471571598e-08 9.990486004370190409e-01
2.929765886287625073e-08 9.990420567619859860e-01
2.939799331103678549e-08 9.990354907264261675e-01
2.949832775919732024e-08 9.990289023312406425e-01
2.959866220735785499e-08 9.990222915773318002e-01
2.969899665551838975e-08 9.990156584656068040e-01
2.979933110367892450e-08 9.990090029969750374e-01
2.989966555183946256e-08 9.990023251723494369e-01
2.999999999999999732e-08 9.989956249926454923e-01
