0.000000000000000000e+00 9.999999999999995559e-01
1.003344481605351029e-10 9.999954268635827814e-01
2.006688963210702059e-10 9.999817077096953000e-01
3.010033444816052959e-10 9.999588433044032110e-01
4.013377926421404118e-10 9.999268349244017084e-01
5.016722408026755277e-10 9.998856843568961761e-01
6.020066889632105918e-10 9.998353938994332113e-01
7.023411371237457594e-10 9.997759663596850199e-01
8.026755852842808236e-10 9.997074050551828517e-01
9.030100334448158877e-10 9.996297138130065818e-01
1.003344481605351055e-09 9.995428969694225563e-01
1.103678929765886223e-09 9.994469593694766951e-01
1.204013377926421184e-09 9.993419063665367474e-01
1.304347826086956351e-09 9.992277438217871399e-01
1.404682274247491519e-09 9.991044781036800826e-01
1.505016722408026480e-09 9.989721160873332728e-01
1.605351170568561647e-09 9.988306651538833014e-01
1.705685618729096815e-09 9.986801331897907641e-01
1.806020066889631775e-09 9.985205285860985214e-01
1.906354515050166943e-09 9.983518602376406648e-01
2.006688963210702111e-09 9.981741375422067408e-01
2.107023411371237278e-09 9.979873703996572365e-01
2.207357859531772446e-09 9.977915692109926571e-01
2.307692307692307200e-09 9.975867448773746426e-01
2.408026755852842367e-09 9.973729087991017872e-01
2.508361204013377535e-09 9.971500728745380515e-01
2.608695652173912702e-09 9.969182494989943244e-01
2.709030100334447870e-09 9.966774515635635767e-01
2.809364548494983038e-09 9.964276924539106073e-01
2.909698996655517792e-09 9.961689860490152704e-01
3.010033444816052959e-09 9.959013467198681857e-01
3.110367892976588127e-09 9.956247893281241490e-01
3.210702341137123294e-09 9.953393292247058044e-01
3.311036789297658462e-09 9.950449822483653506e-01
3.411371237458193629e-09 9.947417647241989513e-01
3.511705685618728797e-09 9.944296934621158490e-01
3.612040133779263551e-09 9.941087857552650675e-01
3.712374581939798719e-09 9.937790593784137094e-01
3.812709030100333886e-09 9.934405325862845082e-01
3.913043478260868640e-09 9.930932241118456405e-01
4.013377926421404221e-09 9.927371531645595715e-01
4.113712374581938975e-09 9.923723394285863808e-01
4.214046822742474556e-09 9.919988030609420138e-01
4.314381270903009310e-09 9.916165646896174524e-01
4.414715719063544892e-09 9.912256454116498139e-01
4.515050167224079646e-09 9.908260667911531483e-01
4.615384615384614399e-09 9.904178508573078243e-01
4.715719063545149981e-09 9.900010201023035084e-01
4.816053511705684735e-09 9.895755974792432852e-01
4.916387959866220316e-09 9.891416064000049246e-01
5.016722408026755070e-09 9.886990707330602923e-01
5.117056856187290651e-09 9.882480148012533494e-01
5.217391304347825405e-09 9.877884633795362967e-01
5.317725752508360159e-09 9.873204416926678606e-01
5.418060200668895740e-09 9.868439754128668362e-01
5.518394648829430494e-09 9.863590906574272177e-01
5.618729096989966075e-09 9.858658139862970238e-01
5.719063545150500829e-09 9.853641723996086066e-01
5.819397993311035583e-09 9.848541933351797617e-01
5.919732441471571164e-09 9.843359046659688749e-01
6.020066889632105918e-09 9.838093346974934317e-01
6.120401337792641499e-09 9.832745121652105569e-01
6.220735785953176253e-09 9.827314662318590299e-01
6.321070234113711835e-09 9.821802264847645514e-01
6.421404682274246589e-09 9.816208229331037094e-01
6.521739130434781343e-09 9.810532860051378590e-01
6.622073578595316924e-09 9.804776465454029255e-01
6.722408026755851678e-09 9.798939358118665677e-01
6.822742474916387259e-09 9.793021854730504794e-01
6.923076923076922013e-09 9.787024276051132787e-01
7.023411371237457594e-09 9.780946946889005345e-01
7.123745819397992348e-09 9.774790196069597092e-01
7.224080267558527102e-09 9.768554356405203531e-01
7.324414715719062683e-09 9.762239764664378816e-01
7.424749163879597437e-09 9.755846761541078216e-01
7.525083612040133018e-09 9.749375691623424212e-01
7.625418060200667772e-09 9.742826903362161728e-01
7.725752508361202526e-09 9.736200749038789182e-01
7.826086956521737280e-09 9.729497584733343141e-01
7.926421404682273689e-09 9.722717770291906536e-01
8.026755852842808442e-09 9.715861669293741620e-01
8.127090301003343196e-09 9.708929649018173125e-01
8.227424749163877950e-09 9.701922080411121696e-01
8.327759197324414359e-09 9.694839338051348676e-01
8.428093645484949113e-09 9.687681800116398900e-01
8.528428093645483867e-09 9.680449848348259279e-01
8.628762541806018621e-09 9.673143868018704294e-01
8.729096989966553375e-09 9.665764247894379491e-01
8.829431438127089783e-09 9.658311380201581864e-01
8.929765886287624537e-09 9.650785660590783799e-01
9.030100334448159291e-09 9.643187488100848359e-01
9.130434782608694045e-09 9.635517265123018094e-01
9.230769230769228799e-09 9.627775397364607413e-01
9.331103678929765207e-09 9.619962293812447385e-01
9.431438127090299961e-09 9.612078366696067411e-01
9.531772575250834715e-09 9.604124031450631538e-01
9.632107023411369469e-09 9.596099706679623864e-01
9.732441471571904223e-09 9.588005814117287473e-01
9.832775919732440632e-09 9.579842778590839103e-01
9.933110367892975386e-09 9.571611027982422915e-01
1.003344481605351014e-08 9.563310993190867748e-01
1.013377926421404489e-08 9.554943108093187920e-01
1.023411371237458130e-08 9.546507809505898612e-01
1.033444816053511606e-08 9.538005537146071466e-01
1.043478260869565081e-08 9.529436733592228093e-01
1.053511705685618556e-08 9.520801844244988210e-01
1.063545150501672032e-08 9.512101317287534608e-01
1.073578595317725673e-08 9.503335603645883811e-01
1.083612040133779148e-08 9.494505156948955804e-01
1.093645484949832623e-08 9.485610433488449456e-01
1.103678929765886099e-08 9.476651892178565850e-01
1.113712374581939574e-08 9.467629994515516234e-01
1.123745819397993215e-08 9.458545204536883411e-01
1.133779264214046690e-08 9.449397988780803281e-01
1.143812709030100166e-08 9.440188816244987624e-01
1.153846153846153641e-08 9.430918158345585889e-01
1.163879598662207117e-08 9.421586488875891563e-01
1.173913043478260757e-08 9.412194283964903097e-01
1.183946488294314233e-08 9.402742022035748271e-01
1.193979933110367708e-08 9.393230183763955354e-01
1.204013377926421184e-08 9.383659252035592147e-01
1.214046822742474824e-08 9.374029711905285112e-01
1.224080267558528300e-08 9.364342050554118613e-01
1.234113712374581775e-08 9.354596757247386485e-01
1.244147157190635251e-08 9.344794323292262561e-01
1.254180602006688726e-08 9.334935241995350186e-01
1.264214046822742367e-08 9.325020008620108491e-01
1.274247491638795842e-08 9.315049120344218725e-01
1.284280936454849318e-08 9.305023076216811795e-01
1.294314381270902793e-08 9.294942377115636978e-01
1.304347826086956269e-08 9.284807525704142916e-01
1.314381270903009909e-08 9.274619026388463139e-01
1.324414715719063385e-08 9.264377385274334964e-01
1.334448160535116860e-08 9.254083110123957345e-01
1.344481605351170336e-08 9.243736710312774330e-01
1.354515050167223811e-08 9.233338696786199673e-01
1.364548494983277452e-08 9.222889582016293719e-01
1.374581939799330927e-08 9.212389879958369221e-01
1.384615384615384403e-08 9.201840106007598274e-01
1.394648829431437878e-08 9.191240776955510450e-01
1.404682274247491519e-08 9.180592410946534221e-01
1.414715719063544994e-08 9.169895527434435145e-01
1.424749163879598470e-08 9.159150647138787349e-01
1.434782608695651945e-08 9.148358292001386172e-01
1.444816053511705420e-08 9.137518985142666361e-01
1.454849498327759061e-08 9.126633250818109167e-01
1.464882943143812537e-08 9.115701614374623896e-01
1.474916387959866012e-08 9.104724602206956119e-01
1.484949832775919487e-08 9.093702741714086990e-01
1.494983277591973128e-08 9.082636561255639229e-01
1.505016722408026604e-08 9.071526590108308641e-01
1.515050167224080079e-08 9.060373358422296741e-01
1.525083612040133554e-08 9.049177397177793347e-01
1.535117056856187030e-08 9.037939238141455833e-01
1.545150501672240505e-08 9.026659413822964995e-01
1.555183946488293981e-08 9.015338457431562036e-01
1.565217391304347456e-08 9.003976902832685481e-01
1.575250836120401262e-08 8.992575284504629174e-01
1.585284280936454738e-08 8.981134137495240255e-01
1.595317725752508213e-08 8.969653997378714827e-01
1.605351170568561688e-08 8.958135400212408062e-01
1.615384615384615164e-08 8.946578882493754215e-01
1.625418060200668639e-08 8.934984981117222169e-01
1.635451505016722115e-08 8.923354233331386443e-01
1.645484949832775590e-08 8.911687176696043711e-01
1.655518394648829065e-08 8.899984349039419262e-01
1.665551839464882872e-08 8.888246288415505569e-01
1.675585284280936347e-08 8.876473533061439714e-01
1.685618729096989823e-08 8.864666621355004050e-01
1.695652173913043298e-08 8.852826091772258987e-01
1.705685618729096773e-08 8.840952482845225724e-01
1.715719063545150249e-08 8.829046333119736634e-01
1.725752508361203724e-08 8.817108181113373355e-01
1.735785953177257200e-08 8.805138565273538109e-01
1.745819397993310675e-08 8.793138023935648251e-01
1.755852842809364150e-08 8.781107095281465158e-01
1.765886287625417957e-08 8.769046317297547466e-01
1.775919732441471432e-08 8.756956227733866394e-01
1.785953177257524907e-08 8.744837364062550966e-01
1.795986622073578383e-08 8.732690263436762024e-01
1.806020066889631858e-08 8.720515462649766070e-01
1.816053511705685334e-08 8.708313498094126803e-01
1.826086956521738809e-08 8.696084905721074287e-01
1.836120401337792284e-08 8.683830221000027327e-01
1.846153846153845760e-08 8.671549978878313469e-01
1.856187290969899566e-08 8.659244713741024446e-01
1.866220735785953041e-08 8.646914959371069243e-01
1.876254180602006517e-08 8.634561248909425890e-01
1.886287625418059992e-08 8.622184114815544254e-01
1.896321070234113468e-08 8.609784088827959758e-01
1.906354515050166943e-08 8.597361701925099187e-01
1.916387959866220418e-08 8.584917484286279654e-01
1.926421404682273894e-08 8.572451965252910755e-01
1.936454849498327369e-08 8.559965673289904320e-01
1.946488294314380845e-08 8.547459135947290676e-01
1.956521739130434651e-08 8.534932879822052509e-01
1.966555183946488126e-08 8.522387430520156348e-01
1.976588628762541602e-08 8.509823312618842728e-01
1.986622073578595077e-08 8.497241049629101761e-01
1.996655518394648553e-08 8.484641163958394072e-01
2.006688963210702028e-08 8.472024176873609314e-01
2.016722408026755503e-08 8.459390608464236738e-01
2.026755852842808979e-08 8.446740977605806666e-01
2.036789297658862454e-08 8.434075801923535121e-01
2.046822742474916260e-08 8.421395597756247131e-01
2.056856187290969736e-08 8.408700880120540955e-01
2.066889632107023211e-08 8.395992162675178783e-01
2.076923076923076687e-08 8.383269957685774987e-01
2.086956521739130162e-08 8.370534775989698639e-01
2.096989966555183637e-08 8.357787126961280233e-01
2.107023411371237113e-08 8.345027518477245998e-01
2.117056856187290588e-08 8.332256456882445317e-01
2.127090301003344064e-08 8.319474446955847924e-01
2.137123745819397539e-08 8.306681991876774251e-01
2.147157190635451345e-08 8.293879593191482158e-01
2.157190635451504821e-08 8.281067750779954606e-01
2.167224080267558296e-08 8.268246962823015966e-01
2.177257525083611771e-08 8.255417725769722548e-01
2.187290969899665247e-08 8.242580534305032902e-01
2.197324414715718722e-08 8.229735881317780111e-01
2.207357859531772198e-08 8.216884257868943831e-01
2.217391304347825673e-08 8.204026153160194346e-01
2.227424749163879148e-08 8.191162054502765244e-01
2.237458193979932955e-08 8.178292447286605871e-01
2.247491638795986430e-08 8.165417814949859077e-01
2.257525083612039905e-08 8.152538638948614302e-01
2.267558528428093381e-08 8.139655398727012603e-01
2.277591973244146856e-08 8.126768571687618126e-01
2.287625418060200332e-08 8.113878633162134868e-01
2.297658862876253807e-08 8.100986056382447620e-01
2.307692307692307282e-08 8.088091312451934911e-01
2.317725752508360758e-08 8.075194870317150553e-01
2.327759197324414233e-08 8.062297196739811600e-01
2.337792642140468040e-08 8.049398756269096067e-01
2.347826086956521515e-08 8.036500011214298134e-01
2.357859531772574990e-08 8.023601421617785334e-01
2.367892976588628466e-08 8.010703445228305464e-01
2.377926421404681941e-08 7.997806537474603239e-01
2.387959866220735417e-08 7.984911151439403332e-01
2.397993311036788892e-08 7.972017737833708706e-01
2.408026755852842367e-08 7.959126744971434242e-01
2.418060200668895843e-08 7.946238618744402293e-01
2.428093645484949649e-08 7.933353802597649107e-01
2.438127090301003124e-08 7.920472737505106497e-01
2.448160535117056600e-08 7.907595861945604376e-01
2.458193979933110075e-08 7.894723611879231884e-01
2.468227424749163551e-08 7.881856420724036028e-01
2.478260869565217026e-08 7.868994719333087806e-01
2.488294314381270501e-08 7.856138935971872517e-01
2.498327759197323977e-08 7.843289496296059760e-01
2.508361204013377452e-08 7.830446823329603179e-01
2.518394648829430928e-08 7.817611337443211017e-01
2.528428093645484734e-08 7.804783456333163061e-01
2.538461538461538209e-08 7.791963595000478415e-01
2.548494983277591685e-08 7.779152165730462976e-01
2.558528428093645160e-08 7.766349578072579973e-01
2.568561872909698635e-08 7.753556238820732416e-01
2.578595317725752111e-08 7.740772551993836403e-01
2.588628762541805586e-08 7.727998918816815221e-01
2.598662207357859062e-08 7.715235737701936491e-01
2.608695652173912537e-08 7.702483404230492381e-01
2.618729096989966343e-08 7.689742311134865060e-01
2.628762541806019819e-08 7.677012848280956314e-01
2.638795986622073294e-08 7.664295402650969091e-01
2.648829431438126769e-08 7.651590358326562091e-01
2.658862876254180245e-08 7.638898096472364063e-01
2.668896321070233720e-08 7.626218995319857807e-01
2.678929765886287196e-08 7.613553430151638324e-01
2.688963210702340671e-08 7.600901773286015128e-01
2.698996655518394146e-08 7.588264394062013141e-01
2.709030100334447622e-08 7.575641658824701086e-01
2.719063545150501428e-08 7.563033930910927349e-01
2.729096989966554904e-08 7.550441570635397781e-01
2.739130434782608379e-08 7.537864935277115430e-01
2.749163879598661854e-08 7.525304379066229954e-01
2.759197324414715330e-08 7.512760253171190117e-01
2.769230769230768805e-08 7.500232905686317064e-01
2.779264214046822281e-08 7.487722681619720655e-01
2.789297658862875756e-08 7.475229922881585498e-01
2.799331103678929231e-08 7.462754968272826694e-01
2.809364548494983038e-08 7.450298153474108620e-01
2.819397993311036513e-08 7.437859811035233415e-01
2.829431438127089988e-08 7.425440270364899176e-01
2.839464882943143464e-08 7.413039857720801207e-01
2.849498327759196939e-08 7.400658896200131842e-01
2.859531772575250415e-08 7.388297705730416665e-01
2.869565217391303890e-08 7.375956603060727090e-01
2.879598662207357365e-08 7.363635901753262658e-01
2.889632107023410841e-08 7.351335912175267495e-01
2.899665551839464316e-08 7.339056941491344244e-01
2.909698996655518122e-08 7.326799293656112155e-01
2.919732441471571598e-08 7.314563269407218238e-01
2.929765886287625073e-08 7.302349166258713664e-01
2.939799331103678549e-08 7.290157278494804327e-01
2.949832775919732024e-08 7.277987897163925579e-01
2.959866220735785499e-08 7.265841310073209991e-01
2.969899665551838975e-08 7.253717801783277075e-01
2.979933110367892450e-08 7.241617653603406035e-01
2.989966555183946256e-08 7.229541143587049357e-01
2.999999999999999732e-08 7.217488546527682791e-01
