0.000000000000000000e+00 9.999999999999995559e-01
1.003344481605351029e-10 9.999999962498908879e-01
2.006688963210702059e-10 9.999999849995658829e-01
3.010033444816052959e-10 9.999999662490243191e-01
4.013377926421404118e-10 9.999999399982674175e-01
5.016722408026755277e-10 9.999999062472961775e-01
6.020066889632105918e-10 9.999998649961121533e-01
7.023411371237457594e-10 9.999998162447174543e-01
8.026755852842808236e-10 9.999997599931144121e-01
9.030100334448158877e-10 9.999996962413051360e-01
1.003344481605351055e-09 9.999996249892930678e-01
1.103678929765886223e-09 9.999995462370809829e-01
1.204013377926421184e-09 9.999994599846728782e-01
1.304347826086956351e-09 9.999993662320723065e-01
1.404682274247491519e-09 9.999992649792840416e-01
1.505016722408026480e-09 9.999991562263121914e-01
1.605351170568561647e-09 9.999990399731621959e-01
1.705685618729096815e-09 9.999989162198390513e-01
1.806020066889631775e-09 9.999987849663485306e-01
1.906354515050166943e-09 9.999986462126970732e-01
2.006688963210702111e-09 9.999984999588902301e-01
2.107023411371237278e-09 9.999983462049353289e-01
2.207357859531772446e-09 9.999981849508391418e-01
2.307692307692307200e-09 9.999980161966091075e-01
2.408026755852842367e-09 9.999978399422526643e-01
2.508361204013377535e-09 9.999976561877788050e-01
2.608695652173912702e-09 9.999974649331945242e-01
2.709030100334447870e-09 9.999972661785099248e-01
2.809364548494983038e-09 9.999970599237333335e-01
2.909698996655517792e-09 9.999968461688744092e-01
3.010033444816052959e-09 9.999966249139429220e-01
3.110367892976588127e-09 9.999963961589491968e-01
3.210702341137123294e-09 9.999961599039031146e-01
3.311036789297658462e-09 9.999959161488165549e-01
3.411371237458193629e-09 9.999956648936993986e-01
3.511705685618728797e-09 9.999954061385639692e-01
3.612040133779263551e-09 9.999951398834221461e-01
3.712374581939798719e-09 9.999948661282858087e-01
3.812709030100333886e-09 9.999945848731675024e-01
3.913043478260868640e-09 9.999942961180802170e-01
4.013377926421404221e-09 9.999939998630371640e-01
4.113712374581938975e-09 9.999936961080518882e-01
4.214046822742474556e-09 9.999933848531383784e-01
4.314381270903009310e-09 9.999930660983105124e-01
4.414715719063544892e-09 9.999927398435837222e-01
4.515050167224079646e-09 9.999924060889721078e-01
4.615384615384614399e-09 9.999920648344911012e-01
4.715719063545149981e-09 9.999917160801566896e-01
4.816053511705684735e-09 9.999913598259844161e-01
4.916387959866220316e-09 9.999909960719908231e-01
5.016722408026755070e-09 9.999906248181930080e-01
5.117056856187290651e-09 9.999902460646071800e-01
5.217391304347825405e-09 9.999898598112509918e-01
5.317725752508360159e-09 9.999894660581423178e-01
5.418060200668895740e-09 9.999890648052989217e-01
5.518394648829430494e-09 9.999886560527392332e-01
5.618729096989966075e-09 9.999882398004819040e-01
5.719063545150500829e-09 9.999878160485465850e-01
5.819397993311035583e-09 9.999873847969517060e-01
5.919732441471571164e-09 9.999869460457178061e-01
6.020066889632105918e-09 9.999864997948646472e-01
6.120401337792641499e-09 9.999860460444124355e-01
6.220735785953176253e-09 9.999855847943827092e-01
6.321070234113711835e-09 9.999851160447955634e-01
6.421404682274246589e-09 9.999846397956732025e-01
6.521739130434781343e-09 9.999841560470374979e-01
6.622073578595316924e-09 9.999836647989099880e-01
6.722408026755851678e-09 9.999831660513135434e-01
6.822742474916387259e-09 9.999826598042711456e-01
6.923076923076922013e-09 9.999821460578055543e-01
7.023411371237457594e-09 9.999816248119407502e-01
7.123745819397992348e-09 9.999810960667002702e-01
7.224080267558527102e-09 9.999805598221085390e-01
7.324414715719062683e-09 9.999800160781896485e-01
7.424749163879597437e-09 9.999794648349691339e-01
7.525083612040133018e-09 9.999789060924719752e-01
7.625418060200667772e-09 9.999783398507234855e-01
7.725752508361202526e-09 9.999777661097500880e-01
7.826086956521737280e-09 9.999771848695777621e-01
7.926421404682273689e-09 9.999765961302332640e-01
8.026755852842808442e-09 9.999759998917433501e-01
8.127090301003343196e-09 9.999753961541355540e-01
8.227424749163877950e-09 9.999747849174372982e-01
8.327759197324414359e-09 9.999741661816766713e-01
8.428093645484949113e-09 9.999735399468819841e-01
8.528428093645483867e-09 9.999729062130822133e-01
8.628762541806018621e-09 9.999722649803056695e-01
8.729096989966553375e-09 9.999716162485824400e-01
8.829431438127089783e-09 9.999709600179416125e-01
8.929765886287624537e-09 9.999702962884137181e-01
9.030100334448159291e-09 9.999696250600290659e-01
9.130434782608694045e-09 9.999689463328180761e-01
9.230769230769228799e-09 9.999682601068123899e-01
9.331103678929765207e-09 9.999675663820427607e-01
9.431438127090299961e-09 9.999668651585417178e-01
9.531772575250834715e-09 9.999661564363404587e-01
9.632107023411369469e-09 9.999654402154724009e-01
9.732441471571904223e-09 9.999647164959691858e-01
9.832775919732440632e-09 9.999639852778652305e-01
9.933110367892975386e-09 9.999632465611930643e-01
1.003344481605351014e-08 9.999625003459869932e-01
1.013377926421404489e-08 9.999617466322809900e-01
1.023411371237458130e-08 9.999609854201096937e-01
1.033444816053511606e-08 9.999602167095077432e-01
1.043478260869565081e-08 9.999594405005106657e-01
1.053511705685618556e-08 9.999586567931536552e-01
1.063545150501672032e-08 9.999578655874727939e-01
1.073578595317725673e-08 9.999570668835042753e-01
1.083612040133779148e-08 9.999562606812846255e-01
1.093645484949832623e-08 9.999554469808510371e-01
1.103678929765886099e-08 9.999546257822402584e-01
1.113712374581939574e-08 9.999537970854903701e-01
1.123745819397993215e-08 9.999529608906391198e-01
1.133779264214046690e-08 9.999521171977244771e-01
1.143812709030100166e-08 9.999512660067857439e-01
1.153846153846153641e-08 9.999504073178613339e-01
1.163879598662207117e-08 9.999495411309906601e-01
1.173913043478260757e-08 9.999486674462134683e-01
1.183946488294314233e-08 9.999477862635700598e-01
1.193979933110367708e-08 9.999468975831004025e-01
1.204013377926421184e-08 9.999460014048450196e-01
1.214046822742474824e-08 9.999450977288455444e-01
1.224080267558528300e-08 9.999441865551426112e-01
1.234113712374581775e-08 9.999432678837788524e-01
1.244147157190635251e-08 9.999423417147952353e-01
1.254180602006688726e-08 9.999414080482355027e-01
1.264214046822742367e-08 9.999404668841411770e-01
1.274247491638795842e-08 9.999395182225556677e-01
1.284280936454849318e-08 9.999385620635228289e-01
1.294314381270902793e-08 9.999375984070861811e-01
1.304347826086956269e-08 9.999366272532900224e-01
1.314381270903009909e-08 9.999356486021782064e-01
1.324414715719063385e-08 9.999346624537963635e-01
1.334448160535116860e-08 9.999336688081892355e-01
1.344481605351170336e-08 9.999326676654022306e-01
1.354515050167223811e-08 9.999316590254812009e-01
1.364548494983277452e-08 9.999306428884726650e-01
1.374581939799330927e-08 9.999296192544230300e-01
1.384615384615384403e-08 9.999285881233785922e-01
1.394648829431437878e-08 9.999275494953872023e-01
1.404682274247491519e-08 9.999265033704962669e-01
1.414715719063544994e-08 9.999254497487536364e-01
1.424749163879598470e-08 9.999243886302077167e-01
1.434782608695651945e-08 9.999233200149064693e-01
1.444816053511705420e-08 9.999222439028998544e-01
1.454849498327759061e-08 9.999211602942363886e-01
1.464882943143812537e-08 9.999200691889655879e-01
1.474916387959866012e-08 9.999189705871378564e-01
1.484949832775919487e-08 9.999178644888038203e-01
1.494983277591973128e-08 9.999167508940133287e-01
1.505016722408026604e-08 9.999156298028174517e-01
1.515050167224080079e-08 9.999145012152677037e-01
1.525083612040133554e-08 9.999133651314160431e-01
1.535117056856187030e-08 9.999122215513143175e-01
1.545150501672240505e-08 9.999110704750147072e-01
1.555183946488293981e-08 9.999099119025699478e-01
1.565217391304347456e-08 9.999087458340333301e-01
1.575250836120401262e-08 9.999075722694580337e-01
1.585284280936454738e-08 9.999063912088974604e-01
1.595317725752508213e-08 9.999052026524062331e-01
1.605351170568561688e-08 9.999040066000385307e-01
1.615384615384615164e-08 9.999028030518491983e-01
1.625418060200668639e-08 9.999015920078934139e-01
1.635451505016722115e-08 9.999003734682267996e-01
1.645484949832775590e-08 9.998991474329044227e-01
1.655518394648829065e-08 9.998979139019830154e-01
1.665551839464882872e-08 9.998966728755189770e-01
1.675585284280936347e-08 9.998954243535689290e-01
1.685618729096989823e-08 9.998941683361900479e-01
1.695652173913043298e-08 9.998929048234398431e-01
1.705685618729096773e-08 9.998916338153767125e-01
1.715719063545150249e-08 9.998903553120578325e-01
1.725752508361203724e-08 9.998890693135428220e-01
1.735785953177257200e-08 9.998877758198897459e-01
1.745819397993310675e-08 9.998864748311583339e-01
1.755852842809364150e-08 9.998851663474076501e-01
1.765886287625417957e-08 9.998838503686979795e-01
1.775919732441471432e-08 9.998825268950897183e-01
1.785953177257524907e-08 9.998811959266428184e-01
1.795986622073578383e-08 9.998798574634187863e-01
1.806020066889631858e-08 9.998785115054786843e-01
1.816053511705685334e-08 9.998771580528843517e-01
1.826086956521738809e-08 9.998757971056975169e-01
1.836120401337792284e-08 9.998744286639803525e-01
1.846153846153845760e-08 9.998730527277958080e-01
1.856187290969899566e-08 9.998716692972070552e-01
1.866220735785953041e-08 9.998702783722768217e-01
1.876254180602006517e-08 9.998688799530691673e-01
1.886287625418059992e-08 9.998674740396480409e-01
1.896321070234113468e-08 9.998660606320779465e-01
1.906354515050166943e-08 9.998646397304234990e-01
1.916387959866220418e-08 9.998632113347496464e-01
1.926421404682273894e-08 9.998617754451221140e-01
1.936454849498327369e-08 9.998603320616060719e-01
1.946488294314380845e-08 9.998588811842678004e-01
1.956521739130434651e-08 9.998574228131740238e-01
1.966555183946488126e-08 9.998559569483916887e-01
1.976588628762541602e-08 9.998544835899871863e-01
1.986622073578595077e-08 9.998530027380281293e-01
1.996655518394648553e-08 9.998515143925827964e-01
2.006688963210702028e-08 9.998500185537191332e-01
2.016722408026755503e-08 9.998485152215055294e-01
2.026755852842808979e-08 9.998470043960103748e-01
2.036789297658862454e-08 9.998454860773036135e-01
2.046822742474916260e-08 9.998439602654541902e-01
2.056856187290969736e-08 9.998424269605322712e-01
2.066889632107023211e-08 9.998408861626080224e-01
2.076923076923076687e-08 9.998393378717521651e-01
2.086956521739130162e-08 9.998377820880349764e-01
2.096989966555183637e-08 9.998362188115280658e-01
2.107023411371237113e-08 9.998346480423031535e-01
2.117056856187290588e-08 9.998330697804318490e-01
2.127090301003344064e-08 9.998314840259865388e-01
2.137123745819397539e-08 9.998298907790396095e-01
2.147157190635451345e-08 9.998282900396644468e-01
2.157190635451504821e-08 9.998266818079339924e-01
2.167224080267558296e-08 9.998250660839219650e-01
2.177257525083611771e-08 9.998234428677021945e-01
2.187290969899665247e-08 9.998218121593496210e-01
2.197324414715718722e-08 9.998201739589379633e-01
2.207357859531772198e-08 9.998185282665428275e-01
2.217391304347825673e-08 9.998168750822391537e-01
2.227424749163879148e-08 9.998152144061029922e-01
2.237458193979932955e-08 9.998135462382100602e-01
2.247491638795986430e-08 9.998118705786371851e-01
2.257525083612039905e-08 9.998101874274606393e-01
2.267558528428093381e-08 9.998084967847575832e-01
2.277591973244146856e-08 9.998067986506051774e-01
2.287625418060200332e-08 9.998050930250820256e-01
2.297658862876253807e-08 9.998033799082650663e-01
2.307692307692307282e-08 9.998016593002333474e-01
2.317725752508360758e-08 9.997999312010654727e-01
2.327759197324414233e-08 9.997981956108409340e-01
2.337792642140468040e-08 9.997964525296388905e-01
2.347826086956521515e-08 9.997947019575388339e-01
2.357859531772574990e-08 9.997929438946212555e-01
2.367892976588628466e-08 9.997911783409665354e-01
2.377926421404681941e-08 9.997894052966558309e-01
2.387959866220735417e-08 9.997876247617697443e-01
2.397993311036788892e-08 9.997858367363900989e-01
2.408026755852842367e-08 9.997840412205986071e-01
2.418060200668895843e-08 9.997822382144776476e-01
2.428093645484949649e-08 9.997804277181094879e-01
2.438127090301003124e-08 9.997786097315773945e-01
2.448160535117056600e-08 9.997767842549643014e-01
2.458193979933110075e-08 9.997749512883538081e-01
2.468227424749163551e-08 9.997731108318298476e-01
2.478260869565217026e-08 9.997712628854766859e-01
2.488294314381270501e-08 9.997694074493788108e-01
2.498327759197323977e-08 9.997675445236212655e-01
2.508361204013377452e-08 9.997656741082894261e-01
2.518394648829430928e-08 9.997637962034685577e-01
2.528428093645484734e-08 9.997619108092450357e-01
2.538461538461538209e-08 9.997600179257047914e-01
2.548494983277591685e-08 9.997581175529349773e-01
2.558528428093645160e-08 9.997562096910219687e-01
2.568561872909698635e-08 9.997542943400533622e-01
2.578595317725752111e-08 9.997523715001170874e-01
2.588628762541805586e-08 9.997504411713010741e-01
2.598662207357859062e-08 9.997485033536932519e-01
2.608695652173912537e-08 9.997465580473827718e-01
2.618729096989966343e-08 9.997446052524585625e-01
2.628762541806019819e-08 9.997426449690098860e-01
2.638795986622073294e-08 9.997406771971265593e-01
2.648829431438126769e-08 9.997387019368988437e-01
2.658862876254180245e-08 9.997367191884168891e-01
2.668896321070233720e-08 9.997347289517712898e-01
2.678929765886287196e-08 9.997327312270537503e-01
2.688963210702340671e-08 9.997307260143551977e-01
2.698996655518394146e-08 9.997287133137677806e-01
2.709030100334447622e-08 9.997266931253830924e-01
2.719063545150501428e-08 9.997246654492941698e-01
2.729096989966554904e-08 9.997226302855937163e-01
2.739130434782608379e-08 9.997205876343741027e-01
2.749163879598661854e-08 9.997185374957300308e-01
2.759197324414715330e-08 9.997164798697547594e-01
2.769230769230768805e-08 9.997144147565425465e-01
2.779264214046822281e-08 9.997123421561877610e-01
2.789297658862875756e-08 9.997102620687853269e-01
2.799331103678929231e-08 9.997081744944306125e-01
2.809364548494983038e-08 9.997060794332190969e-01
2.819397993311036513e-08 9.997039768852465924e-01
2.829431438127089988e-08 9.997018668506092443e-01
2.839464882943143464e-08 9.996997493294043080e-01
2.849498327759196939e-08 9.996976243217277069e-01
2.859531772575250415e-08 9.996954918276772517e-01
2.869565217391303890e-08 9.996933518473506419e-01
2.879598662207357365e-08 9.996912043808456882e-01
2.889632107023410841e-08 9.996890494282605344e-01
2.899665551839464316e-08 9.996868869896938792e-01
2.909698996655518122e-08 9.996847170652445325e-01
2.919732441471571598e-08 9.996825396550125253e-01
2.929765886287625073e-08 9.996803547590970007e-01
2.939799331103678549e-08 9.996781623775977677e-01
2.949832775919732024e-08 9.996759625106154123e-01
2.959866220735785499e-08 9.996737551582506320e-01
2.969899665551838975e-08 9.996715403206044570e-01
2.979933110367892450e-08 9.996693179977782506e-01
2.989966555183946256e-08 9.996670881898734873e-01
2.999999999999999732e-08 9.996648508969927516e-01
