0.000000000000000000e+00 9.999999999999995559e-01
1.003344481605351029e-10 9.999999755841930682e-01
2.006688963210702059e-10 9.999999023367802664e-01
3.010033444816052959e-10 9.999997802577835770e-01
4.013377926421404118e-10 9.999996093472394154e-01
5.016722408026755277e-10 9.999993896051980746e-01
6.020066889632105918e-10 9.999991210317257240e-01
7.023411371237457594e-10 9.999988036269019664e-01
8.026755852842808236e-10 9.999984373908215041e-01
9.030100334448158877e-10 9.999980223235940269e-01
1.003344481605351055e-09 9.999975584253428806e-01
1.103678929765886223e-09 9.999970456962062881e-01
1.204013377926421184e-09 9.999964841363371271e-01
1.304347826086956351e-09 9.999958737459030411e-01
1.404682274247491519e-09 9.999952145250858848e-01
1.505016722408026480e-09 9.999945064740820566e-01
1.605351170568561647e-09 9.999937495931027209e-01
1.705685618729096815e-09 9.999929438823736971e-01
1.806020066889631775e-09 9.999920893421351265e-01
1.906354515050166943e-09 9.999911859726414720e-01
2.006688963210702111e-09 9.999902337741625180e-01
2.107023411371237278e-09 9.999892327469817044e-01
2.207357859531772446e-09 9.999881828913975701e-01
2.307692307692307200e-09 9.999870842077235311e-01
2.408026755852842367e-09 9.999859366962867702e-01
2.508361204013377535e-09 9.999847403574287918e-01
2.608695652173912702e-09 9.999834951915075321e-01
2.709030100334447870e-09 9.999822011988929171e-01
2.809364548494983038e-09 9.999808583799719708e-01
2.909698996655517792e-09 9.999794667351441513e-01
3.010033444816052959e-09 9.999780262648245710e-01
3.110367892976588127e-09 9.999765369694424422e-01
3.210702341137123294e-09 9.999749988494419650e-01
3.311036789297658462e-09 9.999734119052819947e-01
3.411371237458193629e-09 9.999717761374351532e-01
3.511705685618728797e-09 9.999700915463891615e-01
3.612040133779263551e-09 9.999683581326467285e-01
3.712374581939798719e-09 9.999665758967238860e-01
3.812709030100333886e-09 9.999647448391517646e-01
3.913043478260868640e-09 9.999628649604771491e-01
4.013377926421404221e-09 9.999609362612601471e-01
4.113712374581938975e-09 9.999589587420756320e-01
4.214046822742474556e-09 9.999569324035132434e-01
4.314381270903009310e-09 9.999548572461764984e-01
4.414715719063544892e-09 9.999527332706846794e-01
4.515050167224079646e-09 9.999505604776705026e-01
4.615384615384614399e-09 9.999483388677820050e-01
4.715719063545149981e-09 9.999460684416813239e-01
4.816053511705684735e-09 9.999437492000455840e-01
4.916387959866220316e-09 9.999413811435658994e-01
5.016722408026755070e-09 9.999389642729481498e-01
5.117056856187290651e-09 9.999364985889127588e-01
5.217391304347825405e-09 9.999339840921951383e-01
5.317725752508360159e-09 9.999314207835441337e-01
5.418060200668895740e-09 9.999288086637249107e-01
5.518394648829430494e-09 9.999261477335154025e-01
5.618729096989966075e-09 9.999234379937087525e-01
5.719063545150500829e-09 9.999206794451134250e-01
5.819397993311035583e-09 9.999178720885506522e-01
5.919732441471571164e-09 9.999150159248584302e-01
6.020066889632105918e-09 9.999121109548876341e-01
6.120401337792641499e-09 9.999091571795037936e-01
6.220735785953176253e-09 9.999061545995880929e-01
6.321070234113711835e-09 9.999031032160355936e-01
6.421404682274246589e-09 9.999000030297554575e-01
6.521739130434781343e-09 9.998968540416717232e-01
6.622073578595316924e-09 9.998936562527235283e-01
6.722408026755851678e-09 9.998904096638637773e-01
6.822742474916387259e-09 9.998871142760602515e-01
6.923076923076922013e-09 9.998837700902953873e-01
7.023411371237457594e-09 9.998803771075659430e-01
7.123745819397992348e-09 9.998769353288832207e-01
7.224080267558527102e-09 9.998734447552732885e-01
7.324414715719062683e-09 9.998699053877766474e-01
7.424749163879597437e-09 9.998663172274481203e-01
7.525083612040133018e-09 9.998626802753571852e-01
7.625418060200667772e-09 9.998589945325879746e-01
7.725752508361202526e-09 9.998552600002393875e-01
7.826086956521737280e-09 9.998514766794242004e-01
7.926421404682273689e-09 9.998476445712702887e-01
8.026755852842808442e-09 9.998437636769197390e-01
8.127090301003343196e-09 9.998398339975294036e-01
8.227424749163877950e-09 9.998358555342703458e-01
8.327759197324414359e-09 9.998318282883290609e-01
8.428093645484949113e-09 9.998277522609050338e-01
8.528428093645483867e-09 9.998236274532139589e-01
8.628762541806018621e-09 9.998194538664846309e-01
8.729096989966553375e-09 9.998152315019613878e-01
8.829431438127089783e-09 9.998109603609022233e-01
8.929765886287624537e-09 9.998066404445808963e-01
9.030100334448159291e-09 9.998022717542843774e-01
9.130434782608694045e-09 9.997978542913151800e-01
9.230769230769228799e-09 9.997933880569894738e-01
9.331103678929765207e-09 9.997888730526386381e-01
9.431438127090299961e-09 9.997843092796081521e-01
9.531772575250834715e-09 9.997796967392582612e-01
9.632107023411369469e-09 9.997750354329639766e-01
9.732441471571904223e-09 9.997703253621140762e-01
9.832775919732440632e-09 9.997655665281126591e-01
9.933110367892975386e-09 9.997607589323777022e-01
1.003344481605351014e-08 9.997559025763423923e-01
1.013377926421404489e-08 9.997509974614540162e-01
1.023411371237458130e-08 9.997460435891739605e-01
1.033444816053511606e-08 9.997410409609790438e-01
1.043478260869565081e-08 9.997359895783599626e-01
1.053511705685618556e-08 9.997308894428221793e-01
1.063545150501672032e-08 9.997257405558859222e-01
1.073578595317725673e-08 9.997205429190848536e-01
1.083612040133779148e-08 9.997152965339688446e-01
1.093645484949832623e-08 9.997100014021005343e-01
1.103678929765886099e-08 9.997046575250585487e-01
1.113712374581939574e-08 9.996992649044353918e-01
1.123745819397993215e-08 9.996938235418375562e-01
1.133779264214046690e-08 9.996883334388871889e-01
1.143812709030100166e-08 9.996827945972199814e-01
1.153846153846153641e-08 9.996772070184865022e-01
1.163879598662207117e-08 9.996715707043520860e-01
1.173913043478260757e-08 9.996658856564960560e-01
1.183946488294314233e-08 9.996601518766125016e-01
1.193979933110367708e-08 9.996543693664100561e-01
1.204013377926421184e-08 9.996485381276118964e-01
1.214046822742474824e-08 9.996426581619558549e-01
1.224080267558528300e-08 9.996367294711934193e-01
1.234113712374581775e-08 9.996307520570917315e-01
1.244147157190635251e-08 9.996247259214315894e-01
1.254180602006688726e-08 9.996186510660088897e-01
1.264214046822742367e-08 9.996125274926337401e-01
1.274247491638795842e-08 9.996063552031309030e-01
1.284280936454849318e-08 9.996001341993387967e-01
1.294314381270902793e-08 9.995938644831119380e-01
1.304347826086956269e-08 9.995875460563180548e-01
1.314381270903009909e-08 9.995811789208399745e-01
1.324414715719063385e-08 9.995747630785742910e-01
1.334448160535116860e-08 9.995682985314330304e-01
1.344481605351170336e-08 9.995617852813424298e-01
1.354515050167223811e-08 9.995552233302427148e-01
1.364548494983277452e-08 9.995486126800893212e-01
1.374581939799330927e-08 9.995419533328514516e-01
1.384615384615384403e-08 9.995352452905135188e-01
1.394648829431437878e-08 9.995284885550741460e-01
1.404682274247491519e-08 9.995216831285458348e-01
1.414715719063544994e-08 9.995148290129570734e-01
1.424749163879598470e-08 9.995079262103488960e-01
1.434782608695651945e-08 9.995009747227787678e-01
1.444816053511705420e-08 9.994939745523165886e-01
1.454849498327759061e-08 9.994869257010488006e-01
1.464882943143812537e-08 9.994798281710749466e-01
1.474916387959866012e-08 9.994726819645096683e-01
1.484949832775919487e-08 9.994654870834817073e-01
1.494983277591973128e-08 9.994582435301342382e-01
1.505016722408026604e-08 9.994509513066258677e-01
1.515050167224080079e-08 9.994436104151283029e-01
1.525083612040133554e-08 9.994362208578284612e-01
1.535117056856187030e-08 9.994287826369279149e-01
1.545150501672240505e-08 9.994212957546424470e-01
1.555183946488293981e-08 9.994137602132021625e-01
1.565217391304347456e-08 9.994061760148515994e-01
1.575250836120401262e-08 9.993985431618506166e-01
1.585284280936454738e-08 9.993908616564721736e-01
1.595317725752508213e-08 9.993831315010045513e-01
1.605351170568561688e-08 9.993753526977505741e-01
1.615384615384615164e-08 9.993675252490269445e-01
1.625418060200668639e-08 9.993596491571659080e-01
1.635451505016722115e-08 9.993517244245129216e-01
1.645484949832775590e-08 9.993437510534284307e-01
1.655518394648829065e-08 9.993357290462874243e-01
1.665551839464882872e-08 9.993276584054793243e-01
1.675585284280936347e-08 9.993195391334080968e-01
1.685618729096989823e-08 9.993113712324919184e-01
1.695652173913043298e-08 9.993031547051631769e-01
1.705685618729096773e-08 9.992948895538698029e-01
1.715719063545150249e-08 9.992865757810729388e-01
1.725752508361203724e-08 9.992782133892488261e-01
1.735785953177257200e-08 9.992698023808881391e-01
1.745819397993310675e-08 9.992613427584956520e-01
1.755852842809364150e-08 9.992528345245911270e-01
1.765886287625417957e-08 9.992442776817083150e-01
1.775919732441471432e-08 9.992356722323951779e-01
1.785953177257524907e-08 9.992270181792149986e-01
1.795986622073578383e-08 9.992183155247451598e-01
1.806020066889631858e-08 9.992095642715771442e-01
1.816053511705685334e-08 9.992007644223170892e-01
1.826086956521738809e-08 9.991919159795855654e-01
1.836120401337792284e-08 9.991830189460169098e-01
1.846153846153845760e-08 9.991740733242615580e-01
1.856187290969899566e-08 9.991650791169832679e-01
1.866220735785953041e-08 9.991560363268601197e-01
1.876254180602006517e-08 9.991469449565845151e-01
1.886287625418059992e-08 9.991378050088640661e-01
1.896321070234113468e-08 9.991286164864202624e-01
1.906354515050166943e-08 9.991193793919891375e-01
1.916387959866220418e-08 9.991100937283210470e-01
1.926421404682273894e-08 9.991007594981811124e-01
1.936454849498327369e-08 9.990913767043485549e-01
1.946488294314380845e-08 9.990819453496171398e-01
1.956521739130434651e-08 9.990724654367947322e-01
1.966555183946488126e-08 9.990629369687042960e-01
1.976588628762541602e-08 9.990533599481827842e-01
1.986622073578595077e-08 9.990437343780813606e-01
1.996655518394648553e-08 9.990340602612661769e-01
2.006688963210702028e-08 9.990243376006172626e-01
2.016722408026755503e-08 9.990145663990293023e-01
2.026755852842808979e-08 9.990047466594111913e-01
2.036789297658862454e-08 9.989948783846869240e-01
2.046822742474916260e-08 9.989849615777938174e-01
2.056856187290969736e-08 9.989749962416847318e-01
2.066889632107023211e-08 9.989649823793258498e-01
2.076923076923076687e-08 9.989549199936990087e-01
2.086956521739130162e-08 9.989448090877985909e-01
2.096989966555183637e-08 9.989346496646355211e-01
2.107023411371237113e-08 9.989244417272336030e-01
2.117056856187290588e-08 9.989141852786317388e-01
2.127090301003344064e-08 9.989038803218829310e-01
2.137123745819397539e-08 9.988935268600548367e-01
2.147157190635451345e-08 9.988831248962294351e-01
2.157190635451504821e-08 9.988726744335025831e-01
2.167224080267558296e-08 9.988621754749853476e-01
2.177257525083611771e-08 9.988516280238025624e-01
2.187290969899665247e-08 9.988410320830939382e-01
2.197324414715718722e-08 9.988303876560130634e-01
2.207357859531772198e-08 9.988196947457284036e-01
2.217391304347825673e-08 9.988089533554227462e-01
2.227424749163879148e-08 9.987981634882922011e-01
2.237458193979932955e-08 9.987873251475493097e-01
2.247491638795986430e-08 9.987764383364189369e-01
2.257525083612039905e-08 9.987655030581418236e-01
2.267558528428093381e-08 9.987545193159719226e-01
2.277591973244146856e-08 9.987434871131783964e-01
2.287625418060200332e-08 9.987324064530448409e-01
2.297658862876253807e-08 9.987212773388681741e-01
2.307692307692307282e-08 9.987100997739608577e-01
2.317725752508360758e-08 9.986988737616490086e-01
2.327759197324414233e-08 9.986875993052732881e-01
2.337792642140468040e-08 9.986762764081892341e-01
2.347826086956521515e-08 9.986649050737658184e-01
2.357859531772574990e-08 9.986534853053871119e-01
2.367892976588628466e-08 9.986420171064511742e-01
2.377926421404681941e-08 9.986305004803706087e-01
2.387959866220735417e-08 9.986189354305722299e-01
2.397993311036788892e-08 9.986073219604971740e-01
2.408026755852842367e-08 9.985956600736008992e-01
2.418060200668895843e-08 9.985839497733537407e-01
2.428093645484949649e-08 9.985721910632399112e-01
2.438127090301003124e-08 9.985603839467575016e-01
2.448160535117056600e-08 9.985485284274198126e-01
2.458193979933110075e-08 9.985366245087547998e-01
2.468227424749163551e-08 9.985246721943029646e-01
2.478260869565217026e-08 9.985126714876209064e-01
2.488294314381270501e-08 9.985006223922789914e-01
2.498327759197323977e-08 9.984885249118616857e-01
2.508361204013377452e-08 9.984763790499678882e-01
2.518394648829430928e-08 9.984641848102114858e-01
2.528428093645484734e-08 9.984519421962193553e-01
2.538461538461538209e-08 9.984396512116340272e-01
2.548494983277591685e-08 9.984273118601117991e-01
2.558528428093645160e-08 9.984149241453230683e-01
2.568561872909698635e-08 9.984024880709525540e-01
2.578595317725752111e-08 9.983900036407002965e-01
2.588628762541805586e-08 9.983774708582794366e-01
2.598662207357859062e-08 9.983648897274176592e-01
2.608695652173912537e-08 9.983522602518575262e-01
2.618729096989966343e-08 9.983395824353556991e-01
2.628762541806019819e-08 9.983268562816823843e-01
2.638795986622073294e-08 9.983140817946237755e-01
2.648829431438126769e-08 9.983012589779783896e-01
2.658862876254180245e-08 9.982883878355603979e-01
2.668896321070233720e-08 9.982754683711977384e-01
2.678929765886287196e-08 9.982625005887331149e-01
2.688963210702340671e-08 9.982494844920229982e-01
2.698996655518394146e-08 9.982364200849384028e-01
2.709030100334447622e-08 9.982233073713642213e-01
2.719063545150501428e-08 9.982101463552007781e-01
2.729096989966554904e-08 9.981969370403613873e-01
2.739130434782608379e-08 9.981836794307741290e-01
2.749163879598661854e-08 9.981703735303820713e-01
2.759197324414715330e-08 9.981570193431413829e-01
2.769230769230768805e-08 9.981436168730231095e-01
2.779264214046822281e-08 9.981301661240129519e-01
2.789297658862875756e-08 9.981166671001097113e-01
2.799331103678929231e-08 9.981031198053280651e-01
2.809364548494983038e-08 9.980895242436956805e-01
2.819397993311036513e-08 9.980758804192552125e-01
2.829431438127089988e-08 9.980621883360631941e-01
2.839464882943143464e-08 9.980484479981903689e-01
2.849498327759196939e-08 9.980346594097225799e-01
2.859531772575250415e-08 9.980208225747583262e-01
2.869565217391303890e-08 9.980069374974124274e-01
2.879598662207357365e-08 9.979930041818121378e-01
2.889632107023410841e-08 9.979790226321000324e-01
2.899665551839464316e-08 9.979649928524325642e-01
2.909698996655518122e-08 9.979509148469802859e-01
2.919732441471571598e-08 9.979367886199287385e-01
2.929765886287625073e-08 9.979226141754770074e-01
2.939799331103678549e-08 9.979083915178385000e-01
2.949832775919732024e-08 9.978941206512407236e-01
2.959866220735785499e-08 9.978798015799261734e-01
2.969899665551838975e-08 9.978654343081512224e-01
2.979933110367892450e-08 9.978510188401856773e-01
2.989966555183946256e-08 9.978365551803152211e-01
2.999999999999999732e-08 9.978220433328377492e-01
