0.000000000000000000e+00 9.999999999999995559e-01
1.003344481605351029e-10 9.999770063020673172e-01
2.006688963210702059e-10 9.999080316638668808e-01
3.010033444816052959e-10 9.997930954491313082e-01
4.013377926421404118e-10 9.996322299205531170e-01
5.016722408026755277e-10 9.994254802245011726e-01
6.020066889632105918e-10 9.991729043696340185e-01
7.023411371237457594e-10 9.988745731994279620e-01
8.026755852842808236e-10 9.985305703586355719e-01
9.030100334448158877e-10 9.981409922536941259e-01
1.003344481605351055e-09 9.977059480071105435e-01
1.103678929765886223e-09 9.972255594058523354e-01
1.204013377926421184e-09 9.966999608437755453e-01
1.304347826086956351e-09 9.961292992581247674e-01
1.404682274247491519e-09 9.955137340601485363e-01
1.505016722408026480e-09 9.948534370598698384e-01
1.605351170568561647e-09 9.941485923850623685e-01
1.705685618729096815e-09 9.933993963944804939e-01
1.806020066889631775e-09 9.926060575853978829e-01
1.906354515050166943e-09 9.917687964955151925e-01
2.006688963210702111e-09 9.908878455992955470e-01
2.107023411371237278e-09 9.899634491987917562e-01
2.207357859531772446e-09 9.889958633090376594e-01
2.307692307692307200e-09 9.879853555380702090e-01
2.408026755852842367e-09 9.869322049616614523e-01
2.508361204013377535e-09 9.858367019928359065e-01
2.608695652173912702e-09 9.846991482462534861e-01
2.709030100334447870e-09 9.835198563975487973e-01
2.809364548494983038e-09 9.822991500377026286e-01
2.909698996655517792e-09 9.810373635225489997e-01
3.010033444816052959e-09 9.797348418175030327e-01
3.110367892976588127e-09 9.783919403376062363e-01
3.210702341137123294e-09 9.770090247829922303e-01
3.311036789297658462e-09 9.755864709698696124e-01
3.411371237458193629e-09 9.741246646571313228e-01
3.511705685618728797e-09 9.726240013686928698e-01
3.612040133779263551e-09 9.710848862116712166e-01
3.712374581939798719e-09 9.695077336905145726e-01
3.812709030100333886e-09 9.678929675172018854e-01
3.913043478260868640e-09 9.662410204176176132e-01
4.013377926421404221e-09 9.645523339342327862e-01
4.113712374581938975e-09 9.628273582252049323e-01
4.214046822742474556e-09 9.610665518600204349e-01
4.314381270903009310e-09 9.592703816118063331e-01
4.414715719063544892e-09 9.574393222464342434e-01
4.515050167224079646e-09 9.555738563085467430e-01
4.615384615384614399e-09 9.536744739046331132e-01
4.715719063545149981e-09 9.517416724832900021e-01
4.816053511705684735e-09 9.497759566127923492e-01
4.916387959866220316e-09 9.477778377561140166e-01
5.016722408026755070e-09 9.457478340435319097e-01
5.117056856187290651e-09 9.436864700429440367e-01
5.217391304347825405e-09 9.415942765280495008e-01
5.317725752508360159e-09 9.394717902445152147e-01
5.418060200668895740e-09 9.373195536742806588e-01
5.518394648829430494e-09 9.351381147981295827e-01
5.618729096989966075e-09 9.329280268566741974e-01
5.719063545150500829e-09 9.306898481098937470e-01
5.819397993311035583e-09 9.284241415953632393e-01
5.919732441471571164e-09 9.261314748853187728e-01
6.020066889632105918e-09 9.238124198426986844e-01
6.120401337792641499e-09 9.214675523763007359e-01
6.220735785953176253e-09 9.190974521952013365e-01
6.321070234113711835e-09 9.167027025625734682e-01
6.421404682274246589e-09 9.142838900490495302e-01
6.521739130434781343e-09 9.118416042857661052e-01
6.622073578595316924e-09 9.093764377172346425e-01
6.722408026755851678e-09 9.068889853541757251e-01
6.822742474916387259e-09 9.043798445264599195e-01
6.923076923076922013e-09 9.018496146362906529e-01
7.023411371237457594e-09 8.992988969117700071e-01
7.123745819397992348e-09 8.967282941609859837e-01
7.224080267558527102e-09 8.941384105267518034e-01
7.324414715719062683e-09 8.915298512421416799e-01
7.424749163879597437e-09 8.889032223869496319e-01
7.525083612040133018e-09 8.862591306452078932e-01
7.625418060200667772e-09 8.835981830638978129e-01
7.725752508361202526e-09 8.809209868129813659e-01
7.826086956521737280e-09 8.782281489468819480e-01
7.926421404682273689e-09 8.755202761675450196e-01
8.026755852842808442e-09 8.727979745892004981e-01
8.127090301003343196e-09 8.700618495049535772e-01
8.227424749163877950e-09 8.673125051553238762e-01
8.327759197324414359e-09 8.645505444988553778e-01
8.428093645484949113e-09 8.617765689849140598e-01
8.528428093645483867e-09 8.589911783287886848e-01
8.628762541806018621e-09 8.561949702892098779e-01
8.729096989966553375e-09 8.533885404484009563e-01
8.829431438127089783e-09 8.505724819947658721e-01
8.929765886287624537e-09 8.477473855083252907e-01
9.030100334448159291e-09 8.449138387490028324e-01
9.130434782608694045e-09 8.420724264478678389e-01
9.230769230769228799e-09 8.392237301014280337e-01
9.331103678929765207e-09 8.363683277690771023e-01
9.431438127090299961e-09 8.335067938737841242e-01
9.531772575250834715e-09 8.306396990061234442e-01
9.632107023411369469e-09 8.277676097317285819e-01
9.732441471571904223e-09 8.248910884022605527e-01
9.832775919732440632e-09 8.220106929699717568e-01
9.933110367892975386e-09 8.191269768059474821e-01
1.003344481605351014e-08 8.162404885220996276e-01
1.013377926421404489e-08 8.133517717969923622e-01
1.023411371237458130e-08 8.104613652055672190e-01
1.033444816053511606e-08 8.075698020528364607e-01
1.043478260869565081e-08 8.046776102116133256e-01
1.053511705685618556e-08 8.017853119643381099e-01
1.063545150501672032e-08 7.988934238490599249e-01
1.073578595317725673e-08 7.960024565096325277e-01
1.083612040133779148e-08 7.931129145501754074e-01
1.093645484949832623e-08 7.902252963938471986e-01
1.103678929765886099e-08 7.873400941459837155e-01
1.113712374581939574e-08 7.844577934616386861e-01
1.123745819397993215e-08 7.815788734175691532e-01
1.133779264214046690e-08 7.787038063887021799e-01
1.143812709030100166e-08 7.758330579291164986e-01
1.153846153846153641e-08 7.729670866575678589e-01
1.163879598662207117e-08 7.701063441475862748e-01
1.173913043478260757e-08 7.672512748221680390e-01
1.183946488294314233e-08 7.644023158530844908e-01
1.193979933110367708e-08 7.615598970648194133e-01
1.204013377926421184e-08 7.587244408431570442e-01
1.214046822742474824e-08 7.558963620484234758e-01
1.224080267558528300e-08 7.530760679333934338e-01
1.234113712374581775e-08 7.502639580658638785e-01
1.244147157190635251e-08 7.474604242558979816e-01
1.254180602006688726e-08 7.446658504877330387e-01
1.264214046822742367e-08 7.418806128563532054e-01
1.274247491638795842e-08 7.391050795087107383e-01
1.284280936454849318e-08 7.363396105895900767e-01
1.294314381270902793e-08 7.335845581920982239e-01
1.304347826086956269e-08 7.308402663127632204e-01
1.314381270903009909e-08 7.281070708112183931e-01
1.324414715719063385e-08 7.253852993744527300e-01
1.334448160535116860e-08 7.226752714855972926e-01
1.344481605351170336e-08 7.199772983972181351e-01
1.354515050167223811e-08 7.172916831090873080e-01
1.364548494983277452e-08 7.146187203503896468e-01
1.374581939799330927e-08 7.119586965663367017e-01
1.384615384615384403e-08 7.093118899091368501e-01
1.394648829431437878e-08 7.066785702332887276e-01
1.404682274247491519e-08 7.040589990951439114e-01
1.414715719063544994e-08 7.014534297566930032e-01
1.424749163879598470e-08 6.988621071935291473e-01
1.434782608695651945e-08 6.962852681069275906e-01
1.444816053511705420e-08 6.937231409399913229e-01
1.454849498327759061e-08 6.911759458978021797e-01
1.464882943143812537e-08 6.886438949715211200e-01
1.474916387959866012e-08 6.861271919663682883e-01
1.484949832775919487e-08 6.836260325334273524e-01
1.494983277591973128e-08 6.811406042051998400e-01
1.505016722408026604e-08 6.786710864348451944e-01
1.515050167224080079e-08 6.762176506390378261e-01
1.525083612040133554e-08 6.737804602443618895e-01
1.535117056856187030e-08 6.713596707371802808e-01
1.545150501672240505e-08 6.689554297168929242e-01
1.555183946488293981e-08 6.665678769525114067e-01
1.565217391304347456e-08 6.641971444424740190e-01
1.575250836120401262e-08 6.618433564776140532e-01
1.585284280936454738e-08 6.595066297072066375e-01
1.595317725752508213e-08 6.571870732080065114e-01
1.605351170568561688e-08 6.548847885561966953e-01
1.615384615384615164e-08 6.525998699021601235e-01
1.625418060200668639e-08 6.503324040479870893e-01
1.635451505016722115e-08 6.480824705276352349e-01
1.645484949832775590e-08 6.458501416896518244e-01
1.655518394648829065e-08 6.436354827823663749e-01
1.665551839464882872e-08 6.414385520414691566e-01
1.675585284280936347e-08 6.392594007798820810e-01
1.685618729096989823e-08 6.370980734798314948e-01
1.695652173913043298e-08 6.349546078870309529e-01
1.705685618729096773e-08 6.328290351068830422e-01
1.715719063545150249e-08 6.307213797026076652e-01
1.725752508361203724e-08 6.286316597952027463e-01
1.735785953177257200e-08 6.265598871651467672e-01
1.745819397993310675e-08 6.245060673557496500e-01
1.755852842809364150e-08 6.224701997780556217e-01
1.765886287625417957e-08 6.204522778172125719e-01
1.775919732441471432e-08 6.184522889402067625e-01
1.785953177257524907e-08 6.164702148048749608e-01
1.795986622073578383e-08 6.145060313701011800e-01
1.806020066889631858e-08 6.125597090071057682e-01
1.816053511705685334e-08 6.106312126117329209e-01
1.826086956521738809e-08 6.087205017176489097e-01
1.836120401337792284e-08 6.068275306103584343e-01
1.846153846153845760e-08 6.049522484419490587e-01
1.856187290969899566e-08 6.030945993464736921e-01
1.866220735785953041e-08 6.012545225558865170e-01
1.876254180602006517e-08 5.994319525164371054e-01
1.886287625418059992e-08 5.976268190054444540e-01
1.896321070234113468e-08 5.958390472483579003e-01
1.906354515050166943e-08 5.940685580360243190e-01
1.916387959866220418e-08 5.923152678420751105e-01
1.926421404682273894e-08 5.905790889403522703e-01
1.936454849498327369e-08 5.888599295222907148e-01
1.946488294314380845e-08 5.871576938141770396e-01
1.956521739130434651e-08 5.854722821942042188e-01
1.966555183946488126e-08 5.838035913092491924e-01
1.976588628762541602e-08 5.821515141912886326e-01
1.986622073578595077e-08 5.805159403733888279e-01
1.996655518394648553e-08 5.788967560051863082e-01
2.006688963210702028e-08 5.772938439677952616e-01
2.016722408026755503e-08 5.757070839880656932e-01
2.026755852842808979e-08 5.741363527521285981e-01
2.036789297658862454e-08 5.725815240181569843e-01
2.046822742474916260e-08 5.710424687282822376e-01
2.056856187290969736e-08 5.695190551195981055e-01
2.066889632107023211e-08 5.680111488341941239e-01
2.076923076923076687e-08 5.665186130281553156e-01
2.086956521739130162e-08 5.650413084794756458e-01
2.096989966555183637e-08 5.635790936948218421e-01
2.107023411371237113e-08 5.621318250151018381e-01
2.117056856187290588e-08 5.606993567197783301e-01
2.127090301003344064e-08 5.592815411298812656e-01
2.137123745819397539e-08 5.578782287096718528e-01
2.147157190635451345e-08 5.564892681669084684e-01
2.157190635451504821e-08 5.551145065516729371e-01
2.167224080267558296e-08 5.537537893537148870e-01
2.177257525083611771e-08 5.524069605982732112e-01
2.187290969899665247e-08 5.510738629403365563e-01
2.197324414715718722e-08 5.497543377573098633e-01
2.207357859531772198e-08 5.484482252400465496e-01
2.217391304347825673e-08 5.471553644822243490e-01
2.227424749163879148e-08 5.458755935680241755e-01
2.237458193979932955e-08 5.446087496580944709e-01
2.247491638795986430e-08 5.433546690737679485e-01
2.257525083612039905e-08 5.421131873795123068e-01
2.267558528428093381e-08 5.408841394635912625e-01
2.277591973244146856e-08 5.396673596169173637e-01
2.287625418060200332e-08 5.384626816100788194e-01
2.297658862876253807e-08 5.372699387685266892e-01
2.307692307692307282e-08 5.360889640459086669e-01
2.317725752508360758e-08 5.349195900955368010e-01
2.327759197324414233e-08 5.337616493399831574e-01
2.337792642140468040e-08 5.326149740387952081e-01
2.347826086956521515e-08 5.314793963543239519e-01
2.357859531772574990e-08 5.303547484156662106e-01
2.367892976588628466e-08 5.292408623807142165e-01
2.377926421404681941e-08 5.281375704963189310e-01
2.387959866220735417e-08 5.270447051565664287e-01
2.397993311036788892e-08 5.259620989591721196e-01
2.408026755852842367e-08 5.248895847599999165e-01
2.418060200668895843e-08 5.238269957257154497e-01
2.428093645484949649e-08 5.227741653845809910e-01
2.438127090301003124e-08 5.217309276754054093e-01
2.448160535117056600e-08 5.206971169946614797e-01
2.458193979933110075e-08 5.196725682417878689e-01
2.468227424749163551e-08 5.186571168626878947e-01
2.478260869565217026e-08 5.176505988914483769e-01
2.488294314381270501e-08 5.166528509902954536e-01
2.498327759197323977e-08 5.156637104878081246e-01
2.508361204013377452e-08 5.146830154154145021e-01
2.518394648829430928e-08 5.137106045421928613e-01
2.528428093645484734e-08 5.127463174080045816e-01
2.538461538461538209e-08 5.117899943549831798e-01
2.548494983277591685e-08 5.108414765574118555e-01
2.558528428093645160e-08 5.099006060500135273e-01
2.568561872909698635e-08 5.089672257546887790e-01
2.578595317725752111e-08 5.080411795057288016e-01
2.588628762541805586e-08 5.071223120735410816e-01
2.598662207357859062e-08 5.062104691869154793e-01
2.608695652173912537e-08 5.053054975538719962e-01
2.618729096989966343e-08 5.044072448811190990e-01
2.628762541806019819e-08 5.035155598921651210e-01
2.638795986622073294e-08 5.026302923441154924e-01
2.648829431438126769e-08 5.017512930431964335e-01
2.658862876254180245e-08 5.008784138590430812e-01
2.668896321070233720e-08 5.000115077377916828e-01
2.678929765886287196e-08 4.991504287140147156e-01
2.688963210702340671e-08 4.982950319215409540e-01
2.698996655518394146e-08 4.974451736032020621e-01
2.709030100334447622e-08 4.966007111195444579e-01
2.719063545150501428e-08 4.957615029565507481e-01
2.729096989966554904e-08 4.949274087324128657e-01
2.739130434782608379e-08 4.940982892033984331e-01
2.749163879598661854e-08 4.932740062688524274e-01
2.759197324414715330e-08 4.924544229753801128e-01
2.769230769230768805e-08 4.916394035202500401e-01
2.779264214046822281e-08 4.908288132540643556e-01
2.789297658862875756e-08 4.900225186827356083e-01
2.799331103678929231e-08 4.892203874688162979e-01
2.809364548494983038e-08 4.884222884322227398e-01
2.819397993311036513e-08 4.876280915503951596e-01
2.829431438127089988e-08 4.868376679579380917e-01
2.839464882943143464e-08 4.860508899457839371e-01
2.849498327759196939e-08 4.852676309599193716e-01
2.859531772575250415e-08 4.844877655997177901e-01
2.869565217391303890e-08 4.837111696159197005e-01
2.879598662207357365e-08 4.829377199083020322e-01
2.889632107023410841e-08 4.821672945230740526e-01
2.899665551839464316e-08 4.813997726500427454e-01
2.909698996655518122e-08 4.806350346195875645e-01
2.919732441471571598e-08 4.798729618994790891e-01
2.929765886287625073e-08 4.791134370915839935e-01
2.939799331103678549e-08 4.783563439284915786e-01
2.949832775919732024e-08 4.776015672700982262e-01
2.959866220735785499e-08 4.768489931001872462e-01
2.969899665551838975e-08 4.760985085230373670e-01
2.979933110367892450e-08 4.753500017600945649e-01
2.989966555183946256e-08 4.746033621467419250e-01
2.999999999999999732e-08 4.738584801291961246e-01
