0.000000000000000000e+00 9.999999999999995559e-01
1.003344481605351029e-10 9.999999722167334237e-01
2.006688963210702059e-10 9.999998888669443531e-01
3.010033444816052959e-10 9.999997499506606546e-01
4.013377926421404118e-10 9.999995554679296239e-01
5.016722408026755277e-10 9.999993054188166530e-01
6.020066889632105918e-10 9.999989998034075622e-01
7.023411371237457594e-10 9.999986386218048251e-01
8.026755852842808236e-10 9.999982218741318984e-01
9.030100334448158877e-10 9.999977495605298916e-01
1.003344481605351055e-09 9.999972216811588988e-01
1.103678929765886223e-09 9.999966382361982209e-01
1.204013377926421184e-09 9.999959992258455888e-01
1.304347826086956351e-09 9.999953046503178289e-01
1.404682274247491519e-09 9.999945545098509747e-01
1.505016722408026480e-09 9.999937488046988232e-01
1.605351170568561647e-09 9.999928875351350444e-01
1.705685618729096815e-09 9.999919707014517378e-01
1.806020066889631775e-09 9.999909983039600991e-01
1.906354515050166943e-09 9.999899703429899755e-01
2.006688963210702111e-09 9.999888868188899771e-01
2.107023411371237278e-09 9.999877477320279207e-01
2.207357859531772446e-09 9.999865530827897198e-01
2.307692307692307200e-09 9.999853028715810499e-01
2.408026755852842367e-09 9.999839970988262383e-01
2.508361204013377535e-09 9.999826357649675979e-01
2.608695652173912702e-09 9.999812188704674254e-01
2.709030100334447870e-09 9.999797464158063365e-01
2.809364548494983038e-09 9.999782184014838204e-01
2.909698996655517792e-09 9.999766348280180184e-01
3.010033444816052959e-09 9.999749956959466113e-01
3.110367892976588127e-09 9.999733010058251548e-01
3.210702341137123294e-09 9.999715507582286333e-01
3.311036789297658462e-09 9.999697449537512384e-01
3.411371237458193629e-09 9.999678835930049248e-01
3.511705685618728797e-09 9.999659666766214094e-01
3.612040133779263551e-09 9.999639942052515051e-01
3.712374581939798719e-09 9.999619661795634551e-01
3.812709030100333886e-09 9.999598826002452645e-01
3.913043478260868640e-09 9.999577434680044785e-01
4.013377926421404221e-09 9.999555487835664058e-01
4.113712374581938975e-09 9.999532985476752289e-01
4.214046822742474556e-09 9.999509927610945592e-01
4.314381270903009310e-09 9.999486314246067709e-01
4.414715719063544892e-09 9.999462145390124457e-01
4.515050167224079646e-09 9.999437421051317054e-01
4.615384615384614399e-09 9.999412141238032126e-01
4.715719063545149981e-09 9.999386305958846144e-01
4.816053511705684735e-09 9.999359915222519879e-01
4.916387959866220316e-09 9.999332969038009500e-01
5.016722408026755070e-09 9.999305467414453252e-01
5.117056856187290651e-09 9.999277410361179230e-01
5.217391304347825405e-09 9.999248797887704265e-01
5.317725752508360159e-09 9.999219630003738368e-01
5.418060200668895740e-09 9.999189906719172516e-01
5.518394648829430494e-09 9.999159628044086423e-01
5.618729096989966075e-09 9.999128793988755204e-01
5.719063545150500829e-09 9.999097404563640490e-01
5.819397993311035583e-09 9.999065459779383769e-01
5.919732441471571164e-09 9.999032959646823038e-01
6.020066889632105918e-09 9.998999904176980591e-01
6.120401337792641499e-09 9.998966293381071901e-01
6.220735785953176253e-09 9.998932127270497849e-01
6.321070234113711835e-09 9.998897405856844722e-01
6.421404682274246589e-09 9.998862129151890876e-01
6.521739130434781343e-09 9.998826297167601185e-01
6.622073578595316924e-09 9.998789909916132590e-01
6.722408026755851678e-09 9.998752967409824111e-01
6.822742474916387259e-09 9.998715469661207944e-01
6.923076923076922013e-09 9.998677416683001695e-01
7.023411371237457594e-09 9.998638808488116148e-01
7.123745819397992348e-09 9.998599645089640831e-01
7.224080267558527102e-09 9.998559926500862893e-01
7.324414715719062683e-09 9.998519652735250451e-01
7.424749163879597437e-09 9.998478823806468130e-01
7.525083612040133018e-09 9.998437439728362630e-01
7.625418060200667772e-09 9.998395500514969392e-01
7.725752508361202526e-09 9.998353006180512592e-01
7.826086956521737280e-09 9.998309956739407367e-01
7.926421404682273689e-09 9.998266352206250929e-01
8.026755852842808442e-09 9.998222192595835889e-01
8.127090301003343196e-09 9.998177477923139156e-01
8.227424749163877950e-09 9.998132208203320825e-01
8.327759197324414359e-09 9.998086383451746384e-01
8.428093645484949113e-09 9.998040003683946741e-01
8.528428093645483867e-09 9.997993068915654868e-01
8.628762541806018621e-09 9.997945579162791363e-01
8.729096989966553375e-09 9.997897534441454459e-01
8.829431438127089783e-09 9.997848934767952223e-01
8.929765886287624537e-09 9.997799780158755922e-01
9.030100334448159291e-09 9.997750070630541108e-01
9.130434782608694045e-09 9.997699806200162076e-01
9.230769230769228799e-09 9.997648986884668521e-01
9.331103678929765207e-09 9.997597612701294434e-01
9.431438127090299961e-09 9.997545683667464766e-01
9.531772575250834715e-09 9.997493199800787655e-01
9.632107023411369469e-09 9.997440161119061086e-01
9.732441471571904223e-09 9.997386567640274002e-01
9.832775919732440632e-09 9.997332419382600754e-01
9.933110367892975386e-09 9.997277716364405542e-01
1.003344481605351014e-08 9.997222458604235751e-01
1.013377926421404489e-08 9.997166646120831945e-01
1.023411371237458130e-08 9.997110278933120098e-01
1.033444816053511606e-08 9.997053357060216028e-01
1.043478260869565081e-08 9.996995880521424294e-01
1.053511705685618556e-08 9.996937849336233750e-01
1.063545150501672032e-08 9.996879263524320880e-01
1.073578595317725673e-08 9.996820123105554234e-01
1.083612040133779148e-08 9.996760428099987772e-01
1.093645484949832623e-08 9.996700178527865299e-01
1.103678929765886099e-08 9.996639374409614920e-01
1.113712374581939574e-08 9.996578015765855696e-01
1.123745819397993215e-08 9.996516102617392097e-01
1.133779264214046690e-08 9.996453634985219550e-01
1.143812709030100166e-08 9.996390612890517779e-01
1.153846153846153641e-08 9.996327036354656359e-01
1.163879598662207117e-08 9.996262905399194709e-01
1.173913043478260757e-08 9.996198220045877658e-01
1.183946488294314233e-08 9.996132980316634331e-01
1.193979933110367708e-08 9.996067186233587032e-01
1.204013377926421184e-08 9.996000837819045692e-01
1.214046822742474824e-08 9.995933935095506762e-01
1.224080267558528300e-08 9.995866478085648765e-01
1.234113712374581775e-08 9.995798466812347849e-01
1.244147157190635251e-08 9.995729901298664455e-01
1.254180602006688726e-08 9.995660781567841102e-01
1.264214046822742367e-08 9.995591107643313489e-01
1.274247491638795842e-08 9.995520879548702720e-01
1.284280936454849318e-08 9.995450097307823079e-01
1.294314381270902793e-08 9.995378760944669816e-01
1.304347826086956269e-08 9.995306870483428030e-01
1.314381270903009909e-08 9.995234425948469337e-01
1.324414715719063385e-08 9.995161427364354090e-01
1.334448160535116860e-08 9.995087874755829160e-01
1.344481605351170336e-08 9.995013768147835709e-01
1.354515050167223811e-08 9.994939107565490310e-01
1.364548494983277452e-08 9.994863893034106050e-01
1.374581939799330927e-08 9.994788124579180311e-01
1.384615384615384403e-08 9.994711802226396991e-01
1.394648829431437878e-08 9.994634926001638719e-01
1.404682274247491519e-08 9.994557495930952440e-01
1.414715719063544994e-08 9.994479512040594926e-01
1.424749163879598470e-08 9.994400974356998368e-01
1.434782608695651945e-08 9.994321882906788135e-01
1.444816053511705420e-08 9.994242237716772781e-01
1.454849498327759061e-08 9.994162038813951821e-01
1.464882943143812537e-08 9.994081286225505734e-01
1.474916387959866012e-08 9.993999979978813730e-01
1.484949832775919487e-08 9.993918120101425995e-01
1.494983277591973128e-08 9.993835706621102544e-01
1.505016722408026604e-08 9.993752739565769927e-01
1.515050167224080079e-08 9.993669218963551204e-01
1.525083612040133554e-08 9.993585144842751511e-01
1.535117056856187030e-08 9.993500517231878044e-01
1.545150501672240505e-08 9.993415336159604534e-01
1.555183946488293981e-08 9.993329601654805661e-01
1.565217391304347456e-08 9.993243313746541512e-01
1.575250836120401262e-08 9.993156472464050921e-01
1.585284280936454738e-08 9.993069077836773673e-01
1.595317725752508213e-08 9.992981129894328296e-01
1.605351170568561688e-08 9.992892628666516508e-01
1.615384615384615164e-08 9.992803574183339865e-01
1.625418060200668639e-08 9.992713966474970899e-01
1.635451505016722115e-08 9.992623805571785311e-01
1.645484949832775590e-08 9.992533091504336440e-01
1.655518394648829065e-08 9.992441824303366360e-01
1.665551839464882872e-08 9.992350003999803665e-01
1.675585284280936347e-08 9.992257630624766795e-01
1.685618729096989823e-08 9.992164704209554049e-01
1.695652173913043298e-08 9.992071224785664674e-01
1.705685618729096773e-08 9.991977192384771111e-01
1.715719063545150249e-08 9.991882607038738984e-01
1.725752508361203724e-08 9.991787468779617098e-01
1.735785953177257200e-08 9.991691777639649663e-01
1.745819397993310675e-08 9.991595533651257410e-01
1.755852842809364150e-08 9.991498736847054252e-01
1.765886287625417957e-08 9.991401387259839506e-01
1.775919732441471432e-08 9.991303484922595679e-01
1.785953177257524907e-08 9.991205029868502896e-01
1.795986622073578383e-08 9.991106022130911146e-01
1.806020066889631858e-08 9.991006461743375811e-01
1.816053511705685334e-08 9.990906348739628795e-01
1.826086956521738809e-08 9.990805683153582972e-01
1.836120401337792284e-08 9.990704465019353275e-01
1.846153846153845760e-08 9.990602694371226722e-01
1.856187290969899566e-08 9.990500371243689059e-01
1.866220735785953041e-08 9.990397495671404782e-01
1.876254180602006517e-08 9.990294067689226010e-01
1.886287625418059992e-08 9.990190087332193603e-01
1.896321070234113468e-08 9.990085554635538267e-01
1.906354515050166943e-08 9.989980469634668347e-01
1.916387959866220418e-08 9.989874832365186474e-01
1.926421404682273894e-08 9.989768642862877357e-01
1.936454849498327369e-08 9.989661901163711111e-01
1.946488294314380845e-08 9.989554607303859912e-01
1.956521739130434651e-08 9.989446761319655810e-01
1.966555183946488126e-08 9.989338363247638464e-01
1.976588628762541602e-08 9.989229413124521839e-01
1.986622073578595077e-08 9.989119910987217521e-01
1.996655518394648553e-08 9.989009856872814730e-01
2.006688963210702028e-08 9.988899250818594755e-01
2.016722408026755503e-08 9.988788092862015411e-01
2.026755852842808979e-08 9.988676383040732132e-01
2.036789297658862454e-08 9.988564121392582429e-01
2.046822742474916260e-08 9.988451307955592551e-01
2.056856187290969736e-08 9.988337942767964162e-01
2.066889632107023211e-08 9.988224025868103206e-01
2.076923076923076687e-08 9.988109557294583274e-01
2.086956521739130162e-08 9.987994537086182234e-01
2.096989966555183637e-08 9.987878965281847821e-01
2.107023411371237113e-08 9.987762841920723167e-01
2.117056856187290588e-08 9.987646167042136813e-01
2.127090301003344064e-08 9.987528940685599377e-01
2.137123745819397539e-08 9.987411162890813543e-01
2.147157190635451345e-08 9.987292833697665184e-01
2.157190635451504821e-08 9.987173953146220029e-01
2.167224080267558296e-08 9.987054521276745866e-01
2.177257525083611771e-08 9.986934538129677019e-01
2.187290969899665247e-08 9.986814003745648760e-01
2.197324414715718722e-08 9.986692918165473998e-01
2.207357859531772198e-08 9.986571281430154379e-01
2.217391304347825673e-08 9.986449093580878067e-01
2.227424749163879148e-08 9.986326354659020854e-01
2.237458193979932955e-08 9.986203064706137278e-01
2.247491638795986430e-08 9.986079223763976165e-01
2.257525083612039905e-08 9.985954831874470639e-01
2.267558528428093381e-08 9.985829889079733679e-01
2.277591973244146856e-08 9.985704395422067003e-01
2.287625418060200332e-08 9.985578350943961068e-01
2.297658862876253807e-08 9.985451755688089515e-01
2.307692307692307282e-08 9.985324609697314724e-01
2.317725752508360758e-08 9.985196913014677822e-01
2.327759197324414233e-08 9.985068665683413114e-01
2.337792642140468040e-08 9.984939867746933650e-01
2.347826086956521515e-08 9.984810519248846772e-01
2.357859531772574990e-08 9.984680620232939674e-01
2.367892976588628466e-08 9.984550170743182740e-01
2.377926421404681941e-08 9.984419170823739531e-01
2.387959866220735417e-08 9.984287620518950135e-01
2.397993311036788892e-08 9.984155519873347817e-01
2.408026755852842367e-08 9.984022868931647920e-01
2.418060200668895843e-08 9.983889667738746754e-01
2.428093645484949649e-08 9.983755916339736025e-01
2.438127090301003124e-08 9.983621614779889519e-01
2.448160535117056600e-08 9.983486763104657546e-01
2.458193979933110075e-08 9.983351361359689147e-01
2.468227424749163551e-08 9.983215409590809886e-01
2.478260869565217026e-08 9.983078907844028516e-01
2.488294314381270501e-08 9.982941856165546968e-01
2.498327759197323977e-08 9.982804254601752580e-01
2.508361204013377452e-08 9.982666103199208107e-01
2.518394648829430928e-08 9.982527402004670591e-01
2.528428093645484734e-08 9.982388151065076931e-01
2.538461538461538209e-08 9.982248350427554984e-01
2.548494983277591685e-08 9.982108000139409132e-01
2.558528428093645160e-08 9.981967100248141378e-01
2.568561872909698635e-08 9.981825650801422478e-01
2.578595317725752111e-08 9.981683651847121919e-01
2.588628762541805586e-08 9.981541103433286821e-01
2.598662207357859062e-08 9.981398005608153046e-01
2.608695652173912537e-08 9.981254358420141859e-01
2.618729096989966343e-08 9.981110161917853274e-01
2.628762541806019819e-08 9.980965416150077152e-01
2.638795986622073294e-08 9.980820121165793202e-01
2.648829431438126769e-08 9.980674277014150997e-01
2.658862876254180245e-08 9.980527883744501061e-01
2.668896321070233720e-08 9.980380941406368223e-01
2.678929765886287196e-08 9.980233450049467159e-01
2.688963210702340671e-08 9.980085409723694623e-01
2.698996655518394146e-08 9.979936820479134996e-01
2.709030100334447622e-08 9.979787682366053625e-01
2.719063545150501428e-08 9.979637995434900155e-01
2.729096989966554904e-08 9.979487759736316299e-01
2.739130434782608379e-08 9.979336975321119185e-01
2.749163879598661854e-08 9.979185642240312459e-01
2.759197324414715330e-08 9.979033760545095166e-01
2.769230769230768805e-08 9.978881330286828444e-01
2.779264214046822281e-08 9.978728351517079931e-01
2.789297658862875756e-08 9.978574824287592682e-01
2.799331103678929231e-08 9.978420748650290717e-01
2.809364548494983038e-08 9.978266124657285685e-01
2.819397993311036513e-08 9.978110952360880193e-01
2.829431438127089988e-08 9.977955231813546710e-01
2.839464882943143464e-08 9.977798963067956439e-01
2.849498327759196939e-08 9.977642146176954885e-01
2.859531772575250415e-08 9.977484781193574070e-01
2.869565217391303890e-08 9.977326868171035867e-01
2.879598662207357365e-08 9.977168407162739783e-01
2.889632107023410841e-08 9.977009398222271841e-01
2.899665551839464316e-08 9.976849841403404584e-01
2.909698996655518122e-08 9.976689736760085969e-01
2.919732441471571598e-08 9.976529084346458243e-01
2.929765886287625073e-08 9.976367884216840176e-01
2.939799331103678549e-08 9.976206136425743720e-01
2.949832775919732024e-08 9.976043841027850689e-01
2.959866220735785499e-08 9.975880998078040518e-01
2.969899665551838975e-08 9.975717607631368056e-01
2.979933110367892450e-08 9.975553669743076890e-01
2.989966555183946256e-08 9.975389184468590464e-01
2.999999999999999732e-08 9.975224151863518740e-01
