0.000000000000000000e+00 9.999999999999995559e-01
1.003344481605351029e-10 9.999999218945972990e-01
2.006688963210702059e-10 9.999996875784654682e-01
3.010033444816052959e-10 9.999992970518271074e-01
4.013377926421404118e-10 9.999987503150550294e-01
5.016722408026755277e-10 9.999980473686703730e-01
6.020066889632105918e-10 9.999971882133433798e-01
7.023411371237457594e-10 9.999961728498938385e-01
8.026755852842808236e-10 9.999950012792901965e-01
9.030100334448158877e-10 9.999936735026491164e-01
1.003344481605351055e-09 9.999921895212376954e-01
1.103678929765886223e-09 9.999905493364706910e-01
1.204013377926421184e-09 9.999887529499120742e-01
1.304347826086956351e-09 9.999868003632759184e-01
1.404682274247491519e-09 9.999846915784237344e-01
1.505016722408026480e-09 9.999824265973665804e-01
1.605351170568561647e-09 9.999800054222651724e-01
1.705685618729096815e-09 9.999774280554278860e-01
1.806020066889631775e-09 9.999746944993128661e-01
1.906354515050166943e-09 9.999718047565270274e-01
2.006688963210702111e-09 9.999687588298261653e-01
2.107023411371237278e-09 9.999655567221154007e-01
2.207357859531772446e-09 9.999621984364482907e-01
2.307692307692307200e-09 9.999586839760272738e-01
2.408026755852842367e-09 9.999550133442042243e-01
2.508361204013377535e-09 9.999511865444794534e-01
2.608695652173912702e-09 9.999472035805021530e-01
2.709030100334447870e-09 9.999430644560711734e-01
2.809364548494983038e-09 9.999387691751331353e-01
2.909698996655517792e-09 9.999343177417845396e-01
3.010033444816052959e-09 9.999297101602702131e-01
3.110367892976588127e-09 9.999249464349839744e-01
3.210702341137123294e-09 9.999200265704687451e-01
3.311036789297658462e-09 9.999149505714158837e-01
3.411371237458193629e-09 9.999097184426655183e-01
3.511705685618728797e-09 9.999043301892077684e-01
3.612040133779263551e-09 9.998987858161804132e-01
3.712374581939798719e-09 9.998930853288701126e-01
3.812709030100333886e-09 9.998872287327126296e-01
3.913043478260868640e-09 9.998812160332931631e-01
4.013377926421404221e-09 9.998750472363446828e-01
4.113712374581938975e-09 9.998687223477493724e-01
4.214046822742474556e-09 9.998622413735385184e-01
4.314381270903009310e-09 9.998556043198914001e-01
4.414715719063544892e-09 9.998488111931369549e-01
4.515050167224079646e-09 9.998418619997524459e-01
4.615384615384614399e-09 9.998347567463639063e-01
4.715719063545149981e-09 9.998274954397459169e-01
4.816053511705684735e-09 9.998200780868222726e-01
4.916387959866220316e-09 9.998125046946646499e-01
5.016722408026755070e-09 9.998047752704948277e-01
5.117056856187290651e-09 9.997968898216818001e-01
5.217391304347825405e-09 9.997888483557439976e-01
5.317725752508360159e-09 9.997806508803483982e-01
5.418060200668895740e-09 9.997722974033104171e-01
5.518394648829430494e-09 9.997637879325945720e-01
5.618729096989966075e-09 9.997551224763137068e-01
5.719063545150500829e-09 9.997463010427293240e-01
5.819397993311035583e-09 9.997373236402514740e-01
5.919732441471571164e-09 9.997281902774387552e-01
6.020066889632105918e-09 9.997189009629985357e-01
6.120401337792641499e-09 9.997094557057867314e-01
6.220735785953176253e-09 9.996998545148076953e-01
6.321070234113711835e-09 9.996900973992142170e-01
6.421404682274246589e-09 9.996801843683078559e-01
6.521739130434781343e-09 9.996701154315383864e-01
6.622073578595316924e-09 9.996598905985044636e-01
6.722408026755851678e-09 9.996495098789526246e-01
6.822742474916387259e-09 9.996389732827787311e-01
6.923076923076922013e-09 9.996282808200263048e-01
7.023411371237457594e-09 9.996174325008870820e-01
7.123745819397992348e-09 9.996064283357024571e-01
7.224080267558527102e-09 9.995952683349613732e-01
7.324414715719062683e-09 9.995839525093006550e-01
7.424749163879597437e-09 9.995724808695063413e-01
7.525083612040133018e-09 9.995608534265127965e-01
7.625418060200667772e-09 9.995490701914022669e-01
7.725752508361202526e-09 9.995371311754053245e-01
7.826086956521737280e-09 9.995250363899009782e-01
7.926421404682273689e-09 9.995127858464166737e-01
8.026755852842808442e-09 9.995003795566279603e-01
8.127090301003343196e-09 9.994878175323582692e-01
8.227424749163877950e-09 9.994750997855799124e-01
8.327759197324414359e-09 9.994622263284129726e-01
8.428093645484949113e-09 9.994491971731257474e-01
8.528428093645483867e-09 9.994360123321347489e-01
8.628762541806018621e-09 9.994226718180044822e-01
8.729096989966553375e-09 9.994091756434477780e-01
8.829431438127089783e-09 9.993955238213255710e-01
8.929765886287624537e-09 9.993817163646467883e-01
9.030100334448159291e-09 9.993677532865679058e-01
9.130434782608694045e-09 9.993536346003946136e-01
9.230769230769228799e-09 9.993393603195795949e-01
9.331103678929765207e-09 9.993249304577236369e-01
9.431438127090299961e-09 9.993103450285759637e-01
9.531772575250834715e-09 9.992956040460332368e-01
9.632107023411369469e-09 9.992807075241404435e-01
9.732441471571904223e-09 9.992656554770903421e-01
9.832775919732440632e-09 9.992504479192234612e-01
9.933110367892975386e-09 9.992350848650281003e-01
1.003344481605351014e-08 9.992195663291403296e-01
1.013377926421404489e-08 9.992038923263451000e-01
1.023411371237458130e-08 9.991880628715733570e-01
1.033444816053511606e-08 9.991720779799051488e-01
1.043478260869565081e-08 9.991559376665678505e-01
1.053511705685618556e-08 9.991396419469361634e-01
1.063545150501672032e-08 9.991231908365333370e-01
1.073578595317725673e-08 9.991065843510290589e-01
1.083612040133779148e-08 9.990898225062422311e-01
1.093645484949832623e-08 9.990729053181380825e-01
1.103678929765886099e-08 9.990558328028296131e-01
1.113712374581939574e-08 9.990386049765780374e-01
1.123745819397993215e-08 9.990212218557915635e-01
1.133779264214046690e-08 9.990036834570258373e-01
1.143812709030100166e-08 9.989859897969839420e-01
1.153846153846153641e-08 9.989681408925175088e-01
1.163879598662207117e-08 9.989501367606237192e-01
1.173913043478260757e-08 9.989319774184487466e-01
1.183946488294314233e-08 9.989136628832854248e-01
1.193979933110367708e-08 9.988951931725738032e-01
1.204013377926421184e-08 9.988765683039017018e-01
1.214046822742474824e-08 9.988577882950040454e-01
1.224080267558528300e-08 9.988388531637626411e-01
1.234113712374581775e-08 9.988197629282078438e-01
1.244147157190635251e-08 9.988005176065146706e-01
1.254180602006688726e-08 9.987811172170082408e-01
1.264214046822742367e-08 9.987615617781583355e-01
1.274247491638795842e-08 9.987418513085838390e-01
1.284280936454849318e-08 9.987219858270495187e-01
1.294314381270902793e-08 9.987019653524671359e-01
1.304347826086956269e-08 9.986817899038962221e-01
1.314381270903009909e-08 9.986614595005429695e-01
1.324414715719063385e-08 9.986409741617601199e-01
1.334448160535116860e-08 9.986203339070480745e-01
1.344481605351170336e-08 9.985995387560536729e-01
1.354515050167223811e-08 9.985785887285701934e-01
1.364548494983277452e-08 9.985574838445387957e-01
1.374581939799330927e-08 9.985362241240467451e-01
1.384615384615384403e-08 9.985148095873280782e-01
1.394648829431437878e-08 9.984932402547640473e-01
1.404682274247491519e-08 9.984715161468818989e-01
1.414715719063544994e-08 9.984496372843560952e-01
1.424749163879598470e-08 9.984276036880076477e-01
1.434782608695651945e-08 9.984054153788037844e-01
1.444816053511705420e-08 9.983830723778590599e-01
1.454849498327759061e-08 9.983605747064336899e-01
1.464882943143812537e-08 9.983379223859349949e-01
1.474916387959866012e-08 9.983151154379165115e-01
1.484949832775919487e-08 9.982921538840783260e-01
1.494983277591973128e-08 9.982690377462669629e-01
1.505016722408026604e-08 9.982457670464752741e-01
1.515050167224080079e-08 9.982223418068418841e-01
1.525083612040133554e-08 9.981987620496529656e-01
1.535117056856187030e-08 9.981750277973395757e-01
1.545150501672240505e-08 9.981511390724796540e-01
1.555183946488293981e-08 9.981270958977979113e-01
1.565217391304347456e-08 9.981028982961638318e-01
1.575250836120401262e-08 9.980785462905940042e-01
1.585284280936454738e-08 9.980540399042511224e-01
1.595317725752508213e-08 9.980293791604433196e-01
1.605351170568561688e-08 9.980045640826250564e-01
1.615384615384615164e-08 9.979795946943967877e-01
1.625418060200668639e-08 9.979544710195049628e-01
1.635451505016722115e-08 9.979291930818414702e-01
1.645484949832775590e-08 9.979037609054446367e-01
1.655518394648829065e-08 9.978781745144982285e-01
1.665551839464882872e-08 9.978524339333321169e-01
1.675585284280936347e-08 9.978265391864216127e-01
1.685618729096989823e-08 9.978004902983873547e-01
1.695652173913043298e-08 9.977742872939964203e-01
1.705685618729096773e-08 9.977479301981611037e-01
1.715719063545150249e-08 9.977214190359392498e-01
1.725752508361203724e-08 9.976947538325344755e-01
1.735785953177257200e-08 9.976679346132952819e-01
1.745819397993310675e-08 9.976409614037163864e-01
1.755852842809364150e-08 9.976138342294378347e-01
1.765886287625417957e-08 9.975865531162442235e-01
1.775919732441471432e-08 9.975591180900658106e-01
1.785953177257524907e-08 9.975315291769792925e-01
1.795986622073578383e-08 9.975037864032048063e-01
1.806020066889631858e-08 9.974758897951092607e-01
1.816053511705685334e-08 9.974478393792033382e-01
1.826086956521738809e-08 9.974196351821440487e-01
1.836120401337792284e-08 9.973912772307325092e-01
1.846153846153845760e-08 9.973627655519154978e-01
1.856187290969899566e-08 9.973341001727848987e-01
1.866220735785953041e-08 9.973052811205771473e-01
1.876254180602006517e-08 9.972763084226730079e-01
1.886287625418059992e-08 9.972471821065995723e-01
1.896321070234113468e-08 9.972179022000272619e-01
1.906354515050166943e-08 9.971884687307726036e-01
1.916387959866220418e-08 9.971588817267953431e-01
1.926421404682273894e-08 9.971291412162016643e-01
1.936454849498327369e-08 9.970992472272407481e-01
1.946488294314380845e-08 9.970691997883073254e-01
1.956521739130434651e-08 9.970389989279404563e-01
1.966555183946488126e-08 9.970086446748235298e-01
1.976588628762541602e-08 9.969781370577850410e-01
1.986622073578595077e-08 9.969474761057963708e-01
1.996655518394648553e-08 9.969166618479747832e-01
2.006688963210702028e-08 9.968856943135815385e-01
2.016722408026755503e-08 9.968545735320216705e-01
2.026755852842808979e-08 9.968232995328448753e-01
2.036789297658862454e-08 9.967918723457442898e-01
2.046822742474916260e-08 9.967602920005582678e-01
2.056856187290969736e-08 9.967285585272690485e-01
2.066889632107023211e-08 9.966966719560017562e-01
2.076923076923076687e-08 9.966646323170267330e-01
2.086956521739130162e-08 9.966324396407574282e-01
2.096989966555183637e-08 9.966000939577519535e-01
2.107023411371237113e-08 9.965675952987116393e-01
2.117056856187290588e-08 9.965349436944817008e-01
2.127090301003344064e-08 9.965021391760513492e-01
2.137123745819397539e-08 9.964691817745530145e-01
2.147157190635451345e-08 9.964360715212637887e-01
2.157190635451504821e-08 9.964028084476029834e-01
2.167224080267558296e-08 9.963693925851340172e-01
2.177257525083611771e-08 9.963358239655643045e-01
2.187290969899665247e-08 9.963021026207435904e-01
2.197324414715718722e-08 9.962682285826665041e-01
2.207357859531772198e-08 9.962342018834693391e-01
2.217391304347825673e-08 9.962000225554328292e-01
2.227424749163879148e-08 9.961656906309807047e-01
2.237458193979932955e-08 9.961312061426796927e-01
2.247491638795986430e-08 9.960965691232392949e-01
2.257525083612039905e-08 9.960617796055128981e-01
2.267558528428093381e-08 9.960268376224963305e-01
2.277591973244146856e-08 9.959917432073286392e-01
2.287625418060200332e-08 9.959564963932917570e-01
2.297658862876253807e-08 9.959210972138101692e-01
2.307692307692307282e-08 9.958855457024511360e-01
2.317725752508360758e-08 9.958498418929255802e-01
2.327759197324414233e-08 9.958139858190859783e-01
2.337792642140468040e-08 9.957779775149282475e-01
2.347826086956521515e-08 9.957418170145904135e-01
2.357859531772574990e-08 9.957055043523528326e-01
2.367892976588628466e-08 9.956690395626396350e-01
2.377926421404681941e-08 9.956324226800155053e-01
2.387959866220735417e-08 9.955956537391890127e-01
2.397993311036788892e-08 9.955587327750101689e-01
2.408026755852842367e-08 9.955216598224716495e-01
2.418060200668895843e-08 9.954844349167083495e-01
2.428093645484949649e-08 9.954470580929968282e-01
2.438127090301003124e-08 9.954095293867561978e-01
2.448160535117056600e-08 9.953718488335475678e-01
2.458193979933110075e-08 9.953340164690738234e-01
2.468227424749163551e-08 9.952960323291799583e-01
2.478260869565217026e-08 9.952578964498527414e-01
2.488294314381270501e-08 9.952196088672204954e-01
2.498327759197323977e-08 9.951811696175544286e-01
2.508361204013377452e-08 9.951425787372651932e-01
2.518394648829430928e-08 9.951038362629069933e-01
2.528428093645484734e-08 9.950649422311753645e-01
2.538461538461538209e-08 9.950258966789065074e-01
2.548494983277591685e-08 9.949866996430788424e-01
2.558528428093645160e-08 9.949473511608117882e-01
2.568561872909698635e-08 9.949078512693660947e-01
2.578595317725752111e-08 9.948682000061443986e-01
2.588628762541805586e-08 9.948283974086895576e-01
2.598662207357859062e-08 9.947884435146863158e-01
2.608695652173912537e-08 9.947483383619600827e-01
2.618729096989966343e-08 9.947080819884775993e-01
2.628762541806019819e-08 9.946676744323467156e-01
2.638795986622073294e-08 9.946271157318153922e-01
2.648829431438126769e-08 9.945864059252735867e-01
2.658862876254180245e-08 9.945455450512509232e-01
2.668896321070233720e-08 9.945045331484182460e-01
2.678929765886287196e-08 9.944633702555878418e-01
2.688963210702340671e-08 9.944220564117109973e-01
2.698996655518394146e-08 9.943805916558807745e-01
2.709030100334447622e-08 9.943389760273305678e-01
2.719063545150501428e-08 9.942972095654335485e-01
2.729096989966554904e-08 9.942552923097035533e-01
2.739130434782608379e-08 9.942132242997951952e-01
2.749163879598661854e-08 9.941710055755025310e-01
2.759197324414715330e-08 9.941286361767601720e-01
2.769230769230768805e-08 9.940861161436430615e-01
2.779264214046822281e-08 9.940434455163662530e-01
2.789297658862875756e-08 9.940006243352832449e-01
2.799331103678929231e-08 9.939576526408897550e-01
2.809364548494983038e-08 9.939145304738199460e-01
2.819397993311036513e-08 9.938712578748476467e-01
2.829431438127089988e-08 9.938278348848870181e-01
2.839464882943143464e-08 9.937842615449917760e-01
2.849498327759196939e-08 9.937405378963548586e-01
2.859531772575250415e-08 9.936966639803089807e-01
2.869565217391303890e-08 9.936526398383265235e-01
2.879598662207357365e-08 9.936084655120179798e-01
2.889632107023410841e-08 9.935641410431356180e-01
2.899665551839464316e-08 9.935196664735680416e-01
2.909698996655518122e-08 9.934750418453455190e-01
2.919732441471571598e-08 9.934302672006356527e-01
2.929765886287625073e-08 9.933853425817462668e-01
2.939799331103678549e-08 9.933402680311236299e-01
2.949832775919732024e-08 9.932950435913530107e-01
2.959866220735785499e-08 9.932496693051582337e-01
2.969899665551838975e-08 9.932041452154024563e-01
2.979933110367892450e-08 9.931584713650871699e-01
2.989966555183946256e-08 9.931126477973525324e-01
2.999999999999999732e-08 9.930666745554779240e-01
