0.000000000000000000e+00 9.999999999999995559e-01
1.003344481605351029e-10 9.999894089027444588e-01
2.006688963210702059e-10 9.999576369806242315e-01
3.010033444816052959e-10 9.999046883422774146e-01
4.013377926421404118e-10 9.998305698344372994e-01
5.016722408026755277e-10 9.997352910404393445e-01
6.020066889632105918e-10 9.996188642781282940e-01
7.023411371237457594e-10 9.994813045971714383e-01
8.026755852842808236e-10 9.993226297757750176e-01
9.030100334448158877e-10 9.991428603168052147e-01
1.003344481605351055e-09 9.989420194433161759e-01
1.103678929765886223e-09 9.987201330934867283e-01
1.204013377926421184e-09 9.984772299149639041e-01
1.304347826086956351e-09 9.982133412586197130e-01
1.404682274247491519e-09 9.979285011717183851e-01
1.505016722408026480e-09 9.976227463904996373e-01
1.605351170568561647e-09 9.972961163321775180e-01
1.705685618729096815e-09 9.969486530863591600e-01
1.806020066889631775e-09 9.965804014058851079e-01
1.906354515050166943e-09 9.961914086970921067e-01
2.006688963210702111e-09 9.957817250095053474e-01
2.107023411371237278e-09 9.953514030249590583e-01
2.207357859531772446e-09 9.949004980461502168e-01
2.307692307692307200e-09 9.944290679846282677e-01
2.408026755852842367e-09 9.939371733482277316e-01
2.508361204013377535e-09 9.934248772279382633e-01
2.608695652173912702e-09 9.928922452842299240e-01
2.709030100334447870e-09 9.923393457328215650e-01
2.809364548494983038e-09 9.917662493299108650e-01
2.909698996655517792e-09 9.911730293568594696e-01
3.010033444816052959e-09 9.905597616043463338e-01
3.110367892976588127e-09 9.899265243559846050e-01
3.210702341137123294e-09 9.892733983714165902e-01
3.311036789297658462e-09 9.886004668688836983e-01
3.411371237458193629e-09 9.879078155072813505e-01
3.511705685618728797e-09 9.871955323676998573e-01
3.612040133779263551e-09 9.864637079344605874e-01
3.712374581939798719e-09 9.857124350756532039e-01
3.812709030100333886e-09 9.849418090231718548e-01
3.913043478260868640e-09 9.841519273522661981e-01
4.013377926421404221e-09 9.833428899606088125e-01
4.113712374581938975e-09 9.825147990468812154e-01
4.214046822742474556e-09 9.816677590888907012e-01
4.314381270903009310e-09 9.808018768212215521e-01
4.414715719063544892e-09 9.799172612124263937e-01
4.515050167224079646e-09 9.790140234417663567e-01
4.615384615384614399e-09 9.780922768755019314e-01
4.715719063545149981e-09 9.771521370427495023e-01
4.816053511705684735e-09 9.761937216109003446e-01
4.916387959866220316e-09 9.752171503606182901e-01
5.016722408026755070e-09 9.742225451604175079e-01
5.117056856187290651e-09 9.732100299408280586e-01
5.217391304347825405e-09 9.721797306681601025e-01
5.317725752508360159e-09 9.711317753178696499e-01
5.418060200668895740e-09 9.700662938475361763e-01
5.518394648829430494e-09 9.689834181694600979e-01
5.618729096989966075e-09 9.678832821228856576e-01
5.719063545150500829e-09 9.667660214458573265e-01
5.819397993311035583e-09 9.656317737467203788e-01
5.919732441471571164e-09 9.644806784752715245e-01
6.020066889632105918e-09 9.633128768935663722e-01
6.120401337792641499e-09 9.621285120463948237e-01
6.220735785953176253e-09 9.609277287314306193e-01
6.321070234113711835e-09 9.597106734690660224e-01
6.421404682274246589e-09 9.584774944719339773e-01
6.521739130434781343e-09 9.572283416141350587e-01
6.622073578595316924e-09 9.559633664001695452e-01
6.722408026755851678e-09 9.546827219335899395e-01
6.822742474916387259e-09 9.533865628853764873e-01
6.923076923076922013e-09 9.520750454620493519e-01
7.023411371237457594e-09 9.507483273735243268e-01
7.123745819397992348e-09 9.494065678007206355e-01
7.224080267558527102e-09 9.480499273629301449e-01
7.324414715719062683e-09 9.466785680849574280e-01
7.424749163879597437e-09 9.452926533640392259e-01
7.525083612040133018e-09 9.438923479365527447e-01
7.625418060200667772e-09 9.424778178445207821e-01
7.725752508361202526e-09 9.410492304019245635e-01
7.826086956521737280e-09 9.396067541608332796e-01
7.926421404682273689e-09 9.381505588773568771e-01
8.026755852842808442e-09 9.366808154774358686e-01
8.127090301003343196e-09 9.351976960224736013e-01
8.227424749163877950e-09 9.337013736748214221e-01
8.327759197324414359e-09 9.321920226631285056e-01
8.428093645484949113e-09 9.306698182475606762e-01
8.528428093645483867e-09 9.291349366849031011e-01
8.628762541806018621e-09 9.275875551935519603e-01
8.729096989966553375e-09 9.260278519184066415e-01
8.829431438127089783e-09 9.244560058956725612e-01
8.929765886287624537e-09 9.228721970175803868e-01
9.030100334448159291e-09 9.212766059970364241e-01
9.130434782608694045e-09 9.196694143322077242e-01
9.230769230769228799e-09 9.180508042710568972e-01
9.331103678929765207e-09 9.164209587758317399e-01
9.431438127090299961e-09 9.147800614875210012e-01
9.531772575250834715e-09 9.131282966902856124e-01
9.632107023411369469e-09 9.114658492758731523e-01
9.732441471571904223e-09 9.097929047080289822e-01
9.832775919732440632e-09 9.081096489869072697e-01
9.933110367892975386e-09 9.064162686134955571e-01
1.003344481605351014e-08 9.047129505540610905e-01
1.013377926421404489e-08 9.029998822046287899e-01
1.023411371237458130e-08 9.012772513554964116e-01
1.033444816053511606e-08 8.995452461558022250e-01
1.043478260869565081e-08 8.978040550781472007e-01
1.053511705685618556e-08 8.960538668832881415e-01
1.063545150501672032e-08 8.942948705849024238e-01
1.073578595317725673e-08 8.925272554144429993e-01
1.083612040133779148e-08 8.907512107860819928e-01
1.093645484949832623e-08 8.889669262617624357e-01
1.103678929765886099e-08 8.871745915163558038e-01
1.113712374581939574e-08 8.853743963029452324e-01
1.123745819397993215e-08 8.835665304182331869e-01
1.133779264214046690e-08 8.817511836680891335e-01
1.143812709030100166e-08 8.799285458332428700e-01
1.153846153846153641e-08 8.780988066351307353e-01
1.163879598662207117e-08 8.762621557019062424e-01
1.173913043478260757e-08 8.744187825346203535e-01
1.183946488294314233e-08 8.725688764735823888e-01
1.193979933110367708e-08 8.707126266649060087e-01
1.204013377926421184e-08 8.688502220272531495e-01
1.214046822742474824e-08 8.669818512187787984e-01
1.224080267558528300e-08 8.651077026042891527e-01
1.234113712374581775e-08 8.632279642226159400e-01
1.244147157190635251e-08 8.613428237542199994e-01
1.254180602006688726e-08 8.594524684890273436e-01
1.264214046822742367e-08 8.575570852945069156e-01
1.274247491638795842e-08 8.556568605839980357e-01
1.284280936454849318e-08 8.537519802852927553e-01
1.294314381270902793e-08 8.518426298094834426e-01
1.304347826086956269e-08 8.499289940200787097e-01
1.314381270903009909e-08 8.480112572023982276e-01
1.324414715719063385e-08 8.460896030332520912e-01
1.334448160535116860e-08 8.441642145509079542e-01
1.344481605351170336e-08 8.422352741253603670e-01
1.354515050167223811e-08 8.403029634289010952e-01
1.364548494983277452e-08 8.383674634069994136e-01
1.374581939799330927e-08 8.364289542495018104e-01
1.384615384615384403e-08 8.344876153621524351e-01
1.394648829431437878e-08 8.325436253384413954e-01
1.404682274247491519e-08 8.305971619317917831e-01
1.414715719063544994e-08 8.286484020280819873e-01
1.424749163879598470e-08 8.266975216185175057e-01
1.434782608695651945e-08 8.247446957728544747e-01
1.444816053511705420e-08 8.227900986129765837e-01
1.454849498327759061e-08 8.208339032868399165e-01
1.464882943143812537e-08 8.188762819427788386e-01
1.474916387959866012e-08 8.169174057041902470e-01
1.484949832775919487e-08 8.149574446445876363e-01
1.494983277591973128e-08 8.129965677630457410e-01
1.505016722408026604e-08 8.110349429600250959e-01
1.515050167224080079e-08 8.090727370135878393e-01
1.525083612040133554e-08 8.071101155560126417e-01
1.535117056856187030e-08 8.051472430508049838e-01
1.545150501672240505e-08 8.031842827701113352e-01
1.555183946488293981e-08 8.012213967725431152e-01
1.565217391304347456e-08 7.992587458814074397e-01
1.575250836120401262e-08 7.972964896633539800e-01
1.585284280936454738e-08 7.953347864074433726e-01
1.595317725752508213e-08 7.933737931046278558e-01
1.605351170568561688e-08 7.914136654276658911e-01
1.615384615384615164e-08 7.894545577114578938e-01
1.625418060200668639e-08 7.874966229338133950e-01
1.635451505016722115e-08 7.855400126966527452e-01
1.645484949832775590e-08 7.835848772076412505e-01
1.655518394648829065e-08 7.816313652622640662e-01
1.665551839464882872e-08 7.796796242263380750e-01
1.675585284280936347e-08 7.777298000189688532e-01
1.685618729096989823e-08 7.757820370959500611e-01
1.695652173913043298e-08 7.738364784336079216e-01
1.705685618729096773e-08 7.718932655130955611e-01
1.715719063545150249e-08 7.699525383051345484e-01
1.725752508361203724e-08 7.680144352552078502e-01
1.735785953177257200e-08 7.660790932692046473e-01
1.745819397993310675e-08 7.641466476995166790e-01
1.755852842809364150e-08 7.622172323315896669e-01
1.765886287625417957e-08 7.602909793709285990e-01
1.775919732441471432e-08 7.583680194305588707e-01
1.785953177257524907e-08 7.564484815189411737e-01
1.795986622073578383e-08 7.545324930283451303e-01
1.806020066889631858e-08 7.526201797236777846e-01
1.816053511705685334e-08 7.507116657317669528e-01
1.826086956521738809e-08 7.488070735311035397e-01
1.836120401337792284e-08 7.469065239420377145e-01
1.846153846153845760e-08 7.450101361174319425e-01
1.856187290969899566e-08 7.431180275337680996e-01
1.866220735785953041e-08 7.412303139827108867e-01
1.876254180602006517e-08 7.393471095631214407e-01
1.886287625418059992e-08 7.374685266735282463e-01
1.896321070234113468e-08 7.355946760050462441e-01
1.906354515050166943e-08 7.337256665347480222e-01
1.916387959866220418e-08 7.318616055194826497e-01
1.926421404682273894e-08 7.300025984901459264e-01
1.936454849498327369e-08 7.281487492463925015e-01
1.946488294314380845e-08 7.263001598517935253e-01
1.956521739130434651e-08 7.244569306294398325e-01
1.966555183946488126e-08 7.226191601579808887e-01
1.976588628762541602e-08 7.207869452681063827e-01
1.986622073578595077e-08 7.189603810394612493e-01
1.996655518394648553e-08 7.171395607979955678e-01
2.006688963210702028e-08 7.153245761137470016e-01
2.016722408026755503e-08 7.135155167990491210e-01
2.026755852842808979e-08 7.117124709071680488e-01
2.036789297658862454e-08 7.099155247313617689e-01
2.046822742474916260e-08 7.081247628043595421e-01
2.056856187290969736e-08 7.063402678982577676e-01
2.066889632107023211e-08 7.045621210248307342e-01
2.076923076923076687e-08 7.027904014362513774e-01
2.086956521739130162e-08 7.010251866262193765e-01
2.096989966555183637e-08 6.992665523314930409e-01
2.107023411371237113e-08 6.975145725338207647e-01
2.117056856187290588e-08 6.957693194622701638e-01
2.127090301003344064e-08 6.940308635959469008e-01
2.137123745819397539e-08 6.922992736671054192e-01
2.147157190635451345e-08 6.905746166646407058e-01
2.157190635451504821e-08 6.888569578379637459e-01
2.167224080267558296e-08 6.871463607012509023e-01
2.177257525083611771e-08 6.854428870380646632e-01
2.187290969899665247e-08 6.837465969063438731e-01
2.197324414715718722e-08 6.820575486437554513e-01
2.207357859531772198e-08 6.803757988734034923e-01
2.217391304347825673e-08 6.787014025098939696e-01
2.227424749163879148e-08 6.770344127657476063e-01
2.237458193979932955e-08 6.753748811581544720e-01
2.247491638795986430e-08 6.737228575160728594e-01
2.257525083612039905e-08 6.720783899876547896e-01
2.267558528428093381e-08 6.704415250480086907e-01
2.277591973244146856e-08 6.688123075072793799e-01
2.287625418060200332e-08 6.671907805190501195e-01
2.297658862876253807e-08 6.655769855890574238e-01
2.307692307692307282e-08 6.639709625842130647e-01
2.317725752508360758e-08 6.623727497419310550e-01
2.327759197324414233e-08 6.607823836797480643e-01
2.337792642140468040e-08 6.591998994052394867e-01
2.347826086956521515e-08 6.576253303262187266e-01
2.357859531772574990e-08 6.560587082612188148e-01
2.367892976588628466e-08 6.545000634502481374e-01
2.377926421404681941e-08 6.529494245658155060e-01
2.387959866220735417e-08 6.514068187242170183e-01
2.397993311036788892e-08 6.498722714970839309e-01
2.408026755852842367e-08 6.483458069231790022e-01
2.418060200668895843e-08 6.468274475204401908e-01
2.428093645484949649e-08 6.453172142982634973e-01
2.438127090301003124e-08 6.438151267700202851e-01
2.448160535117056600e-08 6.423212029658036393e-01
2.458193979933110075e-08 6.408354594453926634e-01
2.468227424749163551e-08 6.393579113114389312e-01
2.478260869565217026e-08 6.378885722228564426e-01
2.488294314381270501e-08 6.364274544084204122e-01
2.498327759197323977e-08 6.349745686805597922e-01
2.508361204013377452e-08 6.335299244493439730e-01
2.518394648829430928e-08 6.320935297366541139e-01
2.528428093645484734e-08 6.306653911905335530e-01
2.538461538461538209e-08 6.292455140997110785e-01
2.548494983277591685e-08 6.278339024082917330e-01
2.558528428093645160e-08 6.264305587306076006e-01
2.568561872909698635e-08 6.250354843662248028e-01
2.578595317725752111e-08 6.236486793150972652e-01
2.588628762541805586e-08 6.222701422928631487e-01
2.598662207357859062e-08 6.208998707462781708e-01
2.608695652173912537e-08 6.195378608687781563e-01
2.618729096989966343e-08 6.181841076161660453e-01
2.628762541806019819e-08 6.168386047224153623e-01
2.638795986622073294e-08 6.155013447155871509e-01
2.648829431438126769e-08 6.141723189338506028e-01
2.658862876254180245e-08 6.128515175416044958e-01
2.668896321070233720e-08 6.115389295456908902e-01
2.678929765886287196e-08 6.102345428116969783e-01
2.688963210702340671e-08 6.089383440803374237e-01
2.698996655518394146e-08 6.076503189839127517e-01
2.709030100334447622e-08 6.063704520628367955e-01
2.719063545150501428e-08 6.050987267822274251e-01
2.729096989966554904e-08 6.038351255485555624e-01
2.739130434782608379e-08 6.025796297263438239e-01
2.749163879598661854e-08 6.013322196549139020e-01
2.759197324414715330e-08 6.000928746651716938e-01
2.769230769230768805e-08 5.988615730964291783e-01
2.779264214046822281e-08 5.976382923132507186e-01
2.789297658862875756e-08 5.964230087223278964e-01
2.799331103678929231e-08 5.952156977893673373e-01
2.809364548494983038e-08 5.940163340559925231e-01
2.819397993311036513e-08 5.928248911566512680e-01
2.829431438127089988e-08 5.916413418355245257e-01
2.839464882943143464e-08 5.904656579634299796e-01
2.849498327759196939e-08 5.892978105547169720e-01
2.859531772575250415e-08 5.881377697841450036e-01
2.869565217391303890e-08 5.869855050037420252e-01
2.879598662207357365e-08 5.858409847596394160e-01
2.889632107023410841e-08 5.847041768088730995e-01
2.899665551839464316e-08 5.835750481361507980e-01
2.909698996655518122e-08 5.824535649705794293e-01
2.919732441471571598e-08 5.813396928023455423e-01
2.929765886287625073e-08 5.802333963993452359e-01
2.939799331103678549e-08 5.791346398237608994e-01
2.949832775919732024e-08 5.780433864485765572e-01
2.959866220735785499e-08 5.769595989740295972e-01
2.969899665551838975e-08 5.758832394439922231e-01
2.979933110367892450e-08 5.748142692622821848e-01
2.989966555183946256e-08 5.737526492088923513e-01
2.999999999999999732e-08 5.726983394561419027e-01
