0.000000000000000000e+00 9.999999999999995559e-01
1.003344481605351029e-10 9.999999937122864280e-01
2.006688963210702059e-10 9.999999748491471552e-01
3.010033444816052959e-10 9.999999434105834029e-01
4.013377926421404118e-10 9.999998993965972804e-01
5.016722408026755277e-10 9.999998428071924517e-01
6.020066889632105918e-10 9.999997736423733574e-01
7.023411371237457594e-10 9.999996919021447717e-01
8.026755852842808236e-10 9.999995975865137998e-01
9.030100334448158877e-10 9.999994906954868812e-01
1.003344481605351055e-09 9.999993712290724535e-01
1.103678929765886223e-09 9.999992391872799535e-01
1.204013377926421184e-09 9.999990945701193734e-01
1.304347826086956351e-09 9.999989373776018153e-01
1.404682274247491519e-09 9.999987676097396028e-01
1.505016722408026480e-09 9.999985852665451702e-01
1.605351170568561647e-09 9.999983903480329506e-01
1.705685618729096815e-09 9.999981828542173767e-01
1.806020066889631775e-09 9.999979627851152131e-01
1.906354515050166943e-09 9.999977301407431129e-01
2.006688963210702111e-09 9.999974849211185068e-01
2.107023411371237278e-09 9.999972271262606016e-01
2.207357859531772446e-09 9.999969567561889372e-01
2.307692307692307200e-09 9.999966738109243858e-01
2.408026755852842367e-09 9.999963782904890408e-01
2.508361204013377535e-09 9.999960701949049957e-01
2.608695652173912702e-09 9.999957495241961203e-01
2.709030100334447870e-09 9.999954162783873945e-01
2.809364548494983038e-09 9.999950704575037985e-01
2.909698996655517792e-09 9.999947120615719776e-01
3.010033444816052959e-09 9.999943410906197983e-01
3.110367892976588127e-09 9.999939575446756823e-01
3.210702341137123294e-09 9.999935614237688286e-01
3.311036789297658462e-09 9.999931527279299903e-01
3.411371237458193629e-09 9.999927314571902537e-01
3.511705685618728797e-09 9.999922976115820372e-01
3.612040133779263551e-09 9.999918511911386476e-01
3.712374581939798719e-09 9.999913921958943908e-01
3.812709030100333886e-09 9.999909206258845717e-01
3.913043478260868640e-09 9.999904364811451618e-01
4.013377926421404221e-09 9.999899397617137975e-01
4.113712374581938975e-09 9.999894304676277823e-01
4.214046822742474556e-09 9.999889085989273063e-01
4.314381270903009310e-09 9.999883741556515604e-01
4.414715719063544892e-09 9.999878271378419559e-01
4.515050167224079646e-09 9.999872675455402371e-01
4.615384615384614399e-09 9.999866953787897028e-01
4.715719063545149981e-09 9.999861106376342068e-01
4.816053511705684735e-09 9.999855133221184911e-01
4.916387959866220316e-09 9.999849034322885188e-01
5.016722408026755070e-09 9.999842809681909195e-01
5.117056856187290651e-09 9.999836459298737656e-01
5.217391304347825405e-09 9.999829983173853520e-01
5.317725752508360159e-09 9.999823381307763048e-01
5.418060200668895740e-09 9.999816653700962510e-01
5.518394648829430494e-09 9.999809800353978151e-01
5.618729096989966075e-09 9.999802821267330666e-01
5.719063545150500829e-09 9.999795716441554072e-01
5.819397993311035583e-09 9.999788485877195710e-01
5.919732441471571164e-09 9.999781129574812910e-01
6.020066889632105918e-09 9.999773647534969667e-01
6.120401337792641499e-09 9.999766039758234415e-01
6.220735785953176253e-09 9.999758306245201123e-01
6.321070234113711835e-09 9.999750446996459319e-01
6.421404682274246589e-09 9.999742462012610744e-01
6.521739130434781343e-09 9.999734351294268242e-01
6.622073578595316924e-09 9.999726114842056868e-01
6.722408026755851678e-09 9.999717752656606118e-01
6.822742474916387259e-09 9.999709264738559922e-01
6.923076923076922013e-09 9.999700651088569980e-01
7.023411371237457594e-09 9.999691911707300207e-01
7.123745819397992348e-09 9.999683046595416736e-01
7.224080267558527102e-09 9.999674055753600133e-01
7.324414715719062683e-09 9.999664939182543177e-01
7.424749163879597437e-09 9.999655696882946421e-01
7.525083612040133018e-09 9.999646328855518185e-01
7.625418060200667772e-09 9.999636835100977894e-01
7.725752508361202526e-09 9.999627215620052745e-01
7.826086956521737280e-09 9.999617470413482145e-01
7.926421404682273689e-09 9.999607599482018827e-01
8.026755852842808442e-09 9.999597602826412190e-01
8.127090301003343196e-09 9.999587480447433840e-01
8.227424749163877950e-09 9.999577232345860933e-01
8.327759197324414359e-09 9.999566858522485058e-01
8.428093645484949113e-09 9.999556358978094472e-01
8.528428093645483867e-09 9.999545733713498530e-01
8.628762541806018621e-09 9.999534982729513244e-01
8.729096989966553375e-09 9.999524106026967951e-01
8.829431438127089783e-09 9.999513103606689768e-01
8.929765886287624537e-09 9.999501975469526904e-01
9.030100334448159291e-09 9.999490721616336453e-01
9.130434782608694045e-09 9.999479342047978836e-01
9.230769230769228799e-09 9.999467836765326689e-01
9.331103678929765207e-09 9.999456205769264860e-01
9.431438127090299961e-09 9.999444449060689299e-01
9.531772575250834715e-09 9.999432566640500397e-01
9.632107023411369469e-09 9.999420558509606316e-01
9.732441471571904223e-09 9.999408424668936313e-01
9.832775919732440632e-09 9.999396165119416313e-01
9.933110367892975386e-09 9.999383779861992227e-01
1.003344481605351014e-08 9.999371268897607745e-01
1.013377926421404489e-08 9.999358632227228760e-01
1.023411371237458130e-08 9.999345869851824498e-01
1.033444816053511606e-08 9.999332981772375284e-01
1.043478260869565081e-08 9.999319967989869218e-01
1.053511705685618556e-08 9.999306828505304390e-01
1.063545150501672032e-08 9.999293563319692213e-01
1.073578595317725673e-08 9.999280172434048541e-01
1.083612040133779148e-08 9.999266655849403662e-01
1.093645484949832623e-08 9.999253013566794523e-01
1.103678929765886099e-08 9.999239245587265845e-01
1.113712374581939574e-08 9.999225351911879001e-01
1.123745819397993215e-08 9.999211332541695363e-01
1.133779264214046690e-08 9.999197187477794069e-01
1.143812709030100166e-08 9.999182916721265357e-01
1.153846153846153641e-08 9.999168520273197247e-01
1.163879598662207117e-08 9.999153998134697741e-01
1.173913043478260757e-08 9.999139350306883722e-01
1.183946488294314233e-08 9.999124576790875407e-01
1.193979933110367708e-08 9.999109677587809664e-01
1.204013377926421184e-08 9.999094652698832242e-01
1.214046822742474824e-08 9.999079502125092223e-01
1.224080267558528300e-08 9.999064225867757560e-01
1.234113712374581775e-08 9.999048823927996210e-01
1.244147157190635251e-08 9.999033296306991669e-01
1.254180602006688726e-08 9.999017643005934097e-01
1.264214046822742367e-08 9.999001864026031416e-01
1.274247491638795842e-08 9.998985959368489329e-01
1.284280936454849318e-08 9.998969929034533521e-01
1.294314381270902793e-08 9.998953773025389680e-01
1.304347826086956269e-08 9.998937491342301254e-01
1.314381270903009909e-08 9.998921083986517244e-01
1.324414715719063385e-08 9.998904550959293314e-01
1.334448160535116860e-08 9.998887892261902888e-01
1.344481605351170336e-08 9.998871107895628274e-01
1.354515050167223811e-08 9.998854197861749560e-01
1.364548494983277452e-08 9.998837162161571257e-01
1.374581939799330927e-08 9.998820000796395657e-01
1.384615384615384403e-08 9.998802713767545036e-01
1.394648829431437878e-08 9.998785301076341669e-01
1.404682274247491519e-08 9.998767762724127817e-01
1.414715719063544994e-08 9.998750098712245737e-01
1.424749163879598470e-08 9.998732309042052124e-01
1.434782608695651945e-08 9.998714393714914772e-01
1.444816053511705420e-08 9.998696352732208137e-01
1.454849498327759061e-08 9.998678186095314446e-01
1.464882943143812537e-08 9.998659893805630361e-01
1.474916387959866012e-08 9.998641475864560313e-01
1.484949832775919487e-08 9.998622932273516506e-01
1.494983277591973128e-08 9.998604263033922246e-01
1.505016722408026604e-08 9.998585468147211941e-01
1.515050167224080079e-08 9.998566547614827771e-01
1.525083612040133554e-08 9.998547501438221907e-01
1.535117056856187030e-08 9.998528329618858734e-01
1.545150501672240505e-08 9.998509032158204857e-01
1.555183946488293981e-08 9.998489609057747973e-01
1.565217391304347456e-08 9.998470060318971342e-01
1.575250836120401262e-08 9.998450385943383756e-01
1.585284280936454738e-08 9.998430585932488457e-01
1.595317725752508213e-08 9.998410660287808671e-01
1.605351170568561688e-08 9.998390609010872065e-01
1.615384615384615164e-08 9.998370432103221850e-01
1.625418060200668639e-08 9.998350129566403455e-01
1.635451505016722115e-08 9.998329701401973413e-01
1.645484949832775590e-08 9.998309147611506020e-01
1.655518394648829065e-08 9.998288468196574463e-01
1.665551839464882872e-08 9.998267663158765250e-01
1.675585284280936347e-08 9.998246732499675993e-01
1.685618729096989823e-08 9.998225676220915403e-01
1.695652173913043298e-08 9.998204494324097746e-01
1.705685618729096773e-08 9.998183186810847278e-01
1.715719063545150249e-08 9.998161753682806019e-01
1.725752508361203724e-08 9.998140194941609327e-01
1.735785953177257200e-08 9.998118510588921426e-01
1.745819397993310675e-08 9.998096700626404321e-01
1.755852842809364150e-08 9.998074765055726676e-01
1.765886287625417957e-08 9.998052703878576031e-01
1.775919732441471432e-08 9.998030517096648806e-01
1.785953177257524907e-08 9.998008204711641422e-01
1.795986622073578383e-08 9.997985766725268064e-01
1.806020066889631858e-08 9.997963203139258459e-01
1.816053511705685334e-08 9.997940513955334563e-01
1.826086956521738809e-08 9.997917699175241646e-01
1.836120401337792284e-08 9.997894758800732751e-01
1.846153846153845760e-08 9.997871692833564250e-01
1.856187290969899566e-08 9.997848501275510280e-01
1.866220735785953041e-08 9.997825184128351639e-01
1.876254180602006517e-08 9.997801741393876895e-01
1.886287625418059992e-08 9.997778173073880170e-01
1.896321070234113468e-08 9.997754479170178898e-01
1.906354515050166943e-08 9.997730659684586074e-01
1.916387959866220418e-08 9.997706714618932455e-01
1.926421404682273894e-08 9.997682643975054351e-01
1.936454849498327369e-08 9.997658447754799171e-01
1.946488294314380845e-08 9.997634125960023210e-01
1.956521739130434651e-08 9.997609678592596083e-01
1.966555183946488126e-08 9.997585105654389626e-01
1.976588628762541602e-08 9.997560407147298989e-01
1.986622073578595077e-08 9.997535583073207111e-01
1.996655518394648553e-08 9.997510633434029126e-01
2.006688963210702028e-08 9.997485558231673508e-01
2.016722408026755503e-08 9.997460357468068715e-01
2.026755852842808979e-08 9.997435031145148754e-01
2.036789297658862454e-08 9.997409579264856516e-01
2.046822742474916260e-08 9.997384001829144884e-01
2.056856187290969736e-08 9.997358298839977842e-01
2.066889632107023211e-08 9.997332470299327145e-01
2.076923076923076687e-08 9.997306516209172322e-01
2.086956521739130162e-08 9.997280436571513995e-01
2.096989966555183637e-08 9.997254231388346124e-01
2.107023411371237113e-08 9.997227900661678213e-01
2.117056856187290588e-08 9.997201444393539749e-01
2.127090301003344064e-08 9.997174862585952448e-01
2.137123745819397539e-08 9.997148155240960232e-01
2.147157190635451345e-08 9.997121322360614792e-01
2.157190635451504821e-08 9.997094363946968931e-01
2.167224080267558296e-08 9.997067280002098766e-01
2.177257525083611771e-08 9.997040070528080413e-01
2.187290969899665247e-08 9.997012735526998872e-01
2.197324414715718722e-08 9.996985275000956905e-01
2.207357859531772198e-08 9.996957688952058385e-01
2.217391304347825673e-08 9.996929977382420507e-01
2.227424749163879148e-08 9.996902140294170458e-01
2.237458193979932955e-08 9.996874177689447638e-01
2.247491638795986430e-08 9.996846089570396998e-01
2.257525083612039905e-08 9.996817875939166820e-01
2.267558528428093381e-08 9.996789536797932030e-01
2.277591973244146856e-08 9.996761072148862004e-01
2.287625418060200332e-08 9.996732481994142772e-01
2.297658862876253807e-08 9.996703766335968133e-01
2.307692307692307282e-08 9.996674925176540771e-01
2.317725752508360758e-08 9.996645958518076691e-01
2.327759197324414233e-08 9.996616866362793008e-01
2.337792642140468040e-08 9.996587648712930152e-01
2.347826086956521515e-08 9.996558305570724112e-01
2.357859531772574990e-08 9.996528836938429752e-01
2.367892976588628466e-08 9.996499242818307485e-01
2.377926421404681941e-08 9.996469523212627717e-01
2.387959866220735417e-08 9.996439678123674177e-01
2.397993311036788892e-08 9.996409707553732815e-01
2.408026755852842367e-08 9.996379611505105123e-01
2.418060200668895843e-08 9.996349389980101474e-01
2.428093645484949649e-08 9.996319042981038905e-01
2.438127090301003124e-08 9.996288570510249993e-01
2.448160535117056600e-08 9.996257972570069539e-01
2.458193979933110075e-08 9.996227249162847883e-01
2.468227424749163551e-08 9.996196400290939810e-01
2.478260869565217026e-08 9.996165425956713424e-01
2.488294314381270501e-08 9.996134326162546824e-01
2.498327759197323977e-08 9.996103100910825878e-01
2.508361204013377452e-08 9.996071750203946449e-01
2.518394648829430928e-08 9.996040274044315499e-01
2.528428093645484734e-08 9.996008672434347764e-01
2.538461538461538209e-08 9.995976945376464640e-01
2.548494983277591685e-08 9.995945092873106397e-01
2.558528428093645160e-08 9.995913114926711085e-01
2.568561872909698635e-08 9.995881011539736738e-01
2.578595317725752111e-08 9.995848782714646941e-01
2.588628762541805586e-08 9.995816428453911939e-01
2.598662207357859062e-08 9.995783948760017523e-01
2.608695652173912537e-08 9.995751343635451702e-01
2.618729096989966343e-08 9.995718613082719139e-01
2.628762541806019819e-08 9.995685757104328939e-01
2.638795986622073294e-08 9.995652775702806858e-01
2.648829431438126769e-08 9.995619668880680875e-01
2.658862876254180245e-08 9.995586436640490069e-01
2.668896321070233720e-08 9.995553078984785733e-01
2.678929765886287196e-08 9.995519595916124711e-01
2.688963210702340671e-08 9.995485987437080500e-01
2.698996655518394146e-08 9.995452253550227706e-01
2.709030100334447622e-08 9.995418394258156480e-01
2.719063545150501428e-08 9.995384409563469186e-01
2.729096989966554904e-08 9.995350299468765964e-01
2.739130434782608379e-08 9.995316063976663612e-01
2.749163879598661854e-08 9.995281703089795577e-01
2.759197324414715330e-08 9.995247216810794200e-01
2.769230769230768805e-08 9.995212605142306250e-01
2.779264214046822281e-08 9.995177868086984052e-01
2.789297658862875756e-08 9.995143005647501022e-01
2.799331103678929231e-08 9.995108017826520586e-01
2.809364548494983038e-08 9.995072904626739474e-01
2.819397993311036513e-08 9.995037666050839986e-01
2.829431438127089988e-08 9.995002302101535507e-01
2.839464882943143464e-08 9.994966812781533871e-01
2.849498327759196939e-08 9.994931198093557345e-01
2.859531772575250415e-08 9.994895458040342628e-01
2.869565217391303890e-08 9.994859592624625311e-01
2.879598662207357365e-08 9.994823601849164296e-01
2.889632107023410841e-08 9.994787485716716269e-01
2.899665551839464316e-08 9.994751244230052345e-01
2.909698996655518122e-08 9.994714877391952523e-01
2.919732441471571598e-08 9.994678385205210125e-01
2.929765886287625073e-08 9.994641767672622912e-01
2.939799331103678549e-08 9.994605024796997528e-01
2.949832775919732024e-08 9.994568156581159490e-01
2.959866220735785499e-08 9.994531163027927656e-01
2.969899665551838975e-08 9.994494044140149747e-01
2.979933110367892450e-08 9.994456799920667933e-01
2.989966555183946256e-08 9.994419430372337709e-01
2.999999999999999732e-08 9.994381935498033442e-01
