0.000000000000000000e+00 9.999999999999995559e-01
1.003344481605351029e-10 9.999989650362490767e-01
2.006688963210702059e-10 9.999958601580762885e-01
3.010033444816052959e-10 9.999906854047190263e-01
4.013377926421404118e-10 9.999834408415715359e-01
5.016722408026755277e-10 9.999741265601856943e-01
6.020066889632105918e-10 9.999627426782650153e-01
7.023411371237457594e-10 9.999492893396665361e-01
8.026755852842808236e-10 9.999337667143944897e-01
9.030100334448158877e-10 9.999161749985989722e-01
1.003344481605351055e-09 9.998965144145693928e-01
1.103678929765886223e-09 9.998747852107319201e-01
1.204013377926421184e-09 9.998509876616437086e-01
1.304347826086956351e-09 9.998251220679853501e-01
1.404682274247491519e-09 9.997971887565569871e-01
1.505016722408026480e-09 9.997671880802692090e-01
1.605351170568561647e-09 9.997351204181370576e-01
1.705685618729096815e-09 9.997009861752709226e-01
1.806020066889631775e-09 9.996647857828686590e-01
1.906354515050166943e-09 9.996265196982058177e-01
2.006688963210702111e-09 9.995861884046257639e-01
2.107023411371237278e-09 9.995437924115303518e-01
2.207357859531772446e-09 9.994993322543679337e-01
2.307692307692307200e-09 9.994528084946230351e-01
2.408026755852842367e-09 9.994042217198025879e-01
2.508361204013377535e-09 9.993535725434262718e-01
2.608695652173912702e-09 9.993008616050105264e-01
2.709030100334447870e-09 9.992460895700564505e-01
2.809364548494983038e-09 9.991892571300357018e-01
2.909698996655517792e-09 9.991303650023750649e-01
3.010033444816052959e-09 9.990694139304412413e-01
3.110367892976588127e-09 9.990064046835257505e-01
3.210702341137123294e-09 9.989413380568283873e-01
3.311036789297658462e-09 9.988742148714389035e-01
3.411371237458193629e-09 9.988050359743209095e-01
3.511705685618728797e-09 9.987338022382939995e-01
3.612040133779263551e-09 9.986605145620144341e-01
3.712374581939798719e-09 9.985851738699557112e-01
3.812709030100333886e-09 9.985077811123895808e-01
3.913043478260868640e-09 9.984283372653661726e-01
4.013377926421404221e-09 9.983468433306913470e-01
4.113712374581938975e-09 9.982633003359089319e-01
4.214046822742474556e-09 9.981777093342737439e-01
4.314381270903009310e-09 9.980900714047337141e-01
4.414715719063544892e-09 9.980003876519051298e-01
4.515050167224079646e-09 9.979086592060488758e-01
4.615384615384614399e-09 9.978148872230463429e-01
4.715719063545149981e-09 9.977190728843762235e-01
4.816053511705684735e-09 9.976212173970865349e-01
4.916387959866220316e-09 9.975213219937730802e-01
5.016722408026755070e-09 9.974193879325490286e-01
5.117056856187290651e-09 9.973154164970206015e-01
5.217391304347825405e-09 9.972094089962596497e-01
5.317725752508360159e-09 9.971013667647741219e-01
5.418060200668895740e-09 9.969912911624827512e-01
5.518394648829430494e-09 9.968791835746826369e-01
5.618729096989966075e-09 9.967650454120222658e-01
5.719063545150500829e-09 9.966488781104706485e-01
5.819397993311035583e-09 9.965306831312865654e-01
5.919732441471571164e-09 9.964104619609883695e-01
6.020066889632105918e-09 9.962882161113211232e-01
6.120401337792641499e-09 9.961639471192265116e-01
6.220735785953176253e-09 9.960376565468070931e-01
6.321070234113711835e-09 9.959093459812966564e-01
6.421404682274246589e-09 9.957790170350236947e-01
6.521739130434781343e-09 9.956466713453786532e-01
6.622073578595316924e-09 9.955123105747789580e-01
6.722408026755851678e-09 9.953759364106335994e-01
6.822742474916387259e-09 9.952375505653064947e-01
6.923076923076922013e-09 9.950971547760827374e-01
7.023411371237457594e-09 9.949547508051276301e-01
7.123745819397992348e-09 9.948103404394532667e-01
7.224080267558527102e-09 9.946639254908791195e-01
7.324414715719062683e-09 9.945155077959916268e-01
7.424749163879597437e-09 9.943650892161096655e-01
7.525083612040133018e-09 9.942126716372409190e-01
7.625418060200667772e-09 9.940582569700437965e-01
7.725752508361202526e-09 9.939018471497871321e-01
7.826086956521737280e-09 9.937434441363081072e-01
7.926421404682273689e-09 9.935830499139722827e-01
8.026755852842808442e-09 9.934206664916298557e-01
8.127090301003343196e-09 9.932562959025743599e-01
8.227424749163877950e-09 9.930899402044984781e-01
8.327759197324414359e-09 9.929216014794526313e-01
8.428093645484949113e-09 9.927512818337979050e-01
8.528428093645483867e-09 9.925789833981645272e-01
8.628762541806018621e-09 9.924047083274041281e-01
8.729096989966553375e-09 9.922284588005458872e-01
8.829431438127089783e-09 9.920502370207501253e-01
8.929765886287624537e-09 9.918700452152608982e-01
9.030100334448159291e-09 9.916878856353608107e-01
9.130434782608694045e-09 9.915037605563202794e-01
9.230769230769228799e-09 9.913176722773534566e-01
9.331103678929765207e-09 9.911296231215661612e-01
9.431438127090299961e-09 9.909396154359090270e-01
9.531772575250834715e-09 9.907476515911262105e-01
9.632107023411369469e-09 9.905537339817074294e-01
9.732441471571904223e-09 9.903578650258355598e-01
9.832775919732440632e-09 9.901600471653364544e-01
9.933110367892975386e-09 9.899602828656277609e-01
1.003344481605351014e-08 9.897585746156657427e-01
1.013377926421404489e-08 9.895549249278945414e-01
1.023411371237458130e-08 9.893493363381907768e-01
1.033444816053511606e-08 9.891418114058135869e-01
1.043478260869565081e-08 9.889323527133461189e-01
1.053511705685618556e-08 9.887209628666461247e-01
1.063545150501672032e-08 9.885076444947870078e-01
1.073578595317725673e-08 9.882924002500048655e-01
1.083612040133779148e-08 9.880752328076415347e-01
1.093645484949832623e-08 9.878561448660887478e-01
1.103678929765886099e-08 9.876351391467312890e-01
1.113712374581939574e-08 9.874122183938893738e-01
1.123745819397993215e-08 9.871873853747624716e-01
1.133779264214046690e-08 9.869606428793683550e-01
1.143812709030100166e-08 9.867319937204870328e-01
1.153846153846153641e-08 9.865014407336012425e-01
1.163879598662207117e-08 9.862689867768343888e-01
1.173913043478260757e-08 9.860346347308946990e-01
1.183946488294314233e-08 9.857983874990112749e-01
1.193979933110367708e-08 9.855602480068745841e-01
1.204013377926421184e-08 9.853202192025752870e-01
1.214046822742474824e-08 9.850783040565413984e-01
1.224080267558528300e-08 9.848345055614774468e-01
1.234113712374581775e-08 9.845888267323006371e-01
1.244147157190635251e-08 9.843412706060774564e-01
1.254180602006688726e-08 9.840918402419611688e-01
1.264214046822742367e-08 9.838405387211264230e-01
1.274247491638795842e-08 9.835873691467066360e-01
1.284280936454849318e-08 9.833323346437272683e-01
1.294314381270902793e-08 9.830754383590404322e-01
1.304347826086956269e-08 9.828166834612599434e-01
1.314381270903009909e-08 9.825560731406958181e-01
1.324414715719063385e-08 9.822936106092852171e-01
1.334448160535116860e-08 9.820292991005271643e-01
1.344481605351170336e-08 9.817631418694143797e-01
1.354515050167223811e-08 9.814951421923658881e-01
1.364548494983277452e-08 9.812253033671571867e-01
1.374581939799330927e-08 9.809536287128535204e-01
1.384615384615384403e-08 9.806801215697382723e-01
1.394648829431437878e-08 9.804047852992454626e-01
1.404682274247491519e-08 9.801276232838883606e-01
1.414715719063544994e-08 9.798486389271889863e-01
1.424749163879598470e-08 9.795678356536081655e-01
1.434782608695651945e-08 9.792852169084731440e-01
1.444816053511705420e-08 9.790007861579065329e-01
1.454849498327759061e-08 9.787145468887539224e-01
1.464882943143812537e-08 9.784265026085109396e-01
1.474916387959866012e-08 9.781366568452513066e-01
1.484949832775919487e-08 9.778450131475524554e-01
1.494983277591973128e-08 9.775515750844221419e-01
1.505016722408026604e-08 9.772563462452250604e-01
1.515050167224080079e-08 9.769593302396067935e-01
1.525083612040133554e-08 9.766605306974200928e-01
1.535117056856187030e-08 9.763599512686489401e-01
1.545150501672240505e-08 9.760575956233337180e-01
1.555183946488293981e-08 9.757534674514929396e-01
1.565217391304347456e-08 9.754475704630503063e-01
1.575250836120401262e-08 9.751399083877535512e-01
1.585284280936454738e-08 9.748304849751013856e-01
1.595317725752508213e-08 9.745193039942625646e-01
1.605351170568561688e-08 9.742063692340000580e-01
1.615384615384615164e-08 9.738916845025913371e-01
1.625418060200668639e-08 9.735752536277504365e-01
1.635451505016722115e-08 9.732570804565483513e-01
1.645484949832775590e-08 9.729371688553334341e-01
1.655518394648829065e-08 9.726155227096524580e-01
1.665551839464882872e-08 9.722921459241694597e-01
1.675585284280936347e-08 9.719670424225849148e-01
1.685618729096989823e-08 9.716402161475565791e-01
1.695652173913043298e-08 9.713116710606157778e-01
1.705685618729096773e-08 9.709814111420876914e-01
1.715719063545150249e-08 9.706494403910085333e-01
1.725752508361203724e-08 9.703157628250425049e-01
1.735785953177257200e-08 9.699803824804013042e-01
1.745819397993310675e-08 9.696433034117580840e-01
1.755852842809364150e-08 9.693045296921669607e-01
1.765886287625417957e-08 9.689640654129769715e-01
1.775919732441471432e-08 9.686219146837493632e-01
1.785953177257524907e-08 9.682780816321737705e-01
1.795986622073578383e-08 9.679325704039809519e-01
1.806020066889631858e-08 9.675853851628601898e-01
1.816053511705685334e-08 9.672365300903729146e-01
1.826086956521738809e-08 9.668860093858668847e-01
1.836120401337792284e-08 9.665338272663909214e-01
1.846153846153845760e-08 9.661799879666076452e-01
1.856187290969899566e-08 9.658244957387066565e-01
1.866220735785953041e-08 9.654673548523189375e-01
1.876254180602006517e-08 9.651085695944271459e-01
1.886287625418059992e-08 9.647481442692815712e-01
1.896321070234113468e-08 9.643860831983082083e-01
1.906354515050166943e-08 9.640223907200230480e-01
1.916387959866220418e-08 9.636570711899430375e-01
1.926421404682273894e-08 9.632901289804961520e-01
1.936454849498327369e-08 9.629215684809343534e-01
1.946488294314380845e-08 9.625513940972418858e-01
1.956521739130434651e-08 9.621796102520467908e-01
1.966555183946488126e-08 9.618062213845310904e-01
1.976588628762541602e-08 9.614312319503393045e-01
1.986622073578595077e-08 9.610546464214888562e-01
1.996655518394648553e-08 9.606764692862785893e-01
2.006688963210702028e-08 9.602967050491976186e-01
2.016722408026755503e-08 9.599153582308346255e-01
2.026755852842808979e-08 9.595324333677850426e-01
2.036789297658862454e-08 9.591479350125596826e-01
2.046822742474916260e-08 9.587618677334921458e-01
2.056856187290969736e-08 9.583742361146461164e-01
2.066889632107023211e-08 9.579850447557233251e-01
2.076923076923076687e-08 9.575942982719692909e-01
2.086956521739130162e-08 9.572020012940817280e-01
2.096989966555183637e-08 9.568081584681132901e-01
2.107023411371237113e-08 9.564127744553829746e-01
2.117056856187290588e-08 9.560158539323774241e-01
2.127090301003344064e-08 9.556174015906587771e-01
2.137123745819397539e-08 9.552174221367694118e-01
2.147157190635451345e-08 9.548159202921371325e-01
2.157190635451504821e-08 9.544129007929802455e-01
2.167224080267558296e-08 9.540083683902113032e-01
2.177257525083611771e-08 9.536023278493431787e-01
2.187290969899665247e-08 9.531947839503912556e-01
2.197324414715718722e-08 9.527857414877792808e-01
2.207357859531772198e-08 9.523752052702407767e-01
2.217391304347825673e-08 9.519631801207253385e-01
2.227424749163879148e-08 9.515496708762982703e-01
2.237458193979932955e-08 9.511346823880473256e-01
2.247491638795986430e-08 9.507182195209826769e-01
2.257525083612039905e-08 9.503002871539412144e-01
2.267558528428093381e-08 9.498808901794876247e-01
2.277591973244146856e-08 9.494600335038176908e-01
2.287625418060200332e-08 9.490377220466589270e-01
2.297658862876253807e-08 9.486139607411731012e-01
2.307692307692307282e-08 9.481887545338576473e-01
2.317725752508360758e-08 9.477621083844474104e-01
2.327759197324414233e-08 9.473340272658146155e-01
2.337792642140468040e-08 9.469045161638701691e-01
2.347826086956521515e-08 9.464735800774650709e-01
2.357859531772574990e-08 9.460412240182906052e-01
2.367892976588628466e-08 9.456074530107771992e-01
2.377926421404681941e-08 9.451722720919977228e-01
2.387959866220735417e-08 9.447356863115640158e-01
2.397993311036788892e-08 9.442977007315281890e-01
2.408026755852842367e-08 9.438583204262830373e-01
2.418060200668895843e-08 9.434175504824602321e-01
2.428093645484949649e-08 9.429753959988299572e-01
2.438127090301003124e-08 9.425318620861991015e-01
2.448160535117056600e-08 9.420869538673122268e-01
2.458193979933110075e-08 9.416406764767479842e-01
2.468227424749163551e-08 9.411930350608195273e-01
2.478260869565217026e-08 9.407440347774712608e-01
2.488294314381270501e-08 9.402936807961792542e-01
2.498327759197323977e-08 9.398419782978463255e-01
2.508361204013377452e-08 9.393889324747027869e-01
2.518394648829430928e-08 9.389345485302026395e-01
2.528428093645484734e-08 9.384788316789220985e-01
2.538461538461538209e-08 9.380217871464562318e-01
2.548494983277591685e-08 9.375634201693170411e-01
2.558528428093645160e-08 9.371037359948301004e-01
2.568561872909698635e-08 9.366427398810321936e-01
2.578595317725752111e-08 9.361804370965673971e-01
2.588628762541805586e-08 9.357168329205857171e-01
2.598662207357859062e-08 9.352519326426371737e-01
2.608695652173912537e-08 9.347857415625704380e-01
2.618729096989966343e-08 9.343182649904284709e-01
2.628762541806019819e-08 9.338495082463447172e-01
2.638795986622073294e-08 9.333794766604395221e-01
2.648829431438126769e-08 9.329081755727167691e-01
2.658862876254180245e-08 9.324356103329588530e-01
2.668896321070233720e-08 9.319617863006226521e-01
2.678929765886287196e-08 9.314867088447360555e-01
2.688963210702340671e-08 9.310103833437931575e-01
2.698996655518394146e-08 9.305328151856500085e-01
2.709030100334447622e-08 9.300540097674192541e-01
2.719063545150501428e-08 9.295739724953668848e-01
2.729096989966554904e-08 9.290927087848063204e-01
2.739130434782608379e-08 9.286102240599944935e-01
2.749163879598661854e-08 9.281265237540263779e-01
2.759197324414715330e-08 9.276416133087289628e-01
2.769230769230768805e-08 9.271554981745591117e-01
2.779264214046822281e-08 9.266681838104956492e-01
2.789297658862875756e-08 9.261796756839351108e-01
2.799331103678929231e-08 9.256899792705868268e-01
2.809364548494983038e-08 9.251991000543667854e-01
2.819397993311036513e-08 9.247070435272932709e-01
2.829431438127089988e-08 9.242138151893793951e-01
2.839464882943143464e-08 9.237194205485298459e-01
2.849498327759196939e-08 9.232238651204344171e-01
2.859531772575250415e-08 9.227271544284609828e-01
2.869565217391303890e-08 9.222292940035515807e-01
2.879598662207357365e-08 9.217302893841166078e-01
2.889632107023410841e-08 9.212301461159269067e-01
2.899665551839464316e-08 9.207288697520109588e-01
2.909698996655518122e-08 9.202264658525453056e-01
2.919732441471571598e-08 9.197229399847526299e-01
2.929765886287625073e-08 9.192182977227921770e-01
2.939799331103678549e-08 9.187125446476561708e-01
2.949832775919732024e-08 9.182056863470624553e-01
2.959866220735785499e-08 9.176977284153482461e-01
2.969899665551838975e-08 9.171886764533655478e-01
2.979933110367892450e-08 9.166785360683734618e-01
2.989966555183946256e-08 9.161673128739321603e-01
2.999999999999999732e-08 9.156550124897979703e-01
