0.000000000000000000e+00 9.999999999999995559e-01
1.003344481605351029e-10 9.999996967091344668e-01
2.006688963210702059e-10 9.999987868376619682e-01
3.010033444816052959e-10 9.999972703889518089e-01
4.013377926421404118e-10 9.999951473686194969e-01
5.016722408026755277e-10 9.999924177845278539e-01
6.020066889632105918e-10 9.999890816467846832e-01
7.023411371237457594e-10 9.999851389677453239e-01
8.026755852842808236e-10 9.999805897620097639e-01
9.030100334448158877e-10 9.999754340464257485e-01
1.003344481605351055e-09 9.999696718400850060e-01
1.103678929765886223e-09 9.999633031643266889e-01
1.204013377926421184e-09 9.999563280427345990e-01
1.304347826086956351e-09 9.999487465011387410e-01
1.404682274247491519e-09 9.999405585676137687e-01
1.505016722408026480e-09 9.999317642724806499e-01
1.605351170568561647e-09 9.999223636483037803e-01
1.705685618729096815e-09 9.999123567298937587e-01
1.806020066889631775e-09 9.999017435543047227e-01
1.906354515050166943e-09 9.998905241608363470e-01
2.006688963210702111e-09 9.998786985910306235e-01
2.107023411371237278e-09 9.998662668886754146e-01
2.207357859531772446e-09 9.998532290998005667e-01
2.307692307692307200e-09 9.998395852726799093e-01
2.408026755852842367e-09 9.998253354578305885e-01
2.508361204013377535e-09 9.998104797080110684e-01
2.608695652173912702e-09 9.997950180782236851e-01
2.709030100334447870e-09 9.997789506257116487e-01
2.809364548494983038e-09 9.997622774099605980e-01
2.909698996655517792e-09 9.997449984926971567e-01
3.010033444816052959e-09 9.997271139378882676e-01
3.110367892976588127e-09 9.997086238117419699e-01
3.210702341137123294e-09 9.996895281827063995e-01
3.311036789297658462e-09 9.996698271214686793e-01
3.411371237458193629e-09 9.996495207009561401e-01
3.511705685618728797e-09 9.996286089963339894e-01
3.612040133779263551e-09 9.996070920850053110e-01
3.712374581939798719e-09 9.995849700466127308e-01
3.812709030100333886e-09 9.995622429630340866e-01
3.913043478260868640e-09 9.995389109183856480e-01
4.013377926421404221e-09 9.995149739990186744e-01
4.113712374581938975e-09 9.994904322935210805e-01
4.214046822742474556e-09 9.994652858927152161e-01
4.314381270903009310e-09 9.994395348896584208e-01
4.414715719063544892e-09 9.994131793796420249e-01
4.515050167224079646e-09 9.993862194601906834e-01
4.615384615384614399e-09 9.993586552310612658e-01
4.715719063545149981e-09 9.993304867942438552e-01
4.816053511705684735e-09 9.993017142539598607e-01
4.916387959866220316e-09 9.992723377166609078e-01
5.016722408026755070e-09 9.992423572910292817e-01
5.117056856187290651e-09 9.992117730879770399e-01
5.217391304347825405e-09 9.991805852206442351e-01
5.317725752508360159e-09 9.991487938044001371e-01
5.418060200668895740e-09 9.991163989568412340e-01
5.518394648829430494e-09 9.990834007977895670e-01
5.618729096989966075e-09 9.990497994492946177e-01
5.719063545150500829e-09 9.990155950356300885e-01
5.819397993311035583e-09 9.989807876832945688e-01
5.919732441471571164e-09 9.989453775210103137e-01
6.020066889632105918e-09 9.989093646797215786e-01
6.120401337792641499e-09 9.988727492925955076e-01
6.220735785953176253e-09 9.988355314950203567e-01
6.321070234113711835e-09 9.987977114246036070e-01
6.421404682274246589e-09 9.987592892211738516e-01
6.521739130434781343e-09 9.987202650267770210e-01
6.622073578595316924e-09 9.986806389856772714e-01
6.722408026755851678e-09 9.986404112443553194e-01
6.822742474916387259e-09 9.985995819515077754e-01
6.923076923076922013e-09 9.985581512580465890e-01
7.023411371237457594e-09 9.985161193170972727e-01
7.123745819397992348e-09 9.984734862839987901e-01
7.224080267558527102e-09 9.984302523163016696e-01
7.324414715719062683e-09 9.983864175737680036e-01
7.424749163879597437e-09 9.983419822183692283e-01
7.525083612040133018e-09 9.982969464142876781e-01
7.625418060200667772e-09 9.982513103279113675e-01
7.725752508361202526e-09 9.982050741278368777e-01
7.826086956521737280e-09 9.981582379848669140e-01
7.926421404682273689e-09 9.981108020720080853e-01
8.026755852842808442e-09 9.980627665644712376e-01
8.127090301003343196e-09 9.980141316396708984e-01
8.227424749163877950e-09 9.979648974772213910e-01
8.327759197324414359e-09 9.979150642589390552e-01
8.428093645484949113e-09 9.978646321688392495e-01
8.528428093645483867e-09 9.978136013931353521e-01
8.628762541806018621e-09 9.977619721202377612e-01
8.729096989966553375e-09 9.977097445407532295e-01
8.829431438127089783e-09 9.976569188474827543e-01
8.929765886287624537e-09 9.976034952354209118e-01
9.030100334448159291e-09 9.975494739017549684e-01
9.130434782608694045e-09 9.974948550458628826e-01
9.230769230769228799e-09 9.974396388693124171e-01
9.331103678929765207e-09 9.973838255758600280e-01
9.431438127090299961e-09 9.973274153714493107e-01
9.531772575250834715e-09 9.972704084642105560e-01
9.632107023411369469e-09 9.972128050644575303e-01
9.732441471571904223e-09 9.971546053846886970e-01
9.832775919732440632e-09 9.970958096395835524e-01
9.933110367892975386e-09 9.970364180460029591e-01
1.003344481605351014e-08 9.969764308229870364e-01
1.013377926421404489e-08 9.969158481917540504e-01
1.023411371237458130e-08 9.968546703756986371e-01
1.033444816053511606e-08 9.967928976003905817e-01
1.043478260869565081e-08 9.967305300935738188e-01
1.053511705685618556e-08 9.966675680851652119e-01
1.063545150501672032e-08 9.966040118072516663e-01
1.073578595317725673e-08 9.965398614940899069e-01
1.083612040133779148e-08 9.964751173821052577e-01
1.093645484949832623e-08 9.964097797098889764e-01
1.103678929765886099e-08 9.963438487181983660e-01
1.113712374581939574e-08 9.962773246499533331e-01
1.123745819397993215e-08 9.962102077502362762e-01
1.133779264214046690e-08 9.961424982662909766e-01
1.143812709030100166e-08 9.960741964475190446e-01
1.153846153846153641e-08 9.960053025454805864e-01
1.163879598662207117e-08 9.959358168138909839e-01
1.173913043478260757e-08 9.958657395086204511e-01
1.183946488294314233e-08 9.957950708876915913e-01
1.193979933110367708e-08 9.957238112112787309e-01
1.204013377926421184e-08 9.956519607417054774e-01
1.214046822742474824e-08 9.955795197434429422e-01
1.224080267558528300e-08 9.955064884831090755e-01
1.234113712374581775e-08 9.954328672294662228e-01
1.244147157190635251e-08 9.953586562534196824e-01
1.254180602006688726e-08 9.952838558280160397e-01
1.264214046822742367e-08 9.952084662284417238e-01
1.274247491638795842e-08 9.951324877320202322e-01
1.284280936454849318e-08 9.950559206182125749e-01
1.294314381270902793e-08 9.949787651686122780e-01
1.304347826086956269e-08 9.949010216669472717e-01
1.314381270903009909e-08 9.948226903990754488e-01
1.324414715719063385e-08 9.947437716529835550e-01
1.334448160535116860e-08 9.946642657187869663e-01
1.344481605351170336e-08 9.945841728887248046e-01
1.354515050167223811e-08 9.945034934571610474e-01
1.364548494983277452e-08 9.944222277205819749e-01
1.374581939799330927e-08 9.943403759775921724e-01
1.384615384615384403e-08 9.942579385289160854e-01
1.394648829431437878e-08 9.941749156773934670e-01
1.404682274247491519e-08 9.940913077279792676e-01
1.414715719063544994e-08 9.940071149877399703e-01
1.424749163879598470e-08 9.939223377658532588e-01
1.434782608695651945e-08 9.938369763736065732e-01
1.444816053511705420e-08 9.937510311243914485e-01
1.454849498327759061e-08 9.936645023337069560e-01
1.464882943143812537e-08 9.935773903191539302e-01
1.474916387959866012e-08 9.934896954004338587e-01
1.484949832775919487e-08 9.934014178993471056e-01
1.494983277591973128e-08 9.933125581397914683e-01
1.505016722408026604e-08 9.932231164477598462e-01
1.515050167224080079e-08 9.931330931513376870e-01
1.525083612040133554e-08 9.930424885807002111e-01
1.535117056856187030e-08 9.929513030681135222e-01
1.545150501672240505e-08 9.928595369479290556e-01
1.555183946488293981e-08 9.927671905565829125e-01
1.565217391304347456e-08 9.926742642325947497e-01
1.575250836120401262e-08 9.925807583165637826e-01
1.585284280936454738e-08 9.924866731511678974e-01
1.595317725752508213e-08 9.923920090811613193e-01
1.605351170568561688e-08 9.922967664533725030e-01
1.615384615384615164e-08 9.922009456167011354e-01
1.625418060200668639e-08 9.921045469221181357e-01
1.635451505016722115e-08 9.920075707226607697e-01
1.645484949832775590e-08 9.919100173734316517e-01
1.655518394648829065e-08 9.918118872315981882e-01
1.665551839464882872e-08 9.917131806563870278e-01
1.675585284280936347e-08 9.916138980090846156e-01
1.685618729096989823e-08 9.915140396530337519e-01
1.695652173913043298e-08 9.914136059536315937e-01
1.705685618729096773e-08 9.913125972783273232e-01
1.715719063545150249e-08 9.912110139966199274e-01
1.725752508361203724e-08 9.911088564800555334e-01
1.735785953177257200e-08 9.910061251022261875e-01
1.745819397993310675e-08 9.909028202387667461e-01
1.755852842809364150e-08 9.907989422673513236e-01
1.765886287625417957e-08 9.906944915676944019e-01
1.775919732441471432e-08 9.905894685215445028e-01
1.785953177257524907e-08 9.904838735126846316e-01
1.795986622073578383e-08 9.903777069269287248e-01
1.806020066889631858e-08 9.902709691521194291e-01
1.816053511705685334e-08 9.901636605781256595e-01
1.826086956521738809e-08 9.900557815968406006e-01
1.836120401337792284e-08 9.899473326021784869e-01
1.846153846153845760e-08 9.898383139900731598e-01
1.856187290969899566e-08 9.897287261584750695e-01
1.866220735785953041e-08 9.896185695073483890e-01
1.876254180602006517e-08 9.895078444386693484e-01
1.886287625418059992e-08 9.893965513564235703e-01
1.896321070234113468e-08 9.892846906666030726e-01
1.906354515050166943e-08 9.891722627772041587e-01
1.916387959866220418e-08 9.890592680982255303e-01
1.926421404682273894e-08 9.889457070416639572e-01
1.936454849498327369e-08 9.888315800215136120e-01
1.946488294314380845e-08 9.887168874537622942e-01
1.956521739130434651e-08 9.886016297563903210e-01
1.966555183946488126e-08 9.884858073493658637e-01
1.976588628762541602e-08 9.883694206546435046e-01
1.986622073578595077e-08 9.882524700961626829e-01
1.996655518394648553e-08 9.881349560998424764e-01
2.006688963210702028e-08 9.880168790935812684e-01
2.016722408026755503e-08 9.878982395072537503e-01
2.026755852842808979e-08 9.877790377727068138e-01
2.036789297658862454e-08 9.876592743237586625e-01
2.046822742474916260e-08 9.875389495961953701e-01
2.056856187290969736e-08 9.874180640277673282e-01
2.066889632107023211e-08 9.872966180581894680e-01
2.076923076923076687e-08 9.871746121291338216e-01
2.086956521739130162e-08 9.870520466842315210e-01
2.096989966555183637e-08 9.869289221690671354e-01
2.107023411371237113e-08 9.868052390311774502e-01
2.117056856187290588e-08 9.866809977200471371e-01
2.127090301003344064e-08 9.865561986871078659e-01
2.137123745819397539e-08 9.864308423857348629e-01
2.147157190635451345e-08 9.863049292712423588e-01
2.157190635451504821e-08 9.861784598008840330e-01
2.167224080267558296e-08 9.860514344338467962e-01
2.177257525083611771e-08 9.859238536312513457e-01
2.187290969899665247e-08 9.857957178561463918e-01
2.197324414715718722e-08 9.856670275735076592e-01
2.207357859531772198e-08 9.855377832502337787e-01
2.217391304347825673e-08 9.854079853551446222e-01
2.227424749163879148e-08 9.852776343589778607e-01
2.237458193979932955e-08 9.851467307343859670e-01
2.247491638795986430e-08 9.850152749559325516e-01
2.257525083612039905e-08 9.848832675000920300e-01
2.267558528428093381e-08 9.847507088452429613e-01
2.277591973244146856e-08 9.846175994716691582e-01
2.287625418060200332e-08 9.844839398615528037e-01
2.297658862876253807e-08 9.843497304989752283e-01
2.307692307692307282e-08 9.842149718699096939e-01
2.317725752508360758e-08 9.840796644622235023e-01
2.327759197324414233e-08 9.839438087656702248e-01
2.337792642140468040e-08 9.838074052718900342e-01
2.347826086956521515e-08 9.836704544744045986e-01
2.357859531772574990e-08 9.835329568686155266e-01
2.367892976588628466e-08 9.833949129518000376e-01
2.377926421404681941e-08 9.832563232231092964e-01
2.387959866220735417e-08 9.831171881835645276e-01
2.397993311036788892e-08 9.829775083360531296e-01
2.408026755852842367e-08 9.828372841853274533e-01
2.418060200668895843e-08 9.826965162380005836e-01
2.428093645484949649e-08 9.825552050025435635e-01
2.438127090301003124e-08 9.824133509892813976e-01
2.448160535117056600e-08 9.822709547103910532e-01
2.458193979933110075e-08 9.821280166798984634e-01
2.468227424749163551e-08 9.819845374136743077e-01
2.478260869565217026e-08 9.818405174294313476e-01
2.488294314381270501e-08 9.816959572467218731e-01
2.498327759197323977e-08 9.815508573869323738e-01
2.508361204013377452e-08 9.814052183732846490e-01
2.518394648829430928e-08 9.812590407308272589e-01
2.528428093645484734e-08 9.811123249864367457e-01
2.538461538461538209e-08 9.809650716688109728e-01
2.548494983277591685e-08 9.808172813084693464e-01
2.558528428093645160e-08 9.806689544377465984e-01
2.568561872909698635e-08 9.805200915907906767e-01
2.578595317725752111e-08 9.803706933035601923e-01
2.588628762541805586e-08 9.802207601138198667e-01
2.598662207357859062e-08 9.800702925611382010e-01
2.608695652173912537e-08 9.799192911868833678e-01
2.618729096989966343e-08 9.797677565342208794e-01
2.628762541806019819e-08 9.796156891481093698e-01
2.638795986622073294e-08 9.794630895752980404e-01
2.648829431438126769e-08 9.793099583643222195e-01
2.658862876254180245e-08 9.791562960655014747e-01
2.668896321070233720e-08 9.790021032309353943e-01
2.678929765886287196e-08 9.788473804144995905e-01
2.688963210702340671e-08 9.786921281718441445e-01
2.698996655518394146e-08 9.785363470603887226e-01
2.709030100334447622e-08 9.783800376393190223e-01
2.719063545150501428e-08 9.782232004695849970e-01
2.729096989966554904e-08 9.780658361138949708e-01
2.739130434782608379e-08 9.779079451367154174e-01
2.749163879598661854e-08 9.777495281042646313e-01
2.759197324414715330e-08 9.775905855845100634e-01
2.769230769230768805e-08 9.774311181471659893e-01
2.779264214046822281e-08 9.772711263636890688e-01
2.789297658862875756e-08 9.771106108072745711e-01
2.799331103678929231e-08 9.769495720528533766e-01
2.809364548494983038e-08 9.767880106770896464e-01
2.819397993311036513e-08 9.766259272583743822e-01
2.829431438127089988e-08 9.764633223768247605e-01
2.839464882943143464e-08 9.763001966142794696e-01
2.849498327759196939e-08 9.761365505542946019e-01
2.859531772575250415e-08 9.759723847821409892e-01
2.869565217391303890e-08 9.758076998848008721e-01
2.879598662207357365e-08 9.756424964509633480e-01
2.889632107023410841e-08 9.754767750710210406e-01
2.899665551839464316e-08 9.753105363370669911e-01
2.909698996655518122e-08 9.751437808428908838e-01
2.919732441471571598e-08 9.749765091839759368e-01
2.929765886287625073e-08 9.748087219574933515e-01
2.939799331103678549e-08 9.746404197623015353e-01
2.949832775919732024e-08 9.744716031989402172e-01
2.959866220735785499e-08 9.743022728696277834e-01
2.969899665551838975e-08 9.741324293782573918e-01
2.979933110367892450e-08 9.739620733303934186e-01
2.989966555183946256e-08 9.737912053332680173e-01
2.999999999999999732e-08 9.736198259957761225e-01
