0.000000000000000000e+00 9.999999999999995559e-01
1.003344481605351029e-10 9.999900714657877776e-01
2.006688963210702059e-10 9.999602870667934074e-01
3.010033444816052959e-10 9.999106504136930917e-01
4.013377926421404118e-10 9.998411675234608609e-01
5.016722408026755277e-10 9.997518468181370022e-01
6.020066889632105918e-10 9.996426991231043280e-01
7.023411371237457594e-10 9.995137376648743910e-01
8.026755852842808236e-10 9.993649780683823147e-01
9.030100334448158877e-10 9.991964383537905725e-01
1.003344481605351055e-09 9.990081389328058226e-01
1.103678929765886223e-09 9.988001026045035813e-01
1.204013377926421184e-09 9.985723545506699494e-01
1.304347826086956351e-09 9.983249223306546183e-01
1.404682274247491519e-09 9.980578358757418167e-01
1.505016722408026480e-09 9.977711274830343147e-01
1.605351170568561647e-09 9.974648318088616961e-01
1.705685618729096815e-09 9.971389858617034641e-01
1.806020066889631775e-09 9.967936289946390804e-01
1.906354515050166943e-09 9.964288028973199429e-01
2.006688963210702111e-09 9.960445515874689626e-01
2.107023411371237278e-09 9.956409214019077414e-01
2.207357859531772446e-09 9.952179609871184551e-01
2.307692307692307200e-09 9.947757212893345580e-01
2.408026755852842367e-09 9.943142555441739638e-01
2.508361204013377535e-09 9.938336192658061563e-01
2.608695652173912702e-09 9.933338702356655503e-01
2.709030100334447870e-09 9.928150684907085521e-01
2.809364548494983038e-09 9.922772763112187588e-01
2.909698996655517792e-09 9.917205582081664028e-01
3.010033444816052959e-09 9.911449809101197106e-01
3.110367892976588127e-09 9.905506133497180565e-01
3.210702341137123294e-09 9.899375266497060233e-01
3.311036789297658462e-09 9.893057941085328100e-01
3.411371237458193629e-09 9.886554911855256478e-01
3.511705685618728797e-09 9.879866954856318939e-01
3.612040133779263551e-09 9.872994867437427935e-01
3.712374581939798719e-09 9.865939468086010189e-01
3.812709030100333886e-09 9.858701596262900990e-01
3.913043478260868640e-09 9.851282112233191723e-01
4.013377926421404221e-09 9.843681896893022865e-01
4.113712374581938975e-09 9.835901851592375733e-01
4.214046822742474556e-09 9.827942897953918511e-01
4.314381270903009310e-09 9.819805977687959819e-01
4.414715719063544892e-09 9.811492052403539832e-01
4.515050167224079646e-09 9.803002103415722202e-01
4.615384615384614399e-09 9.794337131549151199e-01
4.715719063545149981e-09 9.785498156937891823e-01
4.816053511705684735e-09 9.776486218821660579e-01
4.916387959866220316e-09 9.767302375338415832e-01
5.016722408026755070e-09 9.757947703313469834e-01
5.117056856187290651e-09 9.748423298045088004e-01
5.217391304347825405e-09 9.738730273086685374e-01
5.317725752508360159e-09 9.728869760025649072e-01
5.418060200668895740e-09 9.718842908258868984e-01
5.518394648829430494e-09 9.708650884765027689e-01
5.618729096989966075e-09 9.698294873873674060e-01
5.719063545150500829e-09 9.687776077031232669e-01
5.819397993311035583e-09 9.677095712563885677e-01
5.919732441471571164e-09 9.666255015437524856e-01
6.020066889632105918e-09 9.655255237014700453e-01
6.120401337792641499e-09 9.644097644808764525e-01
6.220735785953176253e-09 9.632783522235153217e-01
6.321070234113711835e-09 9.621314168359970109e-01
6.421404682274246589e-09 9.609690897645873919e-01
6.521739130434781343e-09 9.597915039695356088e-01
6.622073578595316924e-09 9.585987938991491486e-01
6.722408026755851678e-09 9.573910954636207782e-01
6.822742474916387259e-09 9.561685460086151167e-01
6.923076923076922013e-09 9.549312842886213959e-01
7.023411371237457594e-09 9.536794504400806227e-01
7.123745819397992348e-09 9.524131859542914746e-01
7.224080267558527102e-09 9.511326336501061407e-01
7.324414715719062683e-09 9.498379376464158863e-01
7.424749163879597437e-09 9.485292433344455487e-01
7.525083612040133018e-09 9.472066973498489695e-01
7.625418060200667772e-09 9.458704475446266802e-01
7.725752508361202526e-09 9.445206429588626218e-01
7.826086956521737280e-09 9.431574337922928875e-01
7.926421404682273689e-09 9.417809713757133716e-01
8.026755852842808442e-09 9.403914081422305449e-01
8.127090301003343196e-09 9.389888975983653463e-01
8.227424749163877950e-09 9.375735942950180757e-01
8.327759197324414359e-09 9.361456537982986159e-01
8.428093645484949113e-09 9.347052326602330874e-01
8.528428093645483867e-09 9.332524883893502654e-01
8.628762541806018621e-09 9.317875794211615270e-01
8.729096989966553375e-09 9.303106650885331064e-01
8.829431438127089783e-09 9.288219055919669787e-01
8.929765886287624537e-09 9.273214619697900396e-01
9.030100334448159291e-09 9.258094960682664576e-01
9.130434782608694045e-09 9.242861705116337534e-01
9.230769230769228799e-09 9.227516486720759303e-01
9.331103678929765207e-09 9.212060946396365413e-01
9.431438127090299961e-09 9.196496731920836831e-01
9.531772575250834715e-09 9.180825497647271405e-01
9.632107023411369469e-09 9.165048904202075519e-01
9.732441471571904223e-09 9.149168618182498269e-01
9.832775919732440632e-09 9.133186311854012418e-01
9.933110367892975386e-09 9.117103662847527712e-01
1.003344481605351014e-08 9.100922353856581992e-01
1.013377926421404489e-08 9.084644072334513432e-01
1.023411371237458130e-08 9.068270510191747125e-01
1.033444816053511606e-08 9.051803363493242660e-01
1.043478260869565081e-08 9.035244332156158187e-01
1.053511705685618556e-08 9.018595119647861980e-01
1.063545150501672032e-08 9.001857432684289284e-01
1.073578595317725673e-08 8.985032980928793211e-01
1.083612040133779148e-08 8.968123476691473028e-01
1.093645484949832623e-08 8.951130634629164140e-01
1.103678929765886099e-08 8.934056171446043138e-01
1.113712374581939574e-08 8.916901805595011110e-01
1.123745819397993215e-08 8.899669256979877430e-01
1.133779264214046690e-08 8.882360246658421721e-01
1.143812709030100166e-08 8.864976496546415063e-01
1.153846153846153641e-08 8.847519729122670373e-01
1.163879598662207117e-08 8.829991667135146383e-01
1.173913043478260757e-08 8.812394033308281749e-01
1.183946488294314233e-08 8.794728550051468252e-01
1.193979933110367708e-08 8.776996939168886236e-01
1.204013377926421184e-08 8.759200921570665654e-01
1.214046822742474824e-08 8.741342216985470426e-01
1.224080267558528300e-08 8.723422543674608232e-01
1.234113712374581775e-08 8.705443618147641338e-01
1.244147157190635251e-08 8.687407154879663862e-01
1.254180602006688726e-08 8.669314866030246591e-01
1.264214046822742367e-08 8.651168461164105983e-01
1.274247491638795842e-08 8.632969646973612798e-01
1.284280936454849318e-08 8.614720127003144823e-01
1.294314381270902793e-08 8.596421601375381361e-01
1.304347826086956269e-08 8.578075766519577261e-01
1.314381270903009909e-08 8.559684314901885305e-01
1.324414715719063385e-08 8.541248934757789124e-01
1.334448160535116860e-08 8.522771309826691066e-01
1.344481605351170336e-08 8.504253119088724944e-01
1.354515050167223811e-08 8.485696036503828088e-01
1.364548494983277452e-08 8.467101730753170408e-01
1.374581939799330927e-08 8.448471864982924906e-01
1.384615384615384403e-08 8.429808096550523988e-01
1.394648829431437878e-08 8.411112076773352708e-01
1.404682274247491519e-08 8.392385450680019954e-01
1.414715719063544994e-08 8.373629856764192025e-01
1.424749163879598470e-08 8.354846926741082980e-01
1.434782608695651945e-08 8.336038285306630602e-01
1.444816053511705420e-08 8.317205549899370221e-01
1.454849498327759061e-08 8.298350330465159574e-01
1.464882943143812537e-08 8.279474229224657034e-01
1.474916387959866012e-08 8.260578840443716375e-01
1.484949832775919487e-08 8.241665750206679242e-01
1.494983277591973128e-08 8.222736536192615242e-01
1.505016722408026604e-08 8.203792767454591850e-01
1.515050167224080079e-08 8.184836004201930804e-01
1.525083612040133554e-08 8.165867797585601995e-01
1.535117056856187030e-08 8.146889689486681574e-01
1.545150501672240505e-08 8.127903212307990843e-01
1.555183946488293981e-08 8.108909888768924823e-01
1.565217391304347456e-08 8.089911231703483807e-01
1.575250836120401262e-08 8.070908743861591184e-01
1.585284280936454738e-08 8.051903917713688630e-01
1.595317725752508213e-08 8.032898235258646435e-01
1.605351170568561688e-08 8.013893167835034470e-01
1.615384615384615164e-08 7.994890175935803756e-01
1.625418060200668639e-08 7.975890709026320913e-01
1.635451505016722115e-08 7.956896205365903141e-01
1.645484949832775590e-08 7.937908091832778235e-01
1.655518394648829065e-08 7.918927783752564009e-01
1.665551839464882872e-08 7.899956684730228273e-01
1.675585284280936347e-08 7.880996186485633714e-01
1.685618729096989823e-08 7.862047668692594415e-01
1.695652173913043298e-08 7.843112498821556144e-01
1.705685618729096773e-08 7.824192031985839346e-01
1.715719063545150249e-08 7.805287610791531439e-01
1.725752508361203724e-08 7.786400565190993994e-01
1.735785953177257200e-08 7.767532212340029218e-01
1.745819397993310675e-08 7.748683856458720154e-01
1.755852842809364150e-08 7.729856788695946834e-01
1.765886287625417957e-08 7.711052286997586158e-01
1.775919732441471432e-08 7.692271615978433230e-01
1.785953177257524907e-08 7.673516026797833067e-01
1.795986622073578383e-08 7.654786757039023781e-01
1.806020066889631858e-08 7.636085030592244527e-01
1.816053511705685334e-08 7.617412057541540493e-01
1.826086956521738809e-08 7.598769034055360416e-01
1.836120401337792284e-08 7.580157142280858906e-01
1.846153846153845760e-08 7.561577550242004619e-01
1.856187290969899566e-08 7.543031411741384362e-01
1.866220735785953041e-08 7.524519866265825252e-01
1.876254180602006517e-08 7.506044038895743897e-01
1.886287625418059992e-08 7.487605040218249242e-01
1.896321070234113468e-08 7.469203966244021276e-01
1.906354515050166943e-08 7.450841898327925650e-01
1.916387959866220418e-08 7.432519903093397495e-01
1.926421404682273894e-08 7.414239032360550041e-01
1.936454849498327369e-08 7.396000323078022465e-01
1.946488294314380845e-08 7.377804797258573632e-01
1.956521739130434651e-08 7.359653461918388428e-01
1.966555183946488126e-08 7.341547309020092227e-01
1.976588628762541602e-08 7.323487315419469068e-01
1.986622073578595077e-08 7.305474442815890201e-01
1.996655518394648553e-08 7.287509637706388599e-01
2.006688963210702028e-08 7.269593831343422741e-01
2.016722408026755503e-08 7.251727939696286374e-01
2.026755852842808979e-08 7.233912863416135375e-01
2.036789297658862454e-08 7.216149487804675022e-01
2.046822742474916260e-08 7.198438682786386655e-01
2.056856187290969736e-08 7.180781302884396977e-01
2.066889632107023211e-08 7.163178187199874536e-01
2.076923076923076687e-08 7.145630159394971148e-01
2.086956521739130162e-08 7.128138027679309374e-01
2.096989966555183637e-08 7.110702584799930559e-01
2.107023411371237113e-08 7.093324608034756729e-01
2.117056856187290588e-08 7.076004859189473084e-01
2.127090301003344064e-08 7.058744084597867730e-01
2.137123745819397539e-08 7.041543015125532046e-01
2.147157190635451345e-08 7.024402366176991652e-01
2.157190635451504821e-08 7.007322837706120300e-01
2.167224080267558296e-08 6.990305114229925509e-01
2.177257525083611771e-08 6.973349864845599377e-01
2.187290969899665247e-08 6.956457743250824555e-01
2.197324414715718722e-08 6.939629387767320967e-01
2.207357859531772198e-08 6.922865421367582206e-01
2.217391304347825673e-08 6.906166451704792708e-01
2.227424749163879148e-08 6.889533071145840237e-01
2.237458193979932955e-08 6.872965856807478069e-01
2.247491638795986430e-08 6.856465370595493658e-01
2.257525083612039905e-08 6.840032159246963728e-01
2.267558528428093381e-08 6.823666754375451449e-01
2.277591973244146856e-08 6.807369672519187898e-01
2.287625418060200332e-08 6.791141415192173403e-01
2.297658862876253807e-08 6.774982468938135494e-01
2.307692307692307282e-08 6.758893305387360106e-01
2.317725752508360758e-08 6.742874381316308341e-01
2.327759197324414233e-08 6.726926138709998781e-01
2.337792642140468040e-08 6.711049004827110975e-01
2.347826086956521515e-08 6.695243392267782312e-01
2.357859531772574990e-08 6.679509699044038351e-01
2.367892976588628466e-08 6.663848308652819963e-01
2.377926421404681941e-08 6.648259590151576193e-01
2.387959866220735417e-08 6.632743898236364011e-01
2.397993311036788892e-08 6.617301573322424968e-01
2.408026755852842367e-08 6.601932941627188800e-01
2.418060200668895843e-08 6.586638315255641807e-01
2.428093645484949649e-08 6.571417992288077770e-01
2.438127090301003124e-08 6.556272256870088189e-01
2.448160535117056600e-08 6.541201379304844021e-01
2.458193979933110075e-08 6.526205616147552346e-01
2.468227424749163551e-08 6.511285210302092397e-01
2.478260869565217026e-08 6.496440391119734370e-01
2.488294314381270501e-08 6.481671374499948790e-01
2.498327759197323977e-08 6.466978362993214269e-01
2.508361204013377452e-08 6.452361545905800355e-01
2.518394648829430928e-08 6.437821099406473291e-01
2.528428093645484734e-08 6.423357186635074711e-01
2.538461538461538209e-08 6.408969957812923335e-01
2.548494983277591685e-08 6.394659550354993005e-01
2.558528428093645160e-08 6.380426088983827126e-01
2.568561872909698635e-08 6.366269685845131754e-01
2.578595317725752111e-08 6.352190440624996270e-01
2.588628762541805586e-08 6.338188440668696133e-01
2.598662207357859062e-08 6.324263761101036607e-01
2.608695652173912537e-08 6.310416464948186421e-01
2.618729096989966343e-08 6.296646603260924735e-01
2.628762541806019819e-08 6.282954215239299200e-01
2.638795986622073294e-08 6.269339328358625174e-01
2.648829431438126769e-08 6.255801958496732817e-01
2.658862876254180245e-08 6.242342110062514271e-01
2.668896321070233720e-08 6.228959776125611025e-01
2.678929765886287196e-08 6.215654938547265917e-01
2.688963210702340671e-08 6.202427568112265366e-01
2.698996655518394146e-08 6.189277624661919663e-01
2.709030100334447622e-08 6.176205057228043582e-01
2.719063545150501428e-08 6.163209804167876227e-01
2.729096989966554904e-08 6.150291793299899057e-01
2.739130434782608379e-08 6.137450942040511004e-01
2.749163879598661854e-08 6.124687157541486293e-01
2.759197324414715330e-08 6.112000336828197211e-01
2.769230769230768805e-08 6.099390366938534092e-01
2.779264214046822281e-08 6.086857125062483664e-01
2.789297658862875756e-08 6.074400478682316917e-01
2.799331103678929231e-08 6.062020285713325407e-01
2.809364548494983038e-08 6.049716394645086037e-01
2.819397993311036513e-08 6.037488644683188799e-01
2.829431438127089988e-08 6.025336865891364191e-01
2.839464882943143464e-08 6.013260879334020315e-01
2.849498327759196939e-08 6.001260497219069734e-01
2.859531772575250415e-08 5.989335523041061649e-01
2.869565217391303890e-08 5.977485751724541663e-01
2.879598662207357365e-08 5.965710969767605842e-01
2.889632107023410841e-08 5.954010955385588000e-01
2.899665551839464316e-08 5.942385478654871322e-01
2.909698996655518122e-08 5.930834301656735530e-01
2.919732441471571598e-08 5.919357178621230675e-01
2.929765886287625073e-08 5.907953856071028742e-01
2.939799331103678549e-08 5.896624072965175323e-01
2.949832775919732024e-08 5.885367560842761359e-01
2.959866220735785499e-08 5.874184043966426128e-01
2.969899665551838975e-08 5.863073239465644848e-01
2.979933110367892450e-08 5.852034857479821994e-01
2.989966555183946256e-08 5.841068601301060426e-01
2.999999999999999732e-08 5.830174167516635197e-01
