0.000000000000000000e+00 9.999999999999995559e-01
1.003344481605351029e-10 9.999879481828204408e-01
2.006688963210702059e-10 9.999517945047796674e-01
3.010033444816052959e-10 9.998915442859288571e-01
4.013377926421404118e-10 9.998072063915516283e-01
5.016722408026755277e-10 9.996987932299618018e-01
6.020066889632105918e-10 9.995663207494239755e-01
7.023411371237457594e-10 9.994098084341926924e-01
8.026755852842808236e-10 9.992292792996737560e-01
9.030100334448158877e-10 9.990247598867147971e-01
1.003344481605351055e-09 9.987962802550147678e-01
1.103678929765886223e-09 9.985438739756684612e-01
1.204013377926421184e-09 9.982675781228373957e-01
1.304347826086956351e-09 9.979674332645562806e-01
1.404682274247491519e-09 9.976434834526756168e-01
1.505016722408026480e-09 9.972957762119432079e-01
1.605351170568561647e-09 9.969243625282329102e-01
1.705685618729096815e-09 9.965292968359129588e-01
1.806020066889631775e-09 9.961106370043768532e-01
1.906354515050166943e-09 9.956684443237175941e-01
2.006688963210702111e-09 9.952027834895753600e-01
2.107023411371237278e-09 9.947137225871394151e-01
2.207357859531772446e-09 9.942013330743285637e-01
2.307692307692307200e-09 9.936656897641453767e-01
2.408026755852842367e-09 9.931068708062122941e-01
2.508361204013377535e-09 9.925249576674957108e-01
2.608695652173912702e-09 9.919200351122272608e-01
2.709030100334447870e-09 9.912921911810221864e-01
2.809364548494983038e-09 9.906415171692093402e-01
2.909698996655517792e-09 9.899681076043743699e-01
3.010033444816052959e-09 9.892720602231265259e-01
3.110367892976588127e-09 9.885534759470938626e-01
3.210702341137123294e-09 9.878124588581583820e-01
3.311036789297658462e-09 9.870491161729350038e-01
3.411371237458193629e-09 9.862635582165077963e-01
3.511705685618728797e-09 9.854558983954261331e-01
3.612040133779263551e-09 9.846262531699737641e-01
3.712374581939798719e-09 9.837747420257199060e-01
3.812709030100333886e-09 9.829014874443574579e-01
3.913043478260868640e-09 9.820066148738438860e-01
4.013377926421404221e-09 9.810902526978496629e-01
4.113712374581938975e-09 9.801525322045245847e-01
4.214046822742474556e-09 9.791935875545974000e-01
4.314381270903009310e-09 9.782135557488099709e-01
4.414715719063544892e-09 9.772125765947050624e-01
4.515050167224079646e-09 9.761907926727745322e-01
4.615384615384614399e-09 9.751483493019784676e-01
4.715719063545149981e-09 9.740853945046473727e-01
4.816053511705684735e-09 9.730020789707797269e-01
4.916387959866220316e-09 9.718985560217444641e-01
5.016722408026755070e-09 9.707749815734003640e-01
5.117056856187290651e-09 9.696315140986481174e-01
5.217391304347825405e-09 9.684683145894176226e-01
5.317725752508360159e-09 9.672855465181157131e-01
5.418060200668895740e-09 9.660833757985349823e-01
5.518394648829430494e-09 9.648619707462438022e-01
5.618729096989966075e-09 9.636215020384654162e-01
5.719063545150500829e-09 9.623621426734632056e-01
5.819397993311035583e-09 9.610840679294401223e-01
5.919732441471571164e-09 9.597874553229712724e-01
6.020066889632105918e-09 9.584724845669768678e-01
6.120401337792641499e-09 9.571393375282528648e-01
6.220735785953176253e-09 9.557881981845726127e-01
6.321070234113711835e-09 9.544192525813699479e-01
6.421404682274246589e-09 9.530326887880209430e-01
6.521739130434781343e-09 9.516286968537363000e-01
6.622073578595316924e-09 9.502074687630802652e-01
6.722408026755851678e-09 9.487691983911243909e-01
6.822742474916387259e-09 9.473140814582592384e-01
6.923076923076922013e-09 9.458423154846697933e-01
7.023411371237457594e-09 9.443540997444941354e-01
7.123745819397992348e-09 9.428496352196763519e-01
7.224080267558527102e-09 9.413291245535323482e-01
7.324414715719062683e-09 9.397927720040359922e-01
7.424749163879597437e-09 9.382407833968476885e-01
7.525083612040133018e-09 9.366733660780963699e-01
7.625418060200667772e-09 9.350907288669282336e-01
7.725752508361202526e-09 9.334930820078383151e-01
7.826086956521737280e-09 9.318806371228022245e-01
7.926421404682273689e-09 9.302536071632165893e-01
8.026755852842808442e-09 9.286122063616690792e-01
8.127090301003343196e-09 9.269566501835488914e-01
8.227424749163877950e-09 9.252871552785149056e-01
8.327759197324414359e-09 9.236039394318338314e-01
8.428093645484949113e-09 9.219072215156046690e-01
8.528428093645483867e-09 9.201972214398851380e-01
8.628762541806018621e-09 9.184741601037320624e-01
8.729096989966553375e-09 9.167382593461738116e-01
8.829431438127089783e-09 9.149897418971262297e-01
8.929765886287624537e-09 9.132288313282698189e-01
9.030100334448159291e-09 9.114557520038989447e-01
9.130434782608694045e-09 9.096707290317639361e-01
9.230769230769228799e-09 9.078739882139132966e-01
9.331103678929765207e-09 9.060657559975563435e-01
9.431438127090299961e-09 9.042462594259574882e-01
9.531772575250834715e-09 9.024157260893784782e-01
9.632107023411369469e-09 9.005743840760808139e-01
9.732441471571904223e-09 8.987224619234068790e-01
9.832775919732440632e-09 8.968601885689473363e-01
9.933110367892975386e-09 8.949877933018164367e-01
1.003344481605351014e-08 8.931055057140437903e-01
1.013377926421404489e-08 8.912135556520979218e-01
1.023411371237458130e-08 8.893121731685587061e-01
1.033444816053511606e-08 8.874015884739466786e-01
1.043478260869565081e-08 8.854820318887293151e-01
1.053511705685618556e-08 8.835537337955113868e-01
1.063545150501672032e-08 8.816169245914294850e-01
1.073578595317725673e-08 8.796718346407583766e-01
1.083612040133779148e-08 8.777186942277457327e-01
1.093645484949832623e-08 8.757577335096878857e-01
1.103678929765886099e-08 8.737891824702590515e-01
1.113712374581939574e-08 8.718132708731051173e-01
1.123745819397993215e-08 8.698302282157204246e-01
1.133779264214046690e-08 8.678402836836136558e-01
1.143812709030100166e-08 8.658436661047764771e-01
1.153846153846153641e-08 8.638406039044739249e-01
1.163879598662207117e-08 8.618313250603568676e-01
1.173913043478260757e-08 8.598160570579216344e-01
1.183946488294314233e-08 8.577950268463150341e-01
1.193979933110367708e-08 8.557684607945098554e-01
1.204013377926421184e-08 8.537365846478514042e-01
1.214046822742474824e-08 8.516996234849931735e-01
1.224080267558528300e-08 8.496578016752289741e-01
1.234113712374581775e-08 8.476113428362347380e-01
1.244147157190635251e-08 8.455604697922290969e-01
1.254180602006688726e-08 8.435054045325647287e-01
1.264214046822742367e-08 8.414463681707594622e-01
1.274247491638795842e-08 8.393835809039792428e-01
1.284280936454849318e-08 8.373172619729787325e-01
1.294314381270902793e-08 8.352476296225159746e-01
1.304347826086956269e-08 8.331749010622443441e-01
1.314381270903009909e-08 8.310992924280939942e-01
1.324414715719063385e-08 8.290210187441526823e-01
1.334448160535116860e-08 8.269402938850534124e-01
1.344481605351170336e-08 8.248573305388762211e-01
1.354515050167223811e-08 8.227723401705782091e-01
1.364548494983277452e-08 8.206855329859529258e-01
1.374581939799330927e-08 8.185971178961308770e-01
1.384615384615384403e-08 8.165073024826317027e-01
1.394648829431437878e-08 8.144162929629681358e-01
1.404682274247491519e-08 8.123242941568163955e-01
1.414715719063544994e-08 8.102315094527566819e-01
1.424749163879598470e-08 8.081381407755907631e-01
1.434782608695651945e-08 8.060443885542440956e-01
1.444816053511705420e-08 8.039504516902591380e-01
1.454849498327759061e-08 8.018565275268836334e-01
1.464882943143812537e-08 7.997628118187654067e-01
1.474916387959866012e-08 7.976694987022507899e-01
1.484949832775919487e-08 7.955767806663014419e-01
1.494983277591973128e-08 7.934848485240280080e-01
1.505016722408026604e-08 7.913938913848480583e-01
1.515050167224080079e-08 7.893040966272750758e-01
1.525083612040133554e-08 7.872156498723377194e-01
1.535117056856187030e-08 7.851287349576390184e-01
1.545150501672240505e-08 7.830435339120579430e-01
1.555183946488293981e-08 7.809602269310925715e-01
1.565217391304347456e-08 7.788789923528575132e-01
1.575250836120401262e-08 7.768000066347304777e-01
1.585284280936454738e-08 7.747234443306532103e-01
1.595317725752508213e-08 7.726494780690928987e-01
1.605351170568561688e-08 7.705782785316651617e-01
1.615384615384615164e-08 7.685100144324132909e-01
1.625418060200668639e-08 7.664448524977612864e-01
1.635451505016722115e-08 7.643829574471276977e-01
1.645484949832775590e-08 7.623244919742083736e-01
1.655518394648829065e-08 7.602696167289315632e-01
1.665551839464882872e-08 7.582184903000792620e-01
1.675585284280936347e-08 7.561712691985840173e-01
1.685618729096989823e-08 7.541281078414949768e-01
1.695652173913043298e-08 7.520891585366172860e-01
1.705685618729096773e-08 7.500545714678232834e-01
1.715719063545150249e-08 7.480244946810360451e-01
1.725752508361203724e-08 7.459990740708846158e-01
1.735785953177257200e-08 7.439784533680314782e-01
1.745819397993310675e-08 7.419627741271671573e-01
1.755852842809364150e-08 7.399521757156772850e-01
1.765886287625417957e-08 7.379467953029764660e-01
1.775919732441471432e-08 7.359467678505062782e-01
1.785953177257524907e-08 7.339522261024012950e-01
1.795986622073578383e-08 7.319633005768139133e-01
1.806020066889631858e-08 7.299801195579018742e-01
1.816053511705685334e-08 7.280028090884727021e-01
1.826086956521738809e-08 7.260314929632822878e-01
1.836120401337792284e-08 7.240662927229853940e-01
1.846153846153845760e-08 7.221073276487375292e-01
1.856187290969899566e-08 7.201547147574388630e-01
1.866220735785953041e-08 7.182085687976236255e-01
1.876254180602006517e-08 7.162690022459837769e-01
1.886287625418059992e-08 7.143361253045311665e-01
1.896321070234113468e-08 7.124100458983865236e-01
1.906354515050166943e-08 7.104908696741956131e-01
1.916387959866220418e-08 7.085786999991664503e-01
1.926421404682273894e-08 7.066736379607221341e-01
1.936454849498327369e-08 7.047757823667670785e-01
1.946488294314380845e-08 7.028852297465562060e-01
1.956521739130434651e-08 7.010020743521677700e-01
1.966555183946488126e-08 6.991264081605713665e-01
1.976588628762541602e-08 6.972583208762832552e-01
1.986622073578595077e-08 6.953978999346090983e-01
1.996655518394648553e-08 6.935452305054612410e-01
2.006688963210702028e-08 6.917003954977499758e-01
2.016722408026755503e-08 6.898634755643385796e-01
2.026755852842808979e-08 6.880345491075566811e-01
2.036789297658862454e-08 6.862136922852675180e-01
2.046822742474916260e-08 6.844009790174785390e-01
2.056856187290969736e-08 6.825964809934903510e-01
2.066889632107023211e-08 6.808002676795775754e-01
2.076923076923076687e-08 6.790124063271925081e-01
2.086956521739130162e-08 6.772329619816848112e-01
2.096989966555183637e-08 6.754619974915297975e-01
2.107023411371237113e-08 6.736995735180604239e-01
2.117056856187290588e-08 6.719457485456871160e-01
2.127090301003344064e-08 6.702005788926080898e-01
2.137123745819397539e-08 6.684641187219930725e-01
2.147157190635451345e-08 6.667364200536379792e-01
2.157190635451504821e-08 6.650175327760795563e-01
2.167224080267558296e-08 6.633075046591621060e-01
2.177257525083611771e-08 6.616063813670483018e-01
2.187290969899665247e-08 6.599142064716642109e-01
2.197324414715718722e-08 6.582310214665726411e-01
2.207357859531772198e-08 6.565568657812619335e-01
2.217391304347825673e-08 6.548917767958449820e-01
2.227424749163879148e-08 6.532357898561573784e-01
2.237458193979932955e-08 6.515889382892454673e-01
2.247491638795986430e-08 6.499512534192400937e-01
2.257525083612039905e-08 6.483227645835961672e-01
2.267558528428093381e-08 6.467034991497009333e-01
2.277591973244146856e-08 6.450934825318344057e-01
2.287625418060200332e-08 6.434927382084737468e-01
2.297658862876253807e-08 6.419012877399333794e-01
2.307692307692307282e-08 6.403191507863316145e-01
2.317725752508360758e-08 6.387463451258711400e-01
2.327759197324414233e-08 6.371828866734289276e-01
2.337792642140468040e-08 6.356287894994420151e-01
2.347826086956521515e-08 6.340840658490802806e-01
2.357859531772574990e-08 6.325487261616968837e-01
2.367892976588628466e-08 6.310227790905494905e-01
2.377926421404681941e-08 6.295062315227768490e-01
2.387959866220735417e-08 6.279990885996257211e-01
2.397993311036788892e-08 6.265013537369173990e-01
2.408026755852842367e-08 6.250130286457423745e-01
2.418060200668895843e-08 6.235341133533764957e-01
2.428093645484949649e-08 6.220646062244056251e-01
2.438127090301003124e-08 6.206045039820522469e-01
2.448160535117056600e-08 6.191538017296911445e-01
2.458193979933110075e-08 6.177124929725479330e-01
2.468227424749163551e-08 6.162805696395678989e-01
2.478260869565217026e-08 6.148580221054464889e-01
2.488294314381270501e-08 6.134448392128142302e-01
2.498327759197323977e-08 6.120410082945609842e-01
2.508361204013377452e-08 6.106465151962969795e-01
2.518394648829430928e-08 6.092613442989340822e-01
2.528428093645484734e-08 6.078854785413859707e-01
2.538461538461538209e-08 6.065188994433673431e-01
2.548494983277591685e-08 6.051615871282942649e-01
2.558528428093645160e-08 6.038135203462681178e-01
2.568561872909698635e-08 6.024746764971363744e-01
2.578595317725752111e-08 6.011450316536234295e-01
2.588628762541805586e-08 5.998245605845181627e-01
2.598662207357859062e-08 5.985132367779123497e-01
2.608695652173912537e-08 5.972110324644810397e-01
2.618729096989966343e-08 5.959179186407930207e-01
2.628762541806019819e-08 5.946338650926457081e-01
2.638795986622073294e-08 5.933588404184150233e-01
2.648829431438126769e-08 5.920928120524109328e-01
2.658862876254180245e-08 5.908357462882291022e-01
2.668896321070233720e-08 5.895876083020940017e-01
2.678929765886287196e-08 5.883483621761818050e-01
2.688963210702340671e-08 5.871179709219134235e-01
2.698996655518394146e-08 5.858963965032164545e-01
2.709030100334447622e-08 5.846835998597390560e-01
2.719063545150501428e-08 5.834795409300148616e-01
2.729096989966554904e-08 5.822841786745670545e-01
2.739130434782608379e-08 5.810974710989462721e-01
2.749163879598661854e-08 5.799193752766930166e-01
2.759197324414715330e-08 5.787498473722182402e-01
2.769230769230768805e-08 5.775888426635940043e-01
2.779264214046822281e-08 5.764363155652483250e-01
2.789297658862875756e-08 5.752922196505547703e-01
2.799331103678929231e-08 5.741565076743113671e-01
2.809364548494983038e-08 5.730291315951046016e-01
2.819397993311036513e-08 5.719100425975433000e-01
2.829431438127089988e-08 5.707991911143676100e-01
2.839464882943143464e-08 5.696965268484168732e-01
2.849498327759196939e-08 5.686019987944542775e-01
2.859531772575250415e-08 5.675155552608428522e-01
2.869565217391303890e-08 5.664371438910635881e-01
2.879598662207357365e-08 5.653667116850741303e-01
2.889632107023410841e-08 5.643042050204974958e-01
2.899665551839464316e-08 5.632495696736389279e-01
2.909698996655518122e-08 5.622027508403240059e-01
2.919732441471571598e-08 5.611636931565532338e-01
2.929765886287625073e-08 5.601323407189655601e-01
2.939799331103678549e-08 5.591086371051106063e-01
2.949832775919732024e-08 5.580925253935201669e-01
2.959866220735785499e-08 5.570839481835767604e-01
2.969899665551838975e-08 5.560828476151733479e-01
2.979933110367892450e-08 5.550891653881608878e-01
2.989966555183946256e-08 5.541028427815798407e-01
2.999999999999999732e-08 5.531238206726697415e-01
