0.000000000000000000e+00 9.999999999999995559e-01
1.003344481605351029e-10 9.999999964844947797e-01
2.006688963210702059e-10 9.999999859379798961e-01
3.010033444816052959e-10 9.999999683604555711e-01
4.013377926421404118e-10 9.999999437519229151e-01
5.016722408026755277e-10 9.999999121123824830e-01
6.020066889632105918e-10 9.999998734418358293e-01
7.023411371237457594e-10 9.999998277402846192e-01
8.026755852842808236e-10 9.999997750077309622e-01
9.030100334448158877e-10 9.999997152441767456e-01
1.003344481605351055e-09 9.999996484496249671e-01
1.103678929765886223e-09 9.999995746240780692e-01
1.204013377926421184e-09 9.999994937675396045e-01
1.304347826086956351e-09 9.999994058800129038e-01
1.404682274247491519e-09 9.999993109615016307e-01
1.505016722408026480e-09 9.999992090120101151e-01
1.605351170568561647e-09 9.999991000315424650e-01
1.705685618729096815e-09 9.999989840201035651e-01
1.806020066889631775e-09 9.999988609776981896e-01
1.906354515050166943e-09 9.999987309043316674e-01
2.006688963210702111e-09 9.999985938000096608e-01
2.107023411371237278e-09 9.999984496647380539e-01
2.207357859531772446e-09 9.999982984985229528e-01
2.307692307692307200e-09 9.999981403013709080e-01
2.408026755852842367e-09 9.999979750732888029e-01
2.508361204013377535e-09 9.999978028142836317e-01
2.608695652173912702e-09 9.999976235243628331e-01
2.709030100334447870e-09 9.999974372035340675e-01
2.809364548494983038e-09 9.999972438518051066e-01
2.909698996655517792e-09 9.999970434691844989e-01
3.010033444816052959e-09 9.999968360556810154e-01
3.110367892976588127e-09 9.999966216113033157e-01
3.210702341137123294e-09 9.999964001360607257e-01
3.311036789297658462e-09 9.999961716299625714e-01
3.411371237458193629e-09 9.999959360930186225e-01
3.511705685618728797e-09 9.999956935252393153e-01
3.612040133779263551e-09 9.999954439266347528e-01
3.712374581939798719e-09 9.999951872972159261e-01
3.812709030100333886e-09 9.999949236369937156e-01
3.913043478260868640e-09 9.999946529459793343e-01
4.013377926421404221e-09 9.999943752241844397e-01
4.113712374581938975e-09 9.999940904716209111e-01
4.214046822742474556e-09 9.999937986883016272e-01
4.314381270903009310e-09 9.999934998742379122e-01
4.414715719063544892e-09 9.999931940294434218e-01
4.515050167224079646e-09 9.999928811539312568e-01
4.615384615384614399e-09 9.999925612477146286e-01
4.715719063545149981e-09 9.999922343108073042e-01
4.816053511705684735e-09 9.999919003432231612e-01
4.916387959866220316e-09 9.999915593449771878e-01
5.016722408026755070e-09 9.999912113160831506e-01
5.117056856187290651e-09 9.999908562565563708e-01
5.217391304347825405e-09 9.999904941664125024e-01
5.317725752508360159e-09 9.999901250456660895e-01
5.418060200668895740e-09 9.999897488943341184e-01
5.518394648829430494e-09 9.999893657124319102e-01
5.618729096989966075e-09 9.999889754999762292e-01
5.719063545150500829e-09 9.999885782569838399e-01
5.819397993311035583e-09 9.999881739834719507e-01
5.919732441471571164e-09 9.999877626794573260e-01
6.020066889632105918e-09 9.999873443449582844e-01
6.120401337792641499e-09 9.999869189799923674e-01
6.220735785953176253e-09 9.999864865845781159e-01
6.321070234113711835e-09 9.999860471587339594e-01
6.421404682274246589e-09 9.999856007024786608e-01
6.521739130434781343e-09 9.999851472158313159e-01
6.622073578595316924e-09 9.999846866988117977e-01
6.722408026755851678e-09 9.999842191514395351e-01
6.822742474916387259e-09 9.999837445737346231e-01
6.923076923076922013e-09 9.999832629657177119e-01
7.023411371237457594e-09 9.999827743274088965e-01
7.123745819397992348e-09 9.999822786588299373e-01
7.224080267558527102e-09 9.999817759600013733e-01
7.324414715719062683e-09 9.999812662309454092e-01
7.424749163879597437e-09 9.999807494716832501e-01
7.525083612040133018e-09 9.999802256822376556e-01
7.625418060200667772e-09 9.999796948626307191e-01
7.725752508361202526e-09 9.999791570128856444e-01
7.826086956521737280e-09 9.999786121330251909e-01
7.926421404682273689e-09 9.999780602230727844e-01
8.026755852842808442e-09 9.999775012830520726e-01
8.127090301003343196e-09 9.999769353129872584e-01
8.227424749163877950e-09 9.999763623129028778e-01
8.327759197324414359e-09 9.999757822828226894e-01
8.428093645484949113e-09 9.999751952227723395e-01
8.528428093645483867e-09 9.999746011327765860e-01
8.628762541806018621e-09 9.999740000128609640e-01
8.729096989966553375e-09 9.999733918630515639e-01
8.829431438127089783e-09 9.999727766833741427e-01
8.929765886287624537e-09 9.999721544738556789e-01
9.030100334448159291e-09 9.999715252345221517e-01
9.130434782608694045e-09 9.999708889654013166e-01
9.230769230769228799e-09 9.999702456665197081e-01
9.331103678929765207e-09 9.999695953379057478e-01
9.431438127090299961e-09 9.999689379795864141e-01
9.531772575250834715e-09 9.999682735915910170e-01
9.632107023411369469e-09 9.999676021739470899e-01
9.732441471571904223e-09 9.999669237266838318e-01
9.832775919732440632e-09 9.999662382498305524e-01
9.933110367892975386e-09 9.999655457434163397e-01
1.003344481605351014e-08 9.999648462074712807e-01
1.013377926421404489e-08 9.999641396420251294e-01
1.023411371237458130e-08 9.999634260471080838e-01
1.033444816053511606e-08 9.999627054227512302e-01
1.043478260869565081e-08 9.999619777689852107e-01
1.053511705685618556e-08 9.999612430858414447e-01
1.063545150501672032e-08 9.999605013733512404e-01
1.073578595317725673e-08 9.999597526315464613e-01
1.083612040133779148e-08 9.999589968604591927e-01
1.093645484949832623e-08 9.999582340601221864e-01
1.103678929765886099e-08 9.999574642305678607e-01
1.113712374581939574e-08 9.999566873718295223e-01
1.123745819397993215e-08 9.999559034839400340e-01
1.133779264214046690e-08 9.999551125669334795e-01
1.143812709030100166e-08 9.999543146208441646e-01
1.153846153846153641e-08 9.999535096457057293e-01
1.163879598662207117e-08 9.999526976415528123e-01
1.173913043478260757e-08 9.999518786084200528e-01
1.183946488294314233e-08 9.999510525463433108e-01
1.193979933110367708e-08 9.999502194553575585e-01
1.204013377926421184e-08 9.999493793354985449e-01
1.214046822742474824e-08 9.999485321868023524e-01
1.224080267558528300e-08 9.999476780093055073e-01
1.234113712374581775e-08 9.999468168030445359e-01
1.244147157190635251e-08 9.999459485680565196e-01
1.254180602006688726e-08 9.999450733043783179e-01
1.264214046822742367e-08 9.999441910120483445e-01
1.274247491638795842e-08 9.999433016911032368e-01
1.284280936454849318e-08 9.999424053415824076e-01
1.294314381270902793e-08 9.999415019635238266e-01
1.304347826086956269e-08 9.999405915569661296e-01
1.314381270903009909e-08 9.999396741219483964e-01
1.324414715719063385e-08 9.999387496585101509e-01
1.334448160535116860e-08 9.999378181666911392e-01
1.344481605351170336e-08 9.999368796465311071e-01
1.354515050167223811e-08 9.999359340980708000e-01
1.364548494983277452e-08 9.999349815213500747e-01
1.374581939799330927e-08 9.999340219164103427e-01
1.384615384615384403e-08 9.999330552832927932e-01
1.394648829431437878e-08 9.999320816220386154e-01
1.404682274247491519e-08 9.999311009326898869e-01
1.414715719063544994e-08 9.999301132152887961e-01
1.424749163879598470e-08 9.999291184698773094e-01
1.434782608695651945e-08 9.999281166964983925e-01
1.444816053511705420e-08 9.999271078951947889e-01
1.454849498327759061e-08 9.999260920660103524e-01
1.464882943143812537e-08 9.999250692089880488e-01
1.474916387959866012e-08 9.999240393241721758e-01
1.484949832775919487e-08 9.999230024116068094e-01
1.494983277591973128e-08 9.999219584713368025e-01
1.505016722408026604e-08 9.999209075034060090e-01
1.515050167224080079e-08 9.999198495078606141e-01
1.525083612040133554e-08 9.999187844847454709e-01
1.535117056856187030e-08 9.999177124341062095e-01
1.545150501672240505e-08 9.999166333559894593e-01
1.555183946488293981e-08 9.999155472504408504e-01
1.565217391304347456e-08 9.999144541175073453e-01
1.575250836120401262e-08 9.999133539572355733e-01
1.585284280936454738e-08 9.999122467696732741e-01
1.595317725752508213e-08 9.999111325548674101e-01
1.605351170568561688e-08 9.999100113128661649e-01
1.615384615384615164e-08 9.999088830437173891e-01
1.625418060200668639e-08 9.999077477474699327e-01
1.635451505016722115e-08 9.999066054241718682e-01
1.645484949832775590e-08 9.999054560738731556e-01
1.655518394648829065e-08 9.999042996966223118e-01
1.665551839464882872e-08 9.999031362924689637e-01
1.675585284280936347e-08 9.999019658614637374e-01
1.685618729096989823e-08 9.999007884036562599e-01
1.695652173913043298e-08 9.998996039190973795e-01
1.705685618729096773e-08 9.998984124078376112e-01
1.715719063545150249e-08 9.998972138699284695e-01
1.725752508361203724e-08 9.998960083054210246e-01
1.735785953177257200e-08 9.998947957143673460e-01
1.745819397993310675e-08 9.998935760968195030e-01
1.755852842809364150e-08 9.998923494528293432e-01
1.765886287625417957e-08 9.998911157824502682e-01
1.775919732441471432e-08 9.998898750857345696e-01
1.785953177257524907e-08 9.998886273627356491e-01
1.795986622073578383e-08 9.998873726135072415e-01
1.806020066889631858e-08 9.998861108381033036e-01
1.816053511705685334e-08 9.998848420365775702e-01
1.826086956521738809e-08 9.998835662089848864e-01
1.836120401337792284e-08 9.998822833553794309e-01
1.846153846153845760e-08 9.998809934758172702e-01
1.856187290969899566e-08 9.998796965703529160e-01
1.866220735785953041e-08 9.998783926390421017e-01
1.876254180602006517e-08 9.998770816819411156e-01
1.886287625418059992e-08 9.998757636991060238e-01
1.896321070234113468e-08 9.998744386905938919e-01
1.906354515050166943e-08 9.998731066564607861e-01
1.916387959866220418e-08 9.998717675967639940e-01
1.926421404682273894e-08 9.998704215115615801e-01
1.936454849498327369e-08 9.998690684009107210e-01
1.946488294314380845e-08 9.998677082648700365e-01
1.956521739130434651e-08 9.998663411034972581e-01
1.966555183946488126e-08 9.998649669168518939e-01
1.976588628762541602e-08 9.998635857049920084e-01
1.986622073578595077e-08 9.998621974679775537e-01
1.996655518394648553e-08 9.998608022058672606e-01
2.006688963210702028e-08 9.998593999187223025e-01
2.016722408026755503e-08 9.998579906066017431e-01
2.026755852842808979e-08 9.998565742695667558e-01
2.036789297658862454e-08 9.998551509076779586e-01
2.046822742474916260e-08 9.998537205209957479e-01
2.056856187290969736e-08 9.998522831095826291e-01
2.066889632107023211e-08 9.998508386734996645e-01
2.076923076923076687e-08 9.998493872128090265e-01
2.086956521739130162e-08 9.998479287275727767e-01
2.096989966555183637e-08 9.998464632178536426e-01
2.107023411371237113e-08 9.998449906837144630e-01
2.117056856187290588e-08 9.998435111252185203e-01
2.127090301003344064e-08 9.998420245424294306e-01
2.137123745819397539e-08 9.998405309354109205e-01
2.147157190635451345e-08 9.998390303042268279e-01
2.157190635451504821e-08 9.998375226489419898e-01
2.167224080267558296e-08 9.998360079696207992e-01
2.177257525083611771e-08 9.998344862663282040e-01
2.187290969899665247e-08 9.998329575391297075e-01
2.197324414715718722e-08 9.998314217880910348e-01
2.207357859531772198e-08 9.998298790132778002e-01
2.217391304347825673e-08 9.998283292147561729e-01
2.227424749163879148e-08 9.998267723925929884e-01
2.237458193979932955e-08 9.998252085468548600e-01
2.247491638795986430e-08 9.998236376776086232e-01
2.257525083612039905e-08 9.998220597849225566e-01
2.267558528428093381e-08 9.998204748688634957e-01
2.277591973244146856e-08 9.998188829294998303e-01
2.287625418060200332e-08 9.998172839668997280e-01
2.297658862876253807e-08 9.998156779811320227e-01
2.307692307692307282e-08 9.998140649722655482e-01
2.317725752508360758e-08 9.998124449403695824e-01
2.327759197324414233e-08 9.998108178855130701e-01
2.337792642140468040e-08 9.998091838077667326e-01
2.347826086956521515e-08 9.998075427072002919e-01
2.357859531772574990e-08 9.998058945838841360e-01
2.367892976588628466e-08 9.998042394378888753e-01
2.377926421404681941e-08 9.998025772692860080e-01
2.387959866220735417e-08 9.998009080781464775e-01
2.397993311036788892e-08 9.997992318645416709e-01
2.408026755852842367e-08 9.997975486285439750e-01
2.418060200668895843e-08 9.997958583702258872e-01
2.428093645484949649e-08 9.997941610896590170e-01
2.438127090301003124e-08 9.997924567869169721e-01
2.448160535117056600e-08 9.997907454620725831e-01
2.458193979933110075e-08 9.997890271151992359e-01
2.468227424749163551e-08 9.997873017463712042e-01
2.478260869565217026e-08 9.997855693556618739e-01
2.488294314381270501e-08 9.997838299431457409e-01
2.498327759197323977e-08 9.997820835088975233e-01
2.508361204013377452e-08 9.997803300529922721e-01
2.518394648829430928e-08 9.997785695755051494e-01
2.528428093645484734e-08 9.997768020765117614e-01
2.538461538461538209e-08 9.997750275560877142e-01
2.548494983277591685e-08 9.997732460143095023e-01
2.558528428093645160e-08 9.997714574512532870e-01
2.568561872909698635e-08 9.997696618669958957e-01
2.578595317725752111e-08 9.997678592616143778e-01
2.588628762541805586e-08 9.997660496351863380e-01
2.598662207357859062e-08 9.997642329877890477e-01
2.608695652173912537e-08 9.997624093195007777e-01
2.618729096989966343e-08 9.997605786303995767e-01
2.628762541806019819e-08 9.997587409205640485e-01
2.638795986622073294e-08 9.997568961900732409e-01
2.648829431438126769e-08 9.997550444390058688e-01
2.658862876254180245e-08 9.997531856674417572e-01
2.668896321070233720e-08 9.997513198754606201e-01
2.678929765886287196e-08 9.997494470631427266e-01
2.688963210702340671e-08 9.997475672305675687e-01
2.698996655518394146e-08 9.997456803778171919e-01
2.709030100334447622e-08 9.997437865049713102e-01
2.719063545150501428e-08 9.997418856121119690e-01
2.729096989966554904e-08 9.997399776993203258e-01
2.739130434782608379e-08 9.997380627666782038e-01
2.749163879598661854e-08 9.997361408142683148e-01
2.759197324414715330e-08 9.997342118421725932e-01
2.769230769230768805e-08 9.997322758504739726e-01
2.779264214046822281e-08 9.997303328392556088e-01
2.789297658862875756e-08 9.997283828086006574e-01
2.799331103678929231e-08 9.997264257585929403e-01
2.809364548494983038e-08 9.997244616893165015e-01
2.819397993311036513e-08 9.997224906008557177e-01
2.829431438127089988e-08 9.997205124932948550e-01
2.839464882943143464e-08 9.997185273667188454e-01
2.849498327759196939e-08 9.997165352212132872e-01
2.859531772575250415e-08 9.997145360568633343e-01
2.869565217391303890e-08 9.997125298737543631e-01
2.879598662207357365e-08 9.997105166719731928e-01
2.889632107023410841e-08 9.997084964516056438e-01
2.899665551839464316e-08 9.997064692127387575e-01
2.909698996655518122e-08 9.997044349554593534e-01
2.919732441471571598e-08 9.997023936798548061e-01
2.929765886287625073e-08 9.997003453860128230e-01
2.939799331103678549e-08 9.996982900740207789e-01
2.949832775919732024e-08 9.996962277439677136e-01
2.959866220735785499e-08 9.996941583959411126e-01
2.969899665551838975e-08 9.996920820300304600e-01
2.979933110367892450e-08 9.996899986463247956e-01
2.989966555183946256e-08 9.996879082449131593e-01
2.999999999999999732e-08 9.996858108258855902e-01
