0.000000000000000000e+00 9.999999999999995559e-01
1.003344481605351029e-10 9.966850984280195558e-01
2.006688963210702059e-10 9.868739474329055739e-01
3.010033444816052959e-10 9.709581565760162514e-01
4.013377926421404118e-10 9.495610494520099198e-01
5.016722408026755277e-10 9.234963837796960062e-01
6.020066889632105918e-10 8.937157742663308646e-01
7.023411371237457594e-10 8.612493637429805560e-01
8.026755852842808236e-10 8.271447199514865289e-01
9.030100334448158877e-10 7.924088610274950817e-01
1.003344481605351055e-09 7.579577568005024801e-01
1.103678929765886223e-09 7.245766940755451468e-01
1.204013377926421184e-09 6.928936538083488861e-01
1.304347826086956351e-09 6.633664756321351330e-01
1.404682274247491519e-09 6.362832382003796861e-01
1.505016722408026480e-09 6.117741091899493444e-01
1.605351170568561647e-09 5.898320353781247860e-01
1.705685618729096815e-09 5.703391284500325398e-01
1.806020066889631775e-09 5.530954847321972734e-01
1.906354515050166943e-09 5.378474355962350462e-01
2.006688963210702111e-09 5.243127939930986026e-01
2.107023411371237278e-09 5.122014418994935703e-01
2.207357859531772446e-09 5.012304747861547893e-01
2.307692307692307200e-09 4.911339613836331885e-01
2.408026755852842367e-09 4.816680822777505977e-01
2.508361204013377535e-09 4.726128983044811660e-01
2.608695652173912702e-09 4.637722244164423357e-01
2.709030100334447870e-09 4.549730415838093567e-01
2.809364548494983038e-09 4.460656013824683130e-01
2.909698996655517792e-09 4.369249294434999764e-01
3.010033444816052959e-09 4.274538995242480599e-01
3.110367892976588127e-09 4.175875215368626270e-01
3.210702341137123294e-09 4.072976501588047027e-01
3.311036789297658462e-09 3.965970431886229886e-01
3.411371237458193629e-09 3.855416210765291174e-01
3.511705685618728797e-09 3.742299098156623982e-01
3.612040133779263551e-09 3.627989657156363568e-01
3.712374581939798719e-09 3.514165324468089824e-01
3.812709030100333886e-09 3.402696991650703273e-01
3.913043478260868640e-09 3.295508361739504788e-01
4.013377926421404221e-09 3.194420071282737528e-01
4.113712374581938975e-09 3.100993334111099564e-01
4.214046822742474556e-09 3.016388779059542280e-01
4.314381270903009310e-09 2.941255093534834164e-01
4.414715719063544892e-09 2.875659196876670376e-01
4.515050167224079646e-09 2.819065345258754962e-01
4.615384615384614399e-09 2.770365388775088422e-01
4.715719063545149981e-09 2.727957033115886998e-01
4.816053511705684735e-09 2.689862075646596296e-01
4.916387959866220316e-09 2.653872771280996190e-01
5.016722408026755070e-09 2.617712154979138783e-01
5.117056856187290651e-09 2.579193509777638060e-01
5.217391304347825405e-09 2.536365197693077889e-01
5.317725752508360159e-09 2.487629528783925070e-01
5.418060200668895740e-09 2.431827826791688740e-01
5.518394648829430494e-09 2.368287852062471721e-01
5.618729096989966075e-09 2.296833732007768081e-01
5.719063545150500829e-09 2.217762043130608318e-01
5.819397993311035583e-09 2.131790315045810347e-01
5.919732441471571164e-09 2.039985768306834257e-01
6.020066889632105918e-09 1.943682507718202390e-01
6.120401337792641499e-09 1.844394786922893270e-01
6.220735785953176253e-09 1.743732584372427730e-01
6.321070234113711835e-09 1.643323912519915331e-01
6.421404682274246589e-09 1.544746372246630639e-01
6.521739130434781343e-09 1.449468781335829792e-01
6.622073578595316924e-09 1.358802487363845457e-01
6.722408026755851678e-09 1.273861348597956078e-01
6.822742474916387259e-09 1.195529335928767478e-01
6.923076923076922013e-09 1.124435166154136578e-01
7.023411371237457594e-09 1.060934128141713118e-01
7.123745819397992348e-09 1.005098069005243289e-01
7.224080267558527102e-09 9.567151278453678298e-02
7.324414715719062683e-09 9.153010436361008750e-02
7.424749163879597437e-09 8.801236031274302374e-02
7.525083612040133018e-09 8.502410138222356306e-02
7.625418060200667772e-09 8.245537668996075209e-02
7.725752508361202526e-09 8.018680632666477792e-02
7.826086956521737280e-09 7.809673394916002986e-02
7.926421404682273689e-09 7.606870972346047033e-02
8.026755852842808442e-09 7.399873385027029571e-02
8.127090301003343196e-09 7.180166114023846247e-02
8.227424749163877950e-09 6.941620640909081097e-02
8.327759197324414359e-09 6.680809761925145251e-02
8.428093645484949113e-09 6.397108767986772748e-02
8.528428093645483867e-09 6.092573740905176533e-02
8.628762541806018621e-09 5.771609677751805834e-02
8.729096989966553375e-09 5.440461284392857089e-02
8.829431438127089783e-09 5.106575643510918860e-02
8.929765886287624537e-09 4.777896671735924750e-02
9.030100334448159291e-09 4.462155237526969909e-02
9.130434782608694045e-09 4.166215837959841295e-02
9.230769230769228799e-09 3.895531556569413467e-02
9.331103678929765207e-09 3.653745135185711840e-02
9.431438127090299961e-09 3.442457391214397144e-02
9.531772575250834715e-09 3.261167098351955979e-02
9.632107023411369469e-09 3.107370898527088074e-02
9.732441471571904223e-09 2.976799489593497799e-02
9.832775919732440632e-09 2.863758282702674393e-02
9.933110367892975386e-09 2.761537274736556441e-02
1.003344481605351014e-08 2.662855666839066687e-02
1.013377926421404489e-08 2.560310842157245692e-02
1.023411371237458130e-08 2.446807395725326267e-02
1.033444816053511606e-08 2.315948580048797500e-02
1.043478260869565081e-08 2.162378528420445811e-02
1.053511705685618556e-08 1.982068035420524177e-02
1.063545150501672032e-08 1.772539089981750929e-02
1.073578595317725673e-08 1.533023878069598653e-02
1.083612040133779148e-08 1.264553175282662027e-02
1.093645484949832623e-08 9.699678352509946352e-03
1.103678929765886099e-08 6.538464724046525768e-03
1.113712374581939574e-08 3.223433651021878274e-03
1.123745819397993215e-08 -1.706630457921944066e-04
1.133779264214046690e-08 -3.559313236295196664e-03
1.143812709030100166e-08 -6.852494364408361766e-03
1.153846153846153641e-08 -9.959538132356835979e-03
1.163879598662207117e-08 -1.279433723738403368e-02
1.173913043478260757e-08 -1.528054877109084192e-02
1.183946488294314233e-08 -1.735640334744460375e-02
1.193979933110367708e-08 -1.897872120849232805e-02
1.204013377926421184e-08 -2.012577243815807243e-02
1.214046822742474824e-08 -2.079869804179534584e-02
1.224080267558528300e-08 -2.102132578015927095e-02
1.234113712374581775e-08 -2.083835735827175087e-02
1.244147157190635251e-08 -2.031205576496491680e-02
1.254180602006688726e-08 -1.951770514843985393e-02
1.264214046822742367e-08 -1.853823304607409711e-02
1.274247491638795842e-08 -1.745846154451864696e-02
1.284280936454849318e-08 -1.635948062118090796e-02
1.294314381270902793e-08 -1.531361056034549577e-02
1.304347826086956269e-08 -1.438034486577768195e-02
1.314381270903009909e-08 -1.360355071293541107e-02
1.324414715719063385e-08 -1.301006570593505121e-02
1.334448160535116860e-08 -1.260968517772511309e-02
1.344481605351170336e-08 -1.239640128451632677e-02
1.354515050167223811e-08 -1.235064914897886570e-02
1.364548494983277452e-08 -1.244224734081294387e-02
1.374581939799330927e-08 -1.263369530026231362e-02
1.384615384615384403e-08 -1.288350788889673290e-02
1.394648829431437878e-08 -1.314932025387301542e-02
1.404682274247491519e-08 -1.339057326529318782e-02
1.414715719063544994e-08 -1.357067700008614611e-02
1.424749163879598470e-08 -1.365863283995195215e-02
1.434782608695651945e-08 -1.363016135046397730e-02
1.444816053511705420e-08 -1.346842456151733577e-02
1.454849498327759061e-08 -1.316444383372215518e-02
1.464882943143812537e-08 -1.271729970652384252e-02
1.474916387959866012e-08 -1.213416430720120481e-02
1.484949832775919487e-08 -1.143016992442105924e-02
1.494983277591973128e-08 -1.062807083680522915e-02
1.505016722408026604e-08 -9.757620767628524816e-03
1.515050167224080079e-08 -8.854574490795606018e-03
1.525083612040133554e-08 -7.959234395584026400e-03
1.535117056856187030e-08 -7.114501722341190840e-03
1.545150501672240505e-08 -6.363453284191831344e-03
1.555183946488293981e-08 -5.746539089562353354e-03
1.565217391304347456e-08 -5.298572733182095422e-03
1.575250836120401262e-08 -5.045751959238655750e-03
1.585284280936454738e-08 -5.002989537330772979e-03
1.595317725752508213e-08 -5.171845434764747208e-03
1.605351170568561688e-08 -5.539325403215292210e-03
1.615384615384615164e-08 -6.077748850567752520e-03
1.625418060200668639e-08 -6.745795806409023501e-03
1.635451505016722115e-08 -7.490729042716019748e-03
1.645484949832775590e-08 -8.251666327856453306e-03
1.655518394648829065e-08 -8.963664122335835566e-03
1.665551839464882872e-08 -9.562281905943770255e-03
1.675585284280936347e-08 -9.988237360282535213e-03
1.685618729096989823e-08 -1.019174433150065763e-02
1.695652173913043298e-08 -1.013615031902017662e-02
1.705685618729096773e-08 -9.800555308183850692e-03
1.715719063545150249e-08 -9.181191361525351327e-03
1.725752508361203724e-08 -8.291461027698201341e-03
1.735785953177257200e-08 -7.160658665244743273e-03
1.745819397993310675e-08 -5.831518185039794196e-03
1.755852842809364150e-08 -4.356830870371917672e-03
1.765886287625417957e-08 -2.795448126830343827e-03
1.775919732441471432e-08 -1.208020482669627110e-03
1.785953177257524907e-08 3.471754568250655371e-04
1.795986622073578383e-08 1.818003216395508177e-03
1.806020066889631858e-08 3.161566533123382448e-03
1.816053511705685334e-08 4.346461563238486481e-03
1.826086956521738809e-08 5.354085015068047251e-03
1.836120401337792284e-08 6.178985941045252693e-03
1.846153846153845760e-08 6.828323057302644258e-03
1.856187290969899566e-08 7.320547939315302788e-03
1.866220735785953041e-08 7.683474149728071120e-03
1.876254180602006517e-08 7.951912903854340547e-03
1.886287625418059992e-08 8.165059208998352164e-03
1.896321070234113468e-08 8.363802100273170018e-03
1.906354515050166943e-08 8.588113012192484519e-03
1.916387959866220418e-08 8.874641817507621447e-03
1.926421404682273894e-08 9.254624263349008756e-03
1.936454849498327369e-08 9.752179911175558324e-03
1.946488294314380845e-08 1.038305739831010127e-02
1.956521739130434651e-08 1.115386385499855110e-02
1.966555183946488126e-08 1.206179676866709835e-02
1.976588628762541602e-08 1.309487827613582678e-02
1.986622073578595077e-08 1.423267273650735167e-02
1.996655518394648553e-08 1.544744802950755516e-02
2.006688963210702028e-08 1.670571971418151683e-02
2.016722408026755503e-08 1.797009622918328831e-02
2.026755852842808979e-08 1.920132467815884383e-02
2.036789297658862454e-08 2.036042272738162323e-02
2.046822742474916260e-08 2.141077494102998011e-02
2.056856187290969736e-08 2.232007310696265331e-02
2.066889632107023211e-08 2.306199041945734135e-02
2.076923076923076687e-08 2.361749827001027174e-02
2.086956521739130162e-08 2.397576016294207524e-02
2.096989966555183637e-08 2.413456726892622417e-02
2.107023411371237113e-08 2.410031114281147718e-02
2.117056856187290588e-08 2.388751789325420372e-02
2.127090301003344064e-08 2.351799180404115508e-02
2.137123745819397539e-08 2.301963319498151472e-02
2.147157190635451345e-08 2.242500450447230606e-02
2.157190635451504821e-08 2.176972077837307715e-02
2.167224080267558296e-08 2.109073766317798651e-02
2.177257525083611771e-08 2.042460404829830878e-02
2.187290969899665247e-08 1.980574030240361480e-02
2.197324414715718722e-08 1.926479884892622410e-02
2.207357859531772198e-08 1.882716298911879180e-02
2.217391304347825673e-08 1.851164253668638460e-02
2.227424749163879148e-08 1.832942975612411943e-02
2.237458193979932955e-08 1.828338388369891293e-02
2.247491638795986430e-08 1.836771396092598888e-02
2.257525083612039905e-08 1.856812446118657686e-02
2.267558528428093381e-08 1.886247341730280108e-02
2.277591973244146856e-08 1.922196686558478446e-02
2.287625418060200332e-08 1.961287657941938531e-02
2.297658862876253807e-08 1.999872248725637416e-02
2.307692307692307282e-08 2.034281106655897245e-02
2.317725752508360758e-08 2.061097218655852381e-02
2.327759197324414233e-08 2.077429603795952900e-02
2.337792642140468040e-08 2.081164559604659070e-02
2.347826086956521515e-08 2.071171411398765871e-02
2.357859531772574990e-08 2.047441502049262771e-02
2.367892976588628466e-08 2.011143413560818188e-02
2.377926421404681941e-08 1.964583901615275102e-02
2.387959866220735417e-08 1.911072209208571071e-02
2.397993311036788892e-08 1.854694503383546439e-02
2.408026755852842367e-08 1.800014174386191379e-02
2.418060200668895843e-08 1.751721618657867824e-02
2.428093645484949649e-08 1.714262941606095256e-02
2.438127090301003124e-08 1.691480012392018034e-02
2.448160535117056600e-08 1.686294038812174989e-02
2.458193979933110075e-08 1.700461239020064491e-02
2.468227424749163551e-08 1.734422596078796092e-02
2.478260869565217026e-08 1.787260780569912416e-02
2.488294314381270501e-08 1.856767085788035149e-02
2.498327759197323977e-08 1.939610771442557349e-02
2.508361204013377452e-08 2.031593708547682967e-02
2.518394648829430928e-08 2.127965691252604874e-02
2.528428093645484734e-08 2.223771012247608564e-02
2.538461538461538209e-08 2.314195325667683933e-02
2.548494983277591685e-08 2.394883493277781550e-02
2.558528428093645160e-08 2.462203688257450646e-02
2.568561872909698635e-08 2.513439846857171839e-02
2.578595317725752111e-08 2.546902707686232031e-02
2.588628762541805586e-08 2.561958147427142313e-02
2.598662207357859062e-08 2.558979320901923898e-02
2.608695652173912537e-08 2.539235403698422017e-02
2.618729096989966343e-08 2.504733928844685847e-02
2.628762541806019819e-08 2.458035529565894342e-02
2.638795986622073294e-08 2.402059400586481486e-02
2.648829431438126769e-08 2.339895321570871836e-02
2.658862876254180245e-08 2.274634227198627998e-02
2.668896321070233720e-08 2.209224768326264327e-02
2.678929765886287196e-08 2.146358816429521851e-02
2.688963210702340671e-08 2.088385060338148608e-02
2.698996655518394146e-08 2.037247196391224480e-02
2.709030100334447622e-08 1.994441955269132816e-02
2.719063545150501428e-08 1.960992325713476273e-02
2.729096989966554904e-08 1.937432582619786139e-02
2.739130434782608379e-08 1.923803685367960273e-02
2.749163879598661854e-08 1.919659766668821085e-02
2.759197324414715330e-08 1.924088261706321384e-02
2.769230769230768805e-08 1.935747292022577462e-02
2.779264214046822281e-08 1.952923930119211671e-02
2.789297658862875756e-08 1.973615836484952923e-02
2.799331103678929231e-08 1.995636595408719835e-02
2.809364548494983038e-08 2.016742180215555166e-02
2.819397993311036513e-08 2.034772789217207528e-02
2.829431438127089988e-08 2.047801313430720402e-02
2.839464882943143464e-08 2.054277415917025659e-02
2.849498327759196939e-08 2.053155022277192848e-02
2.859531772575250415e-08 2.043991195680866860e-02
2.869565217391303890e-08 2.027005965355750325e-02
2.879598662207357365e-08 2.003095567651488884e-02
2.889632107023410841e-08 1.973795441415668664e-02
2.899665551839464316e-08 1.941193761306340623e-02
2.909698996655518122e-08 1.907800790893493526e-02
2.919732441471571598e-08 1.876383388020998536e-02
2.929765886287625073e-08 1.849777158822448614e-02
2.939799331103678549e-08 1.830690713500677039e-02
2.949832775919732024e-08 1.821517059091130181e-02
2.959866220735785499e-08 1.824166369228001627e-02
2.969899665551838975e-08 1.839932348964124983e-02
2.979933110367892450e-08 1.869401436648825132e-02
2.989966555183946256e-08 1.912410504887267562e-02
2.999999999999999732e-08 1.968054915716511977e-02
