0.000000000000000000e+00 9.999999999999995559e-01
1.003344481605351029e-10 2.845690439469242966e-02
2.006688963210702059e-10 1.240223650012804713e-02
3.010033444816052959e-10 1.821303458800273625e-02
4.013377926421404118e-10 2.305238777277263118e-02
5.016722408026755277e-10 -1.013856711246030953e-02
6.020066889632105918e-10 6.297875890441933383e-03
7.023411371237457594e-10 1.389384767599590592e-02
8.026755852842808236e-10 1.260380497409966695e-04
9.030100334448158877e-10 1.657152875230906691e-03
1.003344481605351055e-09 1.180009874002972865e-02
1.103678929765886223e-09 4.894946218540660240e-03
1.204013377926421184e-09 -7.501738533409406905e-04
1.304347826086956351e-09 1.287401162217587276e-02
1.404682274247491519e-09 2.889134928852120886e-03
1.505016722408026480e-09 1.296475027300501327e-03
1.605351170568561647e-09 5.447863509674999959e-03
1.705685618729096815e-09 2.928215714870816694e-03
1.806020066889631775e-09 3.935854718109497129e-03
1.906354515050166943e-09 3.616284235177891909e-03
2.006688963210702111e-09 7.441100860426338656e-03
2.107023411371237278e-09 6.614161352825020414e-03
2.207357859531772446e-09 4.335040999290945204e-03
2.307692307692307200e-09 2.831796043355450879e-03
2.408026755852842367e-09 5.325540798702754243e-03
2.508361204013377535e-09 7.799350902277098554e-03
2.608695652173912702e-09 8.657027726902900150e-03
2.709030100334447870e-09 5.604704599026120657e-03
2.809364548494983038e-09 1.117950625493734779e-02
2.909698996655517792e-09 4.690905048403839518e-03
3.010033444816052959e-09 6.049649182390780255e-03
3.110367892976588127e-09 6.981226742553123255e-03
3.210702341137123294e-09 6.703279286898517451e-03
3.311036789297658462e-09 1.056702297450312460e-02
3.411371237458193629e-09 5.879027396338578487e-03
3.511705685618728797e-09 7.839137685106269821e-03
3.612040133779263551e-09 8.600478171659341198e-03
3.712374581939798719e-09 1.550269291376206102e-02
3.812709030100333886e-09 1.132364950880960196e-02
3.913043478260868640e-09 -1.050415540267124730e-04
4.013377926421404221e-09 1.055700518729088370e-02
4.113712374581938975e-09 2.720086174915499217e-03
4.214046822742474556e-09 4.377791482891187774e-03
4.314381270903009310e-09 1.154159398794680005e-02
4.414715719063544892e-09 3.981056401870155387e-03
4.515050167224079646e-09 2.146080691262908322e-03
4.615384615384614399e-09 5.374326832038517528e-03
4.715719063545149981e-09 5.778260986900711667e-03
4.816053511705684735e-09 9.426267377809367451e-03
4.916387959866220316e-09 1.258875305872072213e-02
5.016722408026755070e-09 6.548194287344955358e-03
5.117056856187290651e-09 9.287380876283357969e-03
5.217391304347825405e-09 3.561772193336329960e-03
5.317725752508360159e-09 7.741842722418155326e-03
5.418060200668895740e-09 6.364347492194236990e-03
5.518394648829430494e-09 1.323269577581314554e-02
5.618729096989966075e-09 5.137617420791969550e-03
5.719063545150500829e-09 6.588609377964830920e-03
5.819397993311035583e-09 2.074457185823276508e-03
5.919732441471571164e-09 9.372292822412796667e-03
6.020066889632105918e-09 6.683016637531000170e-03
6.120401337792641499e-09 4.311984800828048449e-03
6.220735785953176253e-09 6.646747194224685538e-03
6.321070234113711835e-09 8.021579537328477755e-03
6.421404682274246589e-09 1.204590121488046577e-03
6.521739130434781343e-09 1.078029517975292312e-02
6.622073578595316924e-09 1.017182523456925357e-02
6.722408026755851678e-09 1.803212208838982349e-03
6.822742474916387259e-09 9.555491520080876960e-03
6.923076923076922013e-09 5.889021800064099532e-03
7.023411371237457594e-09 9.970873605412206367e-03
7.123745819397992348e-09 6.965453966463340703e-03
7.224080267558527102e-09 1.040389870653963579e-02
7.324414715719062683e-09 2.753071806842682240e-03
7.424749163879597437e-09 7.008622673790110454e-03
7.525083612040133018e-09 1.204487853096592766e-02
7.625418060200667772e-09 8.723535777955686993e-03
7.725752508361202526e-09 3.001014907519135560e-03
7.826086956521737280e-09 6.807452694099189877e-03
7.926421404682273689e-09 3.862414336285006997e-03
8.026755852842808442e-09 1.066162197138233701e-02
8.127090301003343196e-09 9.149832042930731990e-03
8.227424749163877950e-09 7.310721965298654437e-03
8.327759197324414359e-09 9.245443874320698197e-03
8.428093645484949113e-09 5.119139203696360108e-03
8.528428093645483867e-09 9.379750612618338937e-03
8.628762541806018621e-09 8.792234578689089169e-03
8.729096989966553375e-09 5.816951681787024299e-03
8.829431438127089783e-09 1.155141883223274359e-02
8.929765886287624537e-09 4.871291160207345469e-03
9.030100334448159291e-09 9.684751833868167348e-03
9.130434782608694045e-09 3.995868441419852569e-03
9.230769230769228799e-09 1.065933351384930686e-02
9.331103678929765207e-09 7.538685778328845649e-03
9.431438127090299961e-09 1.804564631921211143e-03
9.531772575250834715e-09 9.978821874237413930e-03
9.632107023411369469e-09 7.805990985787069660e-03
9.732441471571904223e-09 4.757370728395004383e-03
9.832775919732440632e-09 1.067808237711887105e-02
9.933110367892975386e-09 9.676051463329966157e-03
1.003344481605351014e-08 5.430773433478062323e-03
1.013377926421404489e-08 8.454140142643921593e-03
1.023411371237458130e-08 8.574441387559155262e-03
1.033444816053511606e-08 4.429115208047702291e-03
1.043478260869565081e-08 7.988421850333269833e-03
1.053511705685618556e-08 5.599387368171017051e-03
1.063545150501672032e-08 1.183121170427094138e-02
1.073578595317725673e-08 1.303184409174406276e-02
1.083612040133779148e-08 1.405129087697700070e-02
1.093645484949832623e-08 1.142108705792720981e-02
1.103678929765886099e-08 1.041716441448942501e-02
1.113712374581939574e-08 7.484877310193483770e-03
1.123745819397993215e-08 2.432257872386654404e-03
1.133779264214046690e-08 7.467247519601994885e-03
1.143812709030100166e-08 6.485437154004822929e-03
1.153846153846153641e-08 3.426291320946646575e-03
1.163879598662207117e-08 8.441927135358216067e-03
1.173913043478260757e-08 3.624097867399701280e-03
1.183946488294314233e-08 6.990746544777385468e-03
1.193979933110367708e-08 8.062128689992842379e-03
1.204013377926421184e-08 3.148605871624930719e-03
1.214046822742474824e-08 1.111372576655962618e-02
1.224080267558528300e-08 3.865688231368585685e-03
1.234113712374581775e-08 8.785197074797265401e-03
1.244147157190635251e-08 5.742394367360932964e-03
1.254180602006688726e-08 7.176778529005723752e-03
1.264214046822742367e-08 7.149288130575790802e-03
1.274247491638795842e-08 2.158745328918926058e-03
1.284280936454849318e-08 4.836503236152258148e-03
1.294314381270902793e-08 3.032894937193407470e-03
1.304347826086956269e-08 6.904983442119217926e-03
1.314381270903009909e-08 -3.437286378685166024e-03
1.324414715719063385e-08 1.429173503599022108e-02
1.334448160535116860e-08 6.066809641129440600e-03
1.344481605351170336e-08 3.638609839749951981e-03
1.354515050167223811e-08 -1.035401913443293473e-03
1.364548494983277452e-08 8.500549033683309219e-03
1.374581939799330927e-08 9.084797347644264429e-03
1.384615384615384403e-08 9.292649832987420408e-03
1.394648829431437878e-08 3.315732907625576313e-03
1.404682274247491519e-08 4.097555926722202570e-03
1.414715719063544994e-08 1.516130935215443711e-02
1.424749163879598470e-08 7.878124356427568253e-03
1.434782608695651945e-08 1.124175046814573573e-02
1.444816053511705420e-08 1.177327269184048029e-02
1.454849498327759061e-08 9.053922588615781822e-03
1.464882943143812537e-08 3.271333230869173572e-03
1.474916387959866012e-08 3.672808230657772025e-03
1.484949832775919487e-08 3.457436309615453431e-03
1.494983277591973128e-08 3.332550648008106905e-03
1.505016722408026604e-08 1.433662615322035642e-02
1.515050167224080079e-08 4.478772279028727862e-03
1.525083612040133554e-08 5.711869419552056786e-03
1.535117056856187030e-08 6.662102063718492763e-03
1.545150501672240505e-08 3.760306387660288137e-03
1.555183946488293981e-08 8.150430730945573340e-03
1.565217391304347456e-08 8.341116370260427335e-03
1.575250836120401262e-08 1.014008663820088751e-02
1.585284280936454738e-08 6.864105521667829279e-03
1.595317725752508213e-08 7.046922624906853429e-03
1.605351170568561688e-08 6.527514606710892349e-03
1.615384615384615164e-08 5.390419240624552862e-03
1.625418060200668639e-08 1.048792039243512733e-02
1.635451505016722115e-08 9.320718648830526171e-03
1.645484949832775590e-08 8.603847550316037068e-03
1.655518394648829065e-08 7.035030455853967697e-03
1.665551839464882872e-08 1.407972665214515112e-02
1.675585284280936347e-08 2.928951209298160351e-03
1.685618729096989823e-08 1.148186420892841585e-02
1.695652173913043298e-08 7.216923961432360896e-03
1.705685618729096773e-08 5.073314470546388955e-03
1.715719063545150249e-08 2.216033243059777232e-03
1.725752508361203724e-08 1.012626901826522118e-02
1.735785953177257200e-08 7.169344709814834751e-03
1.745819397993310675e-08 5.087561344135837008e-03
1.755852842809364150e-08 6.341483461925478959e-03
1.765886287625417957e-08 5.319387542443754051e-03
1.775919732441471432e-08 1.817713294752856118e-03
1.785953177257524907e-08 5.993451340996634041e-03
1.795986622073578383e-08 6.576762996234839301e-03
1.806020066889631858e-08 2.967241440973577334e-03
1.816053511705685334e-08 6.952217545739870080e-03
1.826086956521738809e-08 1.249367995531361873e-02
1.836120401337792284e-08 8.855942140462032958e-03
1.846153846153845760e-08 7.660222252919533792e-03
1.856187290969899566e-08 8.630915083127870327e-03
1.866220735785953041e-08 8.118690648053048312e-03
1.876254180602006517e-08 1.316960671352263544e-02
1.886287625418059992e-08 1.233181590630404514e-02
1.896321070234113468e-08 8.932959776943756591e-03
1.906354515050166943e-08 7.130007353474549815e-03
1.916387959866220418e-08 8.421072327214810735e-03
1.926421404682273894e-08 1.042048718474359974e-02
1.936454849498327369e-08 7.624997825546901351e-03
1.946488294314380845e-08 1.090498341131459700e-02
1.956521739130434651e-08 1.163666954306238378e-02
1.966555183946488126e-08 3.115955057508033605e-03
1.976588628762541602e-08 1.153345662272179002e-02
1.986622073578595077e-08 9.368825928668729486e-03
1.996655518394648553e-08 6.166255441192783522e-03
2.006688963210702028e-08 9.469753610573098182e-03
2.016722408026755503e-08 1.172804997076931470e-02
2.026755852842808979e-08 1.076386131058696891e-02
2.036789297658862454e-08 8.653881019215416137e-03
2.046822742474916260e-08 1.560766757507800473e-02
2.056856187290969736e-08 1.857295821391963687e-04
2.066889632107023211e-08 5.489872282597986486e-03
2.076923076923076687e-08 7.547730429852793008e-03
2.086956521739130162e-08 7.868344240383575230e-03
2.096989966555183637e-08 1.126597247897033818e-02
2.107023411371237113e-08 6.561048747622677188e-03
2.117056856187290588e-08 6.180919122368688963e-03
2.127090301003344064e-08 6.089597811269335977e-03
2.137123745819397539e-08 2.425893544051684492e-03
2.147157190635451345e-08 1.040209031921429314e-02
2.157190635451504821e-08 1.218209800861648311e-02
2.167224080267558296e-08 8.984704785714434094e-03
2.177257525083611771e-08 1.047774192090986274e-02
2.187290969899665247e-08 4.726274293574842314e-03
2.197324414715718722e-08 9.376530472747217348e-03
2.207357859531772198e-08 9.564202573010148825e-03
2.217391304347825673e-08 5.953606267647090430e-03
2.227424749163879148e-08 7.516377432862049457e-03
2.237458193979932955e-08 7.934459884737024571e-03
2.247491638795986430e-08 2.169164262473633441e-03
2.257525083612039905e-08 3.251982744717682536e-03
2.267558528428093381e-08 9.244501459421032921e-03
2.277591973244146856e-08 8.517742582381932631e-03
2.287625418060200332e-08 5.961178140651836668e-03
2.297658862876253807e-08 7.129759617367357159e-03
2.307692307692307282e-08 6.033256664669322915e-03
2.317725752508360758e-08 1.088556379809533202e-02
2.327759197324414233e-08 8.426336144002333911e-03
2.337792642140468040e-08 6.808203040882854912e-03
2.347826086956521515e-08 7.350851089605453526e-03
2.357859531772574990e-08 1.052909825241108051e-02
2.367892976588628466e-08 1.002956939410682563e-02
2.377926421404681941e-08 8.866197163112312860e-03
2.387959866220735417e-08 1.109024224172159602e-02
2.397993311036788892e-08 4.101891560920325683e-03
2.408026755852842367e-08 1.041637822847637021e-02
2.418060200668895843e-08 1.006483235629731902e-02
2.428093645484949649e-08 6.137287076904703910e-03
2.438127090301003124e-08 5.434427669731671517e-03
2.448160535117056600e-08 9.383624768459122856e-03
2.458193979933110075e-08 6.511705011085121980e-03
2.468227424749163551e-08 1.045335798704326649e-02
2.478260869565217026e-08 8.294080762421700975e-03
2.488294314381270501e-08 8.800190293671406039e-03
2.498327759197323977e-08 3.754689541403312229e-03
2.508361204013377452e-08 5.194861136920454411e-03
2.518394648829430928e-08 1.123480730640390515e-02
2.528428093645484734e-08 5.091650567100262231e-03
2.538461538461538209e-08 6.747365150951881163e-03
2.548494983277591685e-08 8.463713569648435506e-03
2.558528428093645160e-08 1.181545108329544111e-02
2.568561872909698635e-08 3.344714529891418871e-03
2.578595317725752111e-08 4.214931876055757337e-03
2.588628762541805586e-08 4.739221326543381803e-03
2.598662207357859062e-08 3.737197781157709960e-03
2.608695652173912537e-08 7.719010888665020151e-03
2.618729096989966343e-08 2.956928186991398654e-03
2.628762541806019819e-08 2.992854927117527368e-03
2.638795986622073294e-08 4.114527210031937790e-03
2.648829431438126769e-08 7.633160579180089250e-03
2.658862876254180245e-08 6.764424647327007753e-03
2.668896321070233720e-08 1.157210809003258491e-02
2.678929765886287196e-08 -4.486370582137723926e-04
2.688963210702340671e-08 -2.469811193293899258e-03
2.698996655518394146e-08 1.314902412027077125e-02
2.709030100334447622e-08 7.019548301627024159e-03
2.719063545150501428e-08 8.721035378274085911e-03
2.729096989966554904e-08 7.817377762340326636e-03
2.739130434782608379e-08 4.822500380425552569e-03
2.749163879598661854e-08 1.057762094830409089e-02
2.759197324414715330e-08 8.600924922935907629e-03
2.769230769230768805e-08 9.763229976784861333e-03
2.779264214046822281e-08 3.687829504765337491e-04
2.789297658862875756e-08 3.267689720079980289e-03
2.799331103678929231e-08 3.914491070817814264e-03
2.809364548494983038e-08 3.944830566669064835e-03
2.819397993311036513e-08 3.254521116321205075e-03
2.829431438127089988e-08 3.866922424936085952e-03
2.839464882943143464e-08 7.983212919669311139e-03
2.849498327759196939e-08 1.164973392766440602e-02
2.859531772575250415e-08 -1.208300654113720913e-03
2.869565217391303890e-08 7.135671764666008145e-03
2.879598662207357365e-08 2.250079015533462852e-03
2.889632107023410841e-08 7.456613499294561381e-03
2.899665551839464316e-08 5.505514137927164896e-03
2.909698996655518122e-08 1.027304703478263380e-02
2.919732441471571598e-08 6.184837407158345554e-03
2.929765886287625073e-08 1.295842993802397668e-02
2.939799331103678549e-08 1.381843598675201908e-02
2.949832775919732024e-08 2.486187009199697373e-03
2.959866220735785499e-08 7.754624469605207043e-03
2.969899665551838975e-08 7.189576154917881080e-03
2.979933110367892450e-08 1.022422832372348218e-02
2.989966555183946256e-08 1.234929495222354505e-02
2.999999999999999732e-08 1.499425258287042121e-03
