0.000000000000000000e+00 9.999999999999995559e-01
1.003344481605351029e-10 1.080077899404637345e-02
2.006688963210702059e-10 6.121692659716127839e-03
3.010033444816052959e-10 1.221556577915800836e-02
4.013377926421404118e-10 2.555355035072629736e-03
5.016722408026755277e-10 6.607793923763242809e-03
6.020066889632105918e-10 9.224785622500512178e-03
7.023411371237457594e-10 3.406436794594920343e-03
8.026755852842808236e-10 1.125134782804881189e-02
9.030100334448158877e-10 6.534343362918669691e-03
1.003344481605351055e-09 1.030023865933292308e-02
1.103678929765886223e-09 1.114252399941885810e-02
1.204013377926421184e-09 5.669792653622199655e-03
1.304347826086956351e-09 1.413964657486013743e-03
1.404682274247491519e-09 3.114234355690294505e-03
1.505016722408026480e-09 6.749142642954951941e-03
1.605351170568561647e-09 2.710604376865065552e-04
1.705685618729096815e-09 9.505531460438212954e-03
1.806020066889631775e-09 1.103726893610752595e-02
1.906354515050166943e-09 4.197198858460182355e-03
2.006688963210702111e-09 8.290099020247970393e-03
2.107023411371237278e-09 8.457340375759353143e-03
2.207357859531772446e-09 5.809223759368978800e-03
2.307692307692307200e-09 1.175884116147650309e-02
2.408026755852842367e-09 9.199397987095649792e-03
2.508361204013377535e-09 4.800941945687993602e-03
2.608695652173912702e-09 -2.096100278193180778e-05
2.709030100334447870e-09 8.031622302358720072e-03
2.809364548494983038e-09 2.907913656261761331e-03
2.909698996655517792e-09 6.004389322915356514e-03
3.010033444816052959e-09 8.553474668340374509e-03
3.110367892976588127e-09 1.651119234225663715e-02
3.210702341137123294e-09 8.001388836232371446e-03
3.311036789297658462e-09 4.168783549574958799e-04
3.411371237458193629e-09 8.050304648481474562e-03
3.511705685618728797e-09 4.676839638590738792e-03
3.612040133779263551e-09 1.162723983324779470e-02
3.712374581939798719e-09 2.176440916237043673e-03
3.812709030100333886e-09 1.407638610407887028e-02
3.913043478260868640e-09 3.942118926843637093e-03
4.013377926421404221e-09 9.683064210062371918e-03
4.113712374581938975e-09 1.447321566661869448e-03
4.214046822742474556e-09 3.318132384798470544e-03
4.314381270903009310e-09 1.512578931876760145e-02
4.414715719063544892e-09 1.841736907740037935e-03
4.515050167224079646e-09 6.165577498482965185e-03
4.615384615384614399e-09 1.519911048869249624e-02
4.715719063545149981e-09 9.750806109426253532e-03
4.816053511705684735e-09 7.376947092714193979e-03
4.916387959866220316e-09 1.086395625775567891e-02
5.016722408026755070e-09 9.287885313071465518e-03
5.117056856187290651e-09 9.946797223701097854e-03
5.217391304347825405e-09 1.178612015348775438e-02
5.317725752508360159e-09 8.029234021500972554e-03
5.418060200668895740e-09 1.293567830680245057e-02
5.518394648829430494e-09 7.438994730104306861e-03
5.618729096989966075e-09 6.341148250047908171e-03
5.719063545150500829e-09 1.301242215053678014e-02
5.819397993311035583e-09 5.872706279616494995e-03
5.919732441471571164e-09 5.201223466774847551e-03
6.020066889632105918e-09 1.065510097371698099e-02
6.120401337792641499e-09 1.012609060856576280e-02
6.220735785953176253e-09 1.168001647909986708e-02
6.321070234113711835e-09 3.788560615659453817e-03
6.421404682274246589e-09 5.018726935073839802e-03
6.521739130434781343e-09 2.169589282041241036e-03
6.622073578595316924e-09 3.400864826145377773e-03
6.722408026755851678e-09 6.589558853810086568e-03
6.822742474916387259e-09 9.372875096970432682e-03
6.923076923076922013e-09 4.365782365307963910e-03
7.023411371237457594e-09 7.651267362240758013e-03
7.123745819397992348e-09 5.125341960229361574e-03
7.224080267558527102e-09 8.913870427168695335e-03
7.324414715719062683e-09 6.612964977614116217e-03
7.424749163879597437e-09 1.250387213482486576e-02
7.525083612040133018e-09 8.090255081353555158e-03
7.625418060200667772e-09 3.849811531905046776e-03
7.725752508361202526e-09 4.428705232792503818e-03
7.826086956521737280e-09 1.367015407386799018e-02
7.926421404682273689e-09 6.653305012297254344e-03
8.026755852842808442e-09 4.810059909604364262e-03
8.127090301003343196e-09 1.096635779658041224e-02
8.227424749163877950e-09 2.287708426897161994e-03
8.327759197324414359e-09 1.254258652389972188e-02
8.428093645484949113e-09 6.743554532345589179e-03
8.528428093645483867e-09 3.436403628067052126e-03
8.628762541806018621e-09 1.063400210988903194e-02
8.729096989966553375e-09 4.086559878794609156e-03
8.829431438127089783e-09 1.279265659539569229e-02
8.929765886287624537e-09 1.009411555405607952e-02
9.030100334448159291e-09 9.647131027207231022e-03
9.130434782608694045e-09 1.868308663690899929e-03
9.230769230769228799e-09 4.736549102972161668e-03
9.331103678929765207e-09 8.981539618117337018e-03
9.431438127090299961e-09 1.035724791562168609e-02
9.531772575250834715e-09 5.447102266311728419e-03
9.632107023411369469e-09 4.716826210503924539e-03
9.732441471571904223e-09 6.138333685419647412e-03
9.832775919732440632e-09 6.948528270649702125e-03
9.933110367892975386e-09 7.480094528975717028e-03
1.003344481605351014e-08 1.080259622121378799e-02
1.013377926421404489e-08 8.077691462313045176e-03
1.023411371237458130e-08 7.483988451280931473e-03
1.033444816053511606e-08 5.956106807654775598e-03
1.043478260869565081e-08 6.376805072166154276e-03
1.053511705685618556e-08 4.587606154922306903e-03
1.063545150501672032e-08 1.168514371413025173e-02
1.073578595317725673e-08 8.552664835565973803e-03
1.083612040133779148e-08 1.330580626204785379e-02
1.093645484949832623e-08 1.524814792947895396e-02
1.103678929765886099e-08 5.819359302925464737e-03
1.113712374581939574e-08 5.536323062346403326e-03
1.123745819397993215e-08 1.038368081059952257e-02
1.133779264214046690e-08 7.005811846127993001e-03
1.143812709030100166e-08 6.299309652409520836e-03
1.153846153846153641e-08 1.129212077789695096e-02
1.163879598662207117e-08 3.357748023209016549e-03
1.173913043478260757e-08 3.013645769438595429e-03
1.183946488294314233e-08 5.288769185794089771e-03
1.193979933110367708e-08 5.992889348492788822e-03
1.204013377926421184e-08 1.223798092469381357e-02
1.214046822742474824e-08 9.363985789675306065e-03
1.224080267558528300e-08 2.078431936474744481e-03
1.234113712374581775e-08 5.254322783190993468e-03
1.244147157190635251e-08 7.226143469135368549e-03
1.254180602006688726e-08 7.061980167217547788e-03
1.264214046822742367e-08 3.945231789054987580e-03
1.274247491638795842e-08 5.689868943720068073e-03
1.284280936454849318e-08 9.303174490326034107e-03
1.294314381270902793e-08 8.669905802769186515e-03
1.304347826086956269e-08 1.130726431801685333e-02
1.314381270903009909e-08 1.304652658927532571e-02
1.324414715719063385e-08 1.103317927107110366e-02
1.334448160535116860e-08 5.506486067767093692e-03
1.344481605351170336e-08 1.019968955029328800e-02
1.354515050167223811e-08 1.115787862406008787e-02
1.364548494983277452e-08 4.922363567863735113e-03
1.374581939799330927e-08 4.812237224937098053e-03
1.384615384615384403e-08 9.484777547916357909e-03
1.394648829431437878e-08 7.082922789307755616e-03
1.404682274247491519e-08 3.433014973114991222e-03
1.414715719063544994e-08 4.349113984020904627e-03
1.424749163879598470e-08 1.057803494200236505e-02
1.434782608695651945e-08 1.177325496325546880e-02
1.444816053511705420e-08 1.268333437681013094e-02
1.454849498327759061e-08 1.213767245217562546e-02
1.464882943143812537e-08 5.397624048268562062e-03
1.474916387959866012e-08 6.755320077877467050e-03
1.484949832775919487e-08 1.454187870335617479e-02
1.494983277591973128e-08 1.453058544381490708e-02
1.505016722408026604e-08 8.382752395428492292e-03
1.515050167224080079e-08 1.197920504604376747e-02
1.525083612040133554e-08 6.328829619103409389e-03
1.535117056856187030e-08 1.363991607102519286e-02
1.545150501672240505e-08 4.947451947597002013e-03
1.555183946488293981e-08 8.955098922604235942e-03
1.565217391304347456e-08 1.522767126270562453e-02
1.575250836120401262e-08 9.343179940305408257e-03
1.585284280936454738e-08 2.599768706750963006e-03
1.595317725752508213e-08 2.105699088399638243e-03
1.605351170568561688e-08 7.632497789489683937e-03
1.615384615384615164e-08 3.021593863729328880e-03
1.625418060200668639e-08 1.181398689170662028e-02
1.635451505016722115e-08 1.094582039393597953e-02
1.645484949832775590e-08 5.008055682273127723e-03
1.655518394648829065e-08 9.260620196785793179e-03
1.665551839464882872e-08 1.170831239054202950e-02
1.675585284280936347e-08 3.991912874869637043e-03
1.685618729096989823e-08 3.002264133040001039e-03
1.695652173913043298e-08 5.850690360217948756e-03
1.705685618729096773e-08 2.841785493591827017e-03
1.715719063545150249e-08 1.037819865549716039e-03
1.725752508361203724e-08 3.761217633579442676e-03
1.735785953177257200e-08 5.852374928899379755e-03
1.745819397993310675e-08 1.272089109043823309e-02
1.755852842809364150e-08 7.327457868239141067e-03
1.765886287625417957e-08 7.145359330748394383e-03
1.775919732441471432e-08 1.088020534225682227e-02
1.785953177257524907e-08 1.053465371951209720e-02
1.795986622073578383e-08 1.125063580639734488e-02
1.806020066889631858e-08 1.080849106475210639e-02
1.816053511705685334e-08 1.302254866035540068e-02
1.826086956521738809e-08 1.091865331931635499e-02
1.836120401337792284e-08 6.475167782627771172e-03
1.846153846153845760e-08 5.801196163582470269e-03
1.856187290969899566e-08 8.293189535643367624e-03
1.866220735785953041e-08 8.018968185111547201e-03
1.876254180602006517e-08 8.798990477211441827e-03
1.886287625418059992e-08 6.196146705157363523e-03
1.896321070234113468e-08 2.366006053378797401e-03
1.906354515050166943e-08 4.552049702700415069e-03
1.916387959866220418e-08 2.729364582302246968e-03
1.926421404682273894e-08 5.744265884173126342e-03
1.936454849498327369e-08 6.455041726308312876e-03
1.946488294314380845e-08 7.029167184490854245e-03
1.956521739130434651e-08 1.589258107622491508e-03
1.966555183946488126e-08 1.036593026299490600e-02
1.976588628762541602e-08 5.751343968387199329e-03
1.986622073578595077e-08 2.346084094691950478e-03
1.996655518394648553e-08 7.143953499230732904e-03
2.006688963210702028e-08 1.326312645160398519e-02
2.016722408026755503e-08 9.439628425797515557e-03
2.026755852842808979e-08 4.504158432163256863e-03
2.036789297658862454e-08 8.821550654264502869e-03
2.046822742474916260e-08 8.005729220563454276e-03
2.056856187290969736e-08 6.624331909657052604e-03
2.066889632107023211e-08 3.938530023411254688e-03
2.076923076923076687e-08 4.804796650263560946e-03
2.086956521739130162e-08 7.589094359488628323e-03
2.096989966555183637e-08 2.861918791161862773e-03
2.107023411371237113e-08 1.138093961639373777e-02
2.117056856187290588e-08 1.045216717353425820e-02
2.127090301003344064e-08 7.865200000814240311e-03
2.137123745819397539e-08 1.051414822068494521e-02
2.147157190635451345e-08 9.932441756549685932e-03
2.157190635451504821e-08 5.525775136533807828e-03
2.167224080267558296e-08 1.474422024659608269e-02
2.177257525083611771e-08 7.521584584015192539e-03
2.187290969899665247e-08 6.606342454905618673e-03
2.197324414715718722e-08 5.391124479893176155e-03
2.207357859531772198e-08 1.106876670552859980e-02
2.217391304347825673e-08 3.179850106814532170e-03
2.227424749163879148e-08 8.409321552892508669e-03
2.237458193979932955e-08 8.626688002746039918e-03
2.247491638795986430e-08 2.006413232957545475e-03
2.257525083612039905e-08 2.551273064104137098e-03
2.267558528428093381e-08 6.660534481860050197e-03
2.277591973244146856e-08 7.488487636811882141e-03
2.287625418060200332e-08 6.633046238483733710e-03
2.297658862876253807e-08 1.075438343775272920e-02
2.307692307692307282e-08 1.048619185664253703e-02
2.317725752508360758e-08 3.468976754871695017e-03
2.327759197324414233e-08 6.021549647800382953e-03
2.337792642140468040e-08 4.800212619394459215e-03
2.347826086956521515e-08 5.822468740065405574e-03
2.357859531772574990e-08 9.113710729396363314e-03
2.367892976588628466e-08 6.790856276768893023e-03
2.377926421404681941e-08 7.551217979484020626e-03
2.387959866220735417e-08 4.588262484065291393e-03
2.397993311036788892e-08 4.040952214407180811e-03
2.408026755852842367e-08 6.664378020731046535e-03
2.418060200668895843e-08 1.216450529358218194e-02
2.428093645484949649e-08 7.369869416880102733e-03
2.438127090301003124e-08 2.634363436816267862e-03
2.448160535117056600e-08 3.919709786411916877e-03
2.458193979933110075e-08 7.112358278973384372e-03
2.468227424749163551e-08 9.395762599855124117e-03
2.478260869565217026e-08 2.739908486293909321e-03
2.488294314381270501e-08 4.194217990953083564e-03
2.498327759197323977e-08 8.903676116306588617e-03
2.508361204013377452e-08 8.796412351962179868e-03
2.518394648829430928e-08 4.723141452159665757e-04
2.528428093645484734e-08 1.298625216158866627e-02
2.538461538461538209e-08 1.233091418506524102e-02
2.548494983277591685e-08 8.166367608785685822e-03
2.558528428093645160e-08 4.840170024930937065e-03
2.568561872909698635e-08 1.063684586356706922e-02
2.578595317725752111e-08 9.813265947330387581e-03
2.588628762541805586e-08 7.725471333159455133e-03
2.598662207357859062e-08 1.156803764986066504e-02
2.608695652173912537e-08 9.006149075480298846e-03
2.618729096989966343e-08 9.796674375081472833e-03
2.628762541806019819e-08 6.456494143917790134e-03
2.638795986622073294e-08 5.108855692184900363e-03
2.648829431438126769e-08 3.309205389952251872e-03
2.658862876254180245e-08 1.016400597679894234e-02
2.668896321070233720e-08 7.255255357212529038e-03
2.678929765886287196e-08 1.035396527403147082e-02
2.688963210702340671e-08 4.610872264875492434e-03
2.698996655518394146e-08 4.654014652391231903e-03
2.709030100334447622e-08 1.018653982580330908e-02
2.719063545150501428e-08 1.166069231490693761e-02
2.729096989966554904e-08 1.028515371702309888e-02
2.739130434782608379e-08 8.980348950042779665e-03
2.749163879598661854e-08 6.252577817040194663e-03
2.759197324414715330e-08 5.822794844343485814e-03
2.769230769230768805e-08 7.631820367651794956e-04
2.779264214046822281e-08 1.258546775348982384e-02
2.789297658862875756e-08 6.664121323314062435e-03
2.799331103678929231e-08 1.240193281535634934e-02
2.809364548494983038e-08 7.643580197858995326e-03
2.819397993311036513e-08 7.883352345096805019e-03
2.829431438127089988e-08 1.043932749724178939e-02
2.839464882943143464e-08 7.721840542872929550e-03
2.849498327759196939e-08 7.573441069213592523e-03
2.859531772575250415e-08 9.034474847860766641e-03
2.869565217391303890e-08 9.066155904452873060e-03
2.879598662207357365e-08 5.586342469609663873e-03
2.889632107023410841e-08 3.955218378092663009e-03
2.899665551839464316e-08 4.468524030602288692e-03
2.909698996655518122e-08 9.984531249002861347e-03
2.919732441471571598e-08 7.227580218469535807e-03
2.929765886287625073e-08 3.135051226243689391e-03
2.939799331103678549e-08 8.901016606431205042e-03
2.949832775919732024e-08 1.223519849666004564e-02
2.959866220735785499e-08 1.167707928224844677e-02
2.969899665551838975e-08 8.455904265477220266e-03
2.979933110367892450e-08 4.677641980113706084e-03
2.989966555183946256e-08 8.759024077557426430e-03
2.999999999999999732e-08 6.097049964025076998e-03
