0.000000000000000000e+00 9.999999999999995559e-01
1.003344481605351029e-10 7.152114092720257901e-03
2.006688963210702059e-10 9.315886097510554104e-03
3.010033444816052959e-10 7.100927264200780978e-03
4.013377926421404118e-10 6.974604004602254909e-03
5.016722408026755277e-10 1.208945906957006704e-02
6.020066889632105918e-10 8.305954352618853329e-03
7.023411371237457594e-10 5.656287292111422151e-03
8.026755852842808236e-10 6.327199456417932459e-03
9.030100334448158877e-10 5.059843053288971826e-03
1.003344481605351055e-09 1.119750959054697723e-02
1.103678929765886223e-09 1.724135861117837357e-02
1.204013377926421184e-09 1.171330206080988499e-02
1.304347826086956351e-09 6.152069631989498522e-03
1.404682274247491519e-09 6.680535101899032213e-03
1.505016722408026480e-09 1.169531202368165670e-02
1.605351170568561647e-09 7.319023192976155910e-03
1.705685618729096815e-09 1.459320669838059560e-02
1.806020066889631775e-09 1.140762232793680539e-02
1.906354515050166943e-09 1.264034488932625280e-02
2.006688963210702111e-09 1.919814023285471016e-02
2.107023411371237278e-09 1.035738880962043008e-02
2.207357859531772446e-09 7.181786839985573184e-03
2.307692307692307200e-09 5.334808633020726026e-03
2.408026755852842367e-09 1.203755357609338078e-02
2.508361204013377535e-09 4.903646322482839263e-03
2.608695652173912702e-09 8.231350114037406379e-03
2.709030100334447870e-09 4.640722448819112854e-03
2.809364548494983038e-09 5.573388915549400482e-03
2.909698996655517792e-09 1.129932483957307894e-02
3.010033444816052959e-09 9.969987970196651783e-03
3.110367892976588127e-09 6.731507920294108570e-03
3.210702341137123294e-09 1.340091039263356654e-02
3.311036789297658462e-09 -1.649142985381882136e-03
3.411371237458193629e-09 7.246474115424107049e-03
3.511705685618728797e-09 8.963162245577752790e-03
3.612040133779263551e-09 3.230316889335171915e-03
3.712374581939798719e-09 5.960810379828152851e-03
3.812709030100333886e-09 1.041958171978589302e-02
3.913043478260868640e-09 6.885483952603797461e-03
4.013377926421404221e-09 5.874244246500332986e-03
4.113712374581938975e-09 5.828077384692378730e-03
4.214046822742474556e-09 1.459061772206214289e-02
4.314381270903009310e-09 4.133154438646590399e-03
4.414715719063544892e-09 4.346313748150656096e-03
4.515050167224079646e-09 7.329533275604165413e-03
4.615384615384614399e-09 3.123730745204176488e-03
4.715719063545149981e-09 8.058560696563075651e-03
4.816053511705684735e-09 8.927260843596483697e-03
4.916387959866220316e-09 2.070373811178854995e-02
5.016722408026755070e-09 1.001445939640848229e-02
5.117056856187290651e-09 9.638694367101765387e-03
5.217391304347825405e-09 6.116285959701559492e-03
5.317725752508360159e-09 5.665173785402390604e-03
5.418060200668895740e-09 5.203651518201483570e-03
5.518394648829430494e-09 3.566901579625538464e-03
5.618729096989966075e-09 1.218473277575555375e-02
5.719063545150500829e-09 9.068312636780590311e-03
5.819397993311035583e-09 5.197300979297619743e-03
5.919732441471571164e-09 7.838154990952835369e-03
6.020066889632105918e-09 1.353053740117924134e-02
6.120401337792641499e-09 1.580368973876429550e-02
6.220735785953176253e-09 9.566626386032318907e-03
6.321070234113711835e-09 4.772831632307304554e-03
6.421404682274246589e-09 5.830550579605634637e-03
6.521739130434781343e-09 1.357821913462206077e-02
6.622073578595316924e-09 1.148698271329427756e-02
6.722408026755851678e-09 8.939200831133409936e-03
6.822742474916387259e-09 4.109944926175520749e-03
6.923076923076922013e-09 1.868020009678111361e-03
7.023411371237457594e-09 7.190813680640815303e-03
7.123745819397992348e-09 8.301404270676410180e-03
7.224080267558527102e-09 1.645199492955748410e-02
7.324414715719062683e-09 8.643484451472669902e-03
7.424749163879597437e-09 8.816816341046886801e-03
7.525083612040133018e-09 1.063738078542398983e-02
7.625418060200667772e-09 8.543678241206753218e-03
7.725752508361202526e-09 1.366353764277692881e-02
7.826086956521737280e-09 7.921682792219700633e-03
7.926421404682273689e-09 6.120380920874083502e-03
8.026755852842808442e-09 1.071055503213117106e-02
8.127090301003343196e-09 8.491768943480120652e-03
8.227424749163877950e-09 6.848625596703940277e-03
8.327759197324414359e-09 9.371572341168841330e-03
8.428093645484949113e-09 1.436036840299520154e-02
8.528428093645483867e-09 3.721675402573848199e-03
8.628762541806018621e-09 5.672439649868086901e-03
8.729096989966553375e-09 8.538762684497375535e-03
8.829431438127089783e-09 7.399608575374753278e-03
8.929765886287624537e-09 9.456545046586418979e-03
9.030100334448159291e-09 5.175607345888638515e-03
9.130434782608694045e-09 1.167012018440838003e-02
9.230769230769228799e-09 4.198184665019755180e-03
9.331103678929765207e-09 1.375303918762629286e-02
9.431438127090299961e-09 8.039117830915753007e-03
9.531772575250834715e-09 8.649717819564113966e-03
9.632107023411369469e-09 3.582559908099868656e-03
9.732441471571904223e-09 4.469317992914735235e-03
9.832775919732440632e-09 7.676556412440686816e-03
9.933110367892975386e-09 9.609324523484789188e-03
1.003344481605351014e-08 7.812876996431697418e-03
1.013377926421404489e-08 1.146970300167198149e-02
1.023411371237458130e-08 9.752688424455438487e-03
1.033444816053511606e-08 2.969479760010539874e-03
1.043478260869565081e-08 9.583316816434010385e-03
1.053511705685618556e-08 1.035489910824991672e-02
1.063545150501672032e-08 3.236835588728081232e-04
1.073578595317725673e-08 8.410962798653442984e-03
1.083612040133779148e-08 8.413349872560945894e-03
1.093645484949832623e-08 1.338696434833042299e-02
1.103678929765886099e-08 6.828668112639399088e-03
1.113712374581939574e-08 6.607059735214998453e-03
1.123745819397993215e-08 6.914362184140388987e-03
1.133779264214046690e-08 5.411968836863192099e-03
1.143812709030100166e-08 1.147945865004494810e-02
1.153846153846153641e-08 4.882209518198222381e-03
1.163879598662207117e-08 9.977878788135595770e-03
1.173913043478260757e-08 3.294838515666157798e-03
1.183946488294314233e-08 6.850725945931882520e-03
1.193979933110367708e-08 6.661634425392875050e-03
1.204013377926421184e-08 1.026775150926511476e-02
1.214046822742474824e-08 1.526819421493761124e-03
1.224080267558528300e-08 8.409311642096645861e-03
1.234113712374581775e-08 1.057394831388161656e-02
1.244147157190635251e-08 7.120577202524932051e-03
1.254180602006688726e-08 1.168923959976871790e-02
1.264214046822742367e-08 1.331627069059429340e-02
1.274247491638795842e-08 3.338265618380817888e-03
1.284280936454849318e-08 5.812976386454934107e-03
1.294314381270902793e-08 3.264357706377107697e-03
1.304347826086956269e-08 1.070503080367038277e-02
1.314381270903009909e-08 1.283286658446820654e-02
1.324414715719063385e-08 1.256817029086270548e-02
1.334448160535116860e-08 1.172172226992090720e-02
1.344481605351170336e-08 9.141519036607998611e-03
1.354515050167223811e-08 6.301781345309675174e-03
1.364548494983277452e-08 6.928119175694207391e-03
1.374581939799330927e-08 1.166149091496816378e-02
1.384615384615384403e-08 5.459285763092173137e-03
1.394648829431437878e-08 6.879183758422699295e-03
1.404682274247491519e-08 7.572023165537586017e-03
1.414715719063544994e-08 1.571552408452550273e-02
1.424749163879598470e-08 4.917023947494663857e-03
1.434782608695651945e-08 5.901938139902453140e-03
1.444816053511705420e-08 8.629477400100300094e-03
1.454849498327759061e-08 4.546550400573804059e-03
1.464882943143812537e-08 1.170348052547003775e-02
1.474916387959866012e-08 4.311024498066486597e-03
1.484949832775919487e-08 4.738751659522040527e-03
1.494983277591973128e-08 1.315120657164540671e-02
1.505016722408026604e-08 6.730560463670512590e-03
1.515050167224080079e-08 5.729564490254571672e-03
1.525083612040133554e-08 1.253038947410011449e-02
1.535117056856187030e-08 5.846156528768842002e-03
1.545150501672240505e-08 5.291191538487369922e-03
1.555183946488293981e-08 1.321198663560376428e-02
1.565217391304347456e-08 5.888292491910139190e-03
1.575250836120401262e-08 7.634477174646669279e-03
1.585284280936454738e-08 3.370101039841947904e-04
1.595317725752508213e-08 2.084631214923589326e-03
1.605351170568561688e-08 1.435796275303638514e-02
1.615384615384615164e-08 1.037946700628791623e-02
1.625418060200668639e-08 6.295008647451446997e-03
1.635451505016722115e-08 1.339921775045923788e-02
1.645484949832775590e-08 1.285422445958622414e-02
1.655518394648829065e-08 1.456538485449707619e-02
1.665551839464882872e-08 9.653775168053602140e-03
1.675585284280936347e-08 -8.002073937527889912e-04
1.685618729096989823e-08 9.022929351640313067e-03
1.695652173913043298e-08 3.274925488260351132e-03
1.705685618729096773e-08 4.985626441909109946e-03
1.715719063545150249e-08 7.750436575649510135e-03
1.725752508361203724e-08 4.760186689072491359e-03
1.735785953177257200e-08 5.363064509691666329e-03
1.745819397993310675e-08 3.075816330842257983e-03
1.755852842809364150e-08 1.243427404488829657e-02
1.765886287625417957e-08 8.050511907268144071e-03
1.775919732441471432e-08 7.678120604843467929e-03
1.785953177257524907e-08 7.068872897098585871e-03
1.795986622073578383e-08 7.717881192765649150e-03
1.806020066889631858e-08 9.719859373065813449e-03
1.816053511705685334e-08 1.116070589393552970e-02
1.826086956521738809e-08 1.489845669785595100e-03
1.836120401337792284e-08 5.386156653578636107e-03
1.846153846153845760e-08 8.141164831547720651e-03
1.856187290969899566e-08 9.514137363278477380e-03
1.866220735785953041e-08 4.973186564569395673e-03
1.876254180602006517e-08 7.632125543368005124e-03
1.886287625418059992e-08 3.879371588276810025e-03
1.896321070234113468e-08 1.095343901932117371e-02
1.906354515050166943e-08 7.565162356493473905e-03
1.916387959866220418e-08 8.737833514401429844e-03
1.926421404682273894e-08 1.090684765608675166e-02
1.936454849498327369e-08 1.068314690186325695e-02
1.946488294314380845e-08 1.216656811579355270e-02
1.956521739130434651e-08 2.295891838723492125e-03
1.966555183946488126e-08 1.231436972292941634e-02
1.976588628762541602e-08 1.057801940032737642e-02
1.986622073578595077e-08 9.045665984542108906e-03
1.996655518394648553e-08 6.787324984302337515e-03
2.006688963210702028e-08 9.743109067645441129e-03
2.016722408026755503e-08 3.341398332846349638e-03
2.026755852842808979e-08 3.757245229938204964e-03
2.036789297658862454e-08 1.204813578935653648e-02
2.046822742474916260e-08 8.583405005531985141e-03
2.056856187290969736e-08 4.321125825926076976e-03
2.066889632107023211e-08 6.491230504669605328e-03
2.076923076923076687e-08 8.550683496641313039e-03
2.086956521739130162e-08 1.236855645615351530e-02
2.096989966555183637e-08 5.782782753332037576e-03
2.107023411371237113e-08 5.497146891558737057e-03
2.117056856187290588e-08 7.528778418945857899e-03
2.127090301003344064e-08 9.684319030328311304e-03
2.137123745819397539e-08 2.158754616588522135e-03
2.147157190635451345e-08 1.155599469184102022e-02
2.157190635451504821e-08 4.633587603047717440e-03
2.167224080267558296e-08 1.159068518035467725e-02
2.177257525083611771e-08 1.064641490770565704e-02
2.187290969899665247e-08 1.077989438884401074e-02
2.197324414715718722e-08 1.832538979185731071e-03
2.207357859531772198e-08 4.852820820154217854e-03
2.217391304347825673e-08 9.172751802755205880e-03
2.227424749163879148e-08 3.728523679311399747e-03
2.237458193979932955e-08 1.187894858711044561e-02
2.247491638795986430e-08 3.633893340992565800e-03
2.257525083612039905e-08 7.499268836605780218e-03
2.267558528428093381e-08 7.644044565510859507e-03
2.277591973244146856e-08 5.390028948500864489e-03
2.287625418060200332e-08 3.385330575692365070e-03
2.297658862876253807e-08 1.171939927966038526e-02
2.307692307692307282e-08 1.047916235509739787e-02
2.317725752508360758e-08 4.319997986305824239e-03
2.327759197324414233e-08 9.633328281790601300e-03
2.337792642140468040e-08 1.649694565158203036e-02
2.347826086956521515e-08 2.514164441868443033e-03
2.357859531772574990e-08 6.112164274439165629e-03
2.367892976588628466e-08 5.526330483270299951e-03
2.377926421404681941e-08 9.558795439975191835e-03
2.387959866220735417e-08 9.240039114619975208e-03
2.397993311036788892e-08 1.030279002856462206e-02
2.408026755852842367e-08 6.744228284848570627e-03
2.418060200668895843e-08 5.816643694971728416e-03
2.428093645484949649e-08 6.324367897777026341e-03
2.438127090301003124e-08 7.707152412732839325e-03
2.448160535117056600e-08 1.231784840787820620e-02
2.458193979933110075e-08 6.458163517488309420e-03
2.468227424749163551e-08 7.001503393311196179e-03
2.478260869565217026e-08 4.054325385053152674e-03
2.488294314381270501e-08 4.904125339497780213e-03
2.498327759197323977e-08 8.276433317472409179e-03
2.508361204013377452e-08 1.062988305757994051e-02
2.518394648829430928e-08 2.892738311887067988e-03
2.528428093645484734e-08 5.267802052137472539e-03
2.538461538461538209e-08 8.049034138881739492e-03
2.548494983277591685e-08 7.125776205138611291e-03
2.558528428093645160e-08 5.310944449542682327e-03
2.568561872909698635e-08 5.932426045981245046e-03
2.578595317725752111e-08 1.019249918583448739e-02
2.588628762541805586e-08 3.997475820589626097e-03
2.598662207357859062e-08 6.888983932314988665e-03
2.608695652173912537e-08 7.224334457601826014e-03
2.618729096989966343e-08 1.364778801137895474e-03
2.628762541806019819e-08 3.721450907989233125e-03
2.638795986622073294e-08 1.945488336286740547e-02
2.648829431438126769e-08 1.440930019105070813e-02
2.658862876254180245e-08 4.961507671216633039e-03
2.668896321070233720e-08 7.460959210632173676e-03
2.678929765886287196e-08 1.007589294384291824e-02
2.688963210702340671e-08 4.945333907621162579e-04
2.698996655518394146e-08 6.096813058849260072e-03
2.709030100334447622e-08 5.630740571349875795e-03
2.719063545150501428e-08 8.009997327519450400e-03
2.729096989966554904e-08 1.143411979635036366e-02
2.739130434782608379e-08 1.220655737554521281e-02
2.749163879598661854e-08 7.511695474776074882e-03
2.759197324414715330e-08 4.117789818125632516e-03
2.769230769230768805e-08 1.391027405733191551e-02
2.779264214046822281e-08 9.910658155034453298e-03
2.789297658862875756e-08 3.841782316646542503e-03
2.799331103678929231e-08 6.729999085915866833e-03
2.809364548494983038e-08 7.065028227967789717e-03
2.819397993311036513e-08 4.423947366199405123e-03
2.829431438127089988e-08 2.275159433511577886e-03
2.839464882943143464e-08 1.293087114088127543e-02
2.849498327759196939e-08 4.490303924544501897e-03
2.859531772575250415e-08 1.091616424467325768e-03
2.869565217391303890e-08 1.565812795839809828e-03
2.879598662207357365e-08 8.456593783231429462e-03
2.889632107023410841e-08 7.993629635743359357e-03
2.899665551839464316e-08 8.175934745881388924e-03
2.909698996655518122e-08 7.820710143049424551e-03
2.919732441471571598e-08 1.403661358197170680e-02
2.929765886287625073e-08 1.203394723307650571e-02
2.939799331103678549e-08 1.361943150379208399e-02
2.949832775919732024e-08 5.951838755968547404e-03
2.959866220735785499e-08 5.560088147455135264e-03
2.969899665551838975e-08 6.996884217377610793e-03
2.979933110367892450e-08 6.851301234155687640e-03
2.989966555183946256e-08 8.951239345282810747e-03
2.999999999999999732e-08 1.055457805667705390e-02
