0.000000000000000000e+00 9.999999999999995559e-01
1.003344481605351029e-10 9.970856858277632462e-01
2.006688963210702059e-10 9.884460269768660101e-01
3.010033444816052959e-10 9.743847144017927508e-01
4.013377926421404118e-10 9.553878532265617229e-01
5.016722408026755277e-10 9.320955517625497677e-01
6.020066889632105918e-10 9.052653034202670090e-01
7.023411371237457594e-10 8.757299621445420179e-01
8.026755852842808236e-10 8.443534445283552570e-01
9.030100334448158877e-10 8.119873417402140303e-01
1.003344481605351055e-09 7.794313953305708198e-01
1.103678929765886223e-09 7.474003141433588349e-01
1.204013377926421184e-09 7.164987401017812729e-01
1.304347826086956351e-09 6.872053811682635738e-01
1.404682274247491519e-09 6.598665021824732246e-01
1.505016722408026480e-09 6.346981807491691718e-01
1.605351170568561647e-09 6.117960696209718829e-01
1.705685618729096815e-09 5.911509168383454194e-01
1.806020066889631775e-09 5.726678164510529134e-01
1.906354515050166943e-09 5.561871076701676575e-01
2.006688963210702111e-09 5.415049959228117604e-01
2.107023411371237278e-09 5.283923007216367873e-01
2.207357859531772446e-09 5.166101908524368680e-01
2.307692307692307200e-09 5.059222853150713295e-01
2.408026755852842367e-09 4.961030143685785654e-01
2.508361204013377535e-09 4.869425895757859557e-01
2.608695652173912702e-09 4.782492771734297432e-01
2.709030100334447870e-09 4.698498742172995124e-01
2.809364548494983038e-09 4.615893398668829972e-01
2.909698996655517792e-09 4.533304425849464248e-01
3.010033444816052959e-09 4.449540731902770774e-01
3.110367892976588127e-09 4.363605823451909282e-01
3.210702341137123294e-09 4.274721758583909237e-01
3.311036789297658462e-09 4.182360905150271368e-01
3.411371237458193629e-09 4.086280209151047504e-01
3.511705685618728797e-09 3.986551080959953586e-01
3.612040133779263551e-09 3.883577539040551918e-01
3.712374581939798719e-09 3.778095957877564137e-01
3.812709030100333886e-09 3.671151538084096999e-01
3.913043478260868640e-09 3.564049203641232455e-01
4.013377926421404221e-09 3.458279684508331342e-01
4.113712374581938975e-09 3.355424659492602379e-01
4.214046822742474556e-09 3.257047610511987212e-01
4.314381270903009310e-09 3.164579121419375252e-01
4.414715719063544892e-09 3.079206481339782919e-01
4.515050167224079646e-09 3.001777485486088470e-01
4.615384615384614399e-09 2.932727263156901798e-01
4.715719063545149981e-09 2.872034932762693171e-01
4.816053511705684735e-09 2.819214129132973645e-01
4.916387959866220316e-09 2.773338289996623574e-01
5.016722408026755070e-09 2.733098384966676786e-01
5.117056856187290651e-09 2.696887873314238182e-01
5.217391304347825405e-09 2.662907389389860824e-01
5.317725752508360159e-09 2.629280197252167328e-01
5.418060200668895740e-09 2.594168944455077508e-01
5.518394648829430494e-09 2.555884681186213481e-01
5.618729096989966075e-09 2.512980389630347089e-01
5.719063545150500829e-09 2.464323195274072398e-01
5.819397993311035583e-09 2.409141752307762119e-01
5.919732441471571164e-09 2.347047728842951153e-01
6.020066889632105918e-09 2.278032593483777235e-01
6.120401337792641499e-09 2.202442793738368931e-01
6.220735785953176253e-09 2.120937756253032103e-01
6.321070234113711835e-09 2.034435847645496565e-01
6.421404682274246589e-09 1.944053516275585092e-01
6.521739130434781343e-09 1.851042370083661182e-01
6.622073578595316924e-09 1.756728073902122378e-01
6.722408026755851678e-09 1.662453847619841940e-01
6.822742474916387259e-09 1.569530199536829651e-01
6.923076923076922013e-09 1.479191505353025515e-01
7.023411371237457594e-09 1.392559271564114964e-01
7.123745819397992348e-09 1.310611477548770665e-01
7.224080267558527102e-09 1.234157287775731193e-01
7.324414715719062683e-09 1.163816620915749389e-01
7.424749163879597437e-09 1.100004465751491523e-01
7.525083612040133018e-09 1.042920324220477230e-01
7.625418060200667772e-09 9.925436099532669587e-02
7.725752508361202526e-09 9.486361182769659228e-02
7.826086956521737280e-09 9.107527230817538677e-02
7.926421404682273689e-09 8.782612030485384413e-02
8.026755852842808442e-09 8.503715604796979743e-02
8.127090301003343196e-09 8.261744253691805095e-02
8.227424749163877950e-09 8.046872311393661603e-02
8.327759197324414359e-09 7.849059290014012702e-02
8.428093645484949113e-09 7.658592062540051093e-02
8.528428093645483867e-09 7.466616109196241857e-02
8.628762541806018621e-09 7.265617542731364620e-02
8.729096989966553375e-09 7.049819164728120258e-02
8.829431438127089783e-09 6.815459225565717594e-02
8.929765886287624537e-09 6.560930410000803681e-02
9.030100334448159291e-09 6.286767957196034984e-02
9.130434782608694045e-09 5.995488536971520233e-02
9.230769230769228799e-09 5.691294168249565882e-02
9.331103678929765207e-09 5.379666718504815676e-02
9.431438127090299961e-09 5.066887184552062995e-02
9.531772575250834715e-09 4.759519170414559103e-02
9.632107023411369469e-09 4.463897314172251413e-02
9.732441471571904223e-09 4.185658900039642555e-02
9.832775919732440632e-09 3.929350990671684474e-02
9.933110367892975386e-09 3.698136955239843260e-02
1.003344481605351014e-08 3.493616318914901514e-02
1.013377926421404489e-08 3.315761580936586739e-02
1.023411371237458130e-08 3.162966146576299403e-02
1.033444816053511606e-08 3.032189706325505441e-02
1.043478260869565081e-08 2.919181893442073655e-02
1.053511705685618556e-08 2.818762129044377965e-02
1.063545150501672032e-08 2.725133138518023856e-02
1.073578595317725673e-08 2.632207300475536416e-02
1.083612040133779148e-08 2.533928151162248912e-02
1.093645484949832623e-08 2.424573280277983814e-02
1.103678929765886099e-08 2.299028791966096011e-02
1.113712374581939574e-08 2.153028857655735900e-02
1.123745819397993215e-08 1.983356249359154166e-02
1.133779264214046690e-08 1.788000959661169981e-02
1.143812709030100166e-08 1.566274194461628189e-02
1.153846153846153641e-08 1.318874497337692471e-02
1.163879598662207117e-08 1.047902014389582442e-02
1.173913043478260757e-08 7.568164786910619619e-03
1.183946488294314233e-08 4.503348828748549720e-03
1.193979933110367708e-08 1.342663763006209446e-03
1.204013377926421184e-08 -1.847151833421828079e-03
1.214046822742474824e-08 -4.993564796889634824e-03
1.224080267558528300e-08 -8.021582636844536499e-03
1.234113712374581775e-08 -1.085742348350690265e-02
1.244147157190635251e-08 -1.343232377998163432e-02
1.254180602006688726e-08 -1.568624918830504450e-02
1.264214046822742367e-08 -1.757125445502884242e-02
1.274247491638795842e-08 -1.905424094421426240e-02
1.284280936454849318e-08 -2.011888845365918457e-02
1.294314381270902793e-08 -2.076659001058000706e-02
1.304347826086956269e-08 -2.101629072855351610e-02
1.314381270903009909e-08 -2.090321789970821242e-02
1.324414715719063385e-08 -2.047658070857168860e-02
1.334448160535116860e-08 -1.979640474029399980e-02
1.344481605351170336e-08 -1.892973948573103624e-02
1.354515050167223811e-08 -1.794652837124745964e-02
1.364548494983277452e-08 -1.691545489812738140e-02
1.374581939799330927e-08 -1.590007278693218035e-02
1.384615384615384403e-08 -1.495549350250253116e-02
1.394648829431437878e-08 -1.412584537263227372e-02
1.404682274247491519e-08 -1.344264162612229460e-02
1.414715719063544994e-08 -1.292410883273780939e-02
1.424749163879598470e-08 -1.257544194364415384e-02
1.434782608695651945e-08 -1.238987648749442262e-02
1.444816053511705420e-08 -1.235041002135446250e-02
1.454849498327759061e-08 -1.243196880122027573e-02
1.464882943143812537e-08 -1.260380400061344650e-02
1.474916387959866012e-08 -1.283191374010586930e-02
1.484949832775919487e-08 -1.308131892601922287e-02
1.494983277591973128e-08 -1.331806644736028417e-02
1.505016722408026604e-08 -1.351088534218123326e-02
1.515050167224080079e-08 -1.363247253694390738e-02
1.525083612040133554e-08 -1.366042786852249800e-02
1.535117056856187030e-08 -1.357788816605875332e-02
1.545150501672240505e-08 -1.337392435079716620e-02
1.555183946488293981e-08 -1.304376355985409006e-02
1.565217391304347456e-08 -1.258888249328676823e-02
1.575250836120401262e-08 -1.201699289453453216e-02
1.585284280936454738e-08 -1.134191104723079532e-02
1.595317725752508213e-08 -1.058327662307746372e-02
1.605351170568561688e-08 -9.766067880015149097e-03
1.615384615384615164e-08 -8.919854466833474285e-03
1.625418060200668639e-08 -8.077738295740120866e-03
1.635451505016722115e-08 -7.274957056840338290e-03
1.645484949832775590e-08 -6.547161499657042430e-03
1.655518394648829065e-08 -5.928422018688057210e-03
1.665551839464882872e-08 -5.449066282840542459e-03
1.675585284280936347e-08 -5.133490913746934989e-03
1.685618729096989823e-08 -4.998120090381246751e-03
1.695652173913043298e-08 -5.049697160623292137e-03
1.705685618729096773e-08 -5.284088531736803179e-03
1.715719063545150249e-08 -5.685751385945218665e-03
1.725752508361203724e-08 -6.227969842579278784e-03
1.735785953177257200e-08 -6.873902250184334498e-03
1.745819397993310675e-08 -7.578411517288271421e-03
1.755852842809364150e-08 -8.290578214445950417e-03
1.765886287625417957e-08 -8.956730403135600843e-03
1.775919732441471432e-08 -9.523771996952408100e-03
1.785953177257524907e-08 -9.942558729793925590e-03
1.795986622073578383e-08 -1.017106117141274718e-02
1.806020066889631858e-08 -1.017706883937101459e-02
1.816053511705685334e-08 -9.940226820373647409e-03
1.826086956521738809e-08 -9.453252524490755176e-03
1.836120401337792284e-08 -8.722249418659013334e-03
1.846153846153845760e-08 -7.766109769526343895e-03
1.856187290969899566e-08 -6.615072128396707815e-03
1.866220735785953041e-08 -5.308564521146394259e-03
1.876254180602006517e-08 -3.892515272823374173e-03
1.886287625418059992e-08 -2.416346084159229704e-03
1.896321070234113468e-08 -9.298744798022055835e-04
1.906354515050166943e-08 5.196546595070336561e-04
1.916387959866220418e-08 1.890213819933496062e-03
1.926421404682273894e-08 3.147158016639265213e-03
1.936454849498327369e-08 4.264802344696170741e-03
1.946488294314380845e-08 5.227355295573873906e-03
1.956521739130434651e-08 6.029201280305489415e-03
1.966555183946488126e-08 6.674570248332767006e-03
1.976588628762541602e-08 7.176668024055544645e-03
1.986622073578595077e-08 7.556366258593393351e-03
1.996655518394648553e-08 7.840565332725077385e-03
2.006688963210702028e-08 8.060347964998436018e-03
2.016722408026755503e-08 8.249037388588420852e-03
2.026755852842808979e-08 8.440263990627068155e-03
2.036789297658862454e-08 8.666130610360416042e-03
2.046822742474916260e-08 8.955551391337818884e-03
2.056856187290969736e-08 9.332823812415564149e-03
2.066889632107023211e-08 9.816479286446553459e-03
2.076923076923076687e-08 1.041844487382525067e-02
2.086956521739130162e-08 1.114353702884374013e-02
2.096989966555183637e-08 1.198929734614683287e-02
2.107023411371237113e-08 1.294616935068042610e-02
2.117056856187290588e-08 1.399800394162286493e-02
2.127090301003344064e-08 1.512286892952081387e-02
2.137123745819397539e-08 1.629412538741237954e-02
2.147157190635451345e-08 1.748172090235559570e-02
2.157190635451504821e-08 1.865363825853076640e-02
2.167224080267558296e-08 1.977742880932935321e-02
2.177257525083611771e-08 2.082175400579131322e-02
2.187290969899665247e-08 2.175785722358131169e-02
2.197324414715718722e-08 2.256089173588216382e-02
2.207357859531772198e-08 2.321103943161604774e-02
2.217391304347825673e-08 2.369436809737224259e-02
2.227424749163879148e-08 2.400339163978989360e-02
2.237458193979932955e-08 2.413731598673377055e-02
2.247491638795986430e-08 2.410197183366358936e-02
2.257525083612039905e-08 2.390945220312112526e-02
2.267558528428093381e-08 2.357748655206870839e-02
2.277591973244146856e-08 2.312859296896358635e-02
2.287625418060200332e-08 2.258905553070519184e-02
2.297658862876253807e-08 2.198777545053547458e-02
2.307692307692307282e-08 2.135504310591250857e-02
2.317725752508360758e-08 2.072127463675912246e-02
2.327759197324414233e-08 2.011575294111324352e-02
2.337792642140468040e-08 1.956540983896590258e-02
2.347826086956521515e-08 1.909368482782088094e-02
2.357859531772574990e-08 1.871949655471175783e-02
2.367892976588628466e-08 1.845636555646183383e-02
2.377926421404681941e-08 1.831173000255373329e-02
2.387959866220735417e-08 1.828649862744416432e-02
2.397993311036788892e-08 1.837488499622603327e-02
2.408026755852842367e-08 1.856456297141431330e-02
2.418060200668895843e-08 1.883717336274623455e-02
2.428093645484949649e-08 1.916919553969178430e-02
2.438127090301003124e-08 1.953317546445471065e-02
2.448160535117056600e-08 1.989927437658309956e-02
2.458193979933110075e-08 2.023707243254330157e-02
2.468227424749163551e-08 2.051753198524345137e-02
2.478260869565217026e-08 2.071499937761316426e-02
2.488294314381270501e-08 2.080910568541338018e-02
2.498327759197323977e-08 2.078641893714917518e-02
2.508361204013377452e-08 2.064170525924789376e-02
2.518394648829430928e-08 2.037867519181217613e-02
2.528428093645484734e-08 2.001012364657276874e-02
2.538461538461538209e-08 1.955741561348704055e-02
2.548494983277591685e-08 1.904932129045076167e-02
2.558528428093645160e-08 1.852025918967911342e-02
2.568561872909698635e-08 1.800805866279171427e-02
2.578595317725752111e-08 1.755139877804574866e-02
2.588628762541805586e-08 1.718711368072365839e-02
2.598662207357859062e-08 1.694757166343029836e-02
2.608695652173912537e-08 1.685833391887243266e-02
2.618729096989966343e-08 1.693627895734609382e-02
2.628762541806019819e-08 1.718834151226019541e-02
2.638795986622073294e-08 1.761096381745416717e-02
2.648829431438126769e-08 1.819029728111798069e-02
2.658862876254180245e-08 1.890312961641131204e-02
2.668896321070233720e-08 1.971845254984722767e-02
2.678929765886287196e-08 2.059953409180756423e-02
2.688963210702340671e-08 2.150632181047549760e-02
2.698996655518394146e-08 2.239798289340732759e-02
2.709030100334447622e-08 2.323538446740949781e-02
2.719063545150501428e-08 2.398333317966300920e-02
2.729096989966554904e-08 2.461242407533996424e-02
2.739130434782608379e-08 2.510039146315046557e-02
2.749163879598661854e-08 2.543290382028111016e-02
2.759197324414715330e-08 2.560379548092228327e-02
2.769230769230768805e-08 2.561477468108110112e-02
2.779264214046822281e-08 2.547468605506440775e-02
2.789297658862875756e-08 2.519843267769753675e-02
2.799331103678929231e-08 2.480567652783394889e-02
2.809364548494983038e-08 2.431943674908583139e-02
2.819397993311036513e-08 2.376469376990024418e-02
2.829431438127089988e-08 2.316708693417848103e-02
2.839464882943143464e-08 2.255176733245932430e-02
2.849498327759196939e-08 2.194243988798386807e-02
2.859531772575250415e-08 2.136060313187815307e-02
2.869565217391303890e-08 2.082497454029694564e-02
2.879598662207357365e-08 2.035107584818659013e-02
2.889632107023410841e-08 1.995094724456428215e-02
2.899665551839464316e-08 1.963296140822295630e-02
2.909698996655518122e-08 1.940171648209799982e-02
2.919732441471571598e-08 1.925799901425731542e-02
2.929765886287625073e-08 1.919882087780095531e-02
2.939799331103678549e-08 1.921754546351927065e-02
2.949832775919732024e-08 1.930412564383742619e-02
2.959866220735785499e-08 1.944547747955588726e-02
2.969899665551838975e-08 1.962600867092787263e-02
2.979933110367892450e-08 1.982830965990037969e-02
2.989966555183946256e-08 2.003399935898493231e-02
2.999999999999999732e-08 2.022469877987114958e-02
