0.000000000000000000e+00 9.999999999999995559e-01
1.003344481605351029e-10 7.824103189519975299e-01
2.006688963210702059e-10 5.440778172663401913e-01
3.010033444816052959e-10 4.472803392619636997e-01
4.013377926421404118e-10 3.496890934952059937e-01
5.016722408026755277e-10 2.750978126878624863e-01
6.020066889632105918e-10 2.316915593937241558e-01
7.023411371237457594e-10 1.447788118796243806e-01
8.026755852842808236e-10 8.704551764573439931e-02
9.030100334448158877e-10 6.514797012365496076e-02
1.003344481605351055e-09 3.680488240727165100e-02
1.103678929765886223e-09 2.425797061532156129e-02
1.204013377926421184e-09 1.668717106606152842e-03
1.304347826086956351e-09 -2.067276433292571103e-02
1.404682274247491519e-09 -1.434937518707149473e-02
1.505016722408026480e-09 -1.323213799926431337e-02
1.605351170568561647e-09 -1.094863086384972872e-02
1.705685618729096815e-09 -4.997698406708289513e-03
1.806020066889631775e-09 -1.004513411542761261e-02
1.906354515050166943e-09 -2.036934345173689771e-03
2.006688963210702111e-09 7.608340178774364131e-03
2.107023411371237278e-09 1.119957444984274846e-02
2.207357859531772446e-09 2.173949193292140994e-02
2.307692307692307200e-09 2.265359157452420322e-02
2.408026755852842367e-09 1.828212779477063690e-02
2.508361204013377535e-09 2.079292048449020783e-02
2.608695652173912702e-09 1.731545481208419945e-02
2.709030100334447870e-09 2.107016515133562640e-02
2.809364548494983038e-09 2.537211241636657538e-02
2.909698996655517792e-09 2.020792671580989852e-02
3.010033444816052959e-09 1.987891622431775529e-02
3.110367892976588127e-09 1.975761226613946195e-02
3.210702341137123294e-09 1.877932558340092775e-02
3.311036789297658462e-09 2.560020821158412105e-02
3.411371237458193629e-09 2.807296520618490429e-02
3.511705685618728797e-09 3.102611155650479222e-02
3.612040133779263551e-09 3.500053186747393436e-02
3.712374581939798719e-09 3.157942673601378536e-02
3.812709030100333886e-09 3.315643869781715464e-02
3.913043478260868640e-09 3.300874496541668368e-02
4.013377926421404221e-09 2.989777317248773492e-02
4.113712374581938975e-09 2.996936302929435053e-02
4.214046822742474556e-09 2.505362712012602563e-02
4.314381270903009310e-09 1.933510735458010207e-02
4.414715719063544892e-09 2.008937325896094361e-02
4.515050167224079646e-09 1.460812229158846461e-02
4.615384615384614399e-09 8.134851609135124520e-03
4.715719063545149981e-09 2.342432193362254788e-03
4.816053511705684735e-09 -6.295799399495411938e-03
4.916387959866220316e-09 -6.059598810009567474e-03
5.016722408026755070e-09 -7.734170043689279038e-03
5.117056856187290651e-09 -1.036938313573286183e-02
5.217391304347825405e-09 -9.822291318822192960e-03
5.317725752508360159e-09 -9.860124317497040436e-03
5.418060200668895740e-09 -2.689874933899837756e-03
5.518394648829430494e-09 4.694212557623743745e-03
5.618729096989966075e-09 6.756096215572993113e-03
5.719063545150500829e-09 7.994965124762228037e-03
5.819397993311035583e-09 8.056136274330216729e-03
5.919732441471571164e-09 8.234935510656264321e-03
6.020066889632105918e-09 8.881860688141455379e-03
6.120401337792641499e-09 6.355769190237832260e-03
6.220735785953176253e-09 6.455135363771915234e-03
6.321070234113711835e-09 7.526827237965562876e-03
6.421404682274246589e-09 3.909467956059134441e-03
6.521739130434781343e-09 3.857340608468276533e-03
6.622073578595316924e-09 4.700525890289826772e-03
6.722408026755851678e-09 5.006377447567757384e-03
6.822742474916387259e-09 1.153253292555555913e-02
6.923076923076922013e-09 1.484492582963469615e-02
7.023411371237457594e-09 1.275126211056724738e-02
7.123745819397992348e-09 1.231772808740336927e-02
7.224080267558527102e-09 1.088572442835108837e-02
7.324414715719062683e-09 1.195063935380367981e-02
7.424749163879597437e-09 1.387502274962669306e-02
7.525083612040133018e-09 1.082779258189627697e-02
7.625418060200667772e-09 1.020896758935099097e-02
7.725752508361202526e-09 1.167683681819901842e-02
7.826086956521737280e-09 1.006033745991185072e-02
7.926421404682273689e-09 6.140808917254972701e-03
8.026755852842808442e-09 3.122189011299971416e-03
8.127090301003343196e-09 1.874334858127252486e-03
8.227424749163877950e-09 3.000865547827458873e-03
8.327759197324414359e-09 1.704659807389267284e-03
8.428093645484949113e-09 4.530253267954556257e-04
8.528428093645483867e-09 -5.998561798840117230e-04
8.628762541806018621e-09 -1.473607116619041505e-03
8.729096989966553375e-09 4.753272393667876735e-04
8.829431438127089783e-09 1.717380232238133360e-04
8.929765886287624537e-09 1.489305160386908845e-03
9.030100334448159291e-09 1.746118380287506842e-03
9.130434782608694045e-09 3.243116597079628242e-04
9.230769230769228799e-09 -1.042061193111553600e-03
9.331103678929765207e-09 3.529598739340914556e-04
9.431438127090299961e-09 -2.322391490844500500e-04
9.531772575250834715e-09 1.114270693763770061e-03
9.632107023411369469e-09 5.278118318867507965e-03
9.732441471571904223e-09 5.387842844485547789e-03
9.832775919732440632e-09 7.420144512198348016e-03
9.933110367892975386e-09 7.411188176670336324e-03
1.003344481605351014e-08 1.083180807062096573e-02
1.013377926421404489e-08 1.394054441623146685e-02
1.023411371237458130e-08 1.107019537718873826e-02
1.033444816053511606e-08 1.162523232774404294e-02
1.043478260869565081e-08 1.160378395248305890e-02
1.053511705685618556e-08 1.102623455019205966e-02
1.063545150501672032e-08 1.205138507253844873e-02
1.073578595317725673e-08 1.424173239095409375e-02
1.083612040133779148e-08 1.512137790059545767e-02
1.093645484949832623e-08 1.374062799118630149e-02
1.103678929765886099e-08 1.470005954385741540e-02
1.113712374581939574e-08 1.279890293315358481e-02
1.123745819397993215e-08 1.605788812063795382e-02
1.133779264214046690e-08 1.441541517375094505e-02
1.143812709030100166e-08 1.302188441812727158e-02
1.153846153846153641e-08 1.155532581413700952e-02
1.163879598662207117e-08 5.646924230346991695e-03
1.173913043478260757e-08 7.564615720225284154e-03
1.183946488294314233e-08 7.613196030948510273e-03
1.193979933110367708e-08 5.947827933892636983e-03
1.204013377926421184e-08 2.210435563307452077e-03
1.214046822742474824e-08 8.788931290836655801e-04
1.224080267558528300e-08 -7.801118496228048350e-04
1.234113712374581775e-08 1.887939042535230049e-04
1.244147157190635251e-08 8.359108301908557692e-05
1.254180602006688726e-08 -4.761076189767861951e-04
1.264214046822742367e-08 -1.075425206249423869e-03
1.274247491638795842e-08 -7.698313628786200655e-04
1.284280936454849318e-08 4.776241540312513561e-04
1.294314381270902793e-08 5.024921347930561867e-03
1.304347826086956269e-08 8.905849784817525608e-03
1.314381270903009909e-08 8.368940280030649770e-03
1.324414715719063385e-08 5.879329134812319273e-03
1.334448160535116860e-08 6.864909634364401922e-03
1.344481605351170336e-08 6.107930097865903879e-03
1.354515050167223811e-08 3.206127792193103239e-03
1.364548494983277452e-08 5.609124412601303004e-03
1.374581939799330927e-08 1.058544283506203561e-02
1.384615384615384403e-08 1.625641189246655738e-02
1.394648829431437878e-08 1.444393938297222797e-02
1.404682274247491519e-08 8.938421928678184913e-03
1.414715719063544994e-08 1.061128171648605470e-02
1.424749163879598470e-08 1.402913590899157806e-02
1.434782608695651945e-08 1.242592567260279723e-02
1.444816053511705420e-08 8.386867585891353769e-03
1.454849498327759061e-08 6.996613826131189984e-03
1.464882943143812537e-08 3.836770141152225089e-03
1.474916387959866012e-08 3.700511846131721190e-03
1.484949832775919487e-08 2.924731849387135138e-03
1.494983277591973128e-08 5.845007734135714179e-03
1.505016722408026604e-08 9.065947971401686067e-03
1.515050167224080079e-08 7.872280615233826287e-03
1.525083612040133554e-08 3.413988409620552066e-03
1.535117056856187030e-08 2.857631802364746058e-03
1.545150501672240505e-08 5.461240949765757378e-03
1.555183946488293981e-08 6.014325301145842691e-03
1.565217391304347456e-08 2.659758156532330414e-03
1.575250836120401262e-08 2.184554870953087438e-03
1.585284280936454738e-08 3.232845087861232862e-03
1.595317725752508213e-08 -6.771342415885868351e-04
1.605351170568561688e-08 2.521310042052755072e-03
1.615384615384615164e-08 4.194310680923879486e-03
1.625418060200668639e-08 5.462680836012779977e-03
1.635451505016722115e-08 1.006535160007993382e-02
1.645484949832775590e-08 1.548638962023053331e-02
1.655518394648829065e-08 9.299007381500393535e-03
1.665551839464882872e-08 1.698799860009973578e-03
1.675585284280936347e-08 2.733784219514547552e-03
1.685618729096989823e-08 5.458364628499045614e-03
1.695652173913043298e-08 5.638129237148456659e-03
1.705685618729096773e-08 3.337104010059303676e-03
1.715719063545150249e-08 4.436418842478416155e-03
1.725752508361203724e-08 5.424069589211395065e-03
1.735785953177257200e-08 2.993593904086660692e-03
1.745819397993310675e-08 7.776182585631142077e-03
1.755852842809364150e-08 1.042239435275311640e-02
1.765886287625417957e-08 7.760282985914050344e-03
1.775919732441471432e-08 9.617087546203622120e-03
1.785953177257524907e-08 6.812925987013103250e-03
1.795986622073578383e-08 4.266634270135670828e-03
1.806020066889631858e-08 2.879253683821572304e-03
1.816053511705685334e-08 7.056184697811395540e-03
1.826086956521738809e-08 1.037368576942342829e-02
1.836120401337792284e-08 1.139088197292881244e-02
1.846153846153845760e-08 8.817479228377214304e-03
1.856187290969899566e-08 9.213763424430539140e-03
1.866220735785953041e-08 8.735241659952684007e-03
1.876254180602006517e-08 6.075420267921117362e-03
1.886287625418059992e-08 5.946433623755049448e-03
1.896321070234113468e-08 6.606945558331463013e-03
1.906354515050166943e-08 4.917189472430652519e-03
1.916387959866220418e-08 2.367475685785255801e-03
1.926421404682273894e-08 5.783640865752162283e-03
1.936454849498327369e-08 6.179683866768400161e-03
1.946488294314380845e-08 6.990960681722386064e-03
1.956521739130434651e-08 7.312198089966619879e-03
1.966555183946488126e-08 8.703262956575870402e-03
1.976588628762541602e-08 4.749201673450923269e-03
1.986622073578595077e-08 4.378194516995318267e-03
1.996655518394648553e-08 3.644172155428537004e-03
2.006688963210702028e-08 3.274447338682205319e-03
2.016722408026755503e-08 3.682967260182241735e-03
2.026755852842808979e-08 3.531836730670227884e-03
2.036789297658862454e-08 4.342408130450827733e-04
2.046822742474916260e-08 2.928880889513968584e-04
2.056856187290969736e-08 3.002950341066418921e-04
2.066889632107023211e-08 2.007684146626001953e-04
2.076923076923076687e-08 -8.391718978510394941e-05
2.086956521739130162e-08 1.085839976380868419e-03
2.096989966555183637e-08 4.466145905272460651e-03
2.107023411371237113e-08 6.489573169005035877e-03
2.117056856187290588e-08 6.902428088663208235e-03
2.127090301003344064e-08 7.461391894908114136e-03
2.137123745819397539e-08 1.009248816865949798e-02
2.147157190635451345e-08 1.054723663603484088e-02
2.157190635451504821e-08 1.259369134713302606e-02
2.167224080267558296e-08 1.240601014558939501e-02
2.177257525083611771e-08 1.170106717694868390e-02
2.187290969899665247e-08 8.120964273982617457e-03
2.197324414715718722e-08 6.170455659030190700e-03
2.207357859531772198e-08 5.274583808745137055e-03
2.217391304347825673e-08 5.058456890016002107e-03
2.227424749163879148e-08 6.645074484534176616e-03
2.237458193979932955e-08 8.755461257651428811e-03
2.247491638795986430e-08 1.081291101818876443e-02
2.257525083612039905e-08 4.828344826660089378e-03
2.267558528428093381e-08 3.934175060139202471e-03
2.277591973244146856e-08 5.174707338513788793e-03
2.287625418060200332e-08 2.172274989825806468e-03
2.297658862876253807e-08 4.962563522929417346e-03
2.307692307692307282e-08 5.150879715953822838e-03
2.317725752508360758e-08 -5.336111426170063367e-04
2.327759197324414233e-08 1.012011915513841114e-03
2.337792642140468040e-08 6.170262652726337532e-03
2.347826086956521515e-08 3.940229084629566329e-03
2.357859531772574990e-08 5.055331303614545545e-03
2.367892976588628466e-08 9.292526318223645956e-03
2.377926421404681941e-08 8.175141463507330092e-03
2.387959866220735417e-08 2.567322695449910687e-03
2.397993311036788892e-08 1.735121744421482416e-03
2.408026755852842367e-08 4.522585001227561428e-03
2.418060200668895843e-08 5.945430342343240374e-03
2.428093645484949649e-08 5.710006015788347301e-03
2.438127090301003124e-08 2.632760734414164513e-03
2.448160535117056600e-08 7.850631619507086531e-03
2.458193979933110075e-08 1.040368187826725029e-02
2.468227424749163551e-08 1.030797291885395157e-02
2.478260869565217026e-08 1.123305798610230860e-02
2.488294314381270501e-08 1.080255292963016797e-02
2.498327759197323977e-08 1.321903463260911023e-02
2.508361204013377452e-08 1.534361144018259009e-02
2.518394648829430928e-08 1.638760933945442727e-02
2.528428093645484734e-08 1.267284311635299629e-02
2.538461538461538209e-08 7.671094368325600751e-03
2.548494983277591685e-08 5.583781652999165492e-03
2.558528428093645160e-08 9.601354754372229058e-03
2.568561872909698635e-08 8.664211626785475739e-03
2.578595317725752111e-08 6.901226064318539098e-03
2.588628762541805586e-08 5.893848015236441591e-03
2.598662207357859062e-08 7.531065351369406642e-03
2.608695652173912537e-08 1.123371670474772148e-02
2.618729096989966343e-08 8.702459421348816143e-03
2.628762541806019819e-08 5.170933464410458827e-03
2.638795986622073294e-08 4.061307395569514755e-03
2.648829431438126769e-08 7.444548754851933181e-03
2.658862876254180245e-08 7.429784072397342502e-03
2.668896321070233720e-08 6.580341834877776255e-03
2.678929765886287196e-08 9.021158129466706060e-03
2.688963210702340671e-08 9.008589390903433761e-03
2.698996655518394146e-08 8.436369234331157763e-03
2.709030100334447622e-08 1.251842871840057499e-02
2.719063545150501428e-08 1.361662464363370267e-02
2.729096989966554904e-08 1.009106838334758623e-02
2.739130434782608379e-08 7.559536561602939880e-03
2.749163879598661854e-08 8.688733716068543569e-03
2.759197324414715330e-08 8.327784925006005354e-03
2.769230769230768805e-08 7.094105440035746411e-03
2.779264214046822281e-08 6.892684688871025811e-03
2.789297658862875756e-08 7.100985254996523659e-03
2.799331103678929231e-08 1.108111076313667356e-02
2.809364548494983038e-08 1.163296210470549097e-02
2.819397993311036513e-08 8.660419779337489438e-03
2.829431438127089988e-08 6.067879099866268014e-03
2.839464882943143464e-08 8.755471191800812125e-03
2.849498327759196939e-08 8.704497168154159276e-03
2.859531772575250415e-08 5.694812655022054443e-03
2.869565217391303890e-08 6.532927107847853916e-03
2.879598662207357365e-08 9.256796433924191145e-03
2.889632107023410841e-08 1.080588973923870752e-02
2.899665551839464316e-08 8.361498368593274153e-03
2.909698996655518122e-08 7.955170482659030054e-03
2.919732441471571598e-08 8.224903123933303278e-03
2.929765886287625073e-08 1.010460520607560538e-02
2.939799331103678549e-08 8.528117284600247872e-03
2.949832775919732024e-08 3.981457217007568911e-03
2.959866220735785499e-08 5.645814271792881471e-03
2.969899665551838975e-08 1.115512068337968371e-02
2.979933110367892450e-08 4.007877063986049065e-03
2.989966555183946256e-08 1.746093596127556383e-03
2.999999999999999732e-08 4.888212485803564329e-03
