0.000000000000000000e+00 9.999999999999995559e-01
1.003344481605351029e-10 9.972674948925751570e-01
2.006688963210702059e-10 9.891608016976221052e-01
3.010033444816052959e-10 9.759473056991906370e-01
4.013377926421404118e-10 9.580560888993043811e-01
5.016722408026755277e-10 9.360543755424778345e-01
6.020066889632105918e-10 9.106170108354785242e-01
7.023411371237457594e-10 8.824911676834927832e-01
8.026755852842808236e-10 8.524587603359086163e-01
9.030100334448158877e-10 8.212991175236308283e-01
1.003344481605351055e-09 7.897543301988575459e-01
1.103678929765886223e-09 7.584993593866111716e-01
1.204013377926421184e-09 7.281185044668031514e-01
1.304347826086956351e-09 6.990892414483880213e-01
1.404682274247491519e-09 6.717738026548358832e-01
1.505016722408026480e-09 6.464182440262228324e-01
1.605351170568561647e-09 6.231581903175251735e-01
1.705685618729096815e-09 6.020300087402498113e-01
1.806020066889631775e-09 5.829858711564317453e-01
1.906354515050166943e-09 5.659110403200297013e-01
2.006688963210702111e-09 5.506417558939078472e-01
2.107023411371237278e-09 5.369822835079089973e-01
2.207357859531772446e-09 5.247199935124667869e-01
2.307692307692307200e-09 5.136377139894239274e-01
2.408026755852842367e-09 5.035230087100994734e-01
2.508361204013377535e-09 4.941744190575889650e-01
2.608695652173912702e-09 4.854050386819031004e-01
2.709030100334447870e-09 4.770440294806345127e-01
2.809364548494983038e-09 4.689368184042316257e-01
2.909698996655517792e-09 4.609447313749225894e-01
3.010033444816052959e-09 4.529447316918361333e-01
3.110367892976588127e-09 4.448297559808975232e-01
3.210702341137123294e-09 4.365099102610816573e-01
3.311036789297658462e-09 4.279145363108479705e-01
3.411371237458193629e-09 4.189949192739506056e-01
3.511705685618728797e-09 4.097272129788350203e-01
3.612040133779263551e-09 4.001150343842502788e-01
3.712374581939798719e-09 3.901911378780142936e-01
3.812709030100333886e-09 3.800176277638426248e-01
3.913043478260868640e-09 3.696842959831765918e-01
4.013377926421404221e-09 3.593048648914290988e-01
4.113712374581938975e-09 3.490111472086876998e-01
4.214046822742474556e-09 3.389453782326091735e-01
4.314381270903009310e-09 3.292511994037489176e-01
4.414715719063544892e-09 3.200639504721460304e-01
4.515050167224079646e-09 3.115010387852228391e-01
4.615384615384614399e-09 3.036531856877726088e-01
4.715719063545149981e-09 2.965772981805819830e-01
4.816053511705684735e-09 2.902915848411442012e-01
4.916387959866220316e-09 2.847733431362781675e-01
5.016722408026755070e-09 2.799596118399698130e-01
5.117056856187290651e-09 2.757506324923008068e-01
5.217391304347825405e-09 2.720158238879998858e-01
5.317725752508360159e-09 2.686017676838334811e-01
5.418060200668895740e-09 2.653415509749284529e-01
5.518394648829430494e-09 2.620647261272112116e-01
5.618729096989966075e-09 2.586071345422406575e-01
5.719063545150500829e-09 2.548198967053096897e-01
5.819397993311035583e-09 2.505769859392609211e-01
5.919732441471571164e-09 2.457809621586733995e-01
6.020066889632105918e-09 2.403666253790300855e-01
6.120401337792641499e-09 2.343025363464649458e-01
6.220735785953176253e-09 2.275905241503789200e-01
6.321070234113711835e-09 2.202634420825730355e-01
6.421404682274246589e-09 2.123815322092147961e-01
6.521739130434781343e-09 2.040278108115698152e-01
6.622073578595316924e-09 1.953028916601018683e-01
6.722408026755851678e-09 1.863196280206330935e-01
6.822742474916387259e-09 1.771978875417525856e-01
6.923076923076922013e-09 1.680596894911803585e-01
7.023411371237457594e-09 1.590248446768146029e-01
7.123745819397992348e-09 1.502071572215713247e-01
7.224080267558527102e-09 1.417111839753280311e-01
7.324414715719062683e-09 1.336295078648000456e-01
7.424749163879597437e-09 1.260404677984486299e-01
7.525083612040133018e-09 1.190062975908938309e-01
7.625418060200667772e-09 1.125716539417799533e-01
7.725752508361202526e-09 1.067625505211451387e-01
7.826086956521737280e-09 1.015857522901326415e-01
7.926421404682273689e-09 9.702871227530696085e-02
8.026755852842808442e-09 9.306014475474518044e-02
8.127090301003343196e-09 8.963131959008495409e-02
8.227424749163877950e-09 8.667813103191795987e-02
8.327759197324414359e-09 8.412394307131910998e-02
8.428093645484949113e-09 8.188314785876427138e-02
8.528428093645483867e-09 7.986530185358178824e-02
8.628762541806018621e-09 7.797963553181666563e-02
8.729096989966553375e-09 7.613967606523916465e-02
8.829431438127089783e-09 7.426768658428187231e-02
8.929765886287624537e-09 7.229861634401069104e-02
9.030100334448159291e-09 7.018327611947892952e-02
9.130434782608694045e-09 6.789050177775567130e-02
9.230769230769228799e-09 6.540814210327261513e-02
9.331103678929765207e-09 6.274279756427419974e-02
9.431438127090299961e-09 5.991833571066368380e-02
9.531772575250834715e-09 5.697330623537202876e-02
9.632107023411369469e-09 5.395746460076658590e-02
9.732441471571904223e-09 5.092767910504939627e-02
9.832775919732440632e-09 4.794353625721141376e-02
9.933110367892975386e-09 4.506297023979671801e-02
1.003344481605351014e-08 4.233822420414386917e-02
1.013377926421404489e-08 3.981240739996383393e-02
1.023411371237458130e-08 3.751684851524142439e-02
1.033444816053511606e-08 3.546936970312115217e-02
1.043478260869565081e-08 3.367352600976120797e-02
1.053511705685618556e-08 3.211877946878057694e-02
1.063545150501672032e-08 3.078151298983304238e-02
1.073578595317725673e-08 2.962674140660831457e-02
1.083612040133779148e-08 2.861034833689572038e-02
1.093645484949832623e-08 2.768166799747119947e-02
1.103678929765886099e-08 2.678623864696329238e-02
1.113712374581939574e-08 2.586857491688769259e-02
1.123745819397993215e-08 2.487483483434963991e-02
1.133779264214046690e-08 2.375528843146560223e-02
1.143812709030100166e-08 2.246652355927213074e-02
1.153846153846153641e-08 2.097334713031449513e-02
1.163879598662207117e-08 1.925035439579499824e-02
1.173913043478260757e-08 1.728314475310410020e-02
1.183946488294314233e-08 1.506916146862558210e-02
1.193979933110367708e-08 1.261812748928683656e-02
1.204013377926421184e-08 9.952043958809808286e-03
1.214046822742474824e-08 7.104716082100323571e-03
1.224080267558528300e-08 4.120776003381121377e-03
1.234113712374581775e-08 1.054186652189086082e-03
1.244147157190635251e-08 -2.033765245455648740e-03
1.254180602006688726e-08 -5.076945699707477097e-03
1.264214046822742367e-08 -8.007239136216474928e-03
1.274247491638795842e-08 -1.075768195787657477e-02
1.284280936454849318e-08 -1.326570522203109927e-02
1.294314381270902793e-08 -1.547629884023314639e-02
1.304347826086956269e-08 -1.734489431833505929e-02
1.314381270903009909e-08 -1.883976461688559312e-02
1.324414715719063385e-08 -1.994375994635440297e-02
1.334448160535116860e-08 -2.065523681573429304e-02
1.344481605351170336e-08 -2.098809183830431871e-02
1.354515050167223811e-08 -2.097087710984900377e-02
1.364548494983277452e-08 -2.064504436634116702e-02
1.374581939799330927e-08 -2.006243373732354007e-02
1.384615384615384403e-08 -1.928218284852820097e-02
1.394648829431437878e-08 -1.836727718270187923e-02
1.404682274247491519e-08 -1.738098837196585394e-02
1.414715719063544994e-08 -1.638345090561452860e-02
1.424749163879598470e-08 -1.542860937966128790e-02
1.434782608695651945e-08 -1.456173004328716915e-02
1.444816053511705420e-08 -1.381761627400986993e-02
1.454849498327759061e-08 -1.321960359464516982e-02
1.464882943143812537e-08 -1.277934268755087470e-02
1.474916387959866012e-08 -1.249731542903896944e-02
1.484949832775919487e-08 -1.236397543933694110e-02
1.494983277591973128e-08 -1.236136582533951464e-02
1.505016722408026604e-08 -1.246504560312446282e-02
1.515050167224080079e-08 -1.264615348931972215e-02
1.525083612040133554e-08 -1.287345195700941893e-02
1.535117056856187030e-08 -1.311522238783358399e-02
1.545150501672240505e-08 -1.334091914440999060e-02
1.555183946488293981e-08 -1.352253101249711355e-02
1.565217391304347456e-08 -1.363563726477542634e-02
1.575250836120401262e-08 -1.366017778802970824e-02
1.585284280936454738e-08 -1.358097875759305823e-02
1.595317725752508213e-08 -1.338808536277780008e-02
1.605351170568561688e-08 -1.307695104760322503e-02
1.615384615384615164e-08 -1.264852036158418264e-02
1.625418060200668639e-08 -1.210922300706565591e-02
1.635451505016722115e-08 -1.147087418380576124e-02
1.645484949832775590e-08 -1.075045538641427982e-02
1.655518394648829065e-08 -9.969734630149978266e-03
1.665551839464882872e-08 -9.154678993164909115e-03
1.675585284280936347e-08 -8.334617323769392266e-03
1.685618729096989823e-08 -7.541127264561307657e-03
1.695652173913043298e-08 -6.806646962312165247e-03
1.705685618729096773e-08 -6.162844977964128737e-03
1.715719063545150249e-08 -5.638817818948370017e-03
1.725752508361203724e-08 -5.259218373990930638e-03
1.735785953177257200e-08 -5.042445503826533879e-03
1.745819397993310675e-08 -4.999040905512662850e-03
1.755852842809364150e-08 -5.130441071246532453e-03
1.765886287625417957e-08 -5.428218244293649825e-03
1.775919732441471432e-08 -5.873915090775081414e-03
1.785953177257524907e-08 -6.439535531447160288e-03
1.795986622073578383e-08 -7.088702586491264085e-03
1.806020066889631858e-08 -7.778438138840645943e-03
1.816053511705685334e-08 -8.461464807374155517e-03
1.826086956521738809e-08 -9.088882228705392682e-03
1.836120401337792284e-08 -9.613033932960878686e-03
1.846153846153845760e-08 -9.990360439115750918e-03
1.856187290969899566e-08 -1.018403136778252456e-02
1.866220735785953041e-08 -1.016616463129508749e-02
1.876254180602006517e-08 -9.919472632351530872e-03
1.886287625418059992e-08 -9.438220755363678494e-03
1.896321070234113468e-08 -8.728437861604650821e-03
1.906354515050166943e-08 -7.807376812835988174e-03
1.916387959866220418e-08 -6.702279849432385764e-03
1.926421404682273894e-08 -5.448553897633901313e-03
1.936454849498327369e-08 -4.087500400425993566e-03
1.946488294314380845e-08 -2.663770133252703343e-03
1.956521739130434651e-08 -1.222724236253605774e-03
1.966555183946488126e-08 1.921215382497442128e-04
1.976588628762541602e-08 1.541410089225077849e-03
1.986622073578595077e-08 2.791883018899926974e-03
1.996655518394648553e-08 3.917852680790274295e-03
2.006688963210702028e-08 4.902150938597776841e-03
2.016722408026755503e-08 5.736538710795928420e-03
2.026755852842808979e-08 6.421596322943568490e-03
2.036789297658862454e-08 6.966144709454008196e-03
2.046822742474916260e-08 7.386270009379876551e-03
2.056856187290969736e-08 7.704038469684129121e-03
2.066889632107023211e-08 7.945995085312499220e-03
2.076923076923076687e-08 8.141539072932128807e-03
2.086956521739130162e-08 8.321263582170643908e-03
2.096989966555183637e-08 8.515337696067822731e-03
2.107023411371237113e-08 8.751997418335710766e-03
2.117056856187290588e-08 9.056200388753533198e-03
2.127090301003344064e-08 9.448487509641872312e-03
2.137123745819397539e-08 9.944084046780305927e-03
2.147157190635451345e-08 1.055226319281191323e-02
2.157190635451504821e-08 1.127598631431570540e-02
2.167224080267558296e-08 1.211182571092118791e-02
2.177257525083611771e-08 1.305016722625334906e-02
2.187290969899665247e-08 1.407568111534806751e-02
2.197324414715718722e-08 1.516804007937437582e-02
2.207357859531772198e-08 1.630285351832919810e-02
2.217391304347825673e-08 1.745277732461921610e-02
2.227424749163879148e-08 1.858874969010089126e-02
2.237458193979932955e-08 1.968129630595656307e-02
2.247491638795986430e-08 2.070184387006565596e-02
2.257525083612039905e-08 2.162397969262057004e-02
2.267558528428093381e-08 2.242459782835578078e-02
2.277591973244146856e-08 2.308487859974300838e-02
2.287625418060200332e-08 2.359105822683564904e-02
2.297658862876253807e-08 2.393495777071576180e-02
2.307692307692307282e-08 2.411425464887321374e-02
2.317725752508360758e-08 2.413249434414685771e-02
2.327759197324414233e-08 2.399885335160224439e-02
2.337792642140468040e-08 2.372767580042790467e-02
2.347826086956521515e-08 2.333781476901978028e-02
2.357859531772574990e-08 2.285181470708867735e-02
2.367892976588628466e-08 2.229497366161204558e-02
2.377926421404681941e-08 2.169432366364017553e-02
2.387959866220735417e-08 2.107756548308209466e-02
2.397993311036788892e-08 2.047199098828160133e-02
2.408026755852842367e-08 1.990342354703488956e-02
2.418060200668895843e-08 1.939520508793745462e-02
2.428093645484949649e-08 1.896725808503137156e-02
2.438127090301003124e-08 1.863525187704068511e-02
2.448160535117056600e-08 1.840990495495620216e-02
2.458193979933110075e-08 1.829645728834729951e-02
2.468227424749163551e-08 1.829434823977451816e-02
2.478260869565217026e-08 1.839713483472572506e-02
2.488294314381270501e-08 1.859268089528436085e-02
2.498327759197323977e-08 1.886363890647842559e-02
2.508361204013377452e-08 1.918823307682028176e-02
2.518394648829430928e-08 1.954133414961311752e-02
2.528428093645484734e-08 1.989579511058852182e-02
2.538461538461538209e-08 2.022399369698942018e-02
2.548494983277591685e-08 2.049950476965427607e-02
2.558528428093645160e-08 2.069880571449866924e-02
2.568561872909698635e-08 2.080290367988649539e-02
2.578595317725752111e-08 2.079876693256288434e-02
2.588628762541805586e-08 2.068044562873552067e-02
2.598662207357859062e-08 2.044978068690751077e-02
2.608695652173912537e-08 2.011662301177440104e-02
2.618729096989966343e-08 1.969851774329320349e-02
2.628762541806019819e-08 1.921984713618401369e-02
2.638795986622073294e-08 1.871046790054005371e-02
2.648829431438126769e-08 1.820392058431018201e-02
2.658862876254180245e-08 1.773532590441666626e-02
2.668896321070233720e-08 1.733911212361407411e-02
2.678929765886287196e-08 1.704673555758631776e-02
2.688963210702340671e-08 1.688456100839860752e-02
2.698996655518394146e-08 1.687205952919702823e-02
2.709030100334447622e-08 1.702045797066720212e-02
2.719063545150501428e-08 1.733194012282580215e-02
2.729096989966554904e-08 1.779945599532826647e-02
2.739130434782608379e-08 1.840714779168209705e-02
2.749163879598661854e-08 1.913135281243942554e-02
2.759197324414715330e-08 1.994209927269093366e-02
2.769230769230768805e-08 2.080497480844277144e-02
2.779264214046822281e-08 2.168322240413380828e-02
2.789297658862875756e-08 2.253990657904873796e-02
2.799331103678929231e-08 2.333999456966353442e-02
2.809364548494983038e-08 2.405221221380100111e-02
2.819397993311036513e-08 2.465056029850089606e-02
2.829431438127089988e-08 2.511541128202025158e-02
2.839464882943143464e-08 2.543414488364177661e-02
2.849498327759196939e-08 2.560132014338023163e-02
2.859531772575250415e-08 2.561841745070743415e-02
2.869565217391303890e-08 2.549321355380221310e-02
2.879598662207357365e-08 2.523887339057591730e-02
2.889632107023410841e-08 2.487285350780983270e-02
2.899665551839464316e-08 2.441571277930850228e-02
2.909698996655518122e-08 2.388991810469235158e-02
2.919732441471571598e-08 2.331871767169532011e-02
2.929765886287625073e-08 2.272513471920836053e-02
2.939799331103678549e-08 2.213111334954286774e-02
2.949832775919732024e-08 2.155682753913359603e-02
2.959866220735785499e-08 2.102014742437633213e-02
2.969899665551838975e-08 2.053624487674924476e-02
2.979933110367892450e-08 2.011731419394612030e-02
2.989966555183946256e-08 1.977238341479588268e-02
2.999999999999999732e-08 1.950719649534178590e-02
