0.000000000000000000e+00 9.999999999999995559e-01
1.003344481605351029e-10 9.438362620033727973e-03
2.006688963210702059e-10 1.126691379165891543e-02
3.010033444816052959e-10 1.197922766830169725e-02
4.013377926421404118e-10 2.611359208190857512e-03
5.016722408026755277e-10 5.598312160413962749e-03
6.020066889632105918e-10 8.392678640872432150e-03
7.023411371237457594e-10 5.945225255057424128e-03
8.026755852842808236e-10 1.188870349792752260e-02
9.030100334448158877e-10 1.045039914221198955e-02
1.003344481605351055e-09 9.743728798499216512e-03
1.103678929765886223e-09 1.173750777174852392e-02
1.204013377926421184e-09 7.640925529712356244e-03
1.304347826086956351e-09 1.906794202186326342e-03
1.404682274247491519e-09 4.262040568521495432e-03
1.505016722408026480e-09 2.393388553942016588e-03
1.605351170568561647e-09 1.041435994427149930e-02
1.705685618729096815e-09 6.790834027888245465e-03
1.806020066889631775e-09 1.562339107070070433e-02
1.906354515050166943e-09 9.528563784546020474e-03
2.006688963210702111e-09 7.722147977997942565e-03
2.107023411371237278e-09 8.039045709933937897e-03
2.207357859531772446e-09 6.221711233446897658e-03
2.307692307692307200e-09 9.381208477077254693e-03
2.408026755852842367e-09 1.981944669478056132e-03
2.508361204013377535e-09 1.164643082308746899e-02
2.608695652173912702e-09 4.108860981454325566e-03
2.709030100334447870e-09 1.333054492757010032e-02
2.809364548494983038e-09 6.309423637761798868e-03
2.909698996655517792e-09 9.848128028226455291e-03
3.010033444816052959e-09 1.189938952324464012e-02
3.110367892976588127e-09 5.078873010271082837e-03
3.210702341137123294e-09 3.262480319962355983e-03
3.311036789297658462e-09 3.095770707822492317e-03
3.411371237458193629e-09 6.364010668283256664e-03
3.511705685618728797e-09 1.203723269573389251e-02
3.612040133779263551e-09 9.155690636613103561e-03
3.712374581939798719e-09 2.855199277964269328e-03
3.812709030100333886e-09 8.325087298561096097e-03
3.913043478260868640e-09 9.460175728095522596e-03
4.013377926421404221e-09 1.030682020566698991e-02
4.113712374581938975e-09 1.661959549481325377e-02
4.214046822742474556e-09 1.124769471962121584e-02
4.314381270903009310e-09 7.178310308307665234e-03
4.414715719063544892e-09 7.968994867504417337e-03
4.515050167224079646e-09 8.571136738542138936e-03
4.615384615384614399e-09 1.035024095718134647e-02
4.715719063545149981e-09 5.091168747623704346e-03
4.816053511705684735e-09 9.695449725852133688e-03
4.916387959866220316e-09 3.464611609604867706e-03
5.016722408026755070e-09 7.581409667377289607e-03
5.117056856187290651e-09 9.734796044774932447e-03
5.217391304347825405e-09 3.744247345568742051e-03
5.317725752508360159e-09 1.176824228305580790e-02
5.418060200668895740e-09 7.409397508574635388e-03
5.518394648829430494e-09 8.064325218124562475e-03
5.618729096989966075e-09 8.295389129635762429e-03
5.719063545150500829e-09 4.951343022826000181e-03
5.819397993311035583e-09 6.199335051386516832e-03
5.919732441471571164e-09 8.238342095874205337e-03
6.020066889632105918e-09 8.942030291984441950e-03
6.120401337792641499e-09 1.299810007202428525e-03
6.220735785953176253e-09 5.023168549184286319e-03
6.321070234113711835e-09 1.054534402162961813e-02
6.421404682274246589e-09 8.702708762982661397e-03
6.521739130434781343e-09 6.978881838010163145e-04
6.622073578595316924e-09 9.374304271106592007e-03
6.722408026755851678e-09 9.878791610032085224e-03
6.822742474916387259e-09 1.387385533112956044e-02
6.923076923076922013e-09 -7.020418414629834214e-05
7.023411371237457594e-09 1.091985816981858384e-02
7.123745819397992348e-09 1.023760028605795284e-02
7.224080267558527102e-09 7.602561057386976115e-03
7.324414715719062683e-09 8.800993680671206909e-03
7.424749163879597437e-09 8.493187342356482705e-03
7.525083612040133018e-09 6.714644338175163735e-03
7.625418060200667772e-09 4.484103983996021517e-03
7.725752508361202526e-09 2.077995133062364962e-03
7.826086956521737280e-09 8.742984702452090071e-04
7.926421404682273689e-09 2.440539051685063163e-03
8.026755852842808442e-09 5.459724230968787499e-03
8.127090301003343196e-09 8.529347208180774326e-03
8.227424749163877950e-09 9.727653591246929188e-03
8.327759197324414359e-09 1.277369930275234003e-02
8.428093645484949113e-09 4.621400767321105427e-03
8.528428093645483867e-09 1.288897226885690923e-02
8.628762541806018621e-09 8.350882049650208000e-03
8.729096989966553375e-09 1.429400864638148867e-02
8.829431438127089783e-09 2.765915489957226567e-03
8.929765886287624537e-09 8.897346217626096385e-03
9.030100334448159291e-09 6.158743541126649942e-03
9.130434782608694045e-09 4.330674477639173507e-03
9.230769230769228799e-09 9.796529522535244242e-03
9.331103678929765207e-09 6.368148497702842172e-03
9.431438127090299961e-09 8.449820796546875581e-03
9.531772575250834715e-09 8.787199868068718348e-03
9.632107023411369469e-09 6.718743922021685674e-03
9.732441471571904223e-09 1.177586747452423130e-02
9.832775919732440632e-09 1.508700919267772292e-02
9.933110367892975386e-09 9.849905563385283683e-03
1.003344481605351014e-08 2.542099828808282343e-03
1.013377926421404489e-08 1.200803414322238784e-02
1.023411371237458130e-08 1.247012745390955329e-02
1.033444816053511606e-08 8.859640343670836804e-03
1.043478260869565081e-08 1.402641532629159832e-02
1.053511705685618556e-08 7.341736911253711993e-03
1.063545150501672032e-08 1.143661485530532082e-02
1.073578595317725673e-08 8.759355713933943133e-03
1.083612040133779148e-08 1.102178226308344125e-02
1.093645484949832623e-08 1.310964685617008706e-02
1.103678929765886099e-08 6.074775113195617082e-03
1.113712374581939574e-08 4.537116332302595055e-03
1.123745819397993215e-08 1.468933668186185593e-02
1.133779264214046690e-08 7.791487200626581906e-03
1.143812709030100166e-08 8.260972324101266764e-03
1.153846153846153641e-08 8.589485592151120674e-03
1.163879598662207117e-08 9.413503752109872794e-03
1.173913043478260757e-08 4.305179772980226825e-03
1.183946488294314233e-08 8.926351696191154109e-03
1.193979933110367708e-08 7.234185693890179004e-04
1.204013377926421184e-08 9.229027122906198130e-03
1.214046822742474824e-08 5.022015429061999804e-03
1.224080267558528300e-08 6.690300690795934063e-03
1.234113712374581775e-08 8.254250722321571782e-03
1.244147157190635251e-08 5.779729114072359140e-03
1.254180602006688726e-08 1.045478368320215505e-02
1.264214046822742367e-08 1.540599956547938736e-02
1.274247491638795842e-08 8.499178410694828434e-03
1.284280936454849318e-08 6.179576640561649722e-03
1.294314381270902793e-08 3.416897293885861730e-03
1.304347826086956269e-08 2.426069020794099831e-03
1.314381270903009909e-08 8.081571656107110549e-03
1.324414715719063385e-08 3.340041336274911319e-03
1.334448160535116860e-08 7.492779457512175473e-03
1.344481605351170336e-08 6.218974583100052127e-03
1.354515050167223811e-08 3.656257228549978418e-03
1.364548494983277452e-08 5.769541361164302884e-03
1.374581939799330927e-08 3.813638060197212937e-03
1.384615384615384403e-08 4.931987968537932671e-03
1.394648829431437878e-08 2.709048375523038371e-03
1.404682274247491519e-08 1.071645056991213200e-02
1.414715719063544994e-08 6.643674917925695977e-03
1.424749163879598470e-08 7.540830159337244890e-03
1.434782608695651945e-08 8.377797917511912995e-03
1.444816053511705420e-08 5.484532133368844910e-03
1.454849498327759061e-08 1.075463027352211581e-02
1.464882943143812537e-08 8.714910423565210007e-03
1.474916387959866012e-08 2.618549328135991432e-03
1.484949832775919487e-08 1.383479134585100401e-03
1.494983277591973128e-08 5.884959855214360637e-03
1.505016722408026604e-08 8.958314356618245558e-03
1.515050167224080079e-08 1.044041461119792243e-02
1.525083612040133554e-08 1.448931619411203409e-03
1.535117056856187030e-08 8.755193307044131096e-03
1.545150501672240505e-08 9.837577219705639225e-03
1.555183946488293981e-08 8.875553723890370825e-03
1.565217391304347456e-08 1.800060501797474954e-02
1.575250836120401262e-08 -1.264376085637553470e-03
1.585284280936454738e-08 1.093080606390614898e-02
1.595317725752508213e-08 8.118429738288187453e-03
1.605351170568561688e-08 1.221147869281316925e-02
1.615384615384615164e-08 2.666614414238719158e-03
1.625418060200668639e-08 9.242330631505825053e-03
1.635451505016722115e-08 1.185938351572501590e-02
1.645484949832775590e-08 9.426722827463930934e-03
1.655518394648829065e-08 8.369191754670303462e-03
1.665551839464882872e-08 7.834824712296515822e-03
1.675585284280936347e-08 -2.652147347104547893e-03
1.685618729096989823e-08 9.643469246369907114e-03
1.695652173913043298e-08 6.803065105625256438e-03
1.705685618729096773e-08 1.124941321587161550e-02
1.715719063545150249e-08 9.607389734247368668e-03
1.725752508361203724e-08 1.119028826641185227e-02
1.735785953177257200e-08 6.245578632599974034e-03
1.745819397993310675e-08 3.625120491770098506e-03
1.755852842809364150e-08 9.375559176338501416e-03
1.765886287625417957e-08 4.562374760870112692e-03
1.775919732441471432e-08 7.186831609553408912e-03
1.785953177257524907e-08 7.343448663335590265e-03
1.795986622073578383e-08 5.843344832704156812e-03
1.806020066889631858e-08 5.215292681019630290e-03
1.816053511705685334e-08 7.353989616990876804e-03
1.826086956521738809e-08 1.121080739798571528e-02
1.836120401337792284e-08 3.007309099637431229e-03
1.846153846153845760e-08 1.342260126403334915e-03
1.856187290969899566e-08 9.480824439112221086e-03
1.866220735785953041e-08 7.727973317109946769e-03
1.876254180602006517e-08 5.014324305542454743e-03
1.886287625418059992e-08 1.023459820205355544e-02
1.896321070234113468e-08 8.883149293686474351e-03
1.906354515050166943e-08 1.191271257423065326e-02
1.916387959866220418e-08 8.209713063307033654e-03
1.926421404682273894e-08 5.596041748293592404e-03
1.936454849498327369e-08 1.084695623389098258e-02
1.946488294314380845e-08 1.116202325922006217e-02
1.956521739130434651e-08 7.313126178886170288e-03
1.966555183946488126e-08 4.888894202463131729e-03
1.976588628762541602e-08 8.096216938303750499e-03
1.986622073578595077e-08 4.062056510903931661e-04
1.996655518394648553e-08 1.522078429040473564e-03
2.006688963210702028e-08 8.171329600471271409e-03
2.016722408026755503e-08 1.072593856996063161e-02
2.026755852842808979e-08 7.835962460282350564e-03
2.036789297658862454e-08 1.415101043284689927e-02
2.046822742474916260e-08 2.334356015273653540e-03
2.056856187290969736e-08 5.039920984145534848e-03
2.066889632107023211e-08 3.506462551091854563e-03
2.076923076923076687e-08 1.172713578423901191e-02
2.086956521739130162e-08 4.378166916317128904e-04
2.096989966555183637e-08 8.919843676917713071e-03
2.107023411371237113e-08 4.176130812788519768e-03
2.117056856187290588e-08 6.114885135368402710e-03
2.127090301003344064e-08 3.623509176760228868e-03
2.137123745819397539e-08 6.002531545702060115e-03
2.147157190635451345e-08 9.961961563371283732e-03
2.157190635451504821e-08 5.122123920327135808e-03
2.167224080267558296e-08 7.594261153046404263e-03
2.177257525083611771e-08 6.472762119741483182e-03
2.187290969899665247e-08 7.873909575223634466e-03
2.197324414715718722e-08 2.193220949507863459e-03
2.207357859531772198e-08 5.763533380822143289e-03
2.217391304347825673e-08 9.446578550749998304e-03
2.227424749163879148e-08 2.425080594551807991e-03
2.237458193979932955e-08 1.375791937436640286e-02
2.247491638795986430e-08 -1.912290925992735265e-03
2.257525083612039905e-08 4.820087263697985132e-03
2.267558528428093381e-08 1.968903758248107243e-03
2.277591973244146856e-08 4.820099723173739206e-03
2.287625418060200332e-08 7.240800264429169027e-03
2.297658862876253807e-08 7.165551450522954918e-03
2.307692307692307282e-08 5.683143250204454253e-03
2.317725752508360758e-08 1.178934859993357662e-02
2.327759197324414233e-08 1.012338514372129912e-02
2.337792642140468040e-08 4.589851343275250933e-03
2.347826086956521515e-08 7.882780479870931875e-03
2.357859531772574990e-08 5.669361950732634478e-03
2.367892976588628466e-08 4.976921116553037656e-03
2.377926421404681941e-08 1.378373577777803130e-02
2.387959866220735417e-08 9.729095716627953264e-03
2.397993311036788892e-08 6.223549388233407323e-03
2.408026755852842367e-08 1.420546403890394398e-03
2.418060200668895843e-08 1.326873052652902119e-02
2.428093645484949649e-08 6.475537259573752209e-03
2.438127090301003124e-08 9.799755964539889203e-03
2.448160535117056600e-08 1.023210214223147126e-02
2.458193979933110075e-08 5.221123720465491343e-03
2.468227424749163551e-08 5.500057122848091111e-03
2.478260869565217026e-08 7.388974609180215362e-03
2.488294314381270501e-08 8.859275662738677962e-03
2.498327759197323977e-08 1.497038102443773531e-03
2.508361204013377452e-08 8.490874886702748370e-03
2.518394648829430928e-08 1.153454720295459847e-02
2.528428093645484734e-08 9.557353591508530727e-03
2.538461538461538209e-08 4.494825936729470069e-03
2.548494983277591685e-08 1.261871688747521689e-02
2.558528428093645160e-08 2.501189212429730940e-03
2.568561872909698635e-08 7.683844323373353706e-03
2.578595317725752111e-08 6.134588435236557578e-03
2.588628762541805586e-08 -1.053174740198823062e-03
2.598662207357859062e-08 9.583236505894585089e-03
2.608695652173912537e-08 8.852564296808343794e-03
2.618729096989966343e-08 3.676776176008898951e-03
2.628762541806019819e-08 5.136627590376098215e-03
2.638795986622073294e-08 7.731009301457337883e-03
2.648829431438126769e-08 1.330845738846053554e-02
2.658862876254180245e-08 1.265417736018644920e-02
2.668896321070233720e-08 1.047085176541281797e-02
2.678929765886287196e-08 7.011377241588369162e-03
2.688963210702340671e-08 1.352535228021000541e-02
2.698996655518394146e-08 7.898219600127808285e-03
2.709030100334447622e-08 5.297253005971740494e-03
2.719063545150501428e-08 9.800979117380426153e-03
2.729096989966554904e-08 1.316321192256808634e-03
2.739130434782608379e-08 1.305961276550951641e-03
2.749163879598661854e-08 6.198991238006569364e-03
2.759197324414715330e-08 1.197886764922198415e-02
2.769230769230768805e-08 1.158179870591261214e-02
2.779264214046822281e-08 9.292453065827184847e-03
2.789297658862875756e-08 1.058622742833739000e-02
2.799331103678929231e-08 2.976493633054404231e-03
2.809364548494983038e-08 1.089902025053918200e-02
2.819397993311036513e-08 4.143135014830977639e-03
2.829431438127089988e-08 5.591819022454623707e-03
2.839464882943143464e-08 5.708570074033593976e-03
2.849498327759196939e-08 5.435569656004053500e-03
2.859531772575250415e-08 4.146749344832383923e-03
2.869565217391303890e-08 4.735443855114856299e-03
2.879598662207357365e-08 8.311439349555971301e-03
2.889632107023410841e-08 2.429276946630701955e-03
2.899665551839464316e-08 1.273610299307422269e-02
2.909698996655518122e-08 1.081668139776336204e-02
2.919732441471571598e-08 6.571449498410672149e-03
2.929765886287625073e-08 1.052613130978337710e-02
2.939799331103678549e-08 4.122120588044401318e-03
2.949832775919732024e-08 8.475478920323738924e-03
2.959866220735785499e-08 -2.805911025783485498e-04
2.969899665551838975e-08 5.496350738644845482e-03
2.979933110367892450e-08 6.985148742961397317e-03
2.989966555183946256e-08 8.256351281405845122e-03
2.999999999999999732e-08 5.386966730965087914e-03
