0.000000000000000000e+00 9.999999999999995559e-01
1.003344481605351029e-10 7.926497049424451324e-01
2.006688963210702059e-10 5.533203209155046487e-01
3.010033444816052959e-10 4.551566875241894183e-01
4.013377926421404118e-10 3.631161580136635925e-01
5.016722408026755277e-10 2.820887254726834881e-01
6.020066889632105918e-10 2.434300457913206317e-01
7.023411371237457594e-10 1.648167150582960372e-01
8.026755852842808236e-10 9.592105669360576070e-02
9.030100334448158877e-10 7.194376431212458345e-02
1.003344481605351055e-09 4.483479804554948295e-02
1.103678929765886223e-09 2.769114723897022137e-02
1.204013377926421184e-09 1.287936634586385465e-02
1.304347826086956351e-09 -1.507248788344819901e-02
1.404682274247491519e-09 -1.863904990940499704e-02
1.505016722408026480e-09 -1.234841942826800897e-02
1.605351170568561647e-09 -1.349328605330633521e-02
1.705685618729096815e-09 -7.210018291209588023e-03
1.806020066889631775e-09 -6.657052092071973418e-03
1.906354515050166943e-09 -9.278701048053016737e-03
2.006688963210702111e-09 2.984155448280931093e-03
2.107023411371237278e-09 8.334198622532169171e-03
2.207357859531772446e-09 1.405338406602844523e-02
2.307692307692307200e-09 2.354195409260688085e-02
2.408026755852842367e-09 2.120379666951243552e-02
2.508361204013377535e-09 1.852594319111901949e-02
2.608695652173912702e-09 2.074003011162662419e-02
2.709030100334447870e-09 1.694479477619828187e-02
2.809364548494983038e-09 2.205447793905651599e-02
2.909698996655517792e-09 2.512739376583697157e-02
3.010033444816052959e-09 2.002601507908217254e-02
3.110367892976588127e-09 1.990904469343469929e-02
3.210702341137123294e-09 1.980662148288305641e-02
3.311036789297658462e-09 1.861446419894754664e-02
3.411371237458193629e-09 2.505396113022649585e-02
3.511705685618728797e-09 2.806608631896698527e-02
3.612040133779263551e-09 3.017937366307753277e-02
3.712374581939798719e-09 3.496250367991487334e-02
3.812709030100333886e-09 3.224983165651847117e-02
3.913043478260868640e-09 3.228285611232388497e-02
4.013377926421404221e-09 3.389482353511602541e-02
4.113712374581938975e-09 3.029294048829922481e-02
4.214046822742474556e-09 3.022325506889170232e-02
4.314381270903009310e-09 2.747665950719903327e-02
4.414715719063544892e-09 2.093586449957704487e-02
4.515050167224079646e-09 1.949753626512331847e-02
4.615384615384614399e-09 1.841416772162132037e-02
4.715719063545149981e-09 1.046454178732898754e-02
4.816053511705684735e-09 6.266740240494408920e-03
4.916387959866220316e-09 -2.155514240331212264e-03
5.016722408026755070e-09 -6.987224248590319549e-03
5.117056856187290651e-09 -5.949811397772691683e-03
5.217391304347825405e-09 -9.103078026376464071e-03
5.317725752508360159e-09 -1.024131936510383305e-02
5.418060200668895740e-09 -9.982051823477073454e-03
5.518394648829430494e-09 -8.890405756701311515e-03
5.618729096989966075e-09 -5.654581671058834039e-04
5.719063545150500829e-09 5.343050662282059285e-03
5.819397993311035583e-09 6.938027240719409940e-03
5.919732441471571164e-09 8.124012424963881693e-03
6.020066889632105918e-09 7.978464584746254237e-03
6.120401337792641499e-09 8.331461732693680108e-03
6.220735785953176253e-09 8.838614957780020071e-03
6.321070234113711835e-09 6.361030090050310247e-03
6.421404682274246589e-09 6.384568270576073019e-03
6.521739130434781343e-09 7.619084040980383075e-03
6.622073578595316924e-09 4.254495973104064840e-03
6.722408026755851678e-09 3.574594714193250061e-03
6.822742474916387259e-09 4.850455998835835267e-03
6.923076923076922013e-09 4.424278982026011962e-03
7.023411371237457594e-09 9.948748639396404192e-03
7.123745819397992348e-09 1.467330055054833632e-02
7.224080267558527102e-09 1.351016613318526544e-02
7.324414715719062683e-09 1.215695870738177364e-02
7.424749163879597437e-09 1.171576221379075008e-02
7.525083612040133018e-09 1.074630874804793045e-02
7.625418060200667772e-09 1.380940466984955858e-02
7.725752508361202526e-09 1.237676306690903456e-02
7.826086956521737280e-09 9.864460158134486650e-03
7.926421404682273689e-09 1.115891870723146294e-02
8.026755852842808442e-09 1.133457513684323591e-02
8.127090301003343196e-09 8.512244425951873139e-03
8.227424749163877950e-09 4.754885966217038164e-03
8.327759197324414359e-09 2.353952947288386055e-03
8.428093645484949113e-09 2.205253688251839969e-03
8.528428093645483867e-09 2.923976918997570756e-03
8.628762541806018621e-09 1.185168902417496097e-03
8.729096989966553375e-09 3.580897165262821209e-04
8.829431438127089783e-09 -1.028087935553985855e-03
8.929765886287624537e-09 -1.145633161271938797e-03
9.030100334448159291e-09 4.996834512481099569e-04
9.130434782608694045e-09 2.497778075994828029e-04
9.230769230769228799e-09 1.556108829532417640e-03
9.331103678929765207e-09 1.735542553708260089e-03
9.431438127090299961e-09 2.925430578856701418e-04
9.531772575250834715e-09 -1.056319080322535089e-03
9.632107023411369469e-09 3.157722574607213332e-04
9.732441471571904223e-09 -1.543518856392622849e-04
9.832775919732440632e-09 6.753644953650544437e-04
9.933110367892975386e-09 4.912322713829389044e-03
1.003344481605351014e-08 5.350387210375198016e-03
1.013377926421404489e-08 7.022043468243359399e-03
1.023411371237458130e-08 7.397458784036248236e-03
1.033444816053511606e-08 9.482790175747350322e-03
1.043478260869565081e-08 1.361828762695227631e-02
1.053511705685618556e-08 1.229995703657940469e-02
1.063545150501672032e-08 1.072642038171621806e-02
1.073578595317725673e-08 1.226723531749151705e-02
1.083612040133779148e-08 1.079317243980855781e-02
1.093645484949832623e-08 1.165801665583334965e-02
1.103678929765886099e-08 1.280197628583602983e-02
1.113712374581939574e-08 1.544126740686846411e-02
1.123745819397993215e-08 1.390819140597959920e-02
1.133779264214046690e-08 1.478642027689805113e-02
1.143812709030100166e-08 1.324818382897880766e-02
1.153846153846153641e-08 1.431360379905885147e-02
1.163879598662207117e-08 1.550511814189707224e-02
1.173913043478260757e-08 1.435430360320104695e-02
1.183946488294314233e-08 1.242393194832372774e-02
1.193979933110367708e-08 1.081813653920358012e-02
1.204013377926421184e-08 4.992700643947586316e-03
1.214046822742474824e-08 8.146369355219122005e-03
1.224080267558528300e-08 7.392120583323648353e-03
1.234113712374581775e-08 5.608998532732885171e-03
1.244147157190635251e-08 2.143886754020460014e-03
1.254180602006688726e-08 7.855074940706513204e-04
1.264214046822742367e-08 -7.886797725832298423e-04
1.274247491638795842e-08 2.283612771033910731e-04
1.284280936454849318e-08 3.986996383233067272e-06
1.294314381270902793e-08 -2.738030737791307886e-04
1.304347826086956269e-08 -1.167328340535972713e-03
1.314381270903009909e-08 -7.506372803683725777e-04
1.324414715719063385e-08 -6.813874789756888505e-05
1.334448160535116860e-08 3.894106251580792700e-03
1.344481605351170336e-08 8.140398959419890834e-03
1.354515050167223811e-08 9.196441898594902992e-03
1.364548494983277452e-08 6.129022558988100194e-03
1.374581939799330927e-08 6.635453157941634088e-03
1.384615384615384403e-08 6.586405382609172680e-03
1.394648829431437878e-08 4.491926024233198166e-03
1.404682274247491519e-08 3.496934789996977710e-03
1.414715719063544994e-08 8.326748338569868457e-03
1.424749163879598470e-08 1.341060782240858021e-02
1.434782608695651945e-08 1.680755242950255496e-02
1.444816053511705420e-08 1.164985163465623134e-02
1.454849498327759061e-08 8.682945468506260769e-03
1.464882943143812537e-08 1.219283697569807472e-02
1.474916387959866012e-08 1.418193810427683700e-02
1.484949832775919487e-08 1.097123075939579473e-02
1.494983277591973128e-08 8.115855285028804322e-03
1.505016722408026604e-08 6.117068602369191664e-03
1.515050167224080079e-08 3.781040371502210774e-03
1.525083612040133554e-08 3.451300538390222189e-03
1.535117056856187030e-08 3.149423899745634053e-03
1.545150501672240505e-08 6.233651758082654586e-03
1.555183946488293981e-08 9.180465052438939108e-03
1.565217391304347456e-08 7.708928130632689002e-03
1.575250836120401262e-08 3.378939797029379636e-03
1.585284280936454738e-08 2.810309530365670636e-03
1.595317725752508213e-08 5.338897806514897836e-03
1.605351170568561688e-08 6.158995961697983842e-03
1.615384615384615164e-08 3.026802655034738134e-03
1.625418060200668639e-08 1.982764638599632083e-03
1.635451505016722115e-08 3.370560949763492554e-03
1.645484949832775590e-08 8.747687242488598296e-05
1.655518394648829065e-08 1.054550436812960387e-03
1.665551839464882872e-08 4.420776155076354928e-03
1.675585284280936347e-08 4.597603768031959665e-03
1.685618729096989823e-08 8.034114281961775295e-03
1.695652173913043298e-08 1.440500118625625062e-02
1.705685618729096773e-08 1.294031838093353919e-02
1.715719063545150249e-08 4.227128584076365533e-03
1.725752508361203724e-08 1.251031716151767767e-03
1.735785953177257200e-08 4.489675130999996704e-03
1.745819397993310675e-08 5.877223740853042971e-03
1.755852842809364150e-08 4.644207066517127766e-03
1.765886287625417957e-08 3.268792804418721269e-03
1.775919732441471432e-08 5.268369457273873457e-03
1.785953177257524907e-08 4.605454714095966531e-03
1.795986622073578383e-08 3.435622552598853116e-03
1.806020066889631858e-08 9.625125436050770145e-03
1.816053511705685334e-08 9.542921820456603046e-03
1.826086956521738809e-08 8.028005761849060784e-03
1.836120401337792284e-08 9.521860603649949517e-03
1.846153846153845760e-08 6.267405068360131989e-03
1.856187290969899566e-08 4.013821645202906609e-03
1.866220735785953041e-08 3.001442922275467801e-03
1.876254180602006517e-08 7.350174504646528675e-03
1.886287625418059992e-08 1.041539031820829311e-02
1.896321070234113468e-08 1.139449239143829409e-02
1.906354515050166943e-08 8.929199404251925848e-03
1.916387959866220418e-08 9.042623623452653719e-03
1.926421404682273894e-08 9.079219908576637021e-03
1.936454849498327369e-08 6.209838036793344923e-03
1.946488294314380845e-08 5.934355884161568277e-03
1.956521739130434651e-08 6.464750148565607743e-03
1.966555183946488126e-08 5.716317009085898106e-03
1.976588628762541602e-08 2.462942870969491490e-03
1.986622073578595077e-08 4.657006887211484827e-03
1.996655518394648553e-08 6.399802175323293651e-03
2.006688963210702028e-08 6.610876858317463883e-03
2.016722408026755503e-08 6.985173668266696223e-03
2.026755852842808979e-08 8.659525583886683309e-03
2.036789297658862454e-08 6.582021359919823511e-03
2.046822742474916260e-08 4.215846817769120305e-03
2.056856187290969736e-08 4.143228722295596266e-03
2.066889632107023211e-08 3.349781168152143711e-03
2.076923076923076687e-08 3.424703416641537539e-03
2.086956521739130162e-08 3.758336814655318173e-03
2.096989966555183637e-08 2.828575360653696417e-03
2.107023411371237113e-08 -4.042861913782811812e-04
2.117056856187290588e-08 8.366157955101902449e-04
2.127090301003344064e-08 -8.162313843017646176e-05
2.137123745819397539e-08 3.343827142787026297e-04
2.147157190635451345e-08 -8.748862652039213900e-05
2.157190635451504821e-08 1.465868913708649919e-03
2.167224080267558296e-08 5.048495915949621771e-03
2.177257525083611771e-08 6.407949097010492978e-03
2.187290969899665247e-08 7.029403985658044807e-03
2.197324414715718722e-08 7.475456500503986461e-03
2.207357859531772198e-08 1.011472560028488406e-02
2.217391304347825673e-08 1.054799840911835838e-02
2.227424749163879148e-08 1.247799515501114669e-02
2.237458193979932955e-08 1.247489232682680999e-02
2.247491638795986430e-08 1.192678605532532590e-02
2.257525083612039905e-08 8.674481351135597540e-03
2.267558528428093381e-08 6.340951192007815082e-03
2.277591973244146856e-08 5.535429975204513194e-03
2.287625418060200332e-08 4.785629565775291645e-03
2.297658862876253807e-08 6.380575375484635881e-03
2.307692307692307282e-08 7.575453469090481090e-03
2.317725752508360758e-08 1.117690982718976336e-02
2.327759197324414233e-08 7.104289789980089767e-03
2.337792642140468040e-08 3.497159746614800918e-03
2.347826086956521515e-08 4.984088017672864274e-03
2.357859531772574990e-08 3.836236584427632837e-03
2.367892976588628466e-08 2.371792739708410147e-03
2.377926421404681941e-08 6.693484324731105266e-03
2.387959866220735417e-08 2.235116172632157366e-03
2.397993311036788892e-08 -9.429529257940333885e-04
2.408026755852842367e-08 3.362020564807929879e-03
2.418060200668895843e-08 5.928585734535411766e-03
2.428093645484949649e-08 3.674387488644081240e-03
2.438127090301003124e-08 6.026978350965268676e-03
2.448160535117056600e-08 1.008387722510270534e-02
2.458193979933110075e-08 6.699243045539979464e-03
2.468227424749163551e-08 2.167079454680211591e-03
2.478260869565217026e-08 1.939746519660861656e-03
2.488294314381270501e-08 4.827903265502397553e-03
2.498327759197323977e-08 6.052661168123027631e-03
2.508361204013377452e-08 5.508284445195520650e-03
2.518394648829430928e-08 2.668231068889741642e-03
2.528428093645484734e-08 7.799621883662588052e-03
2.538461538461538209e-08 1.036826828386976790e-02
2.548494983277591685e-08 1.034005122046295633e-02
2.558528428093645160e-08 1.107876228059314662e-02
2.568561872909698635e-08 1.094172156548335953e-02
2.578595317725752111e-08 1.248933249484297965e-02
2.588628762541805586e-08 1.520673857102156773e-02
2.598662207357859062e-08 1.627261448690075357e-02
2.608695652173912537e-08 1.413029205387643372e-02
2.618729096989966343e-08 9.085261807960810093e-03
2.628762541806019819e-08 5.316949818088627724e-03
2.638795986622073294e-08 8.436612219371013993e-03
2.648829431438126769e-08 9.331782169455264328e-03
2.658862876254180245e-08 7.805299900270959261e-03
2.668896321070233720e-08 5.907316079881323907e-03
2.678929765886287196e-08 6.467552049849919875e-03
2.688963210702340671e-08 9.454128345677766804e-03
2.698996655518394146e-08 1.092067024488726015e-02
2.709030100334447622e-08 7.048605611974106261e-03
2.719063545150501428e-08 4.099691721387271892e-03
2.729096989966554904e-08 5.221845543771278138e-03
2.739130434782608379e-08 7.861382602985642412e-03
2.749163879598661854e-08 7.004889638751498997e-03
2.759197324414715330e-08 6.977276004308424415e-03
2.769230769230768805e-08 9.401058920665566684e-03
2.779264214046822281e-08 8.726765072374173537e-03
2.789297658862875756e-08 8.747449997952854925e-03
2.799331103678929231e-08 1.314452165386615842e-02
2.809364548494983038e-08 1.329158580727844360e-02
2.819397993311036513e-08 9.878393517660736395e-03
2.829431438127089988e-08 7.526720720486131458e-03
2.839464882943143464e-08 8.696713149374604712e-03
2.849498327759196939e-08 8.375048768337684663e-03
2.859531772575250415e-08 7.121515254030080094e-03
2.869565217391303890e-08 6.926390120736119170e-03
2.879598662207357365e-08 6.884198262934549360e-03
2.889632107023410841e-08 1.045536850140037916e-02
2.899665551839464316e-08 1.194708479787467970e-02
2.909698996655518122e-08 9.453813864855926605e-03
2.919732441471571598e-08 6.248518658309465748e-03
2.929765886287625073e-08 7.794761380733534854e-03
2.939799331103678549e-08 9.424350336724980973e-03
2.949832775919732024e-08 6.429966859557523749e-03
2.959866220735785499e-08 5.874006400356026301e-03
2.969899665551838975e-08 7.939909485627278177e-03
2.979933110367892450e-08 1.080951368456640159e-02
2.989966555183946256e-08 9.457763667110714867e-03
2.999999999999999732e-08 8.030244304503600036e-03
