0.000000000000000000e+00 9.999999999999995559e-01
1.003344481605351029e-10 9.974379915894890924e-01
2.006688963210702059e-10 9.898318273489700170e-01
3.010033444816052959e-10 9.774168994456470250e-01
4.013377926421404118e-10 9.605718503850121381e-01
5.016722408026755277e-10 9.397990527375600367e-01
6.020066889632105918e-10 9.156991888384042877e-01
7.023411371237457594e-10 8.889416488549736206e-01
8.026755852842808236e-10 8.602327051979523631e-01
9.030100334448158877e-10 8.302835044909837592e-01
1.003344481605351055e-09 7.997798423159863113e-01
1.103678929765886223e-09 7.693554618772948661e-01
1.204013377926421184e-09 7.395702694961909796e-01
1.304347826086956351e-09 7.108944216218479051e-01
1.404682274247491519e-09 6.836987508015220927e-01
1.505016722408026480e-09 6.582515055688061834e-01
1.605351170568561647e-09 6.347209238816446941e-01
1.705685618729096815e-09 6.131827786573903483e-01
1.806020066889631775e-09 5.936317555840060489e-01
1.906354515050166943e-09 5.759953652387679313e-01
2.006688963210702111e-09 5.601490589502018391e-01
2.107023411371237278e-09 5.459313039927018441e-01
2.207357859531772446e-09 5.331575609070307031e-01
2.307692307692307200e-09 5.216323676733496395e-01
2.408026755852842367e-09 5.111590402331465111e-01
2.508361204013377535e-09 5.015468124796162996e-01
2.608695652173912702e-09 4.926155287878875577e-01
2.709030100334447870e-09 4.841982406138627404e-01
2.809364548494983038e-09 4.761422251472438028e-01
2.909698996655517792e-09 4.683090270101214481e-01
3.010033444816052959e-09 4.605741218657387059e-01
3.110367892976588127e-09 4.528267212818152809e-01
3.210702341137123294e-09 4.449700971072440003e-01
3.311036789297658462e-09 4.369226227505950688e-01
3.411371237458193629e-09 4.286195331444267453e-01
3.511705685618728797e-09 4.200152202415508573e-01
3.612040133779263551e-09 4.110857295336207140e-01
3.712374581939798719e-09 4.018310232914908964e-01
3.812709030100333886e-09 3.922765392413749552e-01
3.913043478260868640e-09 3.824736027105056224e-01
4.013377926421404221e-09 3.724983415500529027e-01
4.113712374581938975e-09 3.624488949300709306e-01
4.214046822742474556e-09 3.524408823835756266e-01
4.314381270903009310e-09 3.426012877371038545e-01
4.414715719063544892e-09 3.330610921774078692e-01
4.515050167224079646e-09 3.239471413669792743e-01
4.615384615384614399e-09 3.153738364645599090e-01
4.715719063545149981e-09 3.074352866375813509e-01
4.816053511705684735e-09 3.001985460660512861e-01
4.916387959866220316e-09 2.936984831896540249e-01
5.016722408026755070e-09 2.879347020888524677e-01
5.117056856187290651e-09 2.828707687972125129e-01
5.217391304347825405e-09 2.784358061332800616e-01
5.317725752508360159e-09 2.745283282269836977e-01
5.418060200668895740e-09 2.710220089386273234e-01
5.518394648829430494e-09 2.677729332456455502e-01
5.618729096989966075e-09 2.646277799633282024e-01
5.719063545150500829e-09 2.614323354237155228e-01
5.819397993311035583e-09 2.580397429489060812e-01
5.919732441471571164e-09 2.543179486088881225e-01
6.020066889632105918e-09 2.501559014949608084e-01
6.120401337792641499e-09 2.454681945177854541e-01
6.220735785953176253e-09 2.401979752961327375e-01
6.321070234113711835e-09 2.343181012187811885e-01
6.421404682274246589e-09 2.278306444702006828e-01
6.521739130434781343e-09 2.207649603979541519e-01
6.622073578595316924e-09 2.131746082539306975e-01
6.722408026755851678e-09 2.051334533400490101e-01
6.822742474916387259e-09 1.967312843904175657e-01
6.923076923076922013e-09 1.880692538758730603e-01
7.023411371237457594e-09 1.792553990656573504e-01
7.123745819397992348e-09 1.704004372675260726e-01
7.224080267558527102e-09 1.616139594937640311e-01
7.324414715719062683e-09 1.530010820919389114e-01
7.424749163879597437e-09 1.446595632012218080e-01
7.525083612040133018e-09 1.366773553432442945e-01
7.625418060200667772e-09 1.291305492030618285e-01
7.725752508361202526e-09 1.220816658900526069e-01
7.826086956521737280e-09 1.155782722175186239e-01
7.926421404682273689e-09 1.096519203117998220e-01
8.026755852842808442e-09 1.043174425182953613e-01
8.127090301003343196e-09 9.957265830802053408e-02
8.227424749163877950e-09 9.539856569538711362e-02
8.327759197324414359e-09 9.176009116656747011e-02
8.428093645484949113e-09 8.860745710430860400e-02
8.528428093645483867e-09 8.587819448261371780e-02
8.628762541806018621e-09 8.349978393436635615e-02
8.729096989966553375e-09 8.139285498056250678e-02
8.829431438127089783e-09 7.947481751063029121e-02
8.929765886287624537e-09 7.766374841878187496e-02
9.030100334448159291e-09 7.588231629178279758e-02
9.130434782608694045e-09 7.406150378744782992e-02
9.230769230769228799e-09 7.214388463430676524e-02
9.331103678929765207e-09 7.008623155073009925e-02
9.431438127090299961e-09 6.786127189022575501e-02
9.531772575250834715e-09 6.545846616291145503e-02
9.632107023411369469e-09 6.288375546271166017e-02
9.732441471571904223e-09 6.015830056079554677e-02
9.832775919732440632e-09 5.731631069700906383e-02
9.933110367892975386e-09 5.440212679467480023e-02
1.003344481605351014e-08 5.146677579663442442e-02
1.013377926421404489e-08 4.856424555423348444e-02
1.023411371237458130e-08 4.574774075342560170e-02
1.033444816053511606e-08 4.306616956503071802e-02
1.043478260869565081e-08 4.056108009988496077e-02
1.053511705685618556e-08 3.826421926906491133e-02
1.063545150501672032e-08 3.619582960650925135e-02
1.073578595317725673e-08 3.436373804326237763e-02
1.083612040133779148e-08 3.276323058708911773e-02
1.093645484949832623e-08 3.137765376603450507e-02
1.103678929765886099e-08 3.017964173797561475e-02
1.113712374581939574e-08 2.913283975412458635e-02
1.123745819397993215e-08 2.819398102928570571e-02
1.133779264214046690e-08 2.731517413537449049e-02
1.143812709030100166e-08 2.644626945800438583e-02
1.153846153846153641e-08 2.553719266238754781e-02
1.163879598662207117e-08 2.454015661659563960e-02
1.173913043478260757e-08 2.341168697622868222e-02
1.183946488294314233e-08 2.211441736715929682e-02
1.193979933110367708e-08 2.061862550876001829e-02
1.204013377926421184e-08 1.890349062401040087e-02
1.214046822742474824e-08 1.695805530949975534e-02
1.224080267558528300e-08 1.478187309476257719e-02
1.234113712374581775e-08 1.238531851426788455e-02
1.244147157190635251e-08 9.789532449321482893e-03
1.254180602006688726e-08 7.025974597662078616e-03
1.264214046822742367e-08 4.135559575310698843e-03
1.274247491638795842e-08 1.167364874994129831e-03
1.284280936454849318e-08 -1.823081913911780289e-03
1.294314381270902793e-08 -4.775903455055801813e-03
1.304347826086956269e-08 -7.629297160633348798e-03
1.314381270903009909e-08 -1.032218874725791477e-02
1.324414715719063385e-08 -1.279699040686199663e-02
1.334448160535116860e-08 -1.500231595738392952e-02
1.344481605351170336e-08 -1.689549184119927550e-02
1.354515050167223811e-08 -1.844470173589882883e-02
1.364548494983277452e-08 -1.963061531885619548e-02
1.374581939799330927e-08 -2.044737840525139710e-02
1.384615384615384403e-08 -2.090288073503902139e-02
1.394648829431437878e-08 -2.101826615510709456e-02
1.404682274247491519e-08 -2.082670370853994396e-02
1.414715719063544994e-08 -2.037149235144278953e-02
1.424749163879598470e-08 -1.970362160503769805e-02
1.434782608695651945e-08 -1.887895069380120944e-02
1.444816053511705420e-08 -1.795519575939334006e-02
1.454849498327759061e-08 -1.698892600669111436e-02
1.464882943143812537e-08 -1.603276414054208635e-02
1.474916387959866012e-08 -1.513296488256443868e-02
1.484949832775919487e-08 -1.432751001250936670e-02
1.494983277591973128e-08 -1.364481289768917048e-02
1.505016722408026604e-08 -1.310307443137009344e-02
1.515050167224080079e-08 -1.271028069920657894e-02
1.525083612040133554e-08 -1.246478541443494549e-02
1.535117056856187030e-08 -1.235638144680494335e-02
1.545150501672240505e-08 -1.236773877263481689e-02
1.555183946488293981e-08 -1.247607265884433103e-02
1.565217391304347456e-08 -1.265490609585948230e-02
1.575250836120401262e-08 -1.287580315330868336e-02
1.585284280936454738e-08 -1.310997250483338962e-02
1.595317725752508213e-08 -1.332966937785423633e-02
1.605351170568561688e-08 -1.350935567079010642e-02
1.615384615384615164e-08 -1.362660799132037887e-02
1.625418060200668639e-08 -1.366278843298467799e-02
1.635451505016722115e-08 -1.360351043275188042e-02
1.645484949832775590e-08 -1.343894060906551668e-02
1.655518394648829065e-08 -1.316397692810655599e-02
1.665551839464882872e-08 -1.277833500112564823e-02
1.675585284280936347e-08 -1.228655995905199132e-02
1.685618729096989823e-08 -1.169796411028598340e-02
1.695652173913043298e-08 -1.102647373161363790e-02
1.705685618729096773e-08 -1.029035503539588517e-02
1.715719063545150249e-08 -9.511782236265569485e-03
1.725752508361203724e-08 -8.716211465054602217e-03
1.735785953177257200e-08 -7.931533684872369913e-03
1.745819397993310675e-08 -7.186997176437334885e-03
1.755852842809364150e-08 -6.511913839607571218e-03
1.765886287625417957e-08 -5.934190810603881538e-03
1.775919732441471432e-08 -5.478756389316132708e-03
1.785953177257524907e-08 -5.165973445718475068e-03
1.795986622073578383e-08 -5.010150969149824302e-03
1.806020066889631858e-08 -5.018272497490000421e-03
1.816053511705685334e-08 -5.189057037246122377e-03
1.826086956521738809e-08 -5.512453181502435968e-03
1.836120401337792284e-08 -5.969641168574790768e-03
1.846153846153845760e-08 -6.533582563715802788e-03
1.856187290969899566e-08 -7.170116105225741131e-03
1.866220735785953041e-08 -7.839554789943251750e-03
1.876254180602006517e-08 -8.498697579424530427e-03
1.886287625418059992e-08 -9.103133194234509784e-03
1.896321070234113468e-08 -9.609686822905125214e-03
1.906354515050166943e-08 -9.978845819078391993e-03
1.916387959866220418e-08 -1.017699906470471635e-02
1.926421404682273894e-08 -1.017833682180453031e-02
1.936454849498327369e-08 -9.966282473492132574e-03
1.946488294314380845e-08 -9.534362302978615505e-03
1.956521739130434651e-08 -8.886461206715731351e-03
1.966555183946488126e-08 -8.036457245155500390e-03
1.976588628762541602e-08 -7.007272278530443654e-03
1.986622073578595077e-08 -5.829415898894341891e-03
1.996655518394648553e-08 -4.539132296077694022e-03
2.006688963210702028e-08 -3.176282265476269330e-03
2.016722408026755503e-08 -1.782103978566678369e-03
2.026755852842808979e-08 -3.969961738135080118e-04
2.036789297658862454e-08 9.415431009798932646e-04
2.046822742474916260e-08 2.200708462676833482e-03
2.056856187290969736e-08 3.353822085890325461e-03
2.066889632107023211e-08 4.381353490111913017e-03
2.076923076923076687e-08 5.271497041280539739e-03
2.086956521739130162e-08 6.020309355266036805e-03
2.096989966555183637e-08 6.631434569950819466e-03
2.107023411371237113e-08 7.115466135462346180e-03
2.117056856187290588e-08 7.489008527936732648e-03
2.127090301003344064e-08 7.773510961139873388e-03
2.137123745819397539e-08 7.993948181584806939e-03
2.147157190635451345e-08 8.177421665315688648e-03
2.157190635451504821e-08 8.351749142397491693e-03
2.167224080267558296e-08 8.544102603835666832e-03
2.177257525083611771e-08 8.779745962933651476e-03
2.187290969899665247e-08 9.080914305280567145e-03
2.197324414715718722e-08 9.465867829043411383e-03
2.207357859531772198e-08 9.948145485759370479e-03
2.217391304347825673e-08 1.053603601759040345e-02
2.227424749163879148e-08 1.123227735653256100e-02
2.237458193979932955e-08 1.203398888096635089e-02
2.247491638795986430e-08 1.293283447347231760e-02
2.257525083612039905e-08 1.391540743576690636e-02
2.267558528428093381e-08 1.496382100453060374e-02
2.277591973244146856e-08 1.605648060204359351e-02
2.287625418060200332e-08 1.716900639168556647e-02
2.297658862876253807e-08 1.827526771417834622e-02
2.307692307692307282e-08 1.934848518704881948e-02
2.317725752508360758e-08 2.036235230025468246e-02
2.327759197324414233e-08 2.129212678720061869e-02
2.337792642140468040e-08 2.211564325877584183e-02
2.347826086956521515e-08 2.281420266821875334e-02
2.357859531772574990e-08 2.337330094354769447e-02
2.367892976588628466e-08 2.378316811144961379e-02
2.377926421404681941e-08 2.403909973033088038e-02
2.387959866220735417e-08 2.414157357998350517e-02
2.397993311036788892e-08 2.409615539716663049e-02
2.408026755852842367e-08 2.391320713868745618e-02
2.418060200668895843e-08 2.360741910490972428e-02
2.428093645484949649e-08 2.319719283114567501e-02
2.438127090301003124e-08 2.270390482141921434e-02
2.448160535117056600e-08 2.215108213955599772e-02
2.458193979933110075e-08 2.156352004045175227e-02
2.468227424749163551e-08 2.096636986797477398e-02
2.478260869565217026e-08 2.038422309950548017e-02
2.488294314381270501e-08 1.984021537802545254e-02
2.498327759197323977e-08 1.935517318205442344e-02
2.508361204013377452e-08 1.894682572793428971e-02
2.518394648829430928e-08 1.862910574748239886e-02
2.528428093645484734e-08 1.841156457470765825e-02
2.538461538461538209e-08 1.829892885114751261e-02
2.548494983277591685e-08 1.829082725480207436e-02
2.558528428093645160e-08 1.838171502403609242e-02
2.568561872909698635e-08 1.856102080353401115e-02
2.578595317725752111e-08 1.881353382400700880e-02
2.588628762541805586e-08 1.912003933913039577e-02
2.598662207357859062e-08 1.945819673947420808e-02
2.608695652173912537e-08 1.980363850729463179e-02
2.618729096989966343e-08 2.013125032044952786e-02
2.628762541806019819e-08 2.041657471688522116e-02
2.638795986622073294e-08 2.063726461408671095e-02
2.648829431438126769e-08 2.077450053387114998e-02
2.658862876254180245e-08 2.081427836125436873e-02
2.668896321070233720e-08 2.074847425456745331e-02
2.678929765886287196e-08 2.057560075600289515e-02
2.688963210702340671e-08 2.030118336325060710e-02
2.698996655518394146e-08 1.993770917820021638e-02
2.709030100334447622e-08 1.950412734826657835e-02
2.719063545150501428e-08 1.902491278896620286e-02
2.729096989966554904e-08 1.852873755237598175e-02
2.739130434782608379e-08 1.804682534914631153e-02
2.749163879598661854e-08 1.761109131459171959e-02
2.759197324414715330e-08 1.725218859833355101e-02
2.769230769230768805e-08 1.699759377676482094e-02
2.779264214046822281e-08 1.686986323705338270e-02
2.789297658862875756e-08 1.688518227509159392e-02
2.799331103678929231e-08 1.705230836902070848e-02
2.809364548494983038e-08 1.737198153552320379e-02
2.819397993311036513e-08 1.783684022656506843e-02
2.829431438127089988e-08 1.843184381341803416e-02
2.839464882943143464e-08 1.913516554080820289e-02
2.849498327759196939e-08 1.991948609003824436e-02
2.859531772575250415e-08 2.075359039793759491e-02
2.869565217391303890e-08 2.160415135910585469e-02
2.879598662207357365e-08 2.243757489484235826e-02
2.889632107023410841e-08 2.322178206682321000e-02
2.899665551839464316e-08 2.392781494665173828e-02
2.909698996655518122e-08 2.453117243348713200e-02
2.919732441471571598e-08 2.501280802324018504e-02
2.929765886287625073e-08 2.535975106174518864e-02
2.939799331103678549e-08 2.556534343017192665e-02
2.949832775919732024e-08 2.562911215510649959e-02
2.959866220735785499e-08 2.555632269417766264e-02
2.969899665551838975e-08 2.535727577769864710e-02
2.979933110367892450e-08 2.504642157242314635e-02
2.989966555183946256e-08 2.464136826152332760e-02
2.999999999999999732e-08 2.416185837770964268e-02
