0.000000000000000000e+00 9.999999999999995559e-01
1.003344481605351029e-10 8.025878506356896036e-01
2.006688963210702059e-10 5.629331671013972915e-01
3.010033444816052959e-10 4.627025838144642189e-01
4.013377926421404118e-10 3.761780407158402673e-01
5.016722408026755277e-10 2.904921722318732913e-01
6.020066889632105918e-10 2.525101335079577014e-01
7.023411371237457594e-10 1.849347899075043100e-01
8.026755852842808236e-10 1.081799221572397884e-01
9.030100334448158877e-10 7.735508905728298579e-02
1.003344481605351055e-09 5.416336272589308831e-02
1.103678929765886223e-09 3.139116868309342612e-02
1.204013377926421184e-09 2.078153830993857351e-02
1.304347826086956351e-09 -4.208241335139783698e-03
1.404682274247491519e-09 -2.101826228558190818e-02
1.505016722408026480e-09 -1.388702558565137017e-02
1.605351170568561647e-09 -1.322994073795543020e-02
1.705685618729096815e-09 -1.141285744755329498e-02
1.806020066889631775e-09 -5.093697936544783894e-03
1.906354515050166943e-09 -9.243036711690532509e-03
2.006688963210702111e-09 -5.626085199450894456e-03
2.107023411371237278e-09 6.068064565786229249e-03
2.207357859531772446e-09 9.073786173747804690e-03
2.307692307692307200e-09 1.704326640005941751e-02
2.408026755852842367e-09 2.413288889155107073e-02
2.508361204013377535e-09 1.999629568210397473e-02
2.608695652173912702e-09 1.899593236509845157e-02
2.709030100334447870e-09 2.044503255051342491e-02
2.809364548494983038e-09 1.685821936498480000e-02
2.909698996655517792e-09 2.270804449955371104e-02
3.010033444816052959e-09 2.495551262304696732e-02
3.110367892976588127e-09 1.997377763115749591e-02
3.210702341137123294e-09 1.987502898139260551e-02
3.311036789297658462e-09 1.993689259700056823e-02
3.411371237458193629e-09 1.840977431091185210e-02
3.511705685618728797e-09 2.425483917175133217e-02
3.612040133779263551e-09 2.803296025884098944e-02
3.712374581939798719e-09 2.933107285400388120e-02
3.812709030100333886e-09 3.447847632432598369e-02
3.913043478260868640e-09 3.323969858932811910e-02
4.013377926421404221e-09 3.151069569229260348e-02
4.113712374581938975e-09 3.415170022976474901e-02
4.214046822742474556e-09 3.138203051967970725e-02
4.314381270903009310e-09 3.000346439635377324e-02
4.414715719063544892e-09 2.931124697969442541e-02
4.515050167224079646e-09 2.371772428439090225e-02
4.615384615384614399e-09 1.914793210616009059e-02
4.715719063545149981e-09 2.007440129416323757e-02
4.816053511705684735e-09 1.463415345541824175e-02
4.916387959866220316e-09 8.368499433832313553e-03
5.016722408026755070e-09 3.513636154062642954e-03
5.117056856187290651e-09 -5.266733200580291097e-03
5.217391304347825405e-09 -6.510099825740251443e-03
5.317725752508360159e-09 -6.581110755017243429e-03
5.418060200668895740e-09 -9.914605156375924308e-03
5.518394648829430494e-09 -1.001352181560468714e-02
5.618729096989966075e-09 -1.015647065451925381e-02
5.719063545150500829e-09 -7.767054347812176428e-03
5.819397993311035583e-09 7.843869312461958059e-04
5.919732441471571164e-09 5.665566501428964674e-03
6.020066889632105918e-09 7.043922821795966550e-03
6.120401337792641499e-09 8.175799832005083839e-03
6.220735785953176253e-09 7.955544135921966548e-03
6.321070234113711835e-09 8.327663825119437091e-03
6.421404682274246589e-09 8.887140364503262613e-03
6.521739130434781343e-09 6.506316450606125165e-03
6.622073578595316924e-09 6.204460682592719510e-03
6.722408026755851678e-09 7.708223608522927518e-03
6.822742474916387259e-09 4.885554151361853892e-03
6.923076923076922013e-09 3.253201658515964684e-03
7.023411371237457594e-09 4.881113113560549277e-03
7.123745819397992348e-09 4.159697309889479923e-03
7.224080267558527102e-09 7.885268737164937564e-03
7.324414715719062683e-09 1.383632038341345988e-02
7.424749163879597437e-09 1.438707105525086419e-02
7.525083612040133018e-09 1.223275261124470194e-02
7.625418060200667772e-09 1.230499226527504049e-02
7.725752508361202526e-09 1.057431141951082482e-02
7.826086956521737280e-09 1.241454694295400160e-02
7.926421404682273689e-09 1.378676457333267297e-02
8.026755852842808442e-09 1.084211584077846360e-02
8.127090301003343196e-09 1.010210377376969879e-02
8.227424749163877950e-09 1.163300301749673610e-02
8.327759197324414359e-09 1.061054687168496227e-02
8.428093645484949113e-09 7.178912806797530660e-03
8.528428093645483867e-09 3.920934601406602521e-03
8.628762541806018621e-09 1.981883978863899481e-03
8.729096989966553375e-09 2.543922460395820102e-03
8.829431438127089783e-09 2.688905689477568035e-03
8.929765886287624537e-09 9.227194199106394761e-04
9.030100334448159291e-09 2.839930885842369135e-04
9.130434782608694045e-09 -1.235688164507526068e-03
9.230769230769228799e-09 -9.737050347672704994e-04
9.331103678929765207e-09 4.914950717735645184e-04
9.431438127090299961e-09 2.607563854155859565e-04
9.531772575250834715e-09 1.540565507368667295e-03
9.632107023411369469e-09 1.747286384153889710e-03
9.732441471571904223e-09 4.992323689984807036e-04
9.832775919732440632e-09 -1.104902670886831386e-03
9.933110367892975386e-09 1.695478210615225176e-04
1.003344481605351014e-08 3.058465638419911349e-05
1.013377926421404489e-08 8.276277817815223814e-05
1.023411371237458130e-08 4.037900924983111456e-03
1.033444816053511606e-08 5.477738699859910701e-03
1.043478260869565081e-08 6.263531601178481262e-03
1.053511705685618556e-08 7.586412902433429042e-03
1.063545150501672032e-08 8.075988153165082270e-03
1.073578595317725673e-08 1.229596036039942719e-02
1.083612040133779148e-08 1.365900406992493800e-02
1.093645484949832623e-08 1.064244436311863676e-02
1.103678929765886099e-08 1.190602590916503903e-02
1.113712374581939574e-08 1.148621700306112249e-02
1.123745819397993215e-08 1.101872753545996182e-02
1.133779264214046690e-08 1.199125358587317842e-02
1.143812709030100166e-08 1.381827028500982359e-02
1.153846153846153641e-08 1.547525679803204990e-02
1.163879598662207117e-08 1.349680330969223185e-02
1.173913043478260757e-08 1.517468571197168672e-02
1.183946488294314233e-08 1.253386812061519501e-02
1.193979933110367708e-08 1.528649154796242644e-02
1.204013377926421184e-08 1.506225576389145539e-02
1.214046822742474824e-08 1.425330289817668995e-02
1.224080267558528300e-08 1.222618321500672928e-02
1.234113712374581775e-08 1.037551460945818245e-02
1.244147157190635251e-08 4.910366134619321976e-03
1.254180602006688726e-08 8.221383580740992264e-03
1.264214046822742367e-08 7.399788071434407026e-03
1.274247491638795842e-08 5.747624470740004925e-03
1.284280936454849318e-08 2.220534762092962223e-03
1.294314381270902793e-08 1.110066259099697040e-03
1.304347826086956269e-08 -9.652792454973426004e-04
1.314381270903009909e-08 3.483026596550642829e-04
1.324414715719063385e-08 -1.899689450038180311e-04
1.334448160535116860e-08 1.160118278591326570e-04
1.344481605351170336e-08 -1.239821613957568054e-03
1.354515050167223811e-08 -7.531791788073312257e-04
1.364548494983277452e-08 -5.944879779809536958e-04
1.374581939799330927e-08 2.204964602754950348e-03
1.384615384615384403e-08 6.706266385789780987e-03
1.394648829431437878e-08 9.426071859595538255e-03
1.404682274247491519e-08 7.460299156847402351e-03
1.414715719063544994e-08 6.006375573347943336e-03
1.424749163879598470e-08 6.862369679403179656e-03
1.434782608695651945e-08 6.008088948868161965e-03
1.444816053511705420e-08 3.223905183059243545e-03
1.454849498327759061e-08 5.220043043663650552e-03
1.464882943143812537e-08 9.934115931074623956e-03
1.474916387959866012e-08 1.533409800716024202e-02
1.484949832775919487e-08 1.588920101458560219e-02
1.494983277591973128e-08 1.016978151978288961e-02
1.505016722408026604e-08 9.143273808124666516e-03
1.515050167224080079e-08 1.293235652095723123e-02
1.525083612040133554e-08 1.401846358954446890e-02
1.535117056856187030e-08 1.031130542662339264e-02
1.545150501672240505e-08 8.058454769918500099e-03
1.555183946488293981e-08 5.822828525413912409e-03
1.565217391304347456e-08 3.789524483769630102e-03
1.575250836120401262e-08 3.435824178133796859e-03
1.585284280936454738e-08 3.108581753131996889e-03
1.595317725752508213e-08 6.040846524254086213e-03
1.605351170568561688e-08 9.049079762322919870e-03
1.615384615384615164e-08 8.139475378042493325e-03
1.625418060200668639e-08 3.938499072634571788e-03
1.635451505016722115e-08 2.501668915740195339e-03
1.645484949832775590e-08 4.831092996926555569e-03
1.655518394648829065e-08 6.336496980759588615e-03
1.665551839464882872e-08 4.014949715010551062e-03
1.675585284280936347e-08 1.822908272124504174e-03
1.685618729096989823e-08 3.071758727716428303e-03
1.695652173913043298e-08 1.845871891480667078e-03
1.705685618729096773e-08 -7.171755460778713072e-04
1.715719063545150249e-08 3.911044366257171098e-03
1.725752508361203724e-08 4.061388477850496129e-03
1.735785953177257200e-08 6.050191907004736844e-03
1.745819397993310675e-08 1.087582486606253167e-02
1.755852842809364150e-08 1.547213044811241237e-02
1.765886287625417957e-08 9.399132286959387822e-03
1.775919732441471432e-08 1.997137043719057845e-03
1.785953177257524907e-08 2.215201228796829548e-03
1.795986622073578383e-08 5.158952330882552763e-03
1.806020066889631858e-08 5.887932906370767737e-03
1.816053511705685334e-08 3.989378724716091847e-03
1.826086956521738809e-08 3.562146384608904596e-03
1.836120401337792284e-08 5.519671599919764339e-03
1.846153846153845760e-08 4.139447211955278073e-03
1.856187290969899566e-08 3.898380407268474488e-03
1.866220735785953041e-08 1.005343110271139651e-02
1.876254180602006517e-08 9.326298469325443319e-03
1.886287625418059992e-08 8.075552370457832543e-03
1.896321070234113468e-08 9.530624725201580771e-03
1.906354515050166943e-08 6.397183698668095463e-03
1.916387959866220418e-08 4.159935484057947393e-03
1.926421404682273894e-08 2.868112911856368977e-03
1.936454849498327369e-08 6.657884994882779656e-03
1.946488294314380845e-08 1.012474224255296117e-02
1.956521739130434651e-08 1.139514308318203065e-02
1.966555183946488126e-08 9.657750686285656444e-03
1.976588628762541602e-08 8.481057839989954508e-03
1.986622073578595077e-08 9.737398667507798575e-03
1.996655518394648553e-08 6.830402791481304282e-03
2.006688963210702028e-08 5.941810687475978549e-03
2.016722408026755503e-08 6.131040683321148724e-03
2.026755852842808979e-08 6.546306808978688725e-03
2.036789297658862454e-08 3.732000186692365634e-03
2.046822742474916260e-08 2.809516043996884878e-03
2.056856187290969736e-08 6.224346425150029290e-03
2.066889632107023211e-08 6.156685991684329555e-03
2.076923076923076687e-08 7.017620040375665939e-03
2.086956521739130162e-08 7.290891658270669609e-03
2.096989966555183637e-08 8.816280601469312847e-03
2.107023411371237113e-08 5.188852592692620551e-03
2.117056856187290588e-08 4.328638688573672143e-03
2.127090301003344064e-08 3.893426300751658565e-03
2.137123745819397539e-08 3.279540436390927360e-03
2.147157190635451345e-08 3.521001526163190440e-03
2.157190635451504821e-08 3.759723002396363027e-03
2.167224080267558296e-08 2.419718587249644268e-03
2.177257525083611771e-08 -4.967226433303022302e-04
2.187290969899665247e-08 9.030194802996205188e-04
2.197324414715718722e-08 -1.161076810935192079e-04
2.207357859531772198e-08 3.359198756717223693e-04
2.217391304347825673e-08 -9.452503609194728203e-05
2.227424749163879148e-08 1.336415035201198379e-03
2.237458193979932955e-08 4.683450629921279661e-03
2.247491638795986430e-08 6.498930875681891567e-03
2.257525083612039905e-08 6.764381609942933700e-03
2.267558528428093381e-08 7.457437119994193321e-03
2.277591973244146856e-08 9.398451513104292068e-03
2.287625418060200332e-08 1.066556760347974787e-02
2.297658862876253807e-08 1.176062899161889157e-02
2.307692307692307282e-08 1.276834775541340304e-02
2.317725752508360758e-08 1.222341657838510107e-02
2.327759197324414233e-08 1.012795954792613563e-02
2.337792642140468040e-08 6.945171309865302671e-03
2.347826086956521515e-08 5.914283956237885963e-03
2.357859531772574990e-08 4.917680007671220224e-03
2.367892976588628466e-08 5.495307714833066494e-03
2.377926421404681941e-08 6.756966695928785620e-03
2.387959866220735417e-08 9.264649083797265802e-03
2.397993311036788892e-08 1.063919944224354756e-02
2.408026755852842367e-08 4.897402170837930960e-03
2.418060200668895843e-08 3.804588679046564878e-03
2.428093645484949649e-08 5.228448526426110292e-03
2.438127090301003124e-08 2.796569126767067381e-03
2.448160535117056600e-08 3.439561089622296397e-03
2.458193979933110075e-08 6.547741207098847771e-03
2.468227424749163551e-08 1.143168611280774875e-03
2.478260869565217026e-08 -7.471925952389133190e-04
2.488294314381270501e-08 4.089727411310944971e-03
2.498327759197323977e-08 5.708902453637419369e-03
2.508361204013377452e-08 3.697244514519059874e-03
2.518394648829430928e-08 6.110622830223332372e-03
2.528428093645484734e-08 1.006333678932511133e-02
2.538461538461538209e-08 6.985725101340344023e-03
2.548494983277591685e-08 2.305476227509255238e-03
2.558528428093645160e-08 1.787560988741170639e-03
2.568561872909698635e-08 4.479233232820230108e-03
2.578595317725752111e-08 5.854900697701309609e-03
2.588628762541805586e-08 6.132654702030087245e-03
2.598662207357859062e-08 2.617290100354486421e-03
2.608695652173912537e-08 6.290162900404667676e-03
2.618729096989966343e-08 1.001516302112068386e-02
2.628762541806019819e-08 1.050645505774245453e-02
2.638795986622073294e-08 1.053536773319417932e-02
2.648829431438126769e-08 1.139560585003863633e-02
2.658862876254180245e-08 1.106699214875340141e-02
2.668896321070233720e-08 1.450950615274430519e-02
2.678929765886287196e-08 1.561601087782954825e-02
2.688963210702340671e-08 1.611801081839683847e-02
2.698996655518394146e-08 1.173247067286370925e-02
2.709030100334447622e-08 7.157690591664804362e-03
2.719063545150501428e-08 5.716331924395604176e-03
2.729096989966554904e-08 9.572565799424675656e-03
2.739130434782608379e-08 8.788047941116039485e-03
2.749163879598661854e-08 7.228834530781868065e-03
2.759197324414715330e-08 5.808459851214933800e-03
2.769230769230768805e-08 6.851002726064909717e-03
2.779264214046822281e-08 1.026861843419675513e-02
2.789297658862875756e-08 1.039001122436538152e-02
2.799331103678929231e-08 6.615702683326634206e-03
2.809364548494983038e-08 3.915838756928564576e-03
2.819397993311036513e-08 5.486634979142710269e-03
2.829431438127089988e-08 7.875877160896988319e-03
2.839464882943143464e-08 6.997906180510139740e-03
2.849498327759196939e-08 6.922579202423904780e-03
2.859531772575250415e-08 9.330344494755069343e-03
2.869565217391303890e-08 8.851597539899846295e-03
2.879598662207357365e-08 8.505656496992204663e-03
2.889632107023410841e-08 1.243182030730707183e-02
2.899665551839464316e-08 1.383940304851200530e-02
2.909698996655518122e-08 1.054374996674536935e-02
2.919732441471571598e-08 7.869056948000786519e-03
2.929765886287625073e-08 8.180911446942683296e-03
2.939799331103678549e-08 8.837621540768251724e-03
2.949832775919732024e-08 7.386637122458958489e-03
2.959866220735785499e-08 6.996118343911379364e-03
2.969899665551838975e-08 6.686595550060531017e-03
2.979933110367892450e-08 8.497353399306375316e-03
2.989966555183946256e-08 1.200064339314438344e-02
2.999999999999999732e-08 1.094370724928494382e-02
