0.000000000000000000e+00 9.999999999999995559e-01
1.003344481605351029e-10 9.975978761817008156e-01
2.006688963210702059e-10 9.904617248809889363e-01
3.010033444816052959e-10 9.787987503054191851e-01
4.013377926421404118e-10 9.629429975251885265e-01
5.016722408026755277e-10 9.433391815490015375e-01
6.020066889632105918e-10 9.205215304473197691e-01
7.023411371237457594e-10 8.950889866999101052e-01
8.026755852842808236e-10 8.676783109026404706e-01
9.030100334448158877e-10 8.389367159604328439e-01
1.003344481605351055e-09 8.094956241735999924e-01
1.103678929765886223e-09 7.799469903988909270e-01
1.204013377926421184e-09 7.508233871673717363e-01
1.304347826086956351e-09 7.225827253909336001e-01
1.404682274247491519e-09 6.955981157002086857e-01
1.505016722408026480e-09 6.701529919856128448e-01
1.605351170568561647e-09 6.464412518204211144e-01
1.705685618729096815e-09 6.245718468267071888e-01
1.806020066889631775e-09 6.045770031951014367e-01
1.906354515050166943e-09 5.864230848867300061e-01
2.006688963210702111e-09 5.700230376546132627e-01
2.107023411371237278e-09 5.552493703933478741e-01
2.207357859531772446e-09 5.419467327152499569e-01
2.307692307692307200e-09 5.299433182842078205e-01
2.408026755852842367e-09 5.190605413124075307e-01
2.508361204013377535e-09 5.091206747307609470e-01
2.608695652173912702e-09 4.999523782838338759e-01
2.709030100334447870e-09 4.913942603618454141e-01
2.809364548494983038e-09 4.832967898393419892e-01
2.909698996655517792e-09 4.755229901355260691e-01
3.010033444816052959e-09 4.679484002816168275e-01
3.110367892976588127e-09 4.604607769919689120e-01
3.210702341137123294e-09 4.529599441231952905e-01
3.311036789297658462e-09 4.453580835293158291e-01
3.411371237458193629e-09 4.375806202602914308e-01
3.511705685618728797e-09 4.295677035569293034e-01
3.612040133779263551e-09 4.212761415984742630e-01
3.712374581939798719e-09 4.126815291439326350e-01
3.812709030100333886e-09 4.037802263379287049e-01
3.913043478260868640e-09 3.945908126138954475e-01
4.013377926421404221e-09 3.851546550054745222e-01
4.113712374581938975e-09 3.755352929091725356e-01
4.214046822742474556e-09 3.658164439558162506e-01
4.314381270903009310e-09 3.560985665133500344e-01
4.414715719063544892e-09 3.464940590150522581e-01
4.515050167224079646e-09 3.371213191233905504e-01
4.615384615384614399e-09 3.280980114883693122e-01
4.715719063545149981e-09 3.195339883458563901e-01
4.816053511705684735e-09 3.115243625583596354e-01
4.916387959866220316e-09 3.041432423128542784e-01
5.016722408026755070e-09 2.974385996538166932e-01
5.117056856187290651e-09 2.914286651143607743e-01
5.217391304347825405e-09 2.861001258433463756e-01
5.317725752508360159e-09 2.814082659791654617e-01
5.418060200668895740e-09 2.772790387799564105e-01
5.518394648829430494e-09 2.736129140148306771e-01
5.618729096989966075e-09 2.702902144291760012e-01
5.719063545150500829e-09 2.671775527819637008e-01
5.819397993311035583e-09 2.641349140530915851e-01
5.919732441471571164e-09 2.610229002881099825e-01
6.020066889632105918e-09 2.577096685956549726e-01
6.120401337792641499e-09 2.540771426558627866e-01
6.220735785953176253e-09 2.500261580876865231e-01
6.321070234113711835e-09 2.454803030805833564e-01
6.421404682274246589e-09 2.403883273509910268e-01
6.521739130434781343e-09 2.347251039997659827e-01
6.622073578595316924e-09 2.284912303112606458e-01
6.722408026755851678e-09 2.217114368033277216e-01
6.822742474916387259e-09 2.144320332363659209e-01
6.923076923076922013e-09 2.067176530170991011e-01
7.023411371237457594e-09 1.986475636332202255e-01
7.123745819397992348e-09 1.903117932725802708e-01
7.224080267558527102e-09 1.818072876391096937e-01
7.324414715719062683e-09 1.732342626570426147e-01
7.424749163879597437e-09 1.646928653546642085e-01
7.525083612040133018e-09 1.562802036070243539e-01
7.625418060200667772e-09 1.480877614616875892e-01
7.725752508361202526e-09 1.401991847340661734e-01
7.826086956521737280e-09 1.326884037117489756e-01
7.926421404682273689e-09 1.256180563072435419e-01
8.026755852842808442e-09 1.190381840173874994e-01
8.127090301003343196e-09 1.129851911329014802e-01
8.227424749163877950e-09 1.074810802552569056e-01
8.327759197324414359e-09 1.025329993425776048e-01
8.428093645484949113e-09 9.813315247688739196e-02
8.528428093645483867e-09 9.425913442866179492e-02
8.628762541806018621e-09 9.087474534430721451e-02
8.729096989966553375e-09 8.793132561160445226e-02
8.829431438127089783e-09 8.536962304536618862e-02
8.929765886287624537e-09 8.312216750870617121e-02
9.030100334448159291e-09 8.111608580956106151e-02
9.130434782608694045e-09 7.927624691909912480e-02
9.230769230769228799e-09 7.752858927707602377e-02
9.331103678929765207e-09 7.580345290479151288e-02
9.431438127090299961e-09 7.403872310165894588e-02
9.531772575250834715e-09 7.218259219959893835e-02
9.632107023411369469e-09 7.019576211221287276e-02
9.732441471571904223e-09 6.805294242778406333e-02
9.832775919732440632e-09 6.574354408530555527e-02
9.933110367892975386e-09 6.327152337801986159e-02
1.003344481605351014e-08 6.065439030987429536e-02
1.013377926421404489e-08 5.792145388703948128e-02
1.023411371237458130e-08 5.511142955699463442e-02
1.033444816053511606e-08 5.226957614379160177e-02
1.043478260869565081e-08 4.944455779319138766e-02
1.053511705685618556e-08 4.668523857816340994e-02
1.063545150501672032e-08 4.403761305347260457e-02
1.073578595317725673e-08 4.154205629733800920e-02
1.083612040133779148e-08 3.923104435240086507e-02
1.093645484949832623e-08 3.712745407703875455e-02
1.103678929765886099e-08 3.524350450466295220e-02
1.113712374581939574e-08 3.358035433559226901e-02
1.123745819397993215e-08 3.212832632317090542e-02
1.133779264214046690e-08 3.086769253270738728e-02
1.143812709030100166e-08 2.976992720043009771e-02
1.153846153846153641e-08 2.879931744715866215e-02
1.163879598662207117e-08 2.791481640975764997e-02
1.173913043478260757e-08 2.707202730324725914e-02
1.183946488294314233e-08 2.622521846618373897e-02
1.193979933110367708e-08 2.532928593016655489e-02
1.204013377926421184e-08 2.434159863231421389e-02
1.214046822742474824e-08 2.322367935724732602e-02
1.224080267558528300e-08 2.194268964515992681e-02
1.234113712374581775e-08 2.047269777284525458e-02
1.244147157190635251e-08 1.879571493146468125e-02
1.254180602006688726e-08 1.690248622314075369e-02
1.264214046822742367e-08 1.479302121911944649e-02
1.274247491638795842e-08 1.247684530489632723e-02
1.284280936454849318e-08 9.972949936343107266e-03
1.294314381270902793e-08 7.309419290999605648e-03
1.304347826086956269e-08 4.522714337763997922e-03
1.314381270903009909e-08 1.656604180616968319e-03
1.324414715719063385e-08 -1.239251026283376758e-03
1.334448160535116860e-08 -4.111041816863038323e-03
1.344481605351170336e-08 -6.902828951193656568e-03
1.354515050167223811e-08 -9.558769379191237384e-03
1.364548494983277452e-08 -1.202545393414115697e-02
1.374581939799330927e-08 -1.425424275338546022e-02
1.384615384615384403e-08 -1.620347178010664302e-02
1.394648829431437878e-08 -1.784039986796963351e-02
1.404682274247491519e-08 -1.914277235096904783e-02
1.414715719063544994e-08 -2.009989382719836251e-02
1.424749163879598470e-08 -2.071312962815664155e-02
1.434782608695651945e-08 -2.099579024047067838e-02
1.444816053511705420e-08 -2.097239314283112083e-02
1.454849498327759061e-08 -2.067733879050720480e-02
1.464882943143812537e-08 -2.015307817064802831e-02
1.474916387959866012e-08 -1.944788485744525230e-02
1.484949832775919487e-08 -1.861337162899762143e-02
1.494983277591973128e-08 -1.770190802878104236e-02
1.505016722408026604e-08 -1.676409932905059685e-02
1.515050167224080079e-08 -1.584647889890685932e-02
1.525083612040133554e-08 -1.498954589376483466e-02
1.535117056856187030e-08 -1.422625044644918076e-02
1.545150501672240505e-08 -1.358099200743704237e-02
1.555183946488293981e-08 -1.306915658123461096e-02
1.565217391304347456e-08 -1.269717898405425642e-02
1.575250836120401262e-08 -1.246308039642347702e-02
1.585284280936454738e-08 -1.235740238980160763e-02
1.595317725752508213e-08 -1.236443846140806470e-02
1.605351170568561688e-08 -1.246365411701978385e-02
1.615384615384615164e-08 -1.263118681923532452e-02
1.625418060200668639e-08 -1.284132674266099186e-02
1.635451505016722115e-08 -1.306789641750523770e-02
1.645484949832775590e-08 -1.328546950245415408e-02
1.655518394648829065e-08 -1.347039324637101451e-02
1.665551839464882872e-08 -1.360160278652698153e-02
1.675585284280936347e-08 -1.366123569531384023e-02
1.685618729096989823e-08 -1.363507011281910389e-02
1.695652173913043298e-08 -1.351281816030127508e-02
1.705685618729096773e-08 -1.328830778734270239e-02
1.715719063545150249e-08 -1.295958133177773502e-02
1.725752508361203724e-08 -1.252892923414187024e-02
1.735785953177257200e-08 -1.200286452140068155e-02
1.745819397993310675e-08 -1.139203017783256382e-02
1.755852842809364150e-08 -1.071101972252449554e-02
1.765886287625417957e-08 -9.978083331381089674e-03
1.775919732441471432e-08 -9.214689279648496933e-03
1.785953177257524907e-08 -8.444914223755081717e-03
1.795986622073578383e-08 -7.694645940045994996e-03
1.806020066889631858e-08 -6.990597793187983480e-03
1.816053511705685334e-08 -6.359153851515942160e-03
1.826086956521738809e-08 -5.825085039215065034e-03
1.836120401337792284e-08 -5.410197504513721001e-03
1.846153846153845760e-08 -5.131991913304760622e-03
1.856187290969899566e-08 -5.002424304944352862e-03
1.866220735785953041e-08 -5.026863632140926748e-03
1.876254180602006517e-08 -5.203337034372309405e-03
1.886287625418059992e-08 -5.522141013837797603e-03
1.896321070234113468e-08 -5.965875657542281732e-03
1.906354515050166943e-08 -6.509931404930063489e-03
1.916387959866220418e-08 -7.123425844398284870e-03
1.926421404682273894e-08 -7.770554382244684519e-03
1.936454849498327369e-08 -8.412286341516545668e-03
1.946488294314380845e-08 -9.008310026524565806e-03
1.956521739130434651e-08 -9.519109087355669130e-03
1.966555183946488126e-08 -9.908040088258119465e-03
1.976588628762541602e-08 -1.014327868263820154e-02
1.986622073578595077e-08 -1.019950948601579255e-02
1.996655518394648553e-08 -1.005925196435797885e-02
2.006688963210702028e-08 -9.713739929403534049e-03
2.016722408026755503e-08 -9.163303384592116213e-03
2.026755852842808979e-08 -8.417235862193230347e-03
2.036789297658862454e-08 -7.493165195650698315e-03
2.046822742474916260e-08 -6.415978104638659849e-03
2.056856187290969736e-08 -5.216376571154065014e-03
2.066889632107023211e-08 -3.929164814546262652e-03
2.076923076923076687e-08 -2.591378467180293667e-03
2.086956521739130162e-08 -1.240371797218899064e-03
2.096989966555183637e-08 8.802524071990953936e-05
2.107023411371237113e-08 1.361179804548974005e-03
2.117056856187290588e-08 2.551075877526608107e-03
2.127090301003344064e-08 3.635419440717407857e-03
2.137123745819397539e-08 4.598391224373692653e-03
2.147157190635451345e-08 5.431032849875659999e-03
2.157190635451504821e-08 6.131274221996677910e-03
2.167224080267558296e-08 6.703629023661586590e-03
2.177257525083611771e-08 7.158600134450773637e-03
2.187290969899665247e-08 7.511847253173397493e-03
2.197324414715718722e-08 7.783174930707984981e-03
2.207357859531772198e-08 7.995400987602294812e-03
2.217391304347825673e-08 8.173163575791893981e-03
2.227424749163879148e-08 8.341720797177270760e-03
2.237458193979932955e-08 8.525790718398212550e-03
2.247491638795986430e-08 8.748472664538795712e-03
2.257525083612039905e-08 9.030283527216388662e-03
2.267558528428093381e-08 9.388335968868455339e-03
2.277591973244146856e-08 9.835679100750085307e-03
2.287625418060200332e-08 1.038081649957618875e-02
2.297658862876253807e-08 1.102741118136135734e-02
2.307692307692307282e-08 1.177418214367292187e-02
2.317725752508360758e-08 1.261499206619585978e-02
2.327759197324414233e-08 1.353912051855195309e-02
2.337792642140468040e-08 1.453171146518760296e-02
2.347826086956521515e-08 1.557437802620668596e-02
2.357859531772574990e-08 1.664594155231738370e-02
2.367892976588628466e-08 1.772327644209939490e-02
2.377926421404681941e-08 1.878222720751349453e-02
2.387959866220735417e-08 1.979856055192658407e-02
2.397993311036788892e-08 2.074891310337072595e-02
2.408026755852842367e-08 2.161169528184827757e-02
2.418060200668895843e-08 2.236791375179530625e-02
2.428093645484949649e-08 2.300187900157322704e-02
2.438127090301003124e-08 2.350177057526244354e-02
2.448160535117056600e-08 2.386003994020937172e-02
2.458193979933110075e-08 2.407363933891588578e-02
2.468227424749163551e-08 2.414407359119604898e-02
2.478260869565217026e-08 2.407728001600231010e-02
2.488294314381270501e-08 2.388334883289587596e-02
2.498327759197323977e-08 2.357610211916747606e-02
2.508361204013377452e-08 2.317255336875678404e-02
2.518394648829430928e-08 2.269227187023716702e-02
2.528428093645484734e-08 2.215667665710900278e-02
2.538461538461538209e-08 2.158828403470774288e-02
2.548494983277591685e-08 2.100993113425997719e-02
2.558528428093645160e-08 2.044399612079625742e-02
2.568561872909698635e-08 1.991163409335845041e-02
2.578595317725752111e-08 1.943204675834795531e-02
2.588628762541805586e-08 1.902180384724699164e-02
2.598662207357859062e-08 1.869423498421919974e-02
2.608695652173912537e-08 1.845891204909289388e-02
2.618729096989966343e-08 1.832124357608739748e-02
2.628762541806019819e-08 1.828220376913265374e-02
2.638795986622073294e-08 1.833821861491896979e-02
2.648829431438126769e-08 1.848122967229314309e-02
2.658862876254180245e-08 1.869895187767220066e-02
2.668896321070233720e-08 1.897533482430727864e-02
2.678929765886287196e-08 1.929122744643221865e-02
2.688963210702340671e-08 1.962523421490567146e-02
2.698996655518394146e-08 1.995473753036688946e-02
2.709030100334447622e-08 2.025704699974088460e-02
2.719063545150501428e-08 2.051062295267058050e-02
2.729096989966554904e-08 2.069631026405481175e-02
2.739130434782608379e-08 2.079851064206250655e-02
2.749163879598661854e-08 2.080621818931539108e-02
2.759197324414715330e-08 2.071384510390860550e-02
2.769230769230768805e-08 2.052177227695543837e-02
2.779264214046822281e-08 2.023657316884535512e-02
2.789297658862875756e-08 1.987087806443898347e-02
2.799331103678929231e-08 1.944286845151975418e-02
2.809364548494983038e-08 1.897541622639250733e-02
2.819397993311036513e-08 1.849490777994373600e-02
2.829431438127089988e-08 1.802981668339802279e-02
2.839464882943143464e-08 1.760910864398381251e-02
2.849498327759196939e-08 1.726057684043209514e-02
2.859531772575250415e-08 1.700921329257235048e-02
2.869565217391303890e-08 1.687572173886973947e-02
2.879598662207357365e-08 1.687526940850785778e-02
2.889632107023410841e-08 1.701655957811730457e-02
2.899665551839464316e-08 1.730128504225920266e-02
2.909698996655518122e-08 1.772399629840375190e-02
2.919732441471571598e-08 1.827238945213600571e-02
2.929765886287625073e-08 1.892798990272737125e-02
2.939799331103678549e-08 1.966718109484383650e-02
2.949832775919732024e-08 2.046250513639985558e-02
2.959866220735785499e-08 2.128414560819717055e-02
2.969899665551838975e-08 2.210149360475428815e-02
2.979933110367892450e-08 2.288469648021001709e-02
2.989966555183946256e-08 2.360609478118112087e-02
2.999999999999999732e-08 2.424146563266903198e-02
