0.000000000000000000e+00 9.999999999999995559e-01
1.003344481605351029e-10 8.122132803832836645e-01
2.006688963210702059e-10 5.729099939386177454e-01
3.010033444816052959e-10 4.700226595816346387e-01
4.013377926421404118e-10 3.886471266277928827e-01
5.016722408026755277e-10 3.004322721929646445e-01
6.020066889632105918e-10 2.595681827106290362e-01
7.023411371237457594e-10 2.038733276296192665e-01
8.026755852842808236e-10 1.238242588911993569e-01
9.030100334448158877e-10 8.275946429713085251e-02
1.003344481605351055e-09 6.306367755586611556e-02
1.103678929765886223e-09 3.714840808716514398e-02
1.204013377926421184e-09 2.542451825960017828e-02
1.304347826086956351e-09 7.837627156928038061e-03
1.404682274247491519e-09 -1.740549482492416769e-02
1.505016722408026480e-09 -1.805215991535422809e-02
1.605351170568561647e-09 -1.234830424909937052e-02
1.705685618729096815e-09 -1.359377301652962486e-02
1.806020066889631775e-09 -8.181418486367775245e-03
1.906354515050166943e-09 -5.624116556586076024e-03
2.006688963210702111e-09 -1.019041136371482380e-02
2.107023411371237278e-09 -1.145081429591599323e-03
2.207357859531772446e-09 7.505347864836597188e-03
2.307692307692307200e-09 1.031423856262498814e-02
2.408026755852842367e-09 1.959512217499098999e-02
2.508361204013377535e-09 2.395337576833597021e-02
2.608695652173912702e-09 1.917199707450551252e-02
2.709030100334447870e-09 1.946396015386052045e-02
2.809364548494983038e-09 2.008903243507342493e-02
2.909698996655517792e-09 1.690669453210487741e-02
3.010033444816052959e-09 2.306748240315940196e-02
3.110367892976588127e-09 2.489880490252744868e-02
3.210702341137123294e-09 2.003286700631081926e-02
3.311036789297658462e-09 1.978105310439341735e-02
3.411371237458193629e-09 2.012518493061871833e-02
3.511705685618728797e-09 1.824796227635651011e-02
3.612040133779263551e-09 2.319873712288344006e-02
3.712374581939798719e-09 2.788616246540099805e-02
3.812709030100333886e-09 2.863305189633309419e-02
3.913043478260868640e-09 3.345673653108344192e-02
4.013377926421404221e-09 3.429339637897287768e-02
4.113712374581938975e-09 3.126260582266458116e-02
4.214046822742474556e-09 3.355629715310212008e-02
4.314381270903009310e-09 3.289016902476508269e-02
4.414715719063544892e-09 2.993039732703115657e-02
4.515050167224079646e-09 3.017006153152805570e-02
4.615384615384614399e-09 2.674881558345362093e-02
4.715719063545149981e-09 2.061931290096112243e-02
4.816053511705684735e-09 1.949235587413849016e-02
4.916387959866220316e-09 1.879752313747005618e-02
5.016722408026755070e-09 1.133107496781209610e-02
5.117056856187290651e-09 7.100386741996013440e-03
5.217391304347825405e-09 3.594395711257322365e-04
5.317725752508360159e-09 -6.662818260592522426e-03
5.418060200668895740e-09 -6.041921643233226676e-03
5.518394648829430494e-09 -7.416084783507146186e-03
5.618729096989966075e-09 -1.026067041917196054e-02
5.719063545150500829e-09 -9.877212684660612724e-03
5.819397993311035583e-09 -1.022534672119708964e-02
5.919732441471571164e-09 -6.876583700768879905e-03
6.020066889632105918e-09 1.497873085523407409e-03
6.120401337792641499e-09 5.797801032541268287e-03
6.220735785953176253e-09 7.076768370938277264e-03
6.321070234113711835e-09 8.173931687211234698e-03
6.421404682274246589e-09 7.981462990009895175e-03
6.521739130434781343e-09 8.230166931559982496e-03
6.622073578595316924e-09 8.993759694556501330e-03
6.722408026755851678e-09 6.815841411968582945e-03
6.822742474916387259e-09 5.978311840059639080e-03
6.923076923076922013e-09 7.648678388518888836e-03
7.023411371237457594e-09 5.800968126180950334e-03
7.123745819397992348e-09 3.111281278940337437e-03
7.224080267558527102e-09 4.594451147094058552e-03
7.324414715719062683e-09 4.367044212417240528e-03
7.424749163879597437e-09 5.774328118481997230e-03
7.525083612040133018e-09 1.200381470187394592e-02
7.625418060200667772e-09 1.484736431660511023e-02
7.725752508361202526e-09 1.302575333845064354e-02
7.826086956521737280e-09 1.221515683812673253e-02
7.926421404682273689e-09 1.158674772075228392e-02
8.026755852842808442e-09 1.073692695562562284e-02
8.127090301003343196e-09 1.368404605363958068e-02
8.227424749163877950e-09 1.281289626311730469e-02
8.327759197324414359e-09 1.005079716570842809e-02
8.428093645484949113e-09 1.067329280614242280e-02
8.528428093645483867e-09 1.164735639997780021e-02
8.628762541806018621e-09 9.876236995684670172e-03
8.729096989966553375e-09 6.277999683164973629e-03
8.829431438127089783e-09 3.430612933548377042e-03
8.929765886287624537e-09 1.865933102200314359e-03
9.030100334448159291e-09 2.728429624347950173e-03
9.130434782608694045e-09 2.522988044953788402e-03
9.230769230769228799e-09 8.284395953215141321e-04
9.331103678929765207e-09 2.553048519151317891e-04
9.431438127090299961e-09 -1.257216112133547909e-03
9.531772575250834715e-09 -1.017889461507678764e-03
9.632107023411369469e-09 5.002524827031284115e-04
9.732441471571904223e-09 1.971143822661986997e-04
9.832775919732440632e-09 1.437666283722354409e-03
9.933110367892975386e-09 1.764435008791551650e-03
1.003344481605351014e-08 8.979656237157144106e-04
1.013377926421404489e-08 -1.042770324587281687e-03
1.023411371237458130e-08 -1.703721118011416015e-04
1.033444816053511606e-08 2.850400378133681814e-04
1.043478260869565081e-08 -3.250126192026753106e-04
1.053511705685618556e-08 2.519614547192296997e-03
1.063545150501672032e-08 5.540114224364654089e-03
1.073578595317725673e-08 5.497479494760166424e-03
1.083612040133779148e-08 7.454860039872145301e-03
1.093645484949832623e-08 7.380403318068783775e-03
1.103678929765886099e-08 1.003587207109276139e-02
1.113712374581939574e-08 1.372809596460051150e-02
1.123745819397993215e-08 1.232512063052552259e-02
1.133779264214046690e-08 1.061576249946106359e-02
1.143812709030100166e-08 1.231763918415327078e-02
1.153846153846153641e-08 1.093063440638837591e-02
1.163879598662207117e-08 1.138089701433776801e-02
1.173913043478260757e-08 1.226064522573948497e-02
1.183946488294314233e-08 1.456421319922326582e-02
1.193979933110367708e-08 1.509800132089436815e-02
1.204013377926421184e-08 1.360438249281816815e-02
1.214046822742474824e-08 1.509165518387137889e-02
1.224080267558528300e-08 1.241185486757999390e-02
1.234113712374581775e-08 1.559498970154987382e-02
1.244147157190635251e-08 1.493840266396611119e-02
1.254180602006688726e-08 1.422675547927173059e-02
1.264214046822742367e-08 1.223262250623959393e-02
1.274247491638795842e-08 1.055908862528104689e-02
1.284280936454849318e-08 5.007476361334075796e-03
1.294314381270902793e-08 7.917392675930053775e-03
1.304347826086956269e-08 7.625545594287748419e-03
1.314381270903009909e-08 6.258637955959768864e-03
1.324414715719063385e-08 2.587314898452367038e-03
1.334448160535116860e-08 1.657470151684636937e-03
1.344481605351170336e-08 -9.580516002193248913e-04
1.354515050167223811e-08 2.532062726921236167e-04
1.364548494983277452e-08 -2.553786525309206887e-04
1.374581939799330927e-08 3.461867747026794572e-04
1.384615384615384403e-08 -9.424379109625380044e-04
1.394648829431437878e-08 -9.496169846798109115e-04
1.404682274247491519e-08 -7.739778549728081741e-04
1.414715719063544994e-08 4.075142933105961769e-04
1.424749163879598470e-08 4.460224781274269718e-03
1.434782608695651945e-08 8.312964700828043979e-03
1.444816053511705420e-08 9.212661313620865849e-03
1.454849498327759061e-08 6.273746128304239812e-03
1.464882943143812537e-08 6.469096914047424256e-03
1.474916387959866012e-08 6.729264562444002389e-03
1.484949832775919487e-08 5.323074708508136396e-03
1.494983277591973128e-08 2.961791168997221241e-03
1.505016722408026604e-08 6.420435075572842633e-03
1.515050167224080079e-08 1.086457582514902855e-02
1.525083612040133554e-08 1.610337504330350625e-02
1.535117056856187030e-08 1.522596214909716084e-02
1.545150501672240505e-08 9.704762217215176859e-03
1.555183946488293981e-08 9.356131980358976460e-03
1.565217391304347456e-08 1.306409421724650903e-02
1.575250836120401262e-08 1.400417480619599656e-02
1.585284280936454738e-08 1.041149083551465293e-02
1.595317725752508213e-08 8.086086698598182049e-03
1.605351170568561688e-08 6.154631854758054951e-03
1.615384615384615164e-08 3.779437336794800890e-03
1.625418060200668639e-08 3.649449037274016261e-03
1.635451505016722115e-08 2.862464483412324821e-03
1.645484949832775590e-08 5.312336832548639372e-03
1.655518394648829065e-08 8.511782506341214471e-03
1.665551839464882872e-08 8.903811549327855096e-03
1.675585284280936347e-08 5.252768920871174127e-03
1.685618729096989823e-08 2.362568643805597161e-03
1.695652173913043298e-08 3.877530118923772865e-03
1.705685618729096773e-08 6.034578222122736514e-03
1.715719063545150249e-08 5.495987931615591883e-03
1.725752508361203724e-08 2.358392113090889471e-03
1.735785953177257200e-08 2.220349947418572348e-03
1.745819397993310675e-08 3.317418242281661676e-03
1.755852842809364150e-08 -1.291992297842259156e-04
1.765886287625417957e-08 9.946605851372674906e-04
1.775919732441471432e-08 4.436802926395411878e-03
1.785953177257524907e-08 4.330171085220952537e-03
1.795986622073578383e-08 7.150510181386723028e-03
1.806020066889631858e-08 1.279323277405352427e-02
1.816053511705685334e-08 1.489018401119308888e-02
1.826086956521738809e-08 7.467389372837364772e-03
1.836120401337792284e-08 1.385267956162989636e-03
1.846153846153845760e-08 2.759618370845219690e-03
1.856187290969899566e-08 5.339625965927618893e-03
1.866220735785953041e-08 5.839583863723281018e-03
1.876254180602006517e-08 3.856692496133749207e-03
1.886287625418059992e-08 3.604950640493148964e-03
1.896321070234113468e-08 5.512543771855200371e-03
1.906354515050166943e-08 4.257641193426184301e-03
1.916387959866220418e-08 3.613982885709241151e-03
1.926421404682273894e-08 9.564203205218679144e-03
1.936454849498327369e-08 9.822030056686274421e-03
1.946488294314380845e-08 7.824560379739857116e-03
1.956521739130434651e-08 9.614625247796038804e-03
1.966555183946488126e-08 7.210438046850033839e-03
1.976588628762541602e-08 4.655419886870322023e-03
1.986622073578595077e-08 2.890720539096112637e-03
1.996655518394648553e-08 4.989130511571210347e-03
2.006688963210702028e-08 9.308390756238836897e-03
2.016722408026755503e-08 1.104123422100483989e-02
2.026755852842808979e-08 1.088471007381655760e-02
2.036789297658862454e-08 8.308494882106094367e-03
2.046822742474916260e-08 9.559668846925682695e-03
2.056856187290969736e-08 8.493247313166363277e-03
2.066889632107023211e-08 6.095654311560019800e-03
2.076923076923076687e-08 5.935840245071748872e-03
2.086956521739130162e-08 6.454255328388670311e-03
2.096989966555183637e-08 5.925373576365335071e-03
2.107023411371237113e-08 2.730468524749056491e-03
2.117056856187290588e-08 3.813113680828161128e-03
2.127090301003344064e-08 6.479137495770017317e-03
2.137123745819397539e-08 6.244460450035328736e-03
2.147157190635451345e-08 7.050439897083822516e-03
2.157190635451504821e-08 7.608810441099542014e-03
2.167224080267558296e-08 8.594340970994518089e-03
2.177257525083611771e-08 4.866903949551179553e-03
2.187290969899665247e-08 4.352716007817548222e-03
2.197324414715718722e-08 3.856530926714703614e-03
2.207357859531772198e-08 3.278199835788526365e-03
2.217391304347825673e-08 3.509547348706257459e-03
2.227424749163879148e-08 3.761861377291388694e-03
2.237458193979932955e-08 2.687656140445433568e-03
2.247491638795986430e-08 -3.862090785208391244e-04
2.257525083612039905e-08 7.349601777577539343e-04
2.267558528428093381e-08 8.801791135053965189e-05
2.277591973244146856e-08 2.303990907872734790e-04
2.287625418060200332e-08 -5.885910145995499384e-05
2.297658862876253807e-08 7.771695761220179027e-04
2.307692307692307282e-08 3.407270657714225968e-03
2.317725752508360758e-08 6.502354975567931246e-03
2.327759197324414233e-08 6.283447346290885020e-03
2.337792642140468040e-08 7.491259429428054860e-03
2.347826086956521515e-08 7.993887178586381662e-03
2.357859531772574990e-08 1.071193381581693124e-02
2.367892976588628466e-08 1.066935356280359314e-02
2.377926421404681941e-08 1.277325162537377642e-02
2.387959866220735417e-08 1.239279796068064494e-02
2.397993311036788892e-08 1.184708194559761646e-02
2.408026755852842367e-08 8.727303845755401968e-03
2.418060200668895843e-08 6.426395954621883823e-03
2.428093645484949649e-08 5.676745629416759566e-03
2.438127090301003124e-08 4.749296287687399150e-03
2.448160535117056600e-08 5.961103553608015915e-03
2.458193979933110075e-08 6.935605868169809549e-03
2.468227424749163551e-08 1.003957920236844652e-02
2.478260869565217026e-08 9.988330376684782450e-03
2.488294314381270501e-08 4.406971296213991682e-03
2.498327759197323977e-08 3.940424914724770418e-03
2.508361204013377452e-08 5.223241917738909168e-03
2.518394648829430928e-08 2.721847023732013211e-03
2.528428093645484734e-08 3.390282903152973086e-03
2.538461538461538209e-08 6.623583562210687455e-03
2.548494983277591685e-08 1.552348082436106821e-03
2.558528428093645160e-08 -9.005365488944175063e-04
2.568561872909698635e-08 3.265787088189564622e-03
2.578595317725752111e-08 6.083493928637591017e-03
2.588628762541805586e-08 3.705119737562492192e-03
2.598662207357859062e-08 5.316107489063959940e-03
2.608695652173912537e-08 9.240911353794711500e-03
2.618729096989966343e-08 8.822200367102269250e-03
2.628762541806019819e-08 3.217276218553183180e-03
2.638795986622073294e-08 1.639946847269082566e-03
2.648829431438126769e-08 3.255346438750594991e-03
2.658862876254180245e-08 5.474018755763416025e-03
2.668896321070233720e-08 6.445759938622770344e-03
2.678929765886287196e-08 4.206419235813983228e-03
2.688963210702340671e-08 3.392650838482503574e-03
2.698996655518394146e-08 8.588433477251888534e-03
2.709030100334447622e-08 1.045123545636424643e-02
2.719063545150501428e-08 1.031938801009705566e-02
2.729096989966554904e-08 1.105411645194470834e-02
2.739130434782608379e-08 1.104016250779903986e-02
2.749163879598661854e-08 1.192389850258399053e-02
2.759197324414715330e-08 1.500067186887536937e-02
2.769230769230768805e-08 1.591435397829605095e-02
2.779264214046822281e-08 1.558937907731364723e-02
2.789297658862875756e-08 1.093038532062452772e-02
2.799331103678929231e-08 6.602411840390049955e-03
2.809364548494983038e-08 6.045673898761034018e-03
2.819397993311036513e-08 9.673657329486128054e-03
2.829431438127089988e-08 8.732943056846789384e-03
2.839464882943143464e-08 7.218330460887456904e-03
2.849498327759196939e-08 5.807165403859740338e-03
2.859531772575250415e-08 6.743265562008020006e-03
2.869565217391303890e-08 9.915238747608055153e-03
2.879598662207357365e-08 1.078987806299299378e-02
2.889632107023410841e-08 7.106400996324861719e-03
2.899665551839464316e-08 4.278712079994245222e-03
2.909698996655518122e-08 4.703398911583197076e-03
2.919732441471571598e-08 7.669737967811971445e-03
2.929765886287625073e-08 7.384958341237985412e-03
2.939799331103678549e-08 6.537892444295926447e-03
2.949832775919732024e-08 8.639967020981765070e-03
2.959866220735785499e-08 9.330157615481901937e-03
2.969899665551838975e-08 8.276252530177278383e-03
2.979933110367892450e-08 1.026177275413663395e-02
2.989966555183946256e-08 1.417125088862573011e-02
2.999999999999999732e-08 1.222895992760455672e-02
