0.000000000000000000e+00 9.999999999999995559e-01
1.003344481605351029e-10 1.578290595688441270e-03
2.006688963210702059e-10 6.079358183416131226e-03
3.010033444816052959e-10 9.476422700154869816e-03
4.013377926421404118e-10 2.620859703021796716e-03
5.016722408026755277e-10 9.197302693567277476e-03
6.020066889632105918e-10 8.241229181615147489e-03
7.023411371237457594e-10 9.553412454060213749e-03
8.026755852842808236e-10 7.152909243753663784e-03
9.030100334448158877e-10 8.732492037740983634e-03
1.003344481605351055e-09 1.231699928620843577e-02
1.103678929765886223e-09 8.325489745185387508e-03
1.204013377926421184e-09 4.101971216271687454e-03
1.304347826086956351e-09 3.492687643514687679e-03
1.404682274247491519e-09 7.119493842991321021e-03
1.505016722408026480e-09 1.120513559189019286e-02
1.605351170568561647e-09 2.250910316153968520e-03
1.705685618729096815e-09 1.035437878676927215e-02
1.806020066889631775e-09 3.054814595536740462e-03
1.906354515050166943e-09 6.398896367591525199e-03
2.006688963210702111e-09 1.619765062986187887e-02
2.107023411371237278e-09 2.852265727312847197e-03
2.207357859531772446e-09 8.227862111031937833e-03
2.307692307692307200e-09 1.022600376974075465e-02
2.408026755852842367e-09 1.885096425786588229e-03
2.508361204013377535e-09 1.147236771624604058e-02
2.608695652173912702e-09 1.165541598768311468e-02
2.709030100334447870e-09 7.543239784391585732e-03
2.809364548494983038e-09 7.504315792279615295e-03
2.909698996655517792e-09 9.374174677999008373e-03
3.010033444816052959e-09 7.931295294421625633e-03
3.110367892976588127e-09 5.113906215863345955e-03
3.210702341137123294e-09 8.312266597443015645e-03
3.311036789297658462e-09 2.462378721299779763e-03
3.411371237458193629e-09 4.007517409398893629e-03
3.511705685618728797e-09 1.131686278031637793e-02
3.612040133779263551e-09 8.020816603291075139e-03
3.712374581939798719e-09 9.515651020855464895e-03
3.812709030100333886e-09 4.402441030547798659e-03
3.913043478260868640e-09 6.757652435895163123e-03
4.013377926421404221e-09 7.645459805919540587e-03
4.113712374581938975e-09 5.608059237223390545e-03
4.214046822742474556e-09 8.710101115280496561e-03
4.314381270903009310e-09 1.442341788602789950e-02
4.414715719063544892e-09 7.741880843099468307e-03
4.515050167224079646e-09 6.175718802360721446e-03
4.615384615384614399e-09 8.180991243025383108e-03
4.715719063545149981e-09 1.139026217618688969e-02
4.816053511705684735e-09 6.020296249949840840e-03
4.916387959866220316e-09 1.004153252575020784e-02
5.016722408026755070e-09 4.962447533005611040e-03
5.117056856187290651e-09 8.782271816792768318e-03
5.217391304347825405e-09 4.524978653331662888e-03
5.317725752508360159e-09 7.989030916018925038e-03
5.418060200668895740e-09 1.048280853747821269e-02
5.518394648829430494e-09 8.688883166476700157e-03
5.618729096989966075e-09 7.293568947336494246e-03
5.719063545150500829e-09 2.285271070350389754e-03
5.819397993311035583e-09 1.151679270094093863e-02
5.919732441471571164e-09 1.030065224705101028e-02
6.020066889632105918e-09 8.478081210422368924e-03
6.120401337792641499e-09 2.898409478591830023e-03
6.220735785953176253e-09 5.316527314490022277e-03
6.321070234113711835e-09 5.439816177390666488e-03
6.421404682274246589e-09 6.604503774091468292e-03
6.521739130434781343e-09 2.320244120079549988e-03
6.622073578595316924e-09 3.066852652316221558e-03
6.722408026755851678e-09 1.408832507612023215e-02
6.822742474916387259e-09 5.763072816170095210e-03
6.923076923076922013e-09 8.205192799332480455e-03
7.023411371237457594e-09 6.452916735101483538e-03
7.123745819397992348e-09 3.425790503661965171e-03
7.224080267558527102e-09 3.106008508347665557e-03
7.324414715719062683e-09 4.826527079075279038e-03
7.424749163879597437e-09 3.836903524950104668e-03
7.525083612040133018e-09 5.166144422906441755e-03
7.625418060200667772e-09 9.597299472587623656e-03
7.725752508361202526e-09 1.328499002837707152e-02
7.826086956521737280e-09 1.042766821528057566e-02
7.926421404682273689e-09 3.747472494156888108e-03
8.026755852842808442e-09 9.316516812076937326e-03
8.127090301003343196e-09 2.100619935587788416e-03
8.227424749163877950e-09 4.574767260631981691e-03
8.327759197324414359e-09 5.231974481677092656e-03
8.428093645484949113e-09 7.789346761681901522e-03
8.528428093645483867e-09 9.595807983711781772e-03
8.628762541806018621e-09 7.839119279648970942e-03
8.729096989966553375e-09 1.308813181176041521e-02
8.829431438127089783e-09 1.029974699046460468e-02
8.929765886287624537e-09 5.407071997033483825e-03
9.030100334448159291e-09 2.172035197613606146e-03
9.130434782608694045e-09 -2.082942071920863044e-04
9.230769230769228799e-09 2.260746143807050579e-03
9.331103678929765207e-09 7.751725151010681499e-03
9.431438127090299961e-09 8.488330922075201443e-03
9.531772575250834715e-09 9.560752483476840646e-03
9.632107023411369469e-09 7.474772315891087780e-03
9.732441471571904223e-09 7.023880756037519622e-03
9.832775919732440632e-09 5.234357974325457366e-03
9.933110367892975386e-09 7.325700294702116970e-03
1.003344481605351014e-08 6.985993838050437443e-03
1.013377926421404489e-08 2.804356621616696955e-03
1.023411371237458130e-08 7.776270240338100173e-03
1.033444816053511606e-08 5.003746097871417456e-03
1.043478260869565081e-08 5.945871499802266556e-03
1.053511705685618556e-08 3.632184761268660630e-03
1.063545150501672032e-08 2.760986483014133894e-03
1.073578595317725673e-08 7.587525043990229340e-03
1.083612040133779148e-08 6.985379911984017712e-03
1.093645484949832623e-08 5.387690539330322256e-03
1.103678929765886099e-08 1.185640760708299955e-02
1.113712374581939574e-08 8.786668879977872770e-03
1.123745819397993215e-08 6.620252634617652780e-03
1.133779264214046690e-08 9.966634080713682523e-03
1.143812709030100166e-08 5.806318672417004438e-03
1.153846153846153641e-08 7.766893052676722767e-03
1.163879598662207117e-08 7.731939726760160038e-03
1.173913043478260757e-08 6.129795389413986682e-03
1.183946488294314233e-08 3.406843581309912643e-03
1.193979933110367708e-08 8.242874442200653559e-03
1.204013377926421184e-08 6.238206940348893850e-03
1.214046822742474824e-08 2.332415615380931985e-03
1.224080267558528300e-08 1.098286546312556879e-02
1.234113712374581775e-08 5.869249491926094471e-03
1.244147157190635251e-08 9.100707021386465062e-03
1.254180602006688726e-08 3.435522047181937058e-03
1.264214046822742367e-08 1.007461719044649290e-02
1.274247491638795842e-08 3.736645660935316270e-03
1.284280936454849318e-08 8.405984290302167747e-03
1.294314381270902793e-08 1.671918596851593424e-03
1.304347826086956269e-08 6.828763598689108552e-03
1.314381270903009909e-08 6.014252188147496160e-03
1.324414715719063385e-08 1.040215223065179412e-02
1.334448160535116860e-08 7.566760865378403117e-03
1.344481605351170336e-08 1.130595450485580300e-02
1.354515050167223811e-08 1.268783016884319353e-02
1.364548494983277452e-08 3.622595152552746632e-03
1.374581939799330927e-08 7.193583217085287168e-03
1.384615384615384403e-08 7.400475439252268348e-03
1.394648829431437878e-08 8.884729091371029730e-03
1.404682274247491519e-08 7.934495111007225723e-03
1.414715719063544994e-08 1.125593583431947972e-02
1.424749163879598470e-08 8.446810784561159871e-03
1.434782608695651945e-08 5.049013384188670225e-03
1.444816053511705420e-08 1.281762602693660782e-02
1.454849498327759061e-08 4.204898342826052585e-03
1.464882943143812537e-08 1.156125314482306203e-02
1.474916387959866012e-08 6.246510209836538159e-03
1.484949832775919487e-08 1.997280391867923242e-03
1.494983277591973128e-08 1.526517614122386863e-03
1.505016722408026604e-08 7.299073601957449704e-03
1.515050167224080079e-08 6.900299164062046429e-03
1.525083612040133554e-08 1.088283700993568706e-02
1.535117056856187030e-08 4.440162409094252499e-03
1.545150501672240505e-08 8.793252009830441682e-03
1.555183946488293981e-08 8.135821647907985621e-03
1.565217391304347456e-08 6.528341235693495975e-03
1.575250836120401262e-08 6.961342525730001771e-03
1.585284280936454738e-08 1.024149629931034658e-02
1.595317725752508213e-08 9.829386421457864120e-03
1.605351170568561688e-08 6.531026887847748118e-03
1.615384615384615164e-08 3.322168179885660096e-03
1.625418060200668639e-08 5.999498256632690603e-03
1.635451505016722115e-08 5.651279961128763754e-03
1.645484949832775590e-08 6.232376298320456420e-03
1.655518394648829065e-08 1.775566936185591846e-02
1.665551839464882872e-08 3.196425530730604998e-03
1.675585284280936347e-08 4.458798675153954373e-03
1.685618729096989823e-08 1.029552274691670870e-02
1.695652173913043298e-08 1.371175897482747492e-03
1.705685618729096773e-08 5.370155777984869823e-03
1.715719063545150249e-08 1.013372652031088728e-02
1.725752508361203724e-08 3.995829417532337051e-03
1.735785953177257200e-08 4.111598304590203916e-03
1.745819397993310675e-08 9.010664857526322347e-03
1.755852842809364150e-08 5.982643260078692252e-03
1.765886287625417957e-08 6.367932392097158320e-03
1.775919732441471432e-08 8.037230156398580960e-03
1.785953177257524907e-08 6.484878990402494735e-03
1.795986622073578383e-08 8.494258017469539027e-03
1.806020066889631858e-08 1.645344806009527974e-03
1.816053511705685334e-08 2.118830951214308207e-03
1.826086956521738809e-08 2.582607001568091795e-03
1.836120401337792284e-08 9.231047198265007747e-03
1.846153846153845760e-08 7.275629741842802069e-03
1.856187290969899566e-08 1.067422979297606538e-02
1.866220735785953041e-08 8.424133901420272075e-03
1.876254180602006517e-08 7.631526110186560852e-03
1.886287625418059992e-08 2.767043026095677982e-03
1.896321070234113468e-08 9.802331187692399014e-03
1.906354515050166943e-08 6.695364780663051220e-03
1.916387959866220418e-08 7.705361168127996749e-03
1.926421404682273894e-08 1.035736041931139585e-02
1.936454849498327369e-08 2.569031489885601535e-03
1.946488294314380845e-08 1.288988062751755120e-02
1.956521739130434651e-08 5.934330766240726932e-03
1.966555183946488126e-08 7.115702533581833890e-03
1.976588628762541602e-08 1.202016947866667296e-02
1.986622073578595077e-08 3.224748693288086165e-03
1.996655518394648553e-08 9.560234426516520806e-03
2.006688963210702028e-08 1.346771668112089690e-02
2.016722408026755503e-08 2.625732450968306948e-03
2.026755852842808979e-08 4.568088257902003235e-03
2.036789297658862454e-08 9.829154780121359541e-03
2.046822742474916260e-08 1.344299364067764319e-02
2.056856187290969736e-08 7.718699832009585232e-03
2.066889632107023211e-08 8.552339812011953285e-03
2.076923076923076687e-08 4.601769218298190633e-03
2.086956521739130162e-08 8.278497726301061940e-03
2.096989966555183637e-08 6.052298114212960496e-03
2.107023411371237113e-08 1.232341318480533084e-02
2.117056856187290588e-08 1.071357983478827408e-02
2.127090301003344064e-08 1.801450769788821079e-04
2.137123745819397539e-08 6.930617367154091879e-03
2.147157190635451345e-08 7.943472620743963208e-03
2.157190635451504821e-08 9.657238116686412549e-03
2.167224080267558296e-08 2.430114066737267334e-03
2.177257525083611771e-08 8.236331094600639335e-03
2.187290969899665247e-08 7.000342223159743832e-03
2.197324414715718722e-08 9.928900110071340115e-03
2.207357859531772198e-08 1.374853699868939377e-03
2.217391304347825673e-08 1.225485741852541145e-02
2.227424749163879148e-08 6.418958265788058011e-03
2.237458193979932955e-08 6.601415586883313015e-03
2.247491638795986430e-08 8.852570531937158094e-03
2.257525083612039905e-08 7.297436265765990838e-03
2.267558528428093381e-08 1.060000799926119792e-02
2.277591973244146856e-08 8.726854185214186904e-03
2.287625418060200332e-08 5.902271303112541743e-03
2.297658862876253807e-08 1.507573335445880347e-02
2.307692307692307282e-08 7.896425316096253658e-03
2.317725752508360758e-08 2.589846133326732715e-03
2.327759197324414233e-08 9.335789357120028581e-03
2.337792642140468040e-08 1.265845470840278389e-02
2.347826086956521515e-08 2.412556330158560376e-03
2.357859531772574990e-08 8.070916273947839267e-03
2.367892976588628466e-08 7.717520622340471106e-03
2.377926421404681941e-08 7.155909518029929077e-03
2.387959866220735417e-08 6.665786139768906451e-03
2.397993311036788892e-08 1.043624484583549270e-02
2.408026755852842367e-08 6.606080256088110204e-03
2.418060200668895843e-08 8.674998872129328562e-03
2.428093645484949649e-08 5.806818856100529926e-03
2.438127090301003124e-08 1.196614210407659015e-02
2.448160535117056600e-08 5.234745581581292523e-03
2.458193979933110075e-08 6.310246641469424711e-03
2.468227424749163551e-08 1.108413289504067874e-02
2.478260869565217026e-08 6.316941370575099648e-03
2.488294314381270501e-08 1.031806425524066546e-02
2.498327759197323977e-08 2.117569991482685151e-03
2.508361204013377452e-08 6.378342778547240952e-03
2.518394648829430928e-08 1.332642283991583403e-02
2.528428093645484734e-08 1.299738645112074806e-02
2.538461538461538209e-08 4.709755879416146172e-03
2.548494983277591685e-08 1.365915117978276638e-02
2.558528428093645160e-08 7.651487207232315728e-03
2.568561872909698635e-08 7.848192243395859385e-03
2.578595317725752111e-08 5.852804540738858717e-03
2.588628762541805586e-08 8.599885865897185372e-04
2.598662207357859062e-08 1.582406352254405596e-02
2.608695652173912537e-08 6.451538152544006657e-03
2.618729096989966343e-08 3.157310662937810961e-03
2.628762541806019819e-08 1.381977859363979445e-05
2.638795986622073294e-08 7.686653636440412413e-03
2.648829431438126769e-08 6.129102939524415719e-03
2.658862876254180245e-08 9.122370189290579176e-03
2.668896321070233720e-08 7.501894878511251863e-03
2.678929765886287196e-08 5.854319318847219650e-03
2.688963210702340671e-08 6.385453877299752078e-03
2.698996655518394146e-08 6.141998910734374276e-03
2.709030100334447622e-08 1.052556635097156613e-02
2.719063545150501428e-08 4.779691116652698760e-03
2.729096989966554904e-08 4.567178509450897129e-03
2.739130434782608379e-08 7.966257144036691454e-03
2.749163879598661854e-08 6.568608106170219403e-03
2.759197324414715330e-08 3.470678285257450084e-03
2.769230769230768805e-08 8.132590188747932519e-03
2.779264214046822281e-08 7.015117146044093886e-03
2.789297658862875756e-08 1.235758417624856741e-02
2.799331103678929231e-08 6.038435237590246939e-03
2.809364548494983038e-08 5.802220456683191557e-03
2.819397993311036513e-08 8.012556061807457261e-03
2.829431438127089988e-08 7.391966148907615219e-03
2.839464882943143464e-08 1.042504961293555174e-02
2.849498327759196939e-08 1.862132135961649558e-03
2.859531772575250415e-08 8.572729116310098124e-03
2.869565217391303890e-08 1.222111274809774099e-02
2.879598662207357365e-08 7.848709864182481372e-03
2.889632107023410841e-08 7.601261813266866826e-03
2.899665551839464316e-08 1.557587736911827253e-02
2.909698996655518122e-08 1.381631935533417233e-02
2.919732441471571598e-08 1.078668830910448073e-02
2.929765886287625073e-08 3.103766153364515955e-03
2.939799331103678549e-08 6.820987104056082904e-03
2.949832775919732024e-08 9.736224828631290240e-03
2.959866220735785499e-08 9.628220152229699166e-04
2.969899665551838975e-08 2.903864294951504117e-03
2.979933110367892450e-08 8.180880316248044862e-03
2.989966555183946256e-08 1.343194749169923478e-02
2.999999999999999732e-08 1.140970434546376838e-02
