0.000000000000000000e+00 9.999999999999995559e-01
1.003344481605351029e-10 9.977478060215738687e-01
2.006688963210702059e-10 9.910529651226291925e-01
3.010033444816052959e-10 9.800978501536382614e-01
4.013377926421404118e-10 9.651770894953125568e-01
5.016722408026755277e-10 9.466841755112394008e-01
6.020066889632105918e-10 9.250938676589681720e-01
7.023411371237457594e-10 9.009414408323184187e-01
8.026755852842808236e-10 8.747999949595569591e-01
9.030100334448158877e-10 8.472571214604803780e-01
1.003344481605351055e-09 8.188922120019992423e-01
1.103678929765886223e-09 7.902555982370165211e-01
1.204013377926421184e-09 7.618505376547515251e-01
1.304347826086956351e-09 7.341188258099142772e-01
1.404682274247491519e-09 7.074305388439316999e-01
1.505016722408026480e-09 6.820781147565584401e-01
1.605351170568561647e-09 6.582746903943863526e-01
1.705685618729096815e-09 6.361563454070416901e-01
1.806020066889631775e-09 6.157876832798435673e-01
1.906354515050166943e-09 5.971700173084089069e-01
2.006688963210702111e-09 5.802513348593262288e-01
2.107023411371237278e-09 5.649371892610784984e-01
2.207357859531772446e-09 5.511017119848973245e-01
2.307692307692307200e-09 5.385980397358475225e-01
2.408026755852842367e-09 5.272675985464474469e-01
2.508361204013377535e-09 5.169478637084444772e-01
2.608695652173912702e-09 5.074784026269565373e-01
2.709030100334447870e-09 4.987051897970363190e-01
2.809364548494983038e-09 4.904833431512203856e-01
2.909698996655517792e-09 4.826785561328174601e-01
3.010033444816052959e-09 4.751675812188247416e-01
3.110367892976588127e-09 4.678381541371039454e-01
3.210702341137123294e-09 4.605887344115814352e-01
3.311036789297658462e-09 4.533283823612499486e-01
3.411371237458193629e-09 4.459770043052172506e-01
3.511705685618728797e-09 4.384660882673722115e-01
3.612040133779263551e-09 4.307399351938574483e-01
3.712374581939798719e-09 4.227572789848493273e-01
3.812709030100333886e-09 4.144930947019029865e-01
3.913043478260868640e-09 4.059403280085874810e-01
4.013377926421404221e-09 3.971112468818628893e-01
4.113712374581938975e-09 3.880381217847109765e-01
4.214046822742474556e-09 3.787729817958401246e-01
4.314381270903009310e-09 3.693862669477277483e-01
4.414715719063544892e-09 3.599642934264958294e-01
4.515050167224079646e-09 3.506055582933551573e-01
4.615384615384614399e-09 3.414160227668177616e-01
4.715719063545149981e-09 3.325036165719505998e-01
4.816053511705684735e-09 3.239722901801966870e-01
4.916387959866220316e-09 3.159159987086552768e-01
5.016722408026755070e-09 3.084130253571031322e-01
5.117056856187290651e-09 3.015210412818789543e-01
5.217391304347825405e-09 2.952732538275819052e-01
5.317725752508360159e-09 2.896759202975711656e-01
5.418060200668895740e-09 2.847074068379887302e-01
5.518394648829430494e-09 2.803188603639857890e-01
5.618729096989966075e-09 2.764364456420910221e-01
5.719063545150500829e-09 2.729649896200866954e-01
5.819397993311035583e-09 2.697927799875822208e-01
5.919732441471571164e-09 2.667971922266677010e-01
6.020066889632105918e-09 2.638507742654074839e-01
6.120401337792641499e-09 2.608274028100207587e-01
6.220735785953176253e-09 2.576081402623036642e-01
6.321070234113711835e-09 2.540864629648635908e-01
6.421404682274246589e-09 2.501725952721838842e-01
6.521739130434781343e-09 2.457967629006220511e-01
6.622073578595316924e-09 2.409112655279851967e-01
6.722408026755851678e-09 2.354913549062260247e-01
6.822742474916387259e-09 2.295349836226800166e-01
6.923076923076922013e-09 2.230615551327665147e-01
7.023411371237457594e-09 2.161098535448181257e-01
7.123745819397992348e-09 2.087353596260145272e-01
7.224080267558527102e-09 2.010071674545773346e-01
7.324414715719062683e-09 1.930047058411893390e-01
7.424749163879597437e-09 1.848144434647090717e-01
7.525083612040133018e-09 1.765267211344744291e-01
7.625418060200667772e-09 1.682328138044035248e-01
7.725752508361202526e-09 1.600222840197091378e-01
7.826086956521737280e-09 1.519806519226445940e-01
7.926421404682273689e-09 1.441873783233725836e-01
8.026755852842808442e-09 1.367141388792967038e-01
8.127090301003343196e-09 1.296233598696045208e-01
8.227424749163877950e-09 1.229669886926011979e-01
8.327759197324414359e-09 1.167854830649893150e-01
8.428093645484949113e-09 1.111070190145004299e-01
8.528428093645483867e-09 1.059469356259926803e-01
8.628762541806018621e-09 1.013074505232205991e-01
8.729096989966553375e-09 9.717769099106475517e-02
8.829431438127089783e-09 9.353408895681113167e-02
8.929765886287624537e-09 9.034118228426925301e-02
9.030100334448159291e-09 8.755284972916017872e-02
9.130434782608694045e-09 8.511398343003317990e-02
9.230769230769228799e-09 8.296257305543550120e-02
9.331103678929765207e-09 8.103214266077304884e-02
9.431438127090299961e-09 7.925444843122952943e-02
9.531772575250834715e-09 7.756231644766425903e-02
9.632107023411369469e-09 7.589247779369256985e-02
9.732441471571904223e-09 7.418824646702210091e-02
9.832775919732440632e-09 7.240188546530687552e-02
9.933110367892975386e-09 7.049651874054199685e-02
1.003344481605351014e-08 6.844747088918440303e-02
1.013377926421404489e-08 6.624295073165559211e-02
1.023411371237458130e-08 6.388403660387377558e-02
1.033444816053511606e-08 6.138396678488003411e-02
1.043478260869565081e-08 5.876678419476386028e-02
1.053511705685618556e-08 5.606542649718859739e-02
1.063545150501672032e-08 5.331938758820115726e-02
1.073578595317725673e-08 5.057210140666698606e-02
1.083612040133779148e-08 4.786821226944933810e-02
1.093645484949832623e-08 4.525089681856443724e-02
1.103678929765886099e-08 4.275939159609043472e-02
1.113712374581939574e-08 4.042685870732683900e-02
1.123745819397993215e-08 3.827869232507613573e-02
1.133779264214046690e-08 3.633133385606106269e-02
1.143812709030100166e-08 3.459162664695895895e-02
1.153846153846153641e-08 3.305670532240512216e-02
1.163879598662207117e-08 3.171438304125943908e-02
1.173913043478260757e-08 3.054397434626062585e-02
1.183946488294314233e-08 2.951747329773889497e-02
1.193979933110367708e-08 2.860099678513367341e-02
1.204013377926421184e-08 2.775640100085295311e-02
1.214046822742474824e-08 2.694298398134500894e-02
1.224080267558528300e-08 2.611919723253001285e-02
1.234113712374581775e-08 2.524430277623915253e-02
1.244147157190635251e-08 2.427992640668337476e-02
1.254180602006688726e-08 2.319147161975005506e-02
1.264214046822742367e-08 2.194937004350630549e-02
1.274247491638795842e-08 2.053015226952893679e-02
1.284280936454849318e-08 1.891732740642729921e-02
1.294314381270902793e-08 1.710206073073216107e-02
1.304347826086956269e-08 1.508363734019994851e-02
1.314381270903009909e-08 1.286969698374733177e-02
1.324414715719063385e-08 1.047622273959691874e-02
1.334448160535116860e-08 7.927265433791144678e-03
1.344481605351170336e-08 5.254387917323083065e-03
1.354515050167223811e-08 2.495819429699865782e-03
1.364548494983277452e-08 -3.046793980177910088e-04
1.374581939799330927e-08 -3.099226094623909467e-03
1.384615384615384403e-08 -5.837468373524034790e-03
1.394648829431437878e-08 -8.468427697737526336e-03
1.404682274247491519e-08 -1.094246486033924673e-02
1.414715719063544994e-08 -1.321328175480774268e-02
1.424749163879598470e-08 -1.523986149556228777e-02
1.434782608695651945e-08 -1.698824304924705791e-02
1.444816053511705420e-08 -1.843302780212324743e-02
1.454849498327759061e-08 -1.955852462644911555e-02
1.464882943143812537e-08 -2.035945688651718752e-02
1.474916387959866012e-08 -2.084117854834317135e-02
1.484949832775919487e-08 -2.101937552792066191e-02
1.494983277591973128e-08 -2.091926046496312905e-02
1.505016722408026604e-08 -2.057430170390132929e-02
1.515050167224080079e-08 -2.002455773056641131e-02
1.525083612040133554e-08 -1.931471410407616107e-02
1.535117056856187030e-08 -1.849193886249687196e-02
1.545150501672240505e-08 -1.760368287486812483e-02
1.555183946488293981e-08 -1.669555280729636756e-02
1.565217391304347456e-08 -1.580937623519201862e-02
1.575250836120401262e-08 -1.498156175904813252e-02
1.585284280936454738e-08 -1.424183330304565342e-02
1.595317725752508213e-08 -1.361238922135752684e-02
1.605351170568561688e-08 -1.310750591585774227e-02
1.615384615384615164e-08 -1.273357502882687536e-02
1.625418060200668639e-08 -1.248953544724495240e-02
1.635451505016722115e-08 -1.236763851968756753e-02
1.645484949832775590e-08 -1.235446866924466355e-02
1.655518394648829065e-08 -1.243213292251310956e-02
1.665551839464882872e-08 -1.257953194551985655e-02
1.675585284280936347e-08 -1.277363141798017535e-02
1.685618729096989823e-08 -1.299066476578853400e-02
1.695652173913043298e-08 -1.320721468045444984e-02
1.705685618729096773e-08 -1.340113944881944803e-02
1.715719063545150249e-08 -1.355232877996828157e-02
1.725752508361203724e-08 -1.364329057568032001e-02
1.735785953177257200e-08 -1.365958332054610820e-02
1.745819397993310675e-08 -1.359011735063533899e-02
1.755852842809364150e-08 -1.342735168730126161e-02
1.765886287625417957e-08 -1.316741152892935730e-02
1.775919732441471432e-08 -1.281014561478914168e-02
1.785953177257524907e-08 -1.235913374725661901e-02
1.795986622073578383e-08 -1.182164435925020518e-02
1.806020066889631858e-08 -1.120853187048889699e-02
1.816053511705685334e-08 -1.053405536109377344e-02
1.826086956521738809e-08 -9.815595223282029894e-03
1.836120401337792284e-08 -9.073243930894744902e-03
1.846153846153845760e-08 -8.329251352943878306e-03
1.856187290969899566e-08 -7.607313994536390837e-03
1.866220735785953041e-08 -6.931710449987099447e-03
1.876254180602006517e-08 -6.326300955310072346e-03
1.886287625418059992e-08 -5.813425600187997061e-03
1.896321070234113468e-08 -5.412751658370122676e-03
1.906354515050166943e-08 -5.140133758805729911e-03
1.916387959866220418e-08 -5.006559570302878542e-03
1.926421404682273894e-08 -5.017257000161133920e-03
1.936454849498327369e-08 -5.171035816205001197e-03
1.946488294314380845e-08 -5.459926904995394958e-03
1.956521739130434651e-08 -5.869166531955160790e-03
1.966555183946488126e-08 -6.377552037609417190e-03
1.976588628762541602e-08 -6.958170971760763504e-03
1.986622073578595077e-08 -7.579479690939989328e-03
1.996655518394648553e-08 -8.206682072118897525e-03
2.006688963210702028e-08 -8.803336366896197598e-03
2.016722408026755503e-08 -9.333100266934136677e-03
2.026755852842808979e-08 -9.761512519338018737e-03
2.036789297658862454e-08 -1.005770494008057306e-02
2.046822742474916260e-08 -1.019594182965654836e-02
2.056856187290969736e-08 -1.015689435771313306e-02
2.066889632107023211e-08 -9.928574596894192833e-03
2.076923076923076687e-08 -9.506876165888335228e-03
2.086956521739130162e-08 -8.895694106603150783e-03
2.096989966555183637e-08 -8.106623658307833893e-03
2.107023411371237113e-08 -7.158263940303946464e-03
2.117056856187290588e-08 -6.075176281266141294e-03
2.127090301003344064e-08 -4.886566394625986576e-03
2.137123745819397539e-08 -3.624773569022271547e-03
2.147157190635451345e-08 -2.323657795136999452e-03
2.157190635451504821e-08 -1.016977093706021747e-03
2.167224080267558296e-08 2.631574295026157390e-04
2.177257525083611771e-08 1.487671315706763989e-03
2.187290969899665247e-08 2.631697989449570136e-03
2.197324414715718722e-08 3.675485216309256568e-03
2.207357859531772198e-08 4.605008834953159408e-03
2.217391304347825673e-08 5.412284070309001521e-03
2.227424749163879148e-08 6.095381649197229371e-03
2.237458193979932955e-08 6.658170512611387079e-03
2.247491638795986430e-08 7.109820462183289239e-03
2.257525083612039905e-08 7.464106242785871134e-03
2.267558528428093381e-08 7.738559325393742222e-03
2.277591973244146856e-08 7.953515273573075195e-03
2.287625418060200332e-08 8.131103528019699780e-03
2.297658862876253807e-08 8.294223334989195978e-03
2.307692307692307282e-08 8.465545033296679317e-03
2.317725752508360758e-08 8.666570626950576700e-03
2.327759197324414233e-08 8.916782036924171886e-03
2.337792642140468040e-08 9.232900036883531433e-03
2.347826086956521515e-08 9.628271864951958026e-03
2.357859531772574990e-08 1.011240094210675254e-02
2.367892976588628466e-08 1.069062796233900478e-02
2.377926421404681941e-08 1.136396870567286076e-02
2.387959866220735417e-08 1.212911007881554634e-02
2.397993311036788892e-08 1.297856193834899009e-02
2.408026755852842367e-08 1.390095808480530833e-02
2.418060200668895843e-08 1.488149541096244616e-02
2.428093645484949649e-08 1.590249563078021885e-02
2.438127090301003124e-08 1.694406949969703285e-02
2.448160535117056600e-08 1.798485924272103312e-02
2.458193979933110075e-08 1.900283136675220974e-02
2.468227424749163551e-08 1.997608948914949417e-02
2.478260869565217026e-08 2.088367556742534020e-02
2.488294314381270501e-08 2.170632818231531952e-02
2.498327759197323977e-08 2.242716840528893862e-02
2.508361204013377452e-08 2.303228722709747822e-02
2.518394648829430928e-08 2.351121334570936347e-02
2.528428093645484734e-08 2.385724598801300389e-02
2.538461538461538209e-08 2.406764394765675136e-02
2.548494983277591685e-08 2.414366868293647828e-02
2.558528428093645160e-08 2.409048565121538893e-02
2.568561872909698635e-08 2.391693362661527142e-02
2.578595317725752111e-08 2.363517621924241668e-02
2.588628762541805586e-08 2.326025298374049394e-02
2.598662207357859062e-08 2.280954932218972123e-02
2.608695652173912537e-08 2.230220495464656921e-02
2.618729096989966343e-08 2.175848028809057241e-02
2.628762541806019819e-08 2.119909889783698487e-02
2.638795986622073294e-08 2.064458293018283166e-02
2.648829431438126769e-08 2.011459691917101902e-02
2.658862876254180245e-08 1.962731459772879342e-02
2.668896321070233720e-08 1.919882297463215357e-02
2.678929765886287196e-08 1.884257829593715544e-02
2.688963210702340671e-08 1.856892940053203947e-02
2.698996655518394146e-08 1.838472514390131901e-02
2.709030100334447622e-08 1.829302360192568144e-02
2.719063545150501428e-08 1.829292119612863782e-02
2.729096989966554904e-08 1.837951920381329651e-02
2.739130434782608379e-08 1.854404288484694588e-02
2.749163879598661854e-08 1.877412434928240476e-02
2.759197324414715330e-08 1.905425416995008142e-02
2.769230769230768805e-08 1.936639870490326765e-02
2.779264214046822281e-08 1.969077047993484167e-02
2.789297658862875756e-08 2.000672837840339682e-02
2.799331103678929231e-08 2.029377358864261835e-02
2.809364548494983038e-08 2.053259720698880422e-02
2.819397993311036513e-08 2.070612708558829812e-02
2.829431438127089988e-08 2.080051590907396400e-02
2.839464882943143464e-08 2.080601040304247071e-02
2.849498327759196939e-08 2.071764360443043365e-02
2.859531772575250415e-08 2.053569852982314176e-02
2.869565217391303890e-08 2.026590226693467806e-02
2.879598662207357365e-08 1.991932400653167318e-02
2.889632107023410841e-08 1.951196797917173487e-02
2.899665551839464316e-08 1.906407150240153198e-02
2.909698996655518122e-08 1.859913799251390609e-02
2.919732441471571598e-08 1.814275335013358637e-02
2.929765886287625073e-08 1.772125010509567958e-02
2.939799331103678549e-08 1.736029576434869326e-02
2.949832775919732024e-08 1.708348887787447881e-02
2.959866220735785499e-08 1.691104772495482383e-02
2.969899665551838975e-08 1.685867197296751774e-02
2.979933110367892450e-08 1.693664739576473954e-02
2.989966555183946256e-08 1.714924844751806662e-02
2.999999999999999732e-08 1.749447427440205260e-02
