0.000000000000000000e+00 9.999999999999995559e-01
1.003344481605351029e-10 7.208502847123579582e-02
2.006688963210702059e-10 -6.569694434306334006e-03
3.010033444816052959e-10 1.698079527056082713e-02
4.013377926421404118e-10 3.003306415150372097e-02
5.016722408026755277e-10 1.943520896833631287e-02
6.020066889632105918e-10 -9.949633766891596495e-03
7.023411371237457594e-10 6.466543037098007769e-03
8.026755852842808236e-10 1.366027519249940828e-02
9.030100334448158877e-10 8.754430045638684349e-03
1.003344481605351055e-09 4.983819445445777496e-04
1.103678929765886223e-09 4.672086082081773444e-03
1.204013377926421184e-09 1.083198945163289795e-02
1.304347826086956351e-09 1.438005345037559127e-02
1.404682274247491519e-09 -9.285950559877196100e-04
1.505016722408026480e-09 9.362417115064709111e-03
1.605351170568561647e-09 1.235091564824761061e-02
1.705685618729096815e-09 2.955696798931819851e-03
1.806020066889631775e-09 1.873915682498023243e-03
1.906354515050166943e-09 5.254515010824280241e-03
2.006688963210702111e-09 8.803803787737360387e-03
2.107023411371237278e-09 1.141144552673208079e-02
2.207357859531772446e-09 4.010438062470290943e-03
2.307692307692307200e-09 3.354166791353786758e-03
2.408026755852842367e-09 4.348006348149803871e-03
2.508361204013377535e-09 9.340026679337979504e-03
2.608695652173912702e-09 4.689011105249234548e-03
2.709030100334447870e-09 5.367217184238885948e-03
2.809364548494983038e-09 6.716205711398590475e-03
2.909698996655517792e-09 1.001765031452504263e-02
3.010033444816052959e-09 7.795123236383720046e-03
3.110367892976588127e-09 1.212446473726621829e-02
3.210702341137123294e-09 9.465197678018233418e-03
3.311036789297658462e-09 1.033228931338713019e-02
3.411371237458193629e-09 1.109157954256051286e-02
3.511705685618728797e-09 1.704778156400413563e-03
3.612040133779263551e-09 1.096433544092864816e-02
3.712374581939798719e-09 1.209354098335135158e-02
3.812709030100333886e-09 1.138220659318110034e-02
3.913043478260868640e-09 9.512911790704986492e-03
4.013377926421404221e-09 1.040408260123470811e-02
4.113712374581938975e-09 3.425507231529869006e-03
4.214046822742474556e-09 5.985467914703625734e-03
4.314381270903009310e-09 1.278501893668419591e-02
4.414715719063544892e-09 8.070245321396631727e-03
4.515050167224079646e-09 1.197093408610894714e-02
4.615384615384614399e-09 9.425818487352176714e-03
4.715719063545149981e-09 7.704127283982688777e-03
4.816053511705684735e-09 -6.373741272535649038e-04
4.916387959866220316e-09 6.056385259187033014e-03
5.016722408026755070e-09 5.063507757331283700e-03
5.117056856187290651e-09 4.714906088424224151e-03
5.217391304347825405e-09 1.104218308261450607e-02
5.317725752508360159e-09 9.886781111948659412e-03
5.418060200668895740e-09 1.423747748996542469e-03
5.518394648829430494e-09 4.212900971526062181e-03
5.618729096989966075e-09 5.028749177267562501e-03
5.719063545150500829e-09 6.346337335393222381e-03
5.819397993311035583e-09 4.411062333282057650e-03
5.919732441471571164e-09 6.163447658187117505e-03
6.020066889632105918e-09 5.725667042104381002e-03
6.120401337792641499e-09 5.298922665414739983e-03
6.220735785953176253e-09 4.343838077875908019e-03
6.321070234113711835e-09 3.959115642400984868e-03
6.421404682274246589e-09 5.362270217465608599e-03
6.521739130434781343e-09 4.660154853894965706e-03
6.622073578595316924e-09 1.001146904877549607e-02
6.722408026755851678e-09 9.686783323268659263e-03
6.822742474916387259e-09 5.202153362269775101e-03
6.923076923076922013e-09 1.225786971642388659e-02
7.023411371237457594e-09 4.736743984811730285e-03
7.123745819397992348e-09 9.679925602658756914e-03
7.224080267558527102e-09 1.155225513242734078e-02
7.324414715719062683e-09 6.482122424394587065e-03
7.424749163879597437e-09 4.737467076945757471e-03
7.525083612040133018e-09 7.398939029931073455e-03
7.625418060200667772e-09 9.351399490447408203e-03
7.725752508361202526e-09 5.781359208379111513e-04
7.826086956521737280e-09 5.055521542365797559e-03
7.926421404682273689e-09 1.205586458156018489e-02
8.026755852842808442e-09 1.066285857108102003e-02
8.127090301003343196e-09 5.980207256233447191e-03
8.227424749163877950e-09 4.630411126236751163e-03
8.327759197324414359e-09 8.025952986461840424e-03
8.428093645484949113e-09 4.049658525919840046e-03
8.528428093645483867e-09 9.198331828118211720e-03
8.628762541806018621e-09 5.268082236193138285e-03
8.729096989966553375e-09 8.509481810589171469e-03
8.829431438127089783e-09 1.275772445701219698e-02
8.929765886287624537e-09 3.896265591035620937e-03
9.030100334448159291e-09 1.031379661477828738e-02
9.130434782608694045e-09 1.269714142033617592e-02
9.230769230769228799e-09 1.068154969909391322e-02
9.331103678929765207e-09 8.973126210386475274e-03
9.431438127090299961e-09 1.143429997227940476e-02
9.531772575250834715e-09 7.969017798653279042e-03
9.632107023411369469e-09 6.020615341231962819e-03
9.732441471571904223e-09 9.944163921287302310e-03
9.832775919732440632e-09 3.299843166196350739e-03
9.933110367892975386e-09 6.111973885450083625e-03
1.003344481605351014e-08 9.892529787139441033e-03
1.013377926421404489e-08 1.246653754386278443e-02
1.023411371237458130e-08 3.842145002279198900e-03
1.033444816053511606e-08 1.072282208822138150e-02
1.043478260869565081e-08 7.297895216465999195e-03
1.053511705685618556e-08 9.003221636846275855e-03
1.063545150501672032e-08 5.435301393532130515e-03
1.073578595317725673e-08 8.968933160395476528e-03
1.083612040133779148e-08 4.599485650690419460e-03
1.093645484949832623e-08 1.342642714533166283e-02
1.103678929765886099e-08 3.554790646957804116e-03
1.113712374581939574e-08 3.708283725812950259e-03
1.123745819397993215e-08 1.100984959738834923e-02
1.133779264214046690e-08 5.585437797631019781e-03
1.143812709030100166e-08 5.150387443420318886e-03
1.153846153846153641e-08 8.680837594667128315e-03
1.163879598662207117e-08 1.007891113869852952e-02
1.173913043478260757e-08 1.052041331162248405e-02
1.183946488294314233e-08 3.088347558791088455e-03
1.193979933110367708e-08 1.020437706176398340e-02
1.204013377926421184e-08 9.899414109201061865e-03
1.214046822742474824e-08 2.021002439315775639e-03
1.224080267558528300e-08 1.137735781760784194e-02
1.234113712374581775e-08 4.196047035855843960e-03
1.244147157190635251e-08 6.360020959006070819e-03
1.254180602006688726e-08 4.289934075565738150e-03
1.264214046822742367e-08 4.273977287416275660e-03
1.274247491638795842e-08 5.865689769488756887e-03
1.284280936454849318e-08 8.773982393713047889e-03
1.294314381270902793e-08 9.263538180831235383e-03
1.304347826086956269e-08 1.484228190722469871e-02
1.314381270903009909e-08 1.442827875702019230e-02
1.324414715719063385e-08 1.631763335342900634e-02
1.334448160535116860e-08 1.698733945039256499e-03
1.344481605351170336e-08 8.629104820234588871e-03
1.354515050167223811e-08 9.709998875412572360e-04
1.364548494983277452e-08 4.177454893599159662e-03
1.374581939799330927e-08 4.801514317724491464e-03
1.384615384615384403e-08 8.092791039976813747e-03
1.394648829431437878e-08 1.665439793415965722e-02
1.404682274247491519e-08 4.963842153292336717e-03
1.414715719063544994e-08 1.007490222638977861e-02
1.424749163879598470e-08 4.217195608104446110e-03
1.434782608695651945e-08 9.032181669578462357e-03
1.444816053511705420e-08 1.295900202376220126e-02
1.454849498327759061e-08 -1.832076909599466468e-03
1.464882943143812537e-08 1.008099281873727979e-02
1.474916387959866012e-08 7.426016825068933007e-03
1.484949832775919487e-08 4.240223636428743469e-03
1.494983277591973128e-08 6.285621032530123477e-03
1.505016722408026604e-08 2.046062735452651004e-03
1.515050167224080079e-08 3.194476599860937745e-03
1.525083612040133554e-08 6.031818312374246684e-03
1.535117056856187030e-08 6.089885940822573236e-03
1.545150501672240505e-08 5.302655683072815193e-03
1.555183946488293981e-08 6.512080135922787734e-03
1.565217391304347456e-08 6.470584039367936573e-03
1.575250836120401262e-08 6.475876157360414831e-03
1.585284280936454738e-08 8.919542699032218316e-03
1.595317725752508213e-08 -3.223703305364953881e-03
1.605351170568561688e-08 1.359690310112403669e-02
1.615384615384615164e-08 8.486531786841128994e-03
1.625418060200668639e-08 4.975756712228779875e-03
1.635451505016722115e-08 7.739527535469737513e-03
1.645484949832775590e-08 -1.158926389750660358e-03
1.655518394648829065e-08 1.032585584678992821e-02
1.665551839464882872e-08 1.072099843740629936e-02
1.675585284280936347e-08 6.728111847735557260e-03
1.685618729096989823e-08 9.078171375344834537e-03
1.695652173913043298e-08 6.550890340847396499e-03
1.705685618729096773e-08 8.039269554810872520e-03
1.715719063545150249e-08 1.128050092547014209e-02
1.725752508361203724e-08 5.331069034941350940e-03
1.735785953177257200e-08 4.679937403435176224e-03
1.745819397993310675e-08 9.051133932330661727e-03
1.755852842809364150e-08 7.527849691103124900e-03
1.765886287625417957e-08 9.211473758103105869e-03
1.775919732441471432e-08 2.090354596209407362e-03
1.785953177257524907e-08 4.910072201918984705e-03
1.795986622073578383e-08 6.962701994540491587e-03
1.806020066889631858e-08 5.559504187112975990e-03
1.816053511705685334e-08 6.711401076505310419e-04
1.826086956521738809e-08 1.415863073489258446e-02
1.836120401337792284e-08 1.496870765469269539e-03
1.846153846153845760e-08 1.358746136553252298e-03
1.856187290969899566e-08 7.322953980921162107e-03
1.866220735785953041e-08 5.648895304533201739e-03
1.876254180602006517e-08 5.178865107428993163e-03
1.886287625418059992e-08 6.836752258492336670e-03
1.896321070234113468e-08 9.000027147427334950e-03
1.906354515050166943e-08 1.393545767229607130e-02
1.916387959866220418e-08 4.760379155656089926e-03
1.926421404682273894e-08 1.026593747259000808e-02
1.936454849498327369e-08 7.013330058962689677e-03
1.946488294314380845e-08 1.075327104711638893e-02
1.956521739130434651e-08 8.559942307406583767e-03
1.966555183946488126e-08 6.355701212878122307e-03
1.976588628762541602e-08 6.321042139256679779e-03
1.986622073578595077e-08 9.589379062752645400e-03
1.996655518394648553e-08 7.073464334218677700e-03
2.006688963210702028e-08 6.875704936851274353e-03
2.016722408026755503e-08 8.999026390267936271e-03
2.026755852842808979e-08 1.152028742655563341e-02
2.036789297658862454e-08 4.627247600473271931e-03
2.046822742474916260e-08 1.342727966922574109e-02
2.056856187290969736e-08 9.860224702601155106e-03
2.066889632107023211e-08 6.340266337971878566e-03
2.076923076923076687e-08 -7.173723917295764859e-04
2.086956521739130162e-08 9.031853646176733058e-03
2.096989966555183637e-08 3.854397807651510199e-03
2.107023411371237113e-08 7.160548725373818389e-03
2.117056856187290588e-08 8.508781210253689442e-03
2.127090301003344064e-08 4.840355495858737062e-03
2.137123745819397539e-08 5.764314832424694696e-03
2.147157190635451345e-08 5.667351042336635225e-03
2.157190635451504821e-08 4.194485037673199163e-03
2.167224080267558296e-08 5.344038291717758196e-03
2.177257525083611771e-08 9.778756555214927846e-04
2.187290969899665247e-08 4.278778702723400745e-03
2.197324414715718722e-08 6.866627877490312330e-03
2.207357859531772198e-08 4.941518207690540759e-03
2.217391304347825673e-08 9.548515628670976862e-03
2.227424749163879148e-08 2.998533478582046663e-03
2.237458193979932955e-08 9.371679138476826307e-03
2.247491638795986430e-08 4.520624727789580334e-03
2.257525083612039905e-08 7.156306533298297315e-03
2.267558528428093381e-08 5.237147494539919589e-03
2.277591973244146856e-08 1.313962776223831681e-02
2.287625418060200332e-08 8.178618054626368011e-03
2.297658862876253807e-08 1.404557293343445395e-02
2.307692307692307282e-08 8.253484925207098602e-03
2.317725752508360758e-08 8.071827957274183701e-03
2.327759197324414233e-08 1.056012636046966408e-02
2.337792642140468040e-08 7.580527059844867008e-03
2.347826086956521515e-08 4.326966386723390089e-03
2.357859531772574990e-08 5.719707299471255176e-03
2.367892976588628466e-08 1.427108142903063710e-02
2.377926421404681941e-08 6.772192737412198807e-03
2.387959866220735417e-08 5.065302032424775364e-03
2.397993311036788892e-08 1.028490872716659316e-02
2.408026755852842367e-08 3.556150645701167991e-03
2.418060200668895843e-08 8.446856408805606536e-03
2.428093645484949649e-08 3.670408901427480840e-03
2.438127090301003124e-08 3.502477504236340550e-03
2.448160535117056600e-08 1.170633448077901956e-02
2.458193979933110075e-08 6.510699671966133778e-03
2.468227424749163551e-08 2.634524187853007956e-03
2.478260869565217026e-08 1.148350590625484523e-02
2.488294314381270501e-08 1.432862595599458840e-02
2.498327759197323977e-08 1.512639242681348192e-03
2.508361204013377452e-08 6.794306157609413324e-03
2.518394648829430928e-08 5.553779324739403778e-03
2.528428093645484734e-08 1.196615622598815910e-02
2.538461538461538209e-08 8.076647183057058393e-03
2.548494983277591685e-08 6.711906678973884183e-03
2.558528428093645160e-08 8.955823016622789859e-03
2.568561872909698635e-08 6.761261138743283536e-03
2.578595317725752111e-08 5.412450122201243122e-03
2.588628762541805586e-08 7.042209906899080801e-03
2.598662207357859062e-08 -1.949813217908114948e-04
2.608695652173912537e-08 9.324017899170925633e-03
2.618729096989966343e-08 1.198343122155995887e-02
2.628762541806019819e-08 8.082954193017638164e-03
2.638795986622073294e-08 7.883192522560660345e-03
2.648829431438126769e-08 6.048485252185112349e-03
2.658862876254180245e-08 5.265543859603351307e-03
2.668896321070233720e-08 9.317604041776623991e-03
2.678929765886287196e-08 9.486159810828398431e-03
2.688963210702340671e-08 2.472036237096444412e-03
2.698996655518394146e-08 3.958914084415295076e-03
2.709030100334447622e-08 1.865283579246047744e-03
2.719063545150501428e-08 8.786312361875547872e-03
2.729096989966554904e-08 5.570068044023919127e-03
2.739130434782608379e-08 3.151072425178729451e-03
2.749163879598661854e-08 8.498238936810587410e-03
2.759197324414715330e-08 8.215598225571591959e-03
2.769230769230768805e-08 5.448714148024352659e-03
2.779264214046822281e-08 6.126300678258690853e-03
2.789297658862875756e-08 8.162535166987760701e-03
2.799331103678929231e-08 2.922804447887664657e-03
2.809364548494983038e-08 4.758159377191223220e-03
2.819397993311036513e-08 1.193436433329018651e-02
2.829431438127089988e-08 1.265793699628290931e-03
2.839464882943143464e-08 4.687817489823371472e-03
2.849498327759196939e-08 7.454778736666397600e-03
2.859531772575250415e-08 1.351773412888697228e-02
2.869565217391303890e-08 1.031515939146017587e-02
2.879598662207357365e-08 7.621816859416589117e-03
2.889632107023410841e-08 8.925715363086459200e-03
2.899665551839464316e-08 8.123997671927731326e-03
2.909698996655518122e-08 6.168857671884356124e-03
2.919732441471571598e-08 6.012521635707171637e-03
2.929765886287625073e-08 1.322987557116815649e-02
2.939799331103678549e-08 1.244848165154105804e-02
2.949832775919732024e-08 9.220466344440209072e-03
2.959866220735785499e-08 4.911558632811242539e-03
2.969899665551838975e-08 6.112564589258607205e-03
2.979933110367892450e-08 7.171068064215804609e-03
2.989966555183946256e-08 9.069311201626212293e-03
2.999999999999999732e-08 7.580489512675803870e-03
