0.000000000000000000e+00 9.999999999999995559e-01
1.003344481605351029e-10 9.978883981269727199e-01
2.006688963210702059e-10 9.916078765321540978e-01
3.010033444816052959e-10 9.813189369259660566e-01
4.013377926421404118e-10 9.672813825811413802e-01
5.016722408026755277e-10 9.498432321136444090e-01
6.020066889632105918e-10 9.294260925674520113e-01
7.023411371237457594e-10 9.065078122624204982e-01
8.026755852842808236e-10 8.816033697721215034e-01
9.030100334448158877e-10 8.552450278153818086e-01
1.003344481605351055e-09 8.279627861605748373e-01
1.103678929765886223e-09 8.002661071804878512e-01
1.204013377926421184e-09 7.726277675363878439e-01
1.304347826086956351e-09 7.454705198900862806e-01
1.404682274247491519e-09 7.191570431422540377e-01
1.505016722408026480e-09 6.939834342732970063e-01
1.605351170568561647e-09 6.701762661446706293e-01
1.705685618729096815e-09 6.478930199355061870e-01
1.806020066889631775e-09 6.272255129261041784e-01
1.906354515050166943e-09 6.082057940435690035e-01
2.006688963210702111e-09 5.908138793276549450e-01
2.107023411371237278e-09 5.749866515292656466e-01
2.207357859531772446e-09 5.606272524179470862e-01
2.307692307692307200e-09 5.476143489514286866e-01
2.408026755852842367e-09 5.358107475677904574e-01
2.508361204013377535e-09 5.250709540192062263e-01
2.608695652173912702e-09 5.152474170879650650e-01
2.709030100334447870e-09 5.061953402196408547e-01
2.809364548494983038e-09 4.977760830007564863e-01
2.909698996655517792e-09 4.898592933828381235e-01
3.010033444816052959e-09 4.823240028279539571e-01
3.110367892976588127e-09 4.750589743120671726e-01
3.210702341137123294e-09 4.679626148908804240e-01
3.311036789297658462e-09 4.609427512108282277e-01
3.411371237458193629e-09 4.539165219767853920e-01
3.511705685618728797e-09 4.468105726375469766e-01
3.612040133779263551e-09 4.395616529957225849e-01
3.712374581939798719e-09 4.321176277083517148e-01
3.812709030100333886e-09 4.244388224559407230e-01
3.913043478260868640e-09 4.164995538797806041e-01
4.013377926421404221e-09 4.082896366062079840e-01
4.113712374581938975e-09 3.998156309815448783e-01
4.214046822742474556e-09 3.911015931242341481e-01
4.314381270903009310e-09 3.821891144027908527e-01
4.414715719063544892e-09 3.731364876650147266e-01
4.515050167224079646e-09 3.640169073660182719e-01
4.615384615384614399e-09 3.549156932961422539e-01
4.715719063545149981e-09 3.459266149406713398e-01
4.816053511705684735e-09 3.371474773384179890e-01
4.916387959866220316e-09 3.286752018210086224e-01
5.016722408026755070e-09 3.206006895358632369e-01
5.117056856187290651e-09 3.130037872392721909e-01
5.217391304347825405e-09 3.059486806803507486e-01
5.317725752508360159e-09 2.994800205022685180e-01
5.418060200668895740e-09 2.936200407983846072e-01
5.518394648829430494e-09 2.883668652010987210e-01
5.618729096989966075e-09 2.836941152570703339e-01
5.719063545150500829e-09 2.795518476009349884e-01
5.819397993311035583e-09 2.758687573409016047e-01
5.919732441471571164e-09 2.725555022358733259e-01
6.020066889632105918e-09 2.695089320435997138e-01
6.120401337792641499e-09 2.666169549422282015e-01
6.220735785953176253e-09 2.637637415921051387e-01
6.321070234113711835e-09 2.608349587316696749e-01
6.421404682274246589e-09 2.577227377654227602e-01
6.521739130434781343e-09 2.543301173589084252e-01
6.622073578595316924e-09 2.505747488262012324e-01
6.722408026755851678e-09 2.463917141736852723e-01
6.822742474916387259e-09 2.417353735071749721e-01
6.923076923076922013e-09 2.365802254604568722e-01
7.023411371237457594e-09 2.309208260961905512e-01
7.123745819397992348e-09 2.247708639330291691e-01
7.224080267558527102e-09 2.181615281101852710e-01
7.324414715719062683e-09 2.111393313470328326e-01
7.424749163879597437e-09 2.037635588878119464e-01
7.525083612040133018e-09 1.961035100306747214e-01
7.625418060200667772e-09 1.882356823135454549e-01
7.725752508361202526e-09 1.802410230515916756e-01
7.826086956521737280e-09 1.722023423079100390e-01
7.926421404682273689e-09 1.642019492794994096e-01
8.026755852842808442e-09 1.563195439923120711e-01
8.127090301003343196e-09 1.486303710311700221e-01
8.227424749163877950e-09 1.412036238456341741e-01
8.327759197324414359e-09 1.341010780324295160e-01
8.428093645484949113e-09 1.273759299136975054e-01
8.528428093645483867e-09 1.210718217447549483e-01
8.628762541806018621e-09 1.152220452207009527e-01
8.729096989966553375e-09 1.098489282681086726e-01
8.829431438127089783e-09 1.049634237959317928e-01
8.929765886287624537e-09 1.005649305708193608e-01
9.030100334448159291e-09 9.664138344771046329e-02
9.130434782608694045e-09 9.316965118832909454e-02
9.230769230769228799e-09 9.011627416934986368e-02
9.331103678929765207e-09 8.743856141216604927e-02
9.431438127090299961e-09 8.508604741070344146e-02
9.531772575250834715e-09 8.300228581095842051e-02
9.632107023411369469e-09 8.112693131418081960e-02
9.732441471571904223e-09 7.939803579742749085e-02
9.832775919732440632e-09 7.775446221671220015e-02
9.933110367892975386e-09 7.613830283148564915e-02
1.003344481605351014e-08 7.449717866765805108e-02
1.013377926421404489e-08 7.278629626531639418e-02
1.023411371237458130e-08 7.097014618429310640e-02
1.033444816053511606e-08 6.902374515590195547e-02
1.043478260869565081e-08 6.693334903080586096e-02
1.053511705685618556e-08 6.469659491491928927e-02
1.063545150501672032e-08 6.232206569336734558e-02
1.073578595317725673e-08 5.982830578219174023e-02
1.083612040133779148e-08 5.724235061838901795e-02
1.093645484949832623e-08 5.459786149180195780e-02
1.103678929765886099e-08 5.193297965303052266e-02
1.113712374581939574e-08 4.928802762882369959e-02
1.123745819397993215e-08 4.670319050857139886e-02
1.133779264214046690e-08 4.421630559296654828e-02
1.143812709030100166e-08 4.186087594821548408e-02
1.153846153846153641e-08 3.966440349037678170e-02
1.163879598662207117e-08 3.764711215826294782e-02
1.173913043478260757e-08 3.582110376558680226e-02
1.183946488294314233e-08 3.418996060138868032e-02
1.193979933110367708e-08 3.274878200211565893e-02
1.204013377926421184e-08 3.148461886297233142e-02
1.214046822742474824e-08 3.037725183071426568e-02
1.224080267558528300e-08 2.940024658865567769e-02
1.234113712374581775e-08 2.852221345383555012e-02
1.244147157190635251e-08 2.770819810875111561e-02
1.254180602006688726e-08 2.692113482691823809e-02
1.264214046822742367e-08 2.612330178225234084e-02
1.274247491638795842e-08 2.527772849699239099e-02
1.284280936454849318e-08 2.434951667843151743e-02
1.294314381270902793e-08 2.330704624527679680e-02
1.304347826086956269e-08 2.212304714887938437e-02
1.314381270903009909e-08 2.077552393512914486e-02
1.324414715719063385e-08 1.924852359502478294e-02
1.334448160535116860e-08 1.753273829051320634e-02
1.344481605351170336e-08 1.562593359392862313e-02
1.354515050167223811e-08 1.353319082972589960e-02
1.364548494983277452e-08 1.126695002212698901e-02
1.374581939799330927e-08 8.846838930250263203e-03
1.384615384615384403e-08 6.299274673634358036e-03
1.394648829431437878e-08 3.656828241824330514e-03
1.404682274247491519e-08 9.573491070016780513e-04
1.414715719063544994e-08 -1.757142842011583453e-03
1.424749163879598470e-08 -4.441778254565388259e-03
1.434782608695651945e-08 -7.050338136184233773e-03
1.444816053511705420e-08 -9.536883834496284046e-03
1.454849498327759061e-08 -1.185745482529285653e-02
1.464882943143812537e-08 -1.397176073822425230e-02
1.474916387959866012e-08 -1.584478672397951829e-02
1.484949832775919487e-08 -1.744822889669767757e-02
1.494983277591973128e-08 -1.876167990992264750e-02
1.505016722408026604e-08 -1.977349397907671169e-02
1.515050167224080079e-08 -2.048127555254608545e-02
1.525083612040133554e-08 -2.089195553334933370e-02
1.535117056856187030e-08 -2.102144216998790699e-02
1.545150501672240505e-08 -2.089385880950072466e-02
1.555183946488293981e-08 -2.054040575714637107e-02
1.565217391304347456e-08 -1.999790657987617071e-02
1.575250836120401262e-08 -1.930711850918737094e-02
1.585284280936454738e-08 -1.851090061296408948e-02
1.595317725752508213e-08 -1.765234101119995958e-02
1.605351170568561688e-08 -1.677294502974026325e-02
1.615384615384615164e-08 -1.591097982154096938e-02
1.625418060200668639e-08 -1.510005821677921217e-02
1.635451505016722115e-08 -1.436802649524911678e-02
1.645484949832775590e-08 -1.373619893128299671e-02
1.655518394648829065e-08 -1.321895814739385347e-02
1.665551839464882872e-08 -1.282371644753370170e-02
1.675585284280936347e-08 -1.255121124596826621e-02
1.685618729096989823e-08 -1.239608910226401399e-02
1.695652173913043298e-08 -1.234771899224570806e-02
1.705685618729096773e-08 -1.239116709714742359e-02
1.715719063545150249e-08 -1.250826286181647151e-02
1.725752508361203724e-08 -1.267868910958571890e-02
1.735785953177257200e-08 -1.288103687079881002e-02
1.745819397993310675e-08 -1.309377715048809857e-02
1.755852842809364150e-08 -1.329611572202342440e-02
1.765886287625417957e-08 -1.346871165625498912e-02
1.775919732441471432e-08 -1.359425417882930733e-02
1.785953177257524907e-08 -1.365790426930752442e-02
1.795986622073578383e-08 -1.364761615571275476e-02
1.806020066889631858e-08 -1.355435889377323497e-02
1.816053511705685334e-08 -1.337225937219499797e-02
1.826086956521738809e-08 -1.309868562100948396e-02
1.836120401337792284e-08 -1.273428388935459940e-02
1.846153846153845760e-08 -1.228297559031344896e-02
1.856187290969899566e-08 -1.175191207462574459e-02
1.866220735785953041e-08 -1.115137755086361045e-02
1.876254180602006517e-08 -1.049462450328238206e-02
1.886287625418059992e-08 -9.797622652945718949e-03
1.896321070234113468e-08 -9.078702533969732272e-03
1.906354515050166943e-08 -8.358078398813065593e-03
1.916387959866220418e-08 -7.657242286694031230e-03
1.926421404682273894e-08 -6.998231137182038888e-03
1.936454849498327369e-08 -6.402780896003084504e-03
1.946488294314380845e-08 -5.891394460090296908e-03
1.956521739130434651e-08 -5.482362708168225622e-03
1.966555183946488126e-08 -5.190788406230940379e-03
1.976588628762541602e-08 -5.027670226111408819e-03
1.986622073578595077e-08 -4.999107476011659806e-03
1.996655518394648553e-08 -5.105684768456690732e-03
2.006688963210702028e-08 -5.342089516749918415e-03
2.016722408026755503e-08 -5.697004079022986375e-03
2.026755852842808979e-08 -6.153299221680098852e-03
2.036789297658862454e-08 -6.688537399834946010e-03
2.046822742474916260e-08 -7.275774496675276037e-03
2.056856187290969736e-08 -7.884628652310947741e-03
2.066889632107023211e-08 -8.482566218267546809e-03
2.076923076923076687e-08 -9.036339178635631464e-03
2.086956521739130162e-08 -9.513496846056656783e-03
2.096989966555183637e-08 -9.883888205771801036e-03
2.107023411371237113e-08 -1.012107047356858996e-02
2.117056856187290588e-08 -1.020354433574825748e-02
2.127090301003344064e-08 -1.011574658379487714e-02
2.137123745819397539e-08 -9.848745663455544738e-03
2.147157190635451345e-08 -9.400603907243287871e-03
2.157190635451504821e-08 -8.776390549857968418e-03
2.167224080267558296e-08 -7.987850553043834151e-03
2.177257525083611771e-08 -7.052754305947262804e-03
2.187290969899665247e-08 -5.993971055437045427e-03
2.197324414715718722e-08 -4.838323319591716215e-03
2.207357859531772198e-08 -3.615289714451193348e-03
2.217391304347825673e-08 -2.355629104644471616e-03
2.227424749163879148e-08 -1.089999674096735378e-03
2.237458193979932955e-08 1.523573335446108679e-04
2.247491638795986430e-08 1.344807254400003614e-03
2.257525083612039905e-08 2.464333998139380151e-03
2.267558528428093381e-08 3.492336431083096267e-03
2.277591973244146856e-08 4.415185321655560984e-03
2.287625418060200332e-08 5.224531201091658222e-03
2.297658862876253807e-08 5.917366784106796278e-03
2.307692307692307282e-08 6.495859239600878729e-03
2.317725752508360758e-08 6.966977058039370251e-03
2.327759197324414233e-08 7.341943224253337334e-03
2.337792642140468040e-08 7.635550799679985921e-03
2.347826086956521515e-08 7.865378982701971139e-03
2.357859531772574990e-08 8.050947552477937669e-03
2.367892976588628466e-08 8.212845726518914341e-03
2.377926421404681941e-08 8.371868346493126917e-03
2.387959866220735417e-08 8.548188420454738701e-03
2.397993311036788892e-08 8.760590813166832871e-03
2.408026755852842367e-08 9.025787623329143902e-03
2.418060200668895843e-08 9.357831743430231053e-03
2.428093645484949649e-08 9.767641377598439145e-03
2.438127090301003124e-08 1.026264490494804490e-02
2.448160535117056600e-08 1.084655234946418217e-02
2.458193979933110075e-08 1.151925673181979082e-02
2.468227424749163551e-08 1.227686559869042848e-02
2.478260869565217026e-08 1.311185993610562359e-02
2.488294314381270501e-08 1.401337440900247457e-02
2.498327759197323977e-08 1.496758943200357517e-02
2.508361204013377452e-08 1.595822204625450477e-02
2.518394648829430928e-08 1.696709910698330354e-02
2.528428093645484734e-08 1.797479308732249925e-02
2.538461538461538209e-08 1.896129812019056032e-02
2.548494983277591685e-08 1.990672197857116035e-02
2.558528428093645160e-08 2.079196875213648599e-02
2.568561872909698635e-08 2.159938717109707168e-02
2.578595317725752111e-08 2.231336092797028131e-02
2.588628762541805586e-08 2.292081992675763444e-02
2.598662207357859062e-08 2.341165501619627345e-02
2.608695652173912537e-08 2.377902321479363756e-02
2.618729096989966343e-08 2.401953541193923430e-02
2.628762541806019819e-08 2.413332368848621415e-02
2.638795986622073294e-08 2.412399038892278080e-02
2.648829431438126769e-08 2.399844556935072995e-02
2.658862876254180245e-08 2.376664317515369065e-02
2.668896321070233720e-08 2.344122909123876053e-02
2.678929765886287196e-08 2.303711598248539549e-02
2.688963210702340671e-08 2.257100063845494248e-02
2.698996655518394146e-08 2.206083949179855203e-02
2.709030100334447622e-08 2.152529731246617672e-02
2.719063545150501428e-08 2.098318305872245645e-02
2.729096989966554904e-08 2.045288577379143768e-02
2.739130434782608379e-08 1.995182251089593073e-02
2.749163879598661854e-08 1.949590974458203368e-02
2.759197324414715330e-08 1.909906968569725569e-02
2.769230769230768805e-08 1.877278335369810675e-02
2.779264214046822281e-08 1.852570304964597236e-02
2.789297658862875756e-08 1.836333778655552598e-02
2.799331103678929231e-08 1.828782595867874464e-02
2.809364548494983038e-08 1.829780970992375688e-02
2.819397993311036513e-08 1.838842473513985221e-02
2.829431438127089988e-08 1.855141730575969247e-02
2.839464882943143464e-08 1.877539693812815824e-02
2.849498327759196939e-08 1.904622823954406005e-02
2.859531772575250415e-08 1.934755915861723075e-02
2.869565217391303890e-08 1.966147539453061421e-02
2.879598662207357365e-08 1.996926251603418911e-02
2.889632107023410841e-08 2.025224898240040455e-02
2.899665551839464316e-08 2.049269542426566948e-02
2.909698996655518122e-08 2.067468895647012889e-02
2.919732441471571598e-08 2.078499666051474709e-02
2.929765886287625073e-08 2.081383030295712311e-02
2.939799331103678549e-08 2.075547530297873131e-02
2.949832775919732024e-08 2.060874117009135059e-02
2.959866220735785499e-08 2.037719809257231354e-02
2.969899665551838975e-08 2.006917479009740976e-02
2.979933110367892450e-08 1.969750560749495769e-02
2.989966555183946256e-08 1.927902934385392411e-02
2.999999999999999732e-08 1.883385752426439824e-02
