0.000000000000000000e+00 9.999999999999995559e-01
1.003344481605351029e-10 -9.053412654317714425e-04
2.006688963210702059e-10 3.961004401807868835e-03
3.010033444816052959e-10 7.033831936624113275e-03
4.013377926421404118e-10 1.351748901507130417e-02
5.016722408026755277e-10 2.309451209290412817e-03
6.020066889632105918e-10 1.282509357916776505e-02
7.023411371237457594e-10 8.294880192748734643e-03
8.026755852842808236e-10 1.283840147395827122e-02
9.030100334448158877e-10 1.633191303400256290e-03
1.003344481605351055e-09 6.861236852834679337e-03
1.103678929765886223e-09 1.348429461332301647e-02
1.204013377926421184e-09 9.849771808175167634e-03
1.304347826086956351e-09 1.314990403789973415e-02
1.404682274247491519e-09 9.732091441956884290e-03
1.505016722408026480e-09 7.071155888536411090e-03
1.605351170568561647e-09 3.964399148889695239e-03
1.705685618729096815e-09 1.920187928122131949e-03
1.806020066889631775e-09 3.619444487814155696e-03
1.906354515050166943e-09 9.659099611973046007e-03
2.006688963210702111e-09 1.007688569869279703e-02
2.107023411371237278e-09 9.463300282937358449e-03
2.207357859531772446e-09 4.611815714703149105e-03
2.307692307692307200e-09 5.908817154285459644e-03
2.408026755852842367e-09 -3.018959622090648621e-05
2.508361204013377535e-09 1.561551209461047723e-02
2.608695652173912702e-09 3.664808370709835093e-03
2.709030100334447870e-09 9.783806304645231711e-03
2.809364548494983038e-09 7.284836505381407125e-03
2.909698996655517792e-09 8.955205205390953313e-03
3.010033444816052959e-09 6.488828238552861796e-03
3.110367892976588127e-09 7.872425569880651952e-03
3.210702341137123294e-09 3.022494386284051322e-03
3.311036789297658462e-09 1.414275529041554742e-02
3.411371237458193629e-09 3.821202354310529155e-04
3.511705685618728797e-09 6.732728563775670569e-03
3.612040133779263551e-09 3.101691157142499270e-03
3.712374581939798719e-09 7.262240016553309606e-03
3.812709030100333886e-09 6.486190430636057380e-03
3.913043478260868640e-09 1.528171037703004477e-02
4.013377926421404221e-09 7.284451671562755005e-03
4.113712374581938975e-09 3.749523871565139336e-03
4.214046822742474556e-09 2.250966451762230133e-03
4.314381270903009310e-09 1.068314788268968571e-02
4.414715719063544892e-09 1.151956777440981891e-02
4.515050167224079646e-09 8.223103482834857869e-03
4.615384615384614399e-09 9.933194956932213382e-03
4.715719063545149981e-09 9.678297682090339707e-03
4.816053511705684735e-09 9.308252233215626864e-03
4.916387959866220316e-09 4.215263168148708842e-03
5.016722408026755070e-09 8.590557290371473795e-03
5.117056856187290651e-09 5.956212682354587555e-03
5.217391304347825405e-09 1.039142918493031476e-02
5.317725752508360159e-09 7.653136617128383605e-03
5.418060200668895740e-09 5.568109686758099947e-03
5.518394648829430494e-09 1.772875798806285152e-03
5.618729096989966075e-09 4.937682628941444593e-03
5.719063545150500829e-09 6.875823151405255178e-03
5.819397993311035583e-09 1.050784644376564179e-02
5.919732441471571164e-09 1.358885698589807137e-02
6.020066889632105918e-09 5.222343363593413140e-03
6.120401337792641499e-09 1.301129048207882825e-03
6.220735785953176253e-09 6.464468010559928056e-03
6.321070234113711835e-09 2.162684492917410235e-03
6.421404682274246589e-09 9.404452048381280529e-03
6.521739130434781343e-09 6.543534756480702888e-03
6.622073578595316924e-09 5.957301026586406603e-03
6.722408026755851678e-09 6.847172773426855007e-03
6.822742474916387259e-09 1.122900378706364992e-02
6.923076923076922013e-09 5.596482615841483557e-03
7.023411371237457594e-09 6.432832678452482869e-03
7.123745819397992348e-09 6.571316337229209624e-03
7.224080267558527102e-09 4.198028041026823239e-04
7.324414715719062683e-09 7.084998948649596714e-03
7.424749163879597437e-09 9.828701076456445793e-03
7.525083612040133018e-09 8.873291611060336176e-03
7.625418060200667772e-09 2.955896618135429952e-03
7.725752508361202526e-09 1.288610509411783518e-02
7.826086956521737280e-09 3.873259523142756969e-03
7.926421404682273689e-09 5.168008527561131910e-03
8.026755852842808442e-09 1.100053665357322505e-02
8.127090301003343196e-09 8.818833516036876305e-03
8.227424749163877950e-09 1.035508883979252732e-03
8.327759197324414359e-09 6.605500462646673185e-04
8.428093645484949113e-09 1.098163992582659905e-02
8.528428093645483867e-09 9.431022000970257571e-03
8.628762541806018621e-09 9.753200433856693691e-03
8.729096989966553375e-09 9.791519716140255000e-03
8.829431438127089783e-09 9.180004370616995715e-03
8.929765886287624537e-09 6.608535634890016011e-03
9.030100334448159291e-09 2.354246595467485159e-04
9.130434782608694045e-09 5.894351599965699448e-03
9.230769230769228799e-09 8.292252732869152473e-03
9.331103678929765207e-09 1.192095034791473482e-02
9.431438127090299961e-09 3.981145121650382646e-03
9.531772575250834715e-09 3.122194952777680547e-03
9.632107023411369469e-09 1.128624101618335741e-02
9.732441471571904223e-09 9.141925223742018367e-03
9.832775919732440632e-09 6.441151749261090666e-03
9.933110367892975386e-09 8.020310607172148609e-03
1.003344481605351014e-08 8.901614798641422494e-03
1.013377926421404489e-08 7.362147490140458911e-03
1.023411371237458130e-08 5.097638289121000400e-03
1.033444816053511606e-08 1.184905353934858664e-02
1.043478260869565081e-08 1.479512731300914631e-02
1.053511705685618556e-08 1.094140108669122875e-02
1.063545150501672032e-08 7.691905254622424457e-03
1.073578595317725673e-08 4.957686215814461998e-03
1.083612040133779148e-08 1.058175154574337272e-02
1.093645484949832623e-08 2.327173687093812924e-03
1.103678929765886099e-08 8.755402330162977489e-03
1.113712374581939574e-08 8.246374467931607416e-03
1.123745819397993215e-08 4.616999643946036354e-03
1.133779264214046690e-08 8.008498542860550962e-03
1.143812709030100166e-08 9.681075320130634598e-03
1.153846153846153641e-08 3.454950661743297780e-03
1.163879598662207117e-08 8.715611494118494229e-03
1.173913043478260757e-08 8.347631451232760680e-03
1.183946488294314233e-08 1.123195092086505358e-02
1.193979933110367708e-08 9.827851065355379390e-03
1.204013377926421184e-08 3.469913777437843520e-03
1.214046822742474824e-08 2.628531978756041415e-03
1.224080267558528300e-08 4.805070962123442375e-03
1.234113712374581775e-08 9.000690118466350004e-03
1.244147157190635251e-08 1.529169715496058075e-02
1.254180602006688726e-08 5.213943307269492365e-03
1.264214046822742367e-08 1.050786870431180166e-02
1.274247491638795842e-08 8.399689436564352490e-03
1.284280936454849318e-08 1.281570449187185122e-02
1.294314381270902793e-08 1.176547764537436147e-02
1.304347826086956269e-08 2.335962250182943394e-04
1.314381270903009909e-08 7.543592031169475860e-03
1.324414715719063385e-08 4.807923236479681728e-03
1.334448160535116860e-08 9.881340817458592746e-03
1.344481605351170336e-08 5.429004586840575561e-03
1.354515050167223811e-08 7.850386443367721873e-03
1.364548494983277452e-08 1.078121173976322872e-02
1.374581939799330927e-08 2.164496879345978973e-03
1.384615384615384403e-08 9.011285377658060161e-03
1.394648829431437878e-08 7.982096419824816561e-03
1.404682274247491519e-08 2.186435231312190350e-03
1.414715719063544994e-08 1.454075195909939819e-02
1.424749163879598470e-08 5.365041018481830730e-03
1.434782608695651945e-08 1.134225732037799812e-02
1.444816053511705420e-08 5.292753376569438693e-03
1.454849498327759061e-08 8.121923586219482322e-03
1.464882943143812537e-08 7.677973105516538478e-03
1.474916387959866012e-08 1.011719158106542601e-02
1.484949832775919487e-08 6.282838369549131538e-03
1.494983277591973128e-08 1.320545784877370440e-02
1.505016722408026604e-08 7.256012582675124348e-03
1.515050167224080079e-08 5.859468801914786799e-03
1.525083612040133554e-08 7.392825246410341354e-03
1.535117056856187030e-08 4.048819024110248029e-03
1.545150501672240505e-08 3.874847913639047937e-03
1.555183946488293981e-08 1.736730939158884907e-02
1.565217391304347456e-08 5.348817737891311923e-03
1.575250836120401262e-08 1.543864556159600665e-02
1.585284280936454738e-08 1.141385549258667597e-03
1.595317725752508213e-08 1.528001315649861816e-02
1.605351170568561688e-08 -1.043831911945267187e-03
1.615384615384615164e-08 8.867753234105999263e-03
1.625418060200668639e-08 2.873700728981972742e-03
1.635451505016722115e-08 6.277031077358945395e-03
1.645484949832775590e-08 9.261580614911739742e-03
1.655518394648829065e-08 8.358694120845769002e-03
1.665551839464882872e-08 1.384648061766005807e-02
1.675585284280936347e-08 7.029078891454636040e-03
1.685618729096989823e-08 5.580176484158034036e-03
1.695652173913043298e-08 9.063477458467594089e-03
1.705685618729096773e-08 1.287586464000769690e-02
1.715719063545150249e-08 8.174725483882653437e-03
1.725752508361203724e-08 1.441412893112437379e-02
1.735785953177257200e-08 5.959494759741823348e-03
1.745819397993310675e-08 8.221462860402362766e-03
1.755852842809364150e-08 5.270905260131021099e-03
1.765886287625417957e-08 8.080087343169270464e-03
1.775919732441471432e-08 4.153924770045432611e-03
1.785953177257524907e-08 5.635569254261509411e-03
1.795986622073578383e-08 7.698992837133258535e-03
1.806020066889631858e-08 9.529195111327572881e-03
1.816053511705685334e-08 1.033213304018103240e-02
1.826086956521738809e-08 3.174815735616919044e-03
1.836120401337792284e-08 5.295806241576661577e-03
1.846153846153845760e-08 3.298430732611482095e-03
1.856187290969899566e-08 7.732696096862068554e-03
1.866220735785953041e-08 4.659807363563519319e-04
1.876254180602006517e-08 5.186070174921340523e-03
1.886287625418059992e-08 6.089657171693234339e-03
1.896321070234113468e-08 9.198040604951994090e-03
1.906354515050166943e-08 5.774739162776182377e-03
1.916387959866220418e-08 1.256683131006861714e-02
1.926421404682273894e-08 5.532615546903289425e-03
1.936454849498327369e-08 7.294101428156416888e-04
1.946488294314380845e-08 1.321546316740584981e-02
1.956521739130434651e-08 1.239187298834869971e-02
1.966555183946488126e-08 9.307661727939885513e-03
1.976588628762541602e-08 7.067835447717683850e-03
1.986622073578595077e-08 6.854954763503021999e-03
1.996655518394648553e-08 3.382200852530528948e-03
2.006688963210702028e-08 5.470768121964899103e-03
2.016722408026755503e-08 1.053568542684416888e-02
2.026755852842808979e-08 2.846317206360778843e-03
2.036789297658862454e-08 7.521473492771785056e-03
2.046822742474916260e-08 8.014216412944320453e-03
2.056856187290969736e-08 4.557448148114331965e-03
2.066889632107023211e-08 1.204436128111355080e-02
2.076923076923076687e-08 9.030693147067735821e-03
2.086956521739130162e-08 5.755679093067758885e-03
2.096989966555183637e-08 -2.193238640358199975e-04
2.107023411371237113e-08 5.647092404356221507e-03
2.117056856187290588e-08 -1.646046575596226899e-03
2.127090301003344064e-08 5.437609988722757678e-03
2.137123745819397539e-08 3.034582701989128797e-03
2.147157190635451345e-08 1.066363327058770377e-02
2.157190635451504821e-08 1.326817237117553991e-02
2.167224080267558296e-08 1.007719015926237908e-02
2.177257525083611771e-08 7.686635166663794566e-03
2.187290969899665247e-08 5.582573274170007406e-03
2.197324414715718722e-08 3.664298768778886765e-03
2.207357859531772198e-08 6.370972778381719243e-03
2.217391304347825673e-08 1.063753482431299864e-02
2.227424749163879148e-08 1.053042064356391437e-02
2.237458193979932955e-08 2.415684198031053768e-03
2.247491638795986430e-08 5.448326074477662616e-03
2.257525083612039905e-08 9.631963425277161039e-03
2.267558528428093381e-08 3.957950439124525814e-03
2.277591973244146856e-08 1.027836340728187879e-02
2.287625418060200332e-08 6.191146863028196452e-03
2.297658862876253807e-08 1.014290569809441975e-02
2.307692307692307282e-08 -9.284846798213405340e-04
2.317725752508360758e-08 1.202950381031856961e-02
2.327759197324414233e-08 8.463678818059875569e-03
2.337792642140468040e-08 3.432360788262321053e-03
2.347826086956521515e-08 5.937661180983227864e-03
2.357859531772574990e-08 3.202323332741471504e-03
2.367892976588628466e-08 4.933851531840741968e-03
2.377926421404681941e-08 1.058272552556650467e-02
2.387959866220735417e-08 1.199348894435238629e-02
2.397993311036788892e-08 1.162063137282894065e-02
2.408026755852842367e-08 1.244297265813196565e-02
2.418060200668895843e-08 4.349482126047555207e-03
2.428093645484949649e-08 7.713528033614643932e-03
2.438127090301003124e-08 3.232129614437423068e-03
2.448160535117056600e-08 6.028805870132629072e-03
2.458193979933110075e-08 1.447063924532895722e-03
2.468227424749163551e-08 9.729123368884713685e-03
2.478260869565217026e-08 4.197757518315472017e-03
2.488294314381270501e-08 3.351141241517275118e-03
2.498327759197323977e-08 7.720343993323573739e-03
2.508361204013377452e-08 1.450837603659624418e-03
2.518394648829430928e-08 7.444039053738830611e-03
2.528428093645484734e-08 6.475757842234913277e-03
2.538461538461538209e-08 1.399712051663829816e-02
2.548494983277591685e-08 7.282627124565482779e-03
2.558528428093645160e-08 1.224310255056684088e-02
2.568561872909698635e-08 2.655562798344187833e-05
2.578595317725752111e-08 3.276466141372356977e-03
2.588628762541805586e-08 3.559984679895612878e-03
2.598662207357859062e-08 8.764393036470686377e-03
2.608695652173912537e-08 1.166158287826031537e-02
2.618729096989966343e-08 6.262163334514923851e-03
2.628762541806019819e-08 8.414815856935271843e-03
2.638795986622073294e-08 1.301049661716833714e-02
2.648829431438126769e-08 9.754995572653841693e-03
2.658862876254180245e-08 1.483643400762665703e-02
2.668896321070233720e-08 -3.710572745144000845e-04
2.678929765886287196e-08 3.410618564514524345e-03
2.688963210702340671e-08 1.136707762689777475e-02
2.698996655518394146e-08 6.883550363781071671e-03
2.709030100334447622e-08 1.034387946520730177e-02
2.719063545150501428e-08 7.575819735272538297e-03
2.729096989966554904e-08 7.786102537053303345e-03
2.739130434782608379e-08 8.900976769093635679e-03
2.749163879598661854e-08 1.125235052652702634e-02
2.759197324414715330e-08 1.043800983990563619e-02
2.769230769230768805e-08 1.217436951235950984e-02
2.779264214046822281e-08 1.085647034151784353e-02
2.789297658862875756e-08 8.568260251304384706e-03
2.799331103678929231e-08 1.208539598352725841e-02
2.809364548494983038e-08 -5.042394913173737971e-04
2.819397993311036513e-08 1.222261684154537544e-02
2.829431438127089988e-08 9.721926077373066813e-03
2.839464882943143464e-08 8.270101660714805972e-03
2.849498327759196939e-08 9.700580880049372232e-03
2.859531772575250415e-08 1.620413812224406544e-02
2.869565217391303890e-08 5.873608039234728094e-03
2.879598662207357365e-08 9.560057655991249445e-03
2.889632107023410841e-08 1.154312568708761727e-02
2.899665551839464316e-08 7.745281436000351835e-03
2.909698996655518122e-08 3.409005482233731354e-03
2.919732441471571598e-08 1.022011916224389340e-02
2.929765886287625073e-08 1.932039510086218468e-03
2.939799331103678549e-08 6.516968416134123407e-03
2.949832775919732024e-08 6.242483380976982660e-03
2.959866220735785499e-08 1.617841200438596564e-03
2.969899665551838975e-08 5.147312144511061345e-03
2.979933110367892450e-08 5.288754248699147759e-03
2.989966555183946256e-08 1.030157848588256556e-02
2.999999999999999732e-08 8.802983666618923592e-03
