0.000000000000000000e+00 9.999999999999995559e-01
1.003344481605351029e-10 9.307200121682335930e-03
2.006688963210702059e-10 9.925808568442764587e-03
3.010033444816052959e-10 6.894448262350829498e-03
4.013377926421404118e-10 6.473970115605811280e-03
5.016722408026755277e-10 4.107512360632444709e-03
6.020066889632105918e-10 7.701184620677000922e-03
7.023411371237457594e-10 1.161608513233516708e-02
8.026755852842808236e-10 2.047466105763272662e-03
9.030100334448158877e-10 7.622788880198221734e-03
1.003344481605351055e-09 1.017346904133043309e-02
1.103678929765886223e-09 4.369258373923838069e-03
1.204013377926421184e-09 6.735193174403578814e-03
1.304347826086956351e-09 7.290656788694214498e-03
1.404682274247491519e-09 6.843530818676057080e-03
1.505016722408026480e-09 1.339223111830659813e-02
1.605351170568561647e-09 1.027302238418770046e-02
1.705685618729096815e-09 7.684408755147025850e-03
1.806020066889631775e-09 5.955034716003082020e-03
1.906354515050166943e-09 7.205547909182906559e-03
2.006688963210702111e-09 1.016555682812757613e-02
2.107023411371237278e-09 1.334644832273552441e-02
2.207357859531772446e-09 4.606164963761722603e-03
2.307692307692307200e-09 7.443992706239550318e-03
2.408026755852842367e-09 9.456127320658218663e-03
2.508361204013377535e-09 1.418230157891371343e-02
2.608695652173912702e-09 8.806887794762529448e-03
2.709030100334447870e-09 1.547124257464215120e-02
2.809364548494983038e-09 5.744104654735687418e-03
2.909698996655517792e-09 8.524000333598283005e-03
3.010033444816052959e-09 6.509740056914738518e-03
3.110367892976588127e-09 1.263115920826606703e-02
3.210702341137123294e-09 6.121301152793844416e-03
3.311036789297658462e-09 1.011698728204084297e-02
3.411371237458193629e-09 7.318842050275655917e-03
3.511705685618728797e-09 3.807021419567019425e-03
3.612040133779263551e-09 8.257171012743397265e-03
3.712374581939798719e-09 9.014544958287786999e-03
3.812709030100333886e-09 5.668621781232138432e-03
3.913043478260868640e-09 7.000883239273393479e-04
4.013377926421404221e-09 7.488305207852485011e-03
4.113712374581938975e-09 4.876307312327281956e-03
4.214046822742474556e-09 1.601789093596451717e-04
4.314381270903009310e-09 8.565306504676338875e-03
4.414715719063544892e-09 1.015778155411791242e-02
4.515050167224079646e-09 8.524516304286855473e-03
4.615384615384614399e-09 1.307847748249842080e-03
4.715719063545149981e-09 6.070451663522921648e-03
4.816053511705684735e-09 1.230808891649384437e-02
4.916387959866220316e-09 1.425329570108475712e-02
5.016722408026755070e-09 1.055048653625461318e-02
5.117056856187290651e-09 1.176600713105268974e-02
5.217391304347825405e-09 -8.886563690230608447e-04
5.317725752508360159e-09 6.190263952310200851e-03
5.418060200668895740e-09 1.021252351957742041e-02
5.518394648829430494e-09 1.375318331436616894e-02
5.618729096989966075e-09 1.673006943499773247e-02
5.719063545150500829e-09 7.291858177729150861e-03
5.819397993311035583e-09 8.852123236068440773e-03
5.919732441471571164e-09 5.622756201748938323e-03
6.020066889632105918e-09 5.173545484464798019e-03
6.120401337792641499e-09 3.853722970411639030e-03
6.220735785953176253e-09 1.087382367438870408e-02
6.321070234113711835e-09 1.104842041004028622e-02
6.421404682274246589e-09 1.161496566321227122e-02
6.521739130434781343e-09 1.812878364722932470e-02
6.622073578595316924e-09 6.117890311124754392e-03
6.722408026755851678e-09 4.199032899825585682e-03
6.822742474916387259e-09 8.978988629986665512e-03
6.923076923076922013e-09 1.005141186912223046e-02
7.023411371237457594e-09 9.695832154346627207e-03
7.123745819397992348e-09 6.483872240842843832e-03
7.224080267558527102e-09 4.403056131679811830e-03
7.324414715719062683e-09 6.846497508152055156e-03
7.424749163879597437e-09 1.572073228705290343e-02
7.525083612040133018e-09 1.197195397995905013e-02
7.625418060200667772e-09 1.283885442613206043e-02
7.725752508361202526e-09 5.240659362347133143e-03
7.826086956521737280e-09 1.397905723588721560e-02
7.926421404682273689e-09 1.411333629646806254e-02
8.026755852842808442e-09 1.109689691737209515e-02
8.127090301003343196e-09 8.851219335164474747e-03
8.227424749163877950e-09 3.380853815931667353e-03
8.327759197324414359e-09 3.401639558853553416e-03
8.428093645484949113e-09 5.425480607470611893e-03
8.528428093645483867e-09 6.641930514855609417e-03
8.628762541806018621e-09 1.301308278416226684e-02
8.729096989966553375e-09 7.947950480722377337e-03
8.829431438127089783e-09 8.273534756719663416e-03
8.929765886287624537e-09 9.142667182966468520e-03
9.030100334448159291e-09 2.656679068564729313e-03
9.130434782608694045e-09 6.519538107617054226e-03
9.230769230769228799e-09 6.780796081720846628e-03
9.331103678929765207e-09 7.309439275505241924e-03
9.431438127090299961e-09 7.003375637560568627e-03
9.531772575250834715e-09 7.399665627683370273e-03
9.632107023411369469e-09 3.578237045096004793e-03
9.732441471571904223e-09 1.527813730183752048e-03
9.832775919732440632e-09 1.109947360065866029e-02
9.933110367892975386e-09 1.658693393006329883e-02
1.003344481605351014e-08 7.546555128601003908e-03
1.013377926421404489e-08 2.774715370616036639e-03
1.023411371237458130e-08 -1.103948958287245992e-03
1.033444816053511606e-08 3.892380663060872673e-03
1.043478260869565081e-08 4.763655649833216203e-03
1.053511705685618556e-08 7.931065410295668264e-03
1.063545150501672032e-08 3.195856354764029308e-03
1.073578595317725673e-08 3.802778601611298253e-03
1.083612040133779148e-08 1.248703753139535251e-02
1.093645484949832623e-08 5.832703804246611862e-03
1.103678929765886099e-08 3.135317597820829610e-03
1.113712374581939574e-08 1.127318155751031760e-02
1.123745819397993215e-08 1.244058707561923778e-02
1.133779264214046690e-08 1.052378700444525465e-02
1.143812709030100166e-08 1.650346404794207980e-02
1.153846153846153641e-08 8.402451323418168999e-03
1.163879598662207117e-08 9.064708796098915403e-03
1.173913043478260757e-08 1.110176692468332026e-02
1.183946488294314233e-08 6.409797284711618928e-03
1.193979933110367708e-08 2.625955849978088910e-03
1.204013377926421184e-08 3.400131577954591984e-03
1.214046822742474824e-08 7.211731276914329011e-03
1.224080267558528300e-08 4.818619261134025542e-03
1.234113712374581775e-08 8.806284694379624273e-03
1.244147157190635251e-08 1.276655081078722012e-02
1.254180602006688726e-08 8.242435836284353612e-03
1.264214046822742367e-08 2.914267186124888838e-03
1.274247491638795842e-08 4.409369835766601547e-03
1.284280936454849318e-08 9.466836155230598515e-03
1.294314381270902793e-08 8.998651344220636242e-03
1.304347826086956269e-08 1.190025568600212511e-02
1.314381270903009909e-08 2.722642981197965703e-03
1.324414715719063385e-08 7.790814684844882265e-03
1.334448160535116860e-08 3.417038663053251907e-03
1.344481605351170336e-08 5.509017632463066028e-03
1.354515050167223811e-08 8.557119888102635019e-03
1.364548494983277452e-08 7.926319609119315129e-03
1.374581939799330927e-08 5.847906992324674626e-03
1.384615384615384403e-08 1.902012030580435900e-02
1.394648829431437878e-08 8.997375353035491630e-03
1.404682274247491519e-08 3.783061466727122551e-03
1.414715719063544994e-08 1.279074263923304054e-02
1.424749163879598470e-08 2.224574382817700712e-03
1.434782608695651945e-08 9.390180145006966211e-03
1.444816053511705420e-08 9.577392125608531065e-03
1.454849498327759061e-08 9.496441835992535177e-03
1.464882943143812537e-08 3.030289621292398417e-03
1.474916387959866012e-08 9.720102147710929855e-03
1.484949832775919487e-08 3.361122549220223795e-03
1.494983277591973128e-08 7.082544889774750919e-03
1.505016722408026604e-08 7.760525346699262070e-03
1.515050167224080079e-08 4.232717749816205209e-03
1.525083612040133554e-08 5.714439404740745236e-03
1.535117056856187030e-08 6.634630978180519091e-03
1.545150501672240505e-08 4.917672995033788540e-03
1.555183946488293981e-08 7.495784091663358455e-03
1.565217391304347456e-08 9.575359126677734575e-03
1.575250836120401262e-08 1.175754075911266371e-02
1.585284280936454738e-08 1.506240094141918923e-02
1.595317725752508213e-08 6.596124558498635444e-03
1.605351170568561688e-08 1.155574847806075008e-02
1.615384615384615164e-08 9.584281614716690795e-03
1.625418060200668639e-08 1.210202270752762724e-02
1.635451505016722115e-08 8.704588782504539546e-03
1.645484949832775590e-08 3.276450023426720828e-03
1.655518394648829065e-08 5.198752224206212684e-03
1.665551839464882872e-08 4.726693538433584738e-03
1.675585284280936347e-08 2.044298857366041826e-04
1.685618729096989823e-08 8.697472051841886181e-03
1.695652173913043298e-08 1.112510433279858754e-02
1.705685618729096773e-08 5.731470226095717463e-03
1.715719063545150249e-08 4.279032222010952478e-03
1.725752508361203724e-08 2.832093713385999299e-04
1.735785953177257200e-08 3.472302955608498609e-03
1.745819397993310675e-08 8.711389976655685083e-03
1.755852842809364150e-08 8.824114719290052089e-03
1.765886287625417957e-08 2.281537536068677877e-03
1.775919732441471432e-08 7.793394415881554384e-03
1.785953177257524907e-08 3.885877774515756472e-03
1.795986622073578383e-08 8.242253090663743606e-03
1.806020066889631858e-08 4.581428195876828882e-03
1.816053511705685334e-08 9.585934505621448304e-03
1.826086956521738809e-08 8.664293426438396742e-03
1.836120401337792284e-08 5.821344718382390898e-03
1.846153846153845760e-08 2.705820291503379868e-03
1.856187290969899566e-08 8.169081291344184800e-03
1.866220735785953041e-08 9.853152503709697654e-03
1.876254180602006517e-08 1.524735932979263617e-02
1.886287625418059992e-08 1.933389127786872431e-03
1.896321070234113468e-08 9.721283865251725137e-03
1.906354515050166943e-08 4.833542685444719780e-03
1.916387959866220418e-08 4.899310177322583303e-03
1.926421404682273894e-08 6.855437399961264444e-03
1.936454849498327369e-08 3.438642240302371752e-03
1.946488294314380845e-08 5.111463522857667870e-03
1.956521739130434651e-08 1.052576522887850585e-02
1.966555183946488126e-08 1.608397073361278549e-03
1.976588628762541602e-08 1.040596509986732934e-02
1.986622073578595077e-08 6.706714652380435168e-03
1.996655518394648553e-08 4.173224894574573823e-03
2.006688963210702028e-08 4.015253985613868176e-03
2.016722408026755503e-08 9.030474441117352855e-03
2.026755852842808979e-08 8.057149932998728184e-03
2.036789297658862454e-08 3.636848817137379279e-03
2.046822742474916260e-08 5.441762205890768138e-03
2.056856187290969736e-08 9.702006375782015746e-03
2.066889632107023211e-08 9.172175808055875110e-03
2.076923076923076687e-08 6.338392685061550007e-03
2.086956521739130162e-08 7.569012393674358699e-03
2.096989966555183637e-08 1.818791594803333481e-03
2.107023411371237113e-08 4.873447212688793162e-03
2.117056856187290588e-08 1.630930793983486130e-02
2.127090301003344064e-08 9.762332170642968807e-03
2.137123745819397539e-08 1.628367270093582231e-02
2.147157190635451345e-08 8.011854920622766066e-03
2.157190635451504821e-08 5.228459209117596040e-03
2.167224080267558296e-08 1.114558180342232335e-02
2.177257525083611771e-08 9.924754847726433363e-03
2.187290969899665247e-08 1.112523896747270521e-02
2.197324414715718722e-08 1.136329070913761827e-02
2.207357859531772198e-08 1.072006706438702155e-02
2.217391304347825673e-08 1.020719515428208761e-02
2.227424749163879148e-08 7.233663137718494146e-03
2.237458193979932955e-08 3.978618207661197004e-03
2.247491638795986430e-08 1.679950334306669953e-03
2.257525083612039905e-08 2.326999628753211556e-03
2.267558528428093381e-08 6.942501288789235808e-03
2.277591973244146856e-08 4.213206273870628155e-03
2.287625418060200332e-08 9.638025290255666441e-03
2.297658862876253807e-08 4.383679705517049756e-04
2.307692307692307282e-08 6.767751664346482142e-03
2.317725752508360758e-08 5.839384584342982402e-03
2.327759197324414233e-08 8.558981656076177988e-03
2.337792642140468040e-08 3.996341688881537360e-03
2.347826086956521515e-08 4.038382278183511899e-03
2.357859531772574990e-08 4.701069715607193722e-03
2.367892976588628466e-08 1.127133495605145766e-02
2.377926421404681941e-08 7.838296259622871617e-03
2.387959866220735417e-08 -1.822949702318441825e-03
2.397993311036788892e-08 1.460935419522965857e-03
2.408026755852842367e-08 1.253790417915807281e-02
2.418060200668895843e-08 7.547888568323906158e-03
2.428093645484949649e-08 8.809196809703835271e-03
2.438127090301003124e-08 1.301155414724413512e-02
2.448160535117056600e-08 4.759323633754099746e-03
2.458193979933110075e-08 5.241657490269937755e-03
2.468227424749163551e-08 5.801960484406267805e-03
2.478260869565217026e-08 4.085157443284265916e-03
2.488294314381270501e-08 4.622197529315415915e-03
2.498327759197323977e-08 3.493363927862668406e-03
2.508361204013377452e-08 1.434048656309323475e-02
2.518394648829430928e-08 1.009662818610181090e-02
2.528428093645484734e-08 9.365240364612227933e-03
2.538461538461538209e-08 1.030833150597790628e-03
2.548494983277591685e-08 7.759623440389691942e-03
2.558528428093645160e-08 1.003593869970133973e-02
2.568561872909698635e-08 7.814962559190513289e-03
2.578595317725752111e-08 9.248686220493490540e-03
2.588628762541805586e-08 1.073781786997318917e-02
2.598662207357859062e-08 8.296994923174283790e-03
2.608695652173912537e-08 1.159601027454074985e-02
2.618729096989966343e-08 6.762908563358658968e-03
2.628762541806019819e-08 -3.102729019237106299e-04
2.638795986622073294e-08 1.076699042422514692e-02
2.648829431438126769e-08 7.640306063233318241e-03
2.658862876254180245e-08 3.609510968865676725e-03
2.668896321070233720e-08 1.250568369923111232e-02
2.678929765886287196e-08 3.468116275463024173e-03
2.688963210702340671e-08 3.472295915406763221e-03
2.698996655518394146e-08 3.628967483137522914e-03
2.709030100334447622e-08 1.506730193423835721e-03
2.719063545150501428e-08 1.424199317342229008e-02
2.729096989966554904e-08 2.541010038522810606e-03
2.739130434782608379e-08 4.433636675476047839e-03
2.749163879598661854e-08 3.029413287283561854e-03
2.759197324414715330e-08 7.834210308955449203e-03
2.769230769230768805e-08 4.481002182184866574e-03
2.779264214046822281e-08 1.060790825908074220e-02
2.789297658862875756e-08 7.908620860717674103e-03
2.799331103678929231e-08 4.262728318560186393e-03
2.809364548494983038e-08 9.940592215264608053e-03
2.819397993311036513e-08 3.457377247966797029e-03
2.829431438127089988e-08 1.306043823326302755e-02
2.839464882943143464e-08 6.946159236931614446e-03
2.849498327759196939e-08 1.332245226418378795e-02
2.859531772575250415e-08 6.307611502613458959e-03
2.869565217391303890e-08 3.680770754389308709e-03
2.879598662207357365e-08 -2.206038652799642043e-04
2.889632107023410841e-08 8.979096821281323110e-03
2.899665551839464316e-08 6.590173525192982371e-03
2.909698996655518122e-08 8.893278722355658916e-03
2.919732441471571598e-08 6.819444289588790474e-03
2.929765886287625073e-08 4.314190330897277326e-03
2.939799331103678549e-08 1.238151781393291573e-02
2.949832775919732024e-08 1.293157018369109346e-02
2.959866220735785499e-08 9.890893589982154704e-03
2.969899665551838975e-08 5.586325292913733691e-03
2.979933110367892450e-08 4.702023340543162733e-03
2.989966555183946256e-08 9.017626340326767576e-03
2.999999999999999732e-08 6.480929258425555117e-03
