0.000000000000000000e+00 9.999999999999995559e-01
1.003344481605351029e-10 7.747741179375286502e-02
2.006688963210702059e-10 -5.120069520864616724e-03
3.010033444816052959e-10 2.050001954749471750e-02
4.013377926421404118e-10 2.801952636664838125e-02
5.016722408026755277e-10 2.395330721602492371e-02
6.020066889632105918e-10 -9.822276294600074814e-03
7.023411371237457594e-10 8.255513315253410964e-03
8.026755852842808236e-10 7.515797631006937950e-03
9.030100334448158877e-10 1.002150280569491167e-02
1.003344481605351055e-09 3.229744625886910546e-04
1.103678929765886223e-09 7.432929434897112692e-05
1.204013377926421184e-09 1.379999843696345582e-02
1.304347826086956351e-09 1.512189645619432289e-02
1.404682274247491519e-09 7.561437830938250344e-03
1.505016722408026480e-09 -7.796589205742469539e-04
1.605351170568561647e-09 3.480828277726848077e-03
1.705685618729096815e-09 1.085936524270545919e-02
1.806020066889631775e-09 4.448147246263230679e-03
1.906354515050166943e-09 3.437754318708689978e-03
2.006688963210702111e-09 5.911861424998892008e-03
2.107023411371237278e-09 9.619769672540251157e-03
2.207357859531772446e-09 9.847188402981599253e-03
2.307692307692307200e-09 6.915230869459514443e-03
2.408026755852842367e-09 2.900032174809143593e-03
2.508361204013377535e-09 6.492387055864336232e-03
2.608695652173912702e-09 6.030041131284598517e-03
2.709030100334447870e-09 3.476308609698960158e-03
2.809364548494983038e-09 9.503543053476807764e-03
2.909698996655517792e-09 9.645356888250255362e-03
3.010033444816052959e-09 8.081997217746793305e-03
3.110367892976588127e-09 7.310924175721556992e-03
3.210702341137123294e-09 1.132278885508484351e-02
3.311036789297658462e-09 7.665896286093747819e-03
3.411371237458193629e-09 8.069577111277852904e-03
3.511705685618728797e-09 6.136712726680194213e-03
3.612040133779263551e-09 -2.476009991629925244e-03
3.712374581939798719e-09 7.049548130102025606e-03
3.812709030100333886e-09 1.014410192933973623e-02
3.913043478260868640e-09 6.986613672329948684e-03
4.013377926421404221e-09 5.616024431382728860e-03
4.113712374581938975e-09 9.990182954614072047e-03
4.214046822742474556e-09 5.763194206339345912e-03
4.314381270903009310e-09 7.127944112546680082e-03
4.414715719063544892e-09 8.288472996468010390e-03
4.515050167224079646e-09 1.016452303541662792e-02
4.615384615384614399e-09 1.499536769556804316e-02
4.715719063545149981e-09 8.442576502751587136e-03
4.816053511705684735e-09 8.059952227704923061e-03
4.916387959866220316e-09 1.904419386208697912e-03
5.016722408026755070e-09 3.466326260608921205e-03
5.117056856187290651e-09 9.853104869532718080e-03
5.217391304347825405e-09 1.762438146318649757e-03
5.317725752508360159e-09 8.166304274605133001e-03
5.418060200668895740e-09 1.305275005912154285e-02
5.518394648829430494e-09 4.190324719393197402e-03
5.618729096989966075e-09 4.456899152275614270e-03
5.719063545150500829e-09 4.753561351549214116e-03
5.819397993311035583e-09 2.887158274220104001e-03
5.919732441471571164e-09 5.229276027293668777e-03
6.020066889632105918e-09 6.781734551407992383e-03
6.120401337792641499e-09 7.811016379760337379e-03
6.220735785953176253e-09 5.439467022480514759e-03
6.321070234113711835e-09 5.333032756453431715e-03
6.421404682274246589e-09 6.285377650899293643e-03
6.521739130434781343e-09 5.682324749262866043e-03
6.622073578595316924e-09 3.516495235239080509e-03
6.722408026755851678e-09 3.170370212561342705e-03
6.822742474916387259e-09 7.493885873220994254e-03
6.923076923076922013e-09 1.379768652132652533e-02
7.023411371237457594e-09 5.098442650420090955e-03
7.123745819397992348e-09 1.176468299000518920e-02
7.224080267558527102e-09 4.803385456902895152e-03
7.324414715719062683e-09 4.164555785885922651e-03
7.424749163879597437e-09 9.679999205761392195e-03
7.525083612040133018e-09 1.057332937670239087e-02
7.625418060200667772e-09 4.819032624759618175e-03
7.725752508361202526e-09 9.448103025490810214e-03
7.826086956521737280e-09 8.383650927892612875e-03
7.926421404682273689e-09 7.743419133176637770e-03
8.026755852842808442e-09 -4.053720537839580404e-03
8.127090301003343196e-09 1.135116851829054072e-02
8.227424749163877950e-09 1.451039028214649688e-02
8.327759197324414359e-09 4.648690325004835137e-03
8.428093645484949113e-09 1.810753018125343689e-03
8.528428093645483867e-09 1.369491773243881882e-02
8.628762541806018621e-09 3.591152347930081246e-03
8.729096989966553375e-09 3.326370872657931528e-03
8.829431438127089783e-09 1.084296314369829518e-02
8.929765886287624537e-09 6.478149851629324239e-03
9.030100334448159291e-09 1.225649415180377760e-02
9.130434782608694045e-09 1.154541684713281460e-02
9.230769230769228799e-09 2.853075109778415580e-03
9.331103678929765207e-09 1.071339838008454962e-02
9.431438127090299961e-09 1.242041390048105945e-02
9.531772575250834715e-09 1.069714695537116698e-02
9.632107023411369469e-09 6.754098518342045547e-03
9.732441471571904223e-09 7.344560913173942690e-03
9.832775919732440632e-09 9.837987014794654511e-03
9.933110367892975386e-09 3.318373146262652926e-03
1.003344481605351014e-08 1.438382688199075013e-02
1.013377926421404489e-08 7.263597020741171910e-03
1.023411371237458130e-08 7.759762444030498911e-03
1.033444816053511606e-08 6.582382737351458873e-03
1.043478260869565081e-08 9.500811397203082556e-03
1.053511705685618556e-08 7.267379964651669334e-03
1.063545150501672032e-08 6.278648236563510489e-03
1.073578595317725673e-08 4.036781753317686579e-03
1.083612040133779148e-08 1.297464898125589086e-02
1.093645484949832623e-08 6.190673583389052180e-03
1.103678929765886099e-08 3.531418778712021658e-03
1.113712374581939574e-08 9.402550537810269379e-03
1.123745819397993215e-08 6.563846811618642869e-03
1.133779264214046690e-08 6.440815956291712392e-03
1.143812709030100166e-08 3.413865140873066986e-03
1.153846153846153641e-08 8.204488289868444584e-03
1.163879598662207117e-08 5.305191405587345727e-03
1.173913043478260757e-08 5.657417378939179169e-03
1.183946488294314233e-08 3.334111666619321221e-04
1.193979933110367708e-08 1.096254829057833995e-02
1.204013377926421184e-08 1.188153237721951798e-02
1.214046822742474824e-08 8.789968820234406871e-03
1.224080267558528300e-08 2.806951479560724268e-03
1.234113712374581775e-08 7.526513727501807360e-03
1.244147157190635251e-08 9.953651511162614832e-03
1.254180602006688726e-08 1.168405730134131071e-03
1.264214046822742367e-08 1.137384558104917107e-02
1.274247491638795842e-08 3.937056425019188656e-03
1.284280936454849318e-08 7.314785198625907252e-03
1.294314381270902793e-08 5.831526152935322463e-03
1.304347826086956269e-08 5.804624103428729538e-03
1.314381270903009909e-08 9.340669033494975251e-03
1.324414715719063385e-08 8.555046890107866064e-03
1.334448160535116860e-08 1.346703220897622552e-02
1.344481605351170336e-08 9.740775301628002217e-03
1.354515050167223811e-08 1.550884697600870762e-02
1.364548494983277452e-08 1.616273531615309775e-02
1.374581939799330927e-08 3.010584461941052427e-03
1.384615384615384403e-08 9.500796595432060149e-03
1.394648829431437878e-08 6.500597576044028769e-03
1.404682274247491519e-08 2.230701785068874791e-03
1.414715719063544994e-08 7.794541796932118703e-03
1.424749163879598470e-08 9.015326303264764585e-03
1.434782608695651945e-08 6.283601041490681320e-03
1.444816053511705420e-08 1.188103546149062509e-02
1.454849498327759061e-08 3.230924682096495641e-03
1.464882943143812537e-08 1.264815605420521738e-02
1.474916387959866012e-08 4.410436061769790889e-03
1.484949832775919487e-08 7.098631627549329554e-03
1.494983277591973128e-08 7.072544086144973152e-03
1.505016722408026604e-08 5.867384041109925154e-03
1.515050167224080079e-08 9.230293019496606244e-03
1.525083612040133554e-08 4.367632100015862761e-04
1.535117056856187030e-08 3.992272155166429019e-03
1.545150501672240505e-08 8.888868029806323498e-03
1.555183946488293981e-08 2.110627784160079654e-03
1.565217391304347456e-08 3.388851731932235756e-03
1.575250836120401262e-08 5.842267341646891279e-03
1.585284280936454738e-08 6.386867256695970101e-03
1.595317725752508213e-08 5.921134478246509875e-03
1.605351170568561688e-08 8.087214926031779591e-03
1.615384615384615164e-08 8.659285174658803985e-03
1.625418060200668639e-08 4.837899329802130589e-03
1.635451505016722115e-08 6.808159407972216165e-03
1.645484949832775590e-08 4.457661361724042995e-03
1.655518394648829065e-08 5.031941019938042381e-03
1.665551839464882872e-08 1.073367973418341489e-02
1.675585284280936347e-08 6.502187858194414388e-03
1.685618729096989823e-08 3.708098745505671902e-03
1.695652173913043298e-08 3.046728183395048997e-03
1.705685618729096773e-08 2.021747112722697666e-04
1.715719063545150249e-08 1.007786684640627969e-02
1.725752508361203724e-08 5.856288103343710617e-03
1.735785953177257200e-08 9.449027908074990670e-03
1.745819397993310675e-08 1.798045575644928278e-03
1.755852842809364150e-08 1.132367484111235049e-02
1.765886287625417957e-08 8.292338384983229116e-03
1.775919732441471432e-08 1.199885817764997920e-02
1.785953177257524907e-08 7.370977136642245173e-03
1.795986622073578383e-08 9.251002344345907180e-03
1.806020066889631858e-08 7.316330459114002253e-03
1.816053511705685334e-08 7.940083319512319937e-03
1.826086956521738809e-08 1.014396487342283937e-02
1.836120401337792284e-08 2.644442139370379707e-03
1.846153846153845760e-08 7.577523616350159349e-03
1.856187290969899566e-08 1.138574826891486889e-02
1.866220735785953041e-08 3.901926568237178237e-03
1.876254180602006517e-08 7.405861098190495793e-04
1.886287625418059992e-08 1.460341417476002449e-02
1.896321070234113468e-08 1.444380343317633320e-03
1.906354515050166943e-08 2.539291595923288958e-04
1.916387959866220418e-08 5.991996269712892079e-03
1.926421404682273894e-08 5.232921657938070965e-03
1.936454849498327369e-08 2.369804343417302069e-03
1.946488294314380845e-08 3.703694238335716610e-03
1.956521739130434651e-08 1.336523025193820172e-02
1.966555183946488126e-08 8.115736317837352054e-03
1.976588628762541602e-08 1.102313952287404045e-02
1.986622073578595077e-08 7.981704170394964687e-03
1.996655518394648553e-08 1.118069150951625079e-04
2.006688963210702028e-08 8.446139305586032250e-03
2.016722408026755503e-08 9.861523770026262015e-03
2.026755852842808979e-08 1.943001704241734129e-03
2.036789297658862454e-08 8.384754417109520006e-03
2.046822742474916260e-08 6.476354460243709601e-03
2.056856187290969736e-08 2.627190528754306132e-03
2.066889632107023211e-08 9.616355331448625532e-03
2.076923076923076687e-08 8.517808956073104343e-03
2.086956521739130162e-08 6.657408296545422842e-03
2.096989966555183637e-08 4.413122928933243920e-03
2.107023411371237113e-08 2.267145503195406274e-03
2.117056856187290588e-08 1.136708976414498896e-02
2.127090301003344064e-08 9.151511070539497181e-03
2.137123745819397539e-08 5.153722074008795090e-03
2.147157190635451345e-08 4.254753267532128402e-03
2.157190635451504821e-08 1.003311746593755702e-02
2.167224080267558296e-08 6.905610709006285500e-03
2.177257525083611771e-08 8.719371639408592112e-03
2.187290969899665247e-08 9.240423109161489956e-03
2.197324414715718722e-08 5.274486314258662600e-03
2.207357859531772198e-08 5.754688129709023027e-03
2.217391304347825673e-08 4.955322584734298159e-03
2.227424749163879148e-08 3.571681193093082483e-03
2.237458193979932955e-08 6.400749451403252299e-03
2.247491638795986430e-08 1.863604219808840442e-03
2.257525083612039905e-08 6.721529210656642696e-03
2.267558528428093381e-08 2.065679724523254821e-04
2.277591973244146856e-08 7.484273864845123955e-03
2.287625418060200332e-08 1.202859786240989722e-02
2.297658862876253807e-08 9.232778046348850617e-03
2.307692307692307282e-08 1.555861967068094057e-02
2.317725752508360758e-08 7.469977207054694611e-03
2.327759197324414233e-08 5.633264492272449173e-03
2.337792642140468040e-08 4.250391724333979146e-03
2.347826086956521515e-08 1.071528874215172539e-02
2.357859531772574990e-08 2.281841769353254012e-03
2.367892976588628466e-08 4.026392108171732154e-03
2.377926421404681941e-08 6.348220215820819454e-03
2.387959866220735417e-08 8.134692240978388944e-03
2.397993311036788892e-08 6.266753392444517762e-03
2.408026755852842367e-08 6.031571041723100997e-03
2.418060200668895843e-08 1.074542779698906513e-02
2.428093645484949649e-08 6.505108197958768199e-03
2.438127090301003124e-08 8.827569192685879793e-03
2.448160535117056600e-08 1.196075161146589912e-02
2.458193979933110075e-08 6.270227793578802243e-03
2.468227424749163551e-08 6.176405860079423743e-03
2.478260869565217026e-08 1.090327927508988673e-02
2.488294314381270501e-08 8.219177295823821422e-03
2.498327759197323977e-08 5.861885697782289253e-03
2.508361204013377452e-08 4.036505481406263939e-03
2.518394648829430928e-08 3.544537597706470637e-03
2.528428093645484734e-08 1.172088128403839073e-02
2.538461538461538209e-08 5.218943814474935605e-03
2.548494983277591685e-08 1.868103033259130340e-03
2.558528428093645160e-08 6.270954129810085015e-03
2.568561872909698635e-08 1.078410010195960181e-02
2.578595317725752111e-08 4.024158091683401766e-04
2.588628762541805586e-08 7.656934735654545750e-03
2.598662207357859062e-08 1.151491246217746338e-02
2.608695652173912537e-08 8.653720229180221837e-03
2.618729096989966343e-08 5.617208014623484118e-03
2.628762541806019819e-08 1.180278439789835508e-02
2.638795986622073294e-08 1.568549070228529184e-03
2.648829431438126769e-08 9.462314285465157904e-03
2.658862876254180245e-08 1.397347988332884455e-02
2.668896321070233720e-08 4.358820388497892072e-03
2.678929765886287196e-08 3.545688386922194336e-03
2.688963210702340671e-08 1.311486542936279431e-03
2.698996655518394146e-08 9.210596238523079474e-03
2.709030100334447622e-08 1.529380185256894002e-02
2.719063545150501428e-08 1.047604404675826599e-02
2.729096989966554904e-08 8.865771645734288678e-03
2.739130434782608379e-08 7.936122058508257582e-03
2.749163879598661854e-08 1.121920204275529860e-02
2.759197324414715330e-08 9.501870313897443562e-03
2.769230769230768805e-08 1.249417066729188036e-02
2.779264214046822281e-08 8.238992595783421399e-03
2.789297658862875756e-08 7.826631312896840942e-03
2.799331103678929231e-08 2.886782375061913881e-03
2.809364548494983038e-08 1.002392401883579753e-02
2.819397993311036513e-08 6.110135281949128153e-03
2.829431438127089988e-08 2.997500227609829152e-03
2.839464882943143464e-08 8.511262101637953603e-03
2.849498327759196939e-08 7.669425734551951063e-03
2.859531772575250415e-08 5.932950698455642484e-03
2.869565217391303890e-08 6.089675957487438417e-03
2.879598662207357365e-08 4.517286309635840970e-03
2.889632107023410841e-08 2.974107352033321470e-03
2.899665551839464316e-08 -1.352714623325170862e-03
2.909698996655518122e-08 8.258236980528847748e-03
2.919732441471571598e-08 5.243711345163102819e-03
2.929765886287625073e-08 6.839598649917619407e-03
2.939799331103678549e-08 4.889906983154958774e-03
2.949832775919732024e-08 1.095964220120696636e-02
2.959866220735785499e-08 6.277639829624944053e-03
2.969899665551838975e-08 5.905074132044335275e-03
2.979933110367892450e-08 1.230273557439567726e-02
2.989966555183946256e-08 1.340527774642775831e-02
2.999999999999999732e-08 1.065467151610208045e-02
