0.000000000000000000e+00 9.999999999999995559e-01
1.003344481605351029e-10 8.290245571132645597e-02
2.006688963210702059e-10 -8.285560519521614070e-03
3.010033444816052959e-10 1.939507404577825792e-02
4.013377926421404118e-10 2.299836443682281087e-02
5.016722408026755277e-10 3.019202929892679868e-02
6.020066889632105918e-10 -6.096086682660225783e-03
7.023411371237457594e-10 8.135837502181523725e-03
8.026755852842808236e-10 4.505931232131814984e-03
9.030100334448158877e-10 1.355192560021425095e-02
1.003344481605351055e-09 2.642566539255355486e-03
1.103678929765886223e-09 1.766666922231492631e-03
1.204013377926421184e-09 7.343255246681867562e-03
1.304347826086956351e-09 1.216343735520736442e-02
1.404682274247491519e-09 1.237552297917569183e-02
1.505016722408026480e-09 1.210950494512220803e-04
1.605351170568561647e-09 9.372831379434164514e-03
1.705685618729096815e-09 1.578766482223908224e-02
1.806020066889631775e-09 3.786918094376597044e-03
1.906354515050166943e-09 5.822658561575939917e-03
2.006688963210702111e-09 1.187286153175418080e-02
2.107023411371237278e-09 5.333854010643198848e-03
2.207357859531772446e-09 3.074625072395946977e-03
2.307692307692307200e-09 5.934437439039567594e-03
2.408026755852842367e-09 8.841589784526445936e-03
2.508361204013377535e-09 4.332586742124252058e-04
2.608695652173912702e-09 7.655604624868240365e-03
2.709030100334447870e-09 4.837239571219547479e-03
2.809364548494983038e-09 2.559736044169767192e-03
2.909698996655517792e-09 9.710113669157928104e-03
3.010033444816052959e-09 1.028616988683520375e-02
3.110367892976588127e-09 7.491779465751967002e-03
3.210702341137123294e-09 7.860406491260575959e-03
3.311036789297658462e-09 9.362071088128658472e-03
3.411371237458193629e-09 6.680428625791368785e-03
3.511705685618728797e-09 5.970579951670685996e-03
3.612040133779263551e-09 4.576700108460594191e-03
3.712374581939798719e-09 -3.102785524747674398e-03
3.812709030100333886e-09 9.405250484286475920e-03
3.913043478260868640e-09 7.150415862562076695e-03
4.013377926421404221e-09 6.188124162183255249e-03
4.113712374581938975e-09 6.781073515344290988e-03
4.214046822742474556e-09 9.882775127772603155e-03
4.314381270903009310e-09 8.105579207308916470e-03
4.414715719063544892e-09 6.125542258794331764e-03
4.515050167224079646e-09 6.107563298808649579e-03
4.615384615384614399e-09 1.323509981584352138e-02
4.715719063545149981e-09 1.021798690780261094e-02
4.816053511705684735e-09 1.211866011241473709e-02
4.916387959866220316e-09 8.637811615402675447e-03
5.016722408026755070e-09 8.898772429596944061e-03
5.117056856187290651e-09 -6.177730914383977156e-04
5.217391304347825405e-09 1.084192875456531716e-02
5.317725752508360159e-09 2.527581526396399225e-04
5.418060200668895740e-09 4.592330360047792298e-03
5.518394648829430494e-09 7.620147224605467763e-03
5.618729096989966075e-09 1.260602951492288161e-02
5.719063545150500829e-09 4.694105812909866657e-03
5.819397993311035583e-09 5.320434799718751911e-03
5.919732441471571164e-09 5.039201327409038346e-03
6.020066889632105918e-09 4.768023482529797942e-03
6.120401337792641499e-09 6.056580886315504272e-03
6.220735785953176253e-09 7.865373701064808792e-03
6.321070234113711835e-09 7.784434991583032495e-03
6.421404682274246589e-09 5.763992324583805914e-03
6.521739130434781343e-09 6.197314280094345929e-03
6.622073578595316924e-09 9.762852669721962598e-03
6.722408026755851678e-09 4.181540231223582899e-03
6.822742474916387259e-09 2.163435761666551889e-03
6.923076923076922013e-09 7.170748399107969989e-03
7.023411371237457594e-09 8.620669034363571959e-03
7.123745819397992348e-09 8.352121068169947662e-03
7.224080267558527102e-09 5.013896091301335740e-03
7.324414715719062683e-09 1.004850872366374638e-02
7.424749163879597437e-09 8.787444943139975997e-03
7.525083612040133018e-09 3.989859477700335132e-03
7.625418060200667772e-09 1.156535303158742929e-02
7.725752508361202526e-09 9.815054299816470401e-03
7.826086956521737280e-09 4.274330453083913066e-03
7.926421404682273689e-09 4.145763628889146714e-03
8.026755852842808442e-09 7.431057346579950096e-03
8.127090301003343196e-09 7.983545150687184830e-03
8.227424749163877950e-09 4.668872692022043962e-03
8.327759197324414359e-09 1.610997739378923835e-03
8.428093645484949113e-09 1.244853723953339222e-02
8.528428093645483867e-09 1.089379905617985506e-02
8.628762541806018621e-09 6.948294414738721489e-03
8.729096989966553375e-09 9.072627920508906721e-03
8.829431438127089783e-09 1.112316573314656165e-02
8.929765886287624537e-09 5.424247244698049246e-03
9.030100334448159291e-09 5.380417906528347366e-03
9.130434782608694045e-09 6.854257076558010683e-03
9.230769230769228799e-09 8.931117930248665127e-03
9.331103678929765207e-09 1.339662069906598189e-02
9.431438127090299961e-09 1.119677589049586711e-02
9.531772575250834715e-09 3.077329025592418117e-03
9.632107023411369469e-09 1.019334483392468280e-02
9.732441471571904223e-09 1.491857434822296997e-02
9.832775919732440632e-09 9.789273607153856083e-03
9.933110367892975386e-09 4.035783798914043680e-03
1.003344481605351014e-08 4.804867179975755645e-03
1.013377926421404489e-08 6.797770604839483040e-03
1.023411371237458130e-08 6.230923226199671164e-03
1.033444816053511606e-08 1.124009969376644352e-02
1.043478260869565081e-08 9.272676232122649756e-03
1.053511705685618556e-08 8.028804878901030576e-03
1.063545150501672032e-08 3.460053770559311497e-03
1.073578595317725673e-08 1.218089092123386674e-02
1.083612040133779148e-08 1.787482944877735389e-02
1.093645484949832623e-08 5.596415022317910958e-03
1.103678929765886099e-08 9.086219908656090888e-03
1.113712374581939574e-08 6.802269084642808064e-03
1.123745819397993215e-08 8.996715146468959104e-03
1.133779264214046690e-08 8.579949430492698689e-03
1.143812709030100166e-08 1.172881012737665707e-02
1.153846153846153641e-08 8.942483767165540498e-03
1.163879598662207117e-08 4.301587969654950896e-03
1.173913043478260757e-08 6.323917037196593108e-03
1.183946488294314233e-08 7.119087902270457638e-03
1.193979933110367708e-08 1.079461242889897046e-02
1.204013377926421184e-08 6.829451256711419754e-03
1.214046822742474824e-08 2.099738915354234983e-03
1.224080267558528300e-08 -2.111136056025609501e-03
1.234113712374581775e-08 1.046014547309254486e-02
1.244147157190635251e-08 1.064310263877959149e-02
1.254180602006688726e-08 8.501547332904551071e-03
1.264214046822742367e-08 2.758400774593770029e-03
1.274247491638795842e-08 8.556550608232805707e-03
1.284280936454849318e-08 9.890412656633755517e-03
1.294314381270902793e-08 3.540094843647677032e-03
1.304347826086956269e-08 1.025474434022764954e-02
1.314381270903009909e-08 4.155386408429855537e-03
1.324414715719063385e-08 6.437345836988012451e-03
1.334448160535116860e-08 1.806752165915663164e-03
1.344481605351170336e-08 6.506315542617860728e-03
1.354515050167223811e-08 1.086118297610222036e-02
1.364548494983277452e-08 6.039184896566312036e-03
1.374581939799330927e-08 5.217189123540374660e-03
1.384615384615384403e-08 1.366010781358535306e-02
1.394648829431437878e-08 1.297865564438433449e-02
1.404682274247491519e-08 1.290497581796322749e-02
1.414715719063544994e-08 1.275429488225327153e-02
1.424749163879598470e-08 6.725455479284583350e-03
1.434782608695651945e-08 9.405263583153607512e-03
1.444816053511705420e-08 7.759914720782651147e-04
1.454849498327759061e-08 1.463766746548187010e-03
1.464882943143812537e-08 4.560239504255613613e-03
1.474916387959866012e-08 5.955181961360978167e-03
1.484949832775919487e-08 1.084816393253664434e-02
1.494983277591973128e-08 6.206725198811197282e-03
1.505016722408026604e-08 5.829680070965538412e-03
1.515050167224080079e-08 5.010543020404318974e-03
1.525083612040133554e-08 3.630844911160027028e-03
1.535117056856187030e-08 7.857877147382331257e-03
1.545150501672240505e-08 5.930477009342503304e-03
1.555183946488293981e-08 5.020114258267319857e-03
1.565217391304347456e-08 9.408633725690073585e-03
1.575250836120401262e-08 5.025838984594617996e-04
1.585284280936454738e-08 3.967420201498870688e-03
1.595317725752508213e-08 7.548444141956060262e-03
1.605351170568561688e-08 2.131324134442138824e-03
1.615384615384615164e-08 2.738641137246359235e-03
1.625418060200668639e-08 8.510035252424550875e-03
1.635451505016722115e-08 9.000769258127171157e-03
1.645484949832775590e-08 1.160154027495816087e-02
1.655518394648829065e-08 5.705688009023534082e-03
1.665551839464882872e-08 9.725386683521051318e-03
1.675585284280936347e-08 1.244316414772118212e-03
1.685618729096989823e-08 1.842512743547098167e-04
1.695652173913043298e-08 2.326069538935601928e-03
1.705685618729096773e-08 6.329392893222706828e-04
1.715719063545150249e-08 1.619909640102487614e-02
1.725752508361203724e-08 8.367650872475745211e-03
1.735785953177257200e-08 3.278488504162002052e-03
1.745819397993310675e-08 9.331675935851206638e-03
1.755852842809364150e-08 1.186228353783565920e-03
1.765886287625417957e-08 1.020675470186374438e-02
1.775919732441471432e-08 8.262271994172192338e-03
1.785953177257524907e-08 5.103518038799187417e-03
1.795986622073578383e-08 8.352974111345745981e-03
1.806020066889631858e-08 3.921445054876430622e-03
1.816053511705685334e-08 1.111238828412398558e-02
1.826086956521738809e-08 1.312461651459697828e-02
1.836120401337792284e-08 7.569225783683259517e-03
1.846153846153845760e-08 1.084779798680666520e-02
1.856187290969899566e-08 7.097422943864898498e-03
1.866220735785953041e-08 1.105385229735216662e-02
1.876254180602006517e-08 9.391548047050439496e-03
1.886287625418059992e-08 9.910195295416179481e-03
1.896321070234113468e-08 2.453752267138807619e-03
1.906354515050166943e-08 9.017239297013986132e-03
1.916387959866220418e-08 8.553594387455983397e-03
1.926421404682273894e-08 5.854112284414594164e-03
1.936454849498327369e-08 2.013206828617396943e-03
1.946488294314380845e-08 1.119038340232487126e-02
1.956521739130434651e-08 4.171848922417073849e-03
1.966555183946488126e-08 3.159566981325150417e-03
1.976588628762541602e-08 4.400367170599135160e-03
1.986622073578595077e-08 6.884463875308484068e-03
1.996655518394648553e-08 5.416893833315897938e-03
2.006688963210702028e-08 3.282447141666280672e-03
2.016722408026755503e-08 7.622776163257989103e-03
2.026755852842808979e-08 8.327342229496563844e-03
2.036789297658862454e-08 1.284076623161406819e-02
2.046822742474916260e-08 6.004701195341346706e-03
2.056856187290969736e-08 8.485779886230015306e-03
2.066889632107023211e-08 7.223970082351210617e-03
2.076923076923076687e-08 9.720560525587054398e-03
2.086956521739130162e-08 8.715792292561315435e-03
2.096989966555183637e-08 5.924729027860228120e-03
2.107023411371237113e-08 6.346637136929298220e-03
2.117056856187290588e-08 1.027367293922791004e-02
2.127090301003344064e-08 7.691557321966846321e-03
2.137123745819397539e-08 9.624145244809407737e-03
2.147157190635451345e-08 7.670107100896485404e-03
2.157190635451504821e-08 1.589923357709540144e-02
2.167224080267558296e-08 5.951944419474179161e-03
2.177257525083611771e-08 3.658665502691039149e-03
2.187290969899665247e-08 1.139405201225903407e-02
2.197324414715718722e-08 9.196704783459810906e-03
2.207357859531772198e-08 5.245666455635090812e-03
2.217391304347825673e-08 3.179060751609209378e-03
2.227424749163879148e-08 9.923643527897745703e-03
2.237458193979932955e-08 4.227142752193054076e-03
2.247491638795986430e-08 7.237067839171571447e-03
2.257525083612039905e-08 6.456420779509701620e-03
2.267558528428093381e-08 8.659500688500163662e-03
2.277591973244146856e-08 -6.986008771089273310e-06
2.287625418060200332e-08 5.662372686110017476e-04
2.297658862876253807e-08 6.238777395829273043e-03
2.307692307692307282e-08 5.423131890124701683e-03
2.317725752508360758e-08 1.206836565280319969e-02
2.327759197324414233e-08 6.585075054529775790e-03
2.337792642140468040e-08 4.540432690134051964e-03
2.347826086956521515e-08 6.910629650410177703e-03
2.357859531772574990e-08 4.017024841631350665e-03
2.367892976588628466e-08 1.092429459384310552e-03
2.377926421404681941e-08 9.809055804316166305e-03
2.387959866220735417e-08 1.233831029500813588e-02
2.397993311036788892e-08 6.636799281285447709e-03
2.408026755852842367e-08 6.607069610176500608e-03
2.418060200668895843e-08 5.242187710289629779e-03
2.428093645484949649e-08 8.653889108634927121e-03
2.438127090301003124e-08 4.127296151103842028e-03
2.448160535117056600e-08 1.453480892427939236e-02
2.458193979933110075e-08 5.330614909157836701e-03
2.468227424749163551e-08 7.431012782691190366e-03
2.478260869565217026e-08 8.255413225441422115e-03
2.488294314381270501e-08 6.340077934328305215e-03
2.498327759197323977e-08 1.247957421110633403e-02
2.508361204013377452e-08 5.447151077721737802e-03
2.518394648829430928e-08 9.258621785471016219e-03
2.528428093645484734e-08 1.184417840017381110e-02
2.538461538461538209e-08 7.106153391040512073e-03
2.548494983277591685e-08 4.652345510434149380e-03
2.558528428093645160e-08 1.142089733766120038e-02
2.568561872909698635e-08 3.295073278523002764e-03
2.578595317725752111e-08 1.085359962858229409e-02
2.588628762541805586e-08 6.383650910849205350e-03
2.598662207357859062e-08 9.429390538937492891e-03
2.608695652173912537e-08 9.586962994862393075e-03
2.618729096989966343e-08 8.016848645782798793e-03
2.628762541806019819e-08 1.910830582141013860e-03
2.638795986622073294e-08 8.791541030902965889e-03
2.648829431438126769e-08 1.254040935600253710e-02
2.658862876254180245e-08 1.042202196358443453e-02
2.668896321070233720e-08 3.797084133450242551e-04
2.678929765886287196e-08 7.424751039413919444e-03
2.688963210702340671e-08 6.280049606835875174e-03
2.698996655518394146e-08 1.016743915781580937e-02
2.709030100334447622e-08 1.052384429317636781e-02
2.719063545150501428e-08 7.760118952905706476e-03
2.729096989966554904e-08 8.501909261647242269e-03
2.739130434782608379e-08 9.791272768512321659e-03
2.749163879598661854e-08 7.672767622346657324e-03
2.759197324414715330e-08 8.105544224909942350e-03
2.769230769230768805e-08 9.250840612112785129e-04
2.779264214046822281e-08 9.379562774940269215e-03
2.789297658862875756e-08 8.936820254570088801e-03
2.799331103678929231e-08 1.033364541949112134e-02
2.809364548494983038e-08 8.948012828791037515e-03
2.819397993311036513e-08 1.098172708226014156e-02
2.829431438127089988e-08 8.064028217434515700e-03
2.839464882943143464e-08 1.135569034134420278e-02
2.849498327759196939e-08 9.456299627991630527e-03
2.859531772575250415e-08 1.178827511197669264e-02
2.869565217391303890e-08 7.062686126395836816e-03
2.879598662207357365e-08 3.882283473203601131e-03
2.889632107023410841e-08 1.619148346863369566e-03
2.899665551839464316e-08 1.143083591956076811e-02
2.909698996655518122e-08 7.046924495403884565e-04
2.919732441471571598e-08 6.688454703800004314e-03
2.929765886287625073e-08 8.706831540128440183e-03
2.939799331103678549e-08 9.714378648874248678e-03
2.949832775919732024e-08 5.753089892903569084e-03
2.959866220735785499e-08 1.251065743644946132e-02
2.969899665551838975e-08 6.212887770132523128e-03
2.979933110367892450e-08 8.693511703561515591e-03
2.989966555183946256e-08 3.486337329430230433e-03
2.999999999999999732e-08 9.033093355795608972e-03
