0.000000000000000000e+00 9.999999999999995559e-01
1.003344481605351029e-10 9.981438499618167093e-01
2.006688963210702059e-10 9.926173592864799833e-01
3.010033444816052959e-10 9.835448083566518118e-01
4.013377926421404118e-10 9.711280854123788275e-01
5.016722408026755277e-10 9.556390956175000451e-01
6.020066889632105918e-10 9.374096719318592008e-01
7.023411371237457594e-10 9.168194871249476519e-01
8.026755852842808236e-10 8.942825563559485547e-01
9.030100334448158877e-10 8.702329752738103830e-01
1.003344481605351055e-09 8.451105568612420349e-01
1.103678929765886223e-09 8.193470109830742754e-01
1.204013377926421184e-09 7.933532559324634192e-01
1.304347826086956351e-09 7.675083655502045188e-01
1.404682274247491519e-09 7.421505449623982953e-01
1.505016722408026480e-09 7.175704003058046565e-01
1.605351170568561647e-09 6.940066315292592325e-01
1.705685618729096815e-09 6.716441412876014150e-01
1.806020066889631775e-09 6.506144255613941496e-01
1.906354515050166943e-09 6.309980005167976636e-01
2.006688963210702111e-09 6.128285314448614907e-01
2.107023411371237278e-09 5.960982677921949913e-01
2.207357859531772446e-09 5.807643557012327484e-01
2.307692307692307200e-09 5.667555963943990971e-01
2.408026755852842367e-09 5.539792433924388693e-01
2.508361204013377535e-09 5.423274803455772064e-01
2.608695652173912702e-09 5.316832890674481060e-01
2.709030100334447870e-09 5.219254980176611936e-01
2.809364548494983038e-09 5.129328882292089054e-01
2.909698996655517792e-09 5.045873197204969740e-01
3.010033444816052959e-09 4.967759204222101377e-01
3.110367892976588127e-09 4.893924461478164623e-01
3.210702341137123294e-09 4.823379699798552855e-01
3.311036789297658462e-09 4.755210900012268316e-01
3.411371237458193629e-09 4.688578546034418704e-01
3.511705685618728797e-09 4.622715953454340498e-01
3.612040133779263551e-09 4.556928307417829060e-01
3.712374581939798719e-09 4.490593639409206639e-01
3.812709030100333886e-09 4.423166474783865043e-01
3.913043478260868640e-09 4.354184341803444269e-01
4.013377926421404221e-09 4.283276800018283037e-01
4.113712374581938975e-09 4.210176169752877229e-01
4.214046822742474556e-09 4.134728767069748567e-01
4.314381270903009310e-09 4.056905201904004166e-01
4.414715719063544892e-09 3.976808200893978129e-01
4.515050167224079646e-09 3.894676477214775168e-01
4.615384615384614399e-09 3.810883380386085317e-01
4.715719063545149981e-09 3.725929399990707269e-01
4.816053511705684735e-09 3.640428038355693063e-01
4.916387959866220316e-09 3.555085070539765191e-01
5.016722408026755070e-09 3.470671732927249620e-01
5.117056856187290651e-09 3.387992880859943545e-01
5.217391304347825405e-09 3.307851590107658279e-01
5.317725752508360159e-09 3.231012011433044284e-01
5.418060200668895740e-09 3.158162495353431520e-01
5.518394648829430494e-09 3.089881069134560176e-01
5.618729096989966075e-09 3.026605265192136018e-01
5.719063545150500829e-09 2.968608076089127579e-01
5.819397993311035583e-09 2.915981463590587852e-01
5.919732441471571164e-09 2.868628404257755338e-01
6.020066889632105918e-09 2.826263945103997810e-01
6.120401337792641499e-09 2.788425207195156519e-01
6.220735785953176253e-09 2.754489751082025428e-01
6.321070234113711835e-09 2.723701241979781251e-01
6.421404682274246589e-09 2.695200956362095446e-01
6.521739130434781343e-09 2.668063379886854714e-01
6.622073578595316924e-09 2.641333975518834754e-01
6.722408026755851678e-09 2.614067157097589855e-01
6.822742474916387259e-09 2.585362584562381216e-01
6.923076923076922013e-09 2.554398090784542052e-01
7.023411371237457594e-09 2.520457837029220771e-01
7.123745819397992348e-09 2.482954649254220936e-01
7.224080267558527102e-09 2.441445881992029276e-01
7.324414715719062683e-09 2.395642560556428546e-01
7.424749163879597437e-09 2.345411937121490153e-01
7.525083612040133018e-09 2.290773936606423922e-01
7.625418060200667772e-09 2.231892244224545352e-01
7.725752508361202526e-09 2.169060984433825723e-01
7.826086956521737280e-09 2.102688054398648976e-01
7.926421404682273689e-09 2.033276204644810792e-01
8.026755852842808442e-09 1.961402912687096323e-01
8.127090301003343196e-09 1.887699984898416616e-01
8.227424749163877950e-09 1.812833664701818115e-01
8.327759197324414359e-09 1.737485840552561722e-01
8.428093645484949113e-09 1.662336754867655697e-01
8.528428093645483867e-09 1.588049433487428996e-01
8.628762541806018621e-09 1.515255899991028166e-01
8.729096989966553375e-09 1.444545121727370263e-01
8.829431438127089783e-09 1.376452561390313356e-01
8.929765886287624537e-09 1.311451180815504935e-01
9.030100334448159291e-09 1.249943758876354699e-01
9.130434782608694045e-09 1.192256435031847916e-01
9.230769230769228799e-09 1.138633463023073500e-01
9.331103678929765207e-09 1.089233242177130856e-01
9.431438127090299961e-09 1.044125772888218062e-01
9.531772575250834715e-09 1.003291745057388745e-01
9.632107023411369469e-09 9.666235026670999542e-02
9.732441471571904223e-09 9.339281265295976131e-02
9.832775919732440632e-09 9.049328368072542816e-02
9.933110367892975386e-09 8.792928376771674825e-02
1.003344481605351014e-08 8.566016132468197430e-02
1.013377926421404489e-08 8.364035450311964326e-02
1.023411371237458130e-08 8.182085684363316069e-02
1.033444816053511606e-08 8.015084320981602506e-02
1.043478260869565081e-08 7.857939835721694521e-02
1.053511705685618556e-08 7.705727910774019807e-02
1.063545150501672032e-08 7.553863352090325889e-02
1.073578595317725673e-08 7.398259752653585375e-02
1.083612040133779148e-08 7.235469169033598158e-02
1.093645484949832623e-08 7.062794819085006781e-02
1.103678929765886099e-08 6.878371033754414332e-02
1.113712374581939574e-08 6.681206330401417981e-02
1.123745819397993215e-08 6.471187410549392172e-02
1.133779264214046690e-08 6.249043989134278609e-02
1.143812709030100166e-08 6.016276489459064514e-02
1.153846153846153641e-08 5.775050641227213316e-02
1.163879598662207117e-08 5.528064761782811726e-02
1.173913043478260757e-08 5.278396867853117624e-02
1.183946488294314233e-08 5.029339671499126474e-02
1.193979933110367708e-08 4.784231910517686148e-02
1.204013377926421184e-08 4.546294340058405770e-02
1.214046822742474824e-08 4.318478097141961736e-02
1.224080267558528300e-08 4.103332106507109195e-02
1.234113712374581775e-08 3.902894816811902645e-02
1.244147157190635251e-08 3.718613952826410607e-02
1.254180602006688726e-08 3.551296264284478643e-02
1.264214046822742367e-08 3.401087567845443443e-02
1.274247491638795842e-08 3.267481827545923312e-02
1.284280936454849318e-08 3.149356695073076556e-02
1.294314381270902793e-08 3.045031902937071072e-02
1.304347826086956269e-08 2.952346210741906701e-02
1.314381270903009909e-08 2.868748256303018523e-02
1.324414715719063385e-08 2.791396639292868104e-02
1.334448160535116860e-08 2.717264820226271763e-02
1.344481605351170336e-08 2.643246887615512825e-02
1.354515050167223811e-08 2.566260855043894784e-02
1.364548494983277452e-08 2.483346818191787403e-02
1.374581939799330927e-08 2.391757954452173804e-02
1.384615384615384403e-08 2.289042921307694878e-02
1.394648829431437878e-08 2.173118658062631395e-02
1.404682274247491519e-08 2.042332893806435637e-02
1.414715719063544994e-08 1.895515810021074568e-02
1.424749163879598470e-08 1.732020317877080301e-02
1.434782608695651945e-08 1.551750325129095179e-02
1.444816053511705420e-08 1.355176236049816102e-02
1.454849498327759061e-08 1.143336807447130343e-02
1.464882943143812537e-08 9.178264319285584297e-03
1.474916387959866012e-08 6.807669867426182665e-03
1.484949832775919487e-08 4.347636101750734783e-03
1.494983277591973128e-08 1.828441671015014480e-03
1.505016722408026604e-08 -7.161726057956837449e-04
1.515050167224080079e-08 -3.249917976280148474e-03
1.525083612040133554e-08 -5.735002196899759846e-03
1.535117056856187030e-08 -8.133276456236078478e-03
1.545150501672240505e-08 -1.040744853078485153e-02
1.555183946488293981e-08 -1.252231844643606276e-02
1.565217391304347456e-08 -1.444598724642885863e-02
1.575250836120401262e-08 -1.615098626731215764e-02
1.585284280936454738e-08 -1.761527410509484623e-02
1.595317725752508213e-08 -1.882305150681930217e-02
1.605351170568561688e-08 -1.976535079018271884e-02
1.615384615384615164e-08 -2.044036585219198565e-02
1.625418060200668639e-08 -2.085350089673591867e-02
1.635451505016722115e-08 -2.101712998383702818e-02
1.645484949832775590e-08 -2.095007449860947918e-02
1.655518394648829065e-08 -2.067682066604274033e-02
1.665551839464882872e-08 -2.022651327844440100e-02
1.675585284280936347e-08 -1.963177388586374861e-02
1.685618729096989823e-08 -1.892740098433550594e-02
1.695652173913043298e-08 -1.814901557652392680e-02
1.705685618729096773e-08 -1.733171747654776301e-02
1.715719063545150249e-08 -1.650881576767423975e-02
1.725752508361203724e-08 -1.571069106954027517e-02
1.735785953177257200e-08 -1.496383817659252893e-02
1.745819397993310675e-08 -1.429012587544063045e-02
1.755852842809364150e-08 -1.370629720178793975e-02
1.765886287625417957e-08 -1.322371903556453752e-02
1.775919732441471432e-08 -1.284837576754241720e-02
1.785953177257524907e-08 -1.258108876749515839e-02
1.795986622073578383e-08 -1.241793238716727525e-02
1.806020066889631858e-08 -1.235080890055409615e-02
1.816053511705685334e-08 -1.236813954713062574e-02
1.826086956521738809e-08 -1.245562686996828407e-02
1.836120401337792284e-08 -1.259704473603638977e-02
1.846153846153845760e-08 -1.277501645029589621e-02
1.856187290969899566e-08 -1.297174767993563779e-02
1.866220735785953041e-08 -1.316968878753413744e-02
1.876254180602006517e-08 -1.335210984092750040e-02
1.886287625418059992e-08 -1.350358021516339692e-02
1.896321070234113468e-08 -1.361035257430536459e-02
1.906354515050166943e-08 -1.366065748257731804e-02
1.916387959866220418e-08 -1.364491948037770477e-02
1.926421404682273894e-08 -1.355590791194595003e-02
1.936454849498327369e-08 -1.338883607096072632e-02
1.946488294314380845e-08 -1.314142051906460468e-02
1.956521739130434651e-08 -1.281390910533345903e-02
1.966555183946488126e-08 -1.240908180023189700e-02
1.976588628762541602e-08 -1.193222358263659397e-02
1.986622073578595077e-08 -1.139106394643091269e-02
1.996655518394648553e-08 -1.079567375869961918e-02
2.006688963210702028e-08 -1.015830774912688216e-02
2.016722408026755503e-08 -9.493180241192104851e-03
2.026755852842808979e-08 -8.816163069145168882e-03
2.036789297658862454e-08 -8.144397974707817331e-03
2.046822742474916260e-08 -7.495820949748453754e-03
2.056856187290969736e-08 -6.888602598550442463e-03
2.066889632107023211e-08 -6.340516088399462263e-03
2.076923076923076687e-08 -5.868251980202895089e-03
2.086956521739130162e-08 -5.486706467268003852e-03
2.096989966555183637e-08 -5.208275594349652884e-03
2.107023411371237113e-08 -5.042192246318969590e-03
2.117056856187290588e-08 -4.993944580790884297e-03
2.127090301003344064e-08 -5.064813801698377430e-03
2.137123745819397539e-08 -5.251565608494069941e-03
2.147157190635451345e-08 -5.546323407953886522e-03
2.157190635451504821e-08 -5.936642760409796549e-03
2.167224080267558296e-08 -6.405796064063259965e-03
2.177257525083611771e-08 -6.933264832530780172e-03
2.187290969899665247e-08 -7.495424871751393825e-03
2.197324414715718722e-08 -8.066398039860998848e-03
2.207357859531772198e-08 -8.619033888213955413e-03
2.217391304347825673e-08 -9.125976065448610994e-03
2.227424749163879148e-08 -9.560762517176918038e-03
2.237458193979932955e-08 -9.898905650398184472e-03
2.247491638795986430e-08 -1.011889896360729235e-02
2.257525083612039905e-08 -1.020310015709585856e-02
2.267558528428093381e-08 -1.013844719973037121e-02
2.277591973244146856e-08 -9.916972805657113532e-03
2.287625418060200332e-08 -9.536093669556072738e-03
2.297658862876253807e-08 -8.998662907003575698e-03
2.307692307692307282e-08 -8.312786668376098351e-03
2.317725752508360758e-08 -7.491418055581009969e-03
2.327759197324414233e-08 -6.551752535681359610e-03
2.337792642140468040e-08 -5.514458379313249073e-03
2.347826086956521515e-08 -4.402782760742372792e-03
2.357859531772574990e-08 -3.241578715966551838e-03
2.367892976588628466e-08 -2.056300024828754125e-03
2.377926421404681941e-08 -8.720103058881129021e-04
2.387959866220735417e-08 2.875505979671273346e-04
2.397993311036788892e-08 1.400805152130863221e-03
2.408026755852842367e-08 2.449050686880443074e-03
2.418060200668895843e-08 3.417023056218054019e-03
2.428093645484949649e-08 4.293296966834812996e-03
2.438127090301003124e-08 5.070517011103286772e-03
2.448160535117056600e-08 5.745461394916037690e-03
2.458193979933110075e-08 6.318947398827772996e-03
2.468227424749163551e-08 6.795593455243325622e-03
2.478260869565217026e-08 7.183457187656441464e-03
2.488294314381270501e-08 7.493571778856825474e-03
2.498327759197323977e-08 7.739404658899152328e-03
2.508361204013377452e-08 7.936262864802257067e-03
2.518394648829430928e-08 8.100668722431345753e-03
2.528428093645484734e-08 8.249727976061266635e-03
2.538461538461538209e-08 8.400510394364058692e-03
2.548494983277591685e-08 8.569460452340044859e-03
2.558528428093645160e-08 8.771853133641763917e-03
2.568561872909698635e-08 9.021307376250640997e-03
2.578595317725752111e-08 9.329367301105888355e-03
2.588628762541805586e-08 9.705159167017148036e-03
2.598662207357859062e-08 1.015512998514177777e-02
2.608695652173912537e-08 1.068287186275810284e-02
2.618729096989966343e-08 1.128903436510852315e-02
2.628762541806019819e-08 1.197132541395953299e-02
2.638795986622073294e-08 1.272459941867286684e-02
2.648829431438126769e-08 1.354102941852754378e-02
2.658862876254180245e-08 1.441035799456940464e-02
2.668896321070233720e-08 1.532021961381885289e-02
2.678929765886287196e-08 1.625652496439574518e-02
2.688963210702340671e-08 1.720389582576783982e-02
2.698996655518394146e-08 1.814613721557228193e-02
2.709030100334447622e-08 1.906673209486590623e-02
2.719063545150501428e-08 1.994934292379384883e-02
2.729096989966554904e-08 2.077830394607149342e-02
2.739130434782608379e-08 2.153908831642858610e-02
2.749163879598661854e-08 2.221873509956327764e-02
2.759197324414715330e-08 2.280622274173497305e-02
2.769230769230768805e-08 2.329277777574070146e-02
2.779264214046822281e-08 2.367211014918753700e-02
2.789297658862875756e-08 2.394056951010704176e-02
2.799331103678929231e-08 2.409721986459386137e-02
2.809364548494983038e-08 2.414383305184843176e-02
2.819397993311036513e-08 2.408480428527465939e-02
2.829431438127089988e-08 2.392699543181318542e-02
2.839464882943143464e-08 2.367951363213229715e-02
2.849498327759196939e-08 2.335343423717960512e-02
2.859531772575250415e-08 2.296147784123525604e-02
2.869565217391303890e-08 2.251765147046094068e-02
2.879598662207357365e-08 2.203686382836769070e-02
2.889632107023410841e-08 2.153452403063849802e-02
2.899665551839464316e-08 2.102613262681162637e-02
2.909698996655518122e-08 2.052687305384061356e-02
2.919732441471571598e-08 2.005121112964057886e-02
2.929765886287625073e-08 1.961250987453884431e-02
2.939799331103678549e-08 1.922266690058218458e-02
2.949832775919732024e-08 1.889178183395994609e-02
2.959866220735785499e-08 1.862786167798904935e-02
2.969899665551838975e-08 1.843657257280179387e-02
2.979933110367892450e-08 1.832104690854808454e-02
2.989966555183946256e-08 1.828175501833651656e-02
2.999999999999999732e-08 1.831645052312692520e-02
