0.000000000000000000e+00 9.999999999999995559e-01
1.003344481605351029e-10 9.003165627297335383e-02
2.006688963210702059e-10 -1.225360347783928036e-02
3.010033444816052959e-10 1.874747706717050724e-02
4.013377926421404118e-10 1.823670414649008337e-02
5.016722408026755277e-10 3.082907814903656368e-02
6.020066889632105918e-10 -1.914599879088834614e-03
7.023411371237457594e-10 5.695336353132057078e-03
8.026755852842808236e-10 6.987591896920088141e-03
9.030100334448158877e-10 1.233917188630198787e-02
1.003344481605351055e-09 6.022052764622651613e-03
1.103678929765886223e-09 4.327983815523789649e-04
1.204013377926421184e-09 5.122923866007942587e-04
1.304347826086956351e-09 1.095768026598105231e-02
1.404682274247491519e-09 1.249332432975714356e-02
1.505016722408026480e-09 6.905859520180557785e-03
1.605351170568561647e-09 -7.825323615381859534e-04
1.705685618729096815e-09 5.260488464405872928e-03
1.806020066889631775e-09 1.420127928115787891e-02
1.906354515050166943e-09 9.274929290644808033e-03
2.006688963210702111e-09 3.124248558001153572e-03
2.107023411371237278e-09 1.837461582800377271e-03
2.207357859531772446e-09 6.772752754392223108e-03
2.307692307692307200e-09 9.933277057818256164e-03
2.408026755852842367e-09 5.989519699504479086e-03
2.508361204013377535e-09 4.233312743451918443e-03
2.608695652173912702e-09 -1.871507194489640223e-04
2.709030100334447870e-09 1.077767209502777761e-02
2.809364548494983038e-09 5.597750062119895460e-03
2.909698996655517792e-09 5.933732612495045723e-03
3.010033444816052959e-09 7.553448911588869427e-03
3.110367892976588127e-09 1.039963928210611670e-02
3.210702341137123294e-09 8.158417301310170663e-03
3.311036789297658462e-09 9.586673264511562376e-03
3.411371237458193629e-09 8.266985925681685082e-03
3.511705685618728797e-09 6.990029529050867385e-03
3.612040133779263551e-09 6.896131242859158787e-03
3.712374581939798719e-09 1.004386650474162375e-02
3.812709030100333886e-09 -6.762134931318939876e-04
3.913043478260868640e-09 2.994686556892293874e-03
4.013377926421404221e-09 7.713035028197104404e-03
4.113712374581938975e-09 9.994319650660669213e-03
4.214046822742474556e-09 1.237235969760330095e-02
4.314381270903009310e-09 8.741036401867680397e-03
4.414715719063544892e-09 7.896262973938774493e-03
4.515050167224079646e-09 4.050982371220813484e-03
4.615384615384614399e-09 7.568990948964747327e-03
4.715719063545149981e-09 7.695424833368952160e-03
4.816053511705684735e-09 1.019218472643515158e-02
4.916387959866220316e-09 1.639463978414434225e-02
5.016722408026755070e-09 5.892908965345469881e-03
5.117056856187290651e-09 8.843470176384364556e-03
5.217391304347825405e-09 1.742231826820531213e-03
5.317725752508360159e-09 2.433712999041172040e-03
5.418060200668895740e-09 5.960380949047735730e-03
5.518394648829430494e-09 3.283140841521404573e-03
5.618729096989966075e-09 2.095891277117299493e-03
5.719063545150500829e-09 7.120768001196371537e-03
5.819397993311035583e-09 1.105157436045349148e-02
5.919732441471571164e-09 4.959973575184224368e-03
6.020066889632105918e-09 3.145658334265834591e-03
6.120401337792641499e-09 5.030233543231832187e-03
6.220735785953176253e-09 6.029825668136541694e-03
6.321070234113711835e-09 6.016794194212140082e-03
6.421404682274246589e-09 6.636221974840853313e-03
6.521739130434781343e-09 6.040917107415794823e-03
6.622073578595316924e-09 6.230918481975227310e-03
6.722408026755851678e-09 6.480298086528142078e-03
6.822742474916387259e-09 4.781899421820640095e-03
6.923076923076922013e-09 8.743290069861962485e-03
7.023411371237457594e-09 4.657000134903599257e-03
7.123745819397992348e-09 7.516142540804396886e-03
7.224080267558527102e-09 8.207401765976873528e-05
7.324414715719062683e-09 7.975539944785253743e-03
7.424749163879597437e-09 5.871055432912864434e-03
7.525083612040133018e-09 4.961202225891105794e-03
7.625418060200667772e-09 1.241571661038231439e-02
7.725752508361202526e-09 2.564283237221375022e-03
7.826086956521737280e-09 5.484737256194928932e-03
7.926421404682273689e-09 9.721224466132832517e-03
8.026755852842808442e-09 1.046422530574531336e-02
8.127090301003343196e-09 6.816483976707198543e-03
8.227424749163877950e-09 8.412250945318002285e-03
8.327759197324414359e-09 8.159063869255083964e-03
8.428093645484949113e-09 1.186202494613834008e-02
8.528428093645483867e-09 9.862093292804937576e-04
8.628762541806018621e-09 6.731459790181191713e-03
8.729096989966553375e-09 1.120202024823542183e-02
8.829431438127089783e-09 1.194347265916939627e-02
8.929765886287624537e-09 4.752700859642812990e-03
9.030100334448159291e-09 5.625454125967634979e-03
9.130434782608694045e-09 8.263145186275647203e-03
9.230769230769228799e-09 6.639155335863591162e-03
9.331103678929765207e-09 6.844804654841838212e-03
9.431438127090299961e-09 6.348505577996919370e-03
9.531772575250834715e-09 8.492219627469278428e-03
9.632107023411369469e-09 1.206122322018684037e-02
9.732441471571904223e-09 1.295296213960105136e-02
9.832775919732440632e-09 4.225728343138006500e-03
9.933110367892975386e-09 6.743459650169338765e-03
1.003344481605351014e-08 1.198423133735807174e-02
1.013377926421404489e-08 1.326751060752141831e-02
1.023411371237458130e-08 1.055137189541715745e-02
1.033444816053511606e-08 2.417256929076295503e-03
1.043478260869565081e-08 6.611433287256906523e-03
1.053511705685618556e-08 1.074871585618730405e-02
1.063545150501672032e-08 1.081862448196984836e-02
1.073578595317725673e-08 1.073989830685103015e-02
1.083612040133779148e-08 3.153881501131597029e-03
1.093645484949832623e-08 6.129482129386856597e-03
1.103678929765886099e-08 8.364587200541727038e-03
1.113712374581939574e-08 9.231669032392709681e-03
1.123745819397993215e-08 7.576961343482301742e-03
1.133779264214046690e-08 8.420745471296019885e-03
1.143812709030100166e-08 6.683562089036511333e-03
1.153846153846153641e-08 8.421267153234220093e-03
1.163879598662207117e-08 5.774065220783680501e-03
1.173913043478260757e-08 4.295859939480780459e-03
1.183946488294314233e-08 6.402835284731798852e-03
1.193979933110367708e-08 4.603900457399317386e-03
1.204013377926421184e-08 1.154842014511587613e-02
1.214046822742474824e-08 7.623988665154962305e-03
1.224080267558528300e-08 7.188029187923495635e-03
1.234113712374581775e-08 1.145602958698078294e-02
1.244147157190635251e-08 8.274046658208961472e-03
1.254180602006688726e-08 3.016624180816483616e-03
1.264214046822742367e-08 -2.210283974013801857e-03
1.274247491638795842e-08 1.137083072016585594e-02
1.284280936454849318e-08 1.200067860711470993e-02
1.294314381270902793e-08 9.997025455088811782e-03
1.304347826086956269e-08 3.157164425342143081e-03
1.314381270903009909e-08 9.937111095814011447e-03
1.324414715719063385e-08 1.035433325358248863e-02
1.334448160535116860e-08 2.385721894473976593e-03
1.344481605351170336e-08 7.205736651278619488e-03
1.354515050167223811e-08 8.632453898374133766e-03
1.364548494983277452e-08 3.344597017632783623e-03
1.374581939799330927e-08 3.546079659851215926e-03
1.384615384615384403e-08 7.731951907984036844e-03
1.394648829431437878e-08 4.555363005232668239e-03
1.404682274247491519e-08 5.013418936284399358e-03
1.414715719063544994e-08 8.944894824217817370e-03
1.424749163879598470e-08 1.133771515154698324e-02
1.434782608695651945e-08 1.036776213955976217e-02
1.444816053511705420e-08 1.554114828898294116e-02
1.454849498327759061e-08 1.467875453019486243e-02
1.464882943143812537e-08 9.803023953126557832e-03
1.474916387959866012e-08 7.678641046444333561e-03
1.484949832775919487e-08 4.240689816365598129e-03
1.494983277591973128e-08 6.016872222681853358e-03
1.505016722408026604e-08 1.434964648460180896e-03
1.515050167224080079e-08 5.818262072953620835e-03
1.525083612040133554e-08 8.473037358964352270e-03
1.535117056856187030e-08 1.469881561882886364e-02
1.545150501672240505e-08 1.093433530230777419e-02
1.555183946488293981e-08 7.431136332399135638e-03
1.565217391304347456e-08 4.742822300344199868e-03
1.575250836120401262e-08 3.421453954558809681e-03
1.585284280936454738e-08 7.252082282839914656e-03
1.595317725752508213e-08 5.755707608240601646e-03
1.605351170568561688e-08 5.709854623768086113e-03
1.615384615384615164e-08 9.039913652338454203e-03
1.625418060200668639e-08 5.325002764520437963e-03
1.635451505016722115e-08 4.471006505297311397e-03
1.645484949832775590e-08 4.351384735075290375e-03
1.655518394648829065e-08 -1.253698835580479079e-03
1.665551839464882872e-08 1.805714766388524187e-03
1.675585284280936347e-08 4.453513491860078798e-03
1.685618729096989823e-08 6.974578909815524509e-03
1.695652173913043298e-08 8.487460227211527861e-03
1.705685618729096773e-08 4.843047869053272551e-03
1.715719063545150249e-08 9.908884618609432524e-04
1.725752508361203724e-08 8.576826132141000467e-03
1.735785953177257200e-08 6.488675536377225793e-03
1.745819397993310675e-08 7.915068315028663676e-03
1.755852842809364150e-08 1.834978009034994454e-03
1.765886287625417957e-08 4.960119271988808025e-03
1.775919732441471432e-08 8.488284657138765732e-03
1.785953177257524907e-08 7.602947157107246140e-03
1.795986622073578383e-08 4.371064528339931726e-03
1.806020066889631858e-08 2.818195424850817622e-03
1.816053511705685334e-08 2.147954116653267870e-03
1.826086956521738809e-08 3.454770511514596541e-03
1.836120401337792284e-08 1.017102730253513325e-02
1.846153846153845760e-08 6.890444657609535312e-03
1.856187290969899566e-08 7.288069787065711534e-03
1.866220735785953041e-08 5.835549334910988470e-03
1.876254180602006517e-08 8.885610400641145643e-03
1.886287625418059992e-08 1.320592145541896190e-02
1.896321070234113468e-08 7.717047329765011621e-03
1.906354515050166943e-08 1.056209322989326051e-02
1.916387959866220418e-08 7.684952457760592555e-03
1.926421404682273894e-08 6.913467595814528320e-03
1.936454849498327369e-08 8.478436594354328559e-03
1.946488294314380845e-08 8.875056010290281738e-03
1.956521739130434651e-08 2.199070682992012790e-03
1.966555183946488126e-08 2.035287930878888936e-03
1.976588628762541602e-08 6.363411724138796043e-03
1.986622073578595077e-08 1.839050700829030069e-03
1.996655518394648553e-08 9.622003288555103923e-03
2.006688963210702028e-08 3.102074811741103826e-03
2.016722408026755503e-08 6.974294099533946863e-03
2.026755852842808979e-08 7.032230544666301202e-03
2.036789297658862454e-08 7.601917127686545067e-03
2.046822742474916260e-08 6.667028356882898424e-03
2.056856187290969736e-08 4.886790756935401742e-03
2.066889632107023211e-08 4.676054923637497016e-03
2.076923076923076687e-08 4.645823603335537226e-03
2.086956521739130162e-08 1.326506165543992963e-02
2.096989966555183637e-08 6.801290499348014093e-03
2.107023411371237113e-08 1.096080430816614645e-02
2.117056856187290588e-08 1.070706568213506196e-02
2.127090301003344064e-08 3.271016387483155225e-04
2.137123745819397539e-08 6.936180445324421559e-03
2.147157190635451345e-08 6.806692849596378096e-03
2.157190635451504821e-08 4.602349107068080467e-03
2.167224080267558296e-08 7.733933420739681069e-03
2.177257525083611771e-08 5.260140904033086193e-03
2.187290969899665247e-08 9.146590072883242425e-03
2.197324414715718722e-08 7.501166916964508748e-03
2.207357859531772198e-08 9.557081583937521857e-03
2.217391304347825673e-08 7.524271561657343808e-03
2.227424749163879148e-08 1.387531985161788266e-02
2.237458193979932955e-08 4.968130409161636285e-03
2.247491638795986430e-08 2.206852152187033841e-03
2.257525083612039905e-08 1.216654068840709001e-02
2.267558528428093381e-08 7.074881132841254368e-03
2.277591973244146856e-08 5.767534768415300515e-03
2.287625418060200332e-08 2.270554717199258030e-03
2.297658862876253807e-08 1.020903221548927382e-02
2.307692307692307282e-08 9.763392488070562342e-03
2.317725752508360758e-08 6.352077940695203401e-03
2.327759197324414233e-08 7.415121631497810853e-03
2.337792642140468040e-08 4.791572959060630410e-03
2.347826086956521515e-08 7.644569673415977859e-03
2.357859531772574990e-08 1.020381080324320004e-02
2.367892976588628466e-08 2.859111712809051051e-03
2.377926421404681941e-08 5.812208057853148618e-03
2.387959866220735417e-08 5.357841013454428016e-03
2.397993311036788892e-08 4.305913093126454002e-04
2.408026755852842367e-08 6.587006130127487195e-03
2.418060200668895843e-08 1.202478809807800992e-03
2.428093645484949649e-08 7.108974073764747457e-03
2.438127090301003124e-08 8.426740686238033684e-03
2.448160535117056600e-08 2.030148932575635487e-03
2.458193979933110075e-08 1.373745930569860232e-02
2.468227424749163551e-08 7.127203761230978783e-03
2.478260869565217026e-08 7.536156690267264806e-03
2.488294314381270501e-08 8.560842644719375907e-03
2.498327759197323977e-08 5.266470701245297599e-03
2.508361204013377452e-08 1.042185572296844102e-02
2.518394648829430928e-08 4.282968727955589749e-03
2.528428093645484734e-08 1.425737446673476516e-02
2.538461538461538209e-08 3.909791430853909108e-03
2.548494983277591685e-08 7.873750477109954515e-03
2.558528428093645160e-08 6.792794496205995999e-03
2.568561872909698635e-08 5.619415695194699550e-03
2.578595317725752111e-08 8.551055575395302699e-03
2.588628762541805586e-08 8.756810915448630384e-03
2.598662207357859062e-08 6.511758256870035962e-03
2.608695652173912537e-08 1.401122322731147320e-02
2.618729096989966343e-08 4.435656136540683768e-03
2.628762541806019819e-08 1.249888210285309996e-04
2.638795986622073294e-08 3.779519321646708247e-03
2.648829431438126769e-08 6.989881820168597840e-03
2.658862876254180245e-08 8.876159291908452056e-03
2.668896321070233720e-08 2.856777100091412169e-03
2.678929765886287196e-08 1.978662069053963024e-03
2.688963210702340671e-08 9.926808010502526439e-03
2.698996655518394146e-08 1.238700781857169503e-02
2.709030100334447622e-08 9.597779828694242427e-03
2.719063545150501428e-08 1.886704181989648510e-03
2.729096989966554904e-08 5.991597838977692422e-03
2.739130434782608379e-08 1.235681005494931525e-02
2.749163879598661854e-08 6.029946092533420600e-03
2.759197324414715330e-08 7.832467680823672687e-03
2.769230769230768805e-08 5.468388834310652924e-03
2.779264214046822281e-08 1.342991653111671839e-02
2.789297658862875756e-08 9.405509573438353491e-03
2.799331103678929231e-08 1.520518900338642745e-02
2.809364548494983038e-08 6.890667963679887251e-03
2.819397993311036513e-08 1.050023959643574256e-02
2.829431438127089988e-08 8.554197099647496347e-03
2.839464882943143464e-08 7.483269755869921200e-03
2.849498327759196939e-08 8.085796061686415653e-03
2.859531772575250415e-08 3.186759102980727407e-04
2.869565217391303890e-08 4.837072343854421919e-03
2.879598662207357365e-08 8.669001611544775721e-03
2.889632107023410841e-08 1.525774646103956154e-02
2.899665551839464316e-08 1.046855041781443243e-02
2.909698996655518122e-08 7.493863129458740516e-03
2.919732441471571598e-08 5.910135764189384036e-03
2.929765886287625073e-08 5.060644297876977851e-03
2.939799331103678549e-08 7.917543839853390802e-03
2.949832775919732024e-08 1.003074751586515226e-02
2.959866220735785499e-08 6.622083809339925770e-03
2.969899665551838975e-08 6.126190139735671059e-03
2.979933110367892450e-08 5.320720144706268806e-03
2.989966555183946256e-08 4.760594867567734603e-03
2.999999999999999732e-08 7.222965435111080440e-03
