0.000000000000000000e+00 9.999999999999995559e-01
1.003344481605351029e-10 8.554315627186591664e-01
2.006688963210702059e-10 6.275008443141184555e-01
3.010033444816052959e-10 5.063767102240016582e-01
4.013377926421404118e-10 4.397651046939314856e-01
5.016722408026755277e-10 3.643332639617025137e-01
6.020066889632105918e-10 2.938516212050300003e-01
7.023411371237457594e-10 2.609805023461410078e-01
8.026755852842808236e-10 2.185394286122037122e-01
9.030100334448158877e-10 1.491031769896225267e-01
1.003344481605351055e-09 9.689851155890533141e-02
1.103678929765886223e-09 7.626181967002203244e-02
1.204013377926421184e-09 5.746023201696483923e-02
1.304347826086956351e-09 3.597768863775421821e-02
1.404682274247491519e-09 2.620225549597117454e-02
1.505016722408026480e-09 1.375919052498607992e-02
1.605351170568561647e-09 -9.268452832197425495e-03
1.705685618729096815e-09 -2.102008120054286305e-02
1.806020066889631775e-09 -1.519746195539482467e-02
1.906354515050166943e-09 -1.248933390069564831e-02
2.006688963210702111e-09 -1.357249680279831207e-02
2.107023411371237278e-09 -9.183979795703746049e-03
2.207357859531772446e-09 -4.994677869162617197e-03
2.307692307692307200e-09 -8.952345463750904439e-03
2.408026755852842367e-09 -8.129774754851555596e-03
2.508361204013377535e-09 2.276381399251860803e-03
2.608695652173912702e-09 7.827805656883499164e-03
2.709030100334447870e-09 1.016327724163541661e-02
2.809364548494983038e-09 1.778019956042837732e-02
2.909698996655517792e-09 2.398141025193148770e-02
3.010033444816052959e-09 2.163785177387909583e-02
3.110367892976588127e-09 1.829674257036414606e-02
3.210702341137123294e-09 2.019253503030431912e-02
3.311036789297658462e-09 1.978733916739280202e-02
3.411371237458193629e-09 1.685933660516399785e-02
3.511705685618728797e-09 2.133888106942751287e-02
3.612040133779263551e-09 2.562844646453963510e-02
3.712374581939798719e-09 2.247840240875609644e-02
3.812709030100333886e-09 1.928327615645418144e-02
3.913043478260868640e-09 2.011751341011612168e-02
4.013377926421404221e-09 2.005045518772479579e-02
4.113712374581938975e-09 1.821223003123740442e-02
4.214046822742474556e-09 2.132167419236685041e-02
4.314381270903009310e-09 2.677067809324657974e-02
4.414715719063544892e-09 2.807149913894474089e-02
4.515050167224079646e-09 2.964233598621027199e-02
4.615384615384614399e-09 3.408740445261463498e-02
4.715719063545149981e-09 3.432380747620248501e-02
4.816053511705684735e-09 3.142991639661141950e-02
4.916387959866220316e-09 3.257797313096939817e-02
5.016722408026755070e-09 3.409360192547582213e-02
5.117056856187290651e-09 3.132460780642302989e-02
5.217391304347825405e-09 2.990923965676052509e-02
5.317725752508360159e-09 3.007777340541954031e-02
5.418060200668895740e-09 2.705442075028131194e-02
5.518394648829430494e-09 2.170099790431666634e-02
5.618729096989966075e-09 1.910338381446626682e-02
5.719063545150500829e-09 2.008837615405576968e-02
5.819397993311035583e-09 1.647404612565076323e-02
5.919732441471571164e-09 1.009920369093880547e-02
6.020066889632105918e-09 6.908337319077108123e-03
6.120401337792641499e-09 1.264823026983722971e-03
6.220735785953176253e-09 -5.709875087594417503e-03
6.321070234113711835e-09 -6.685738691877858055e-03
6.421404682274246589e-09 -6.005410834514437676e-03
6.521739130434781343e-09 -8.539073620903819134e-03
6.622073578595316924e-09 -1.036152512809941986e-02
6.722408026755851678e-09 -9.873090338497958127e-03
6.822742474916387259e-09 -1.016893398542350994e-02
6.923076923076922013e-09 -8.698494166353718318e-03
7.023411371237457594e-09 -2.102414792873076588e-03
7.123745819397992348e-09 3.930567462253243757e-03
7.224080267558527102e-09 6.238363687333992914e-03
7.324414715719062683e-09 7.201657483207001519e-03
7.424749163879597437e-09 8.145938540107620224e-03
7.525083612040133018e-09 8.121515928982631430e-03
7.625418060200667772e-09 7.869710320497630418e-03
7.725752508361202526e-09 8.934946310119193380e-03
7.826086956521737280e-09 8.424890827151783682e-03
7.926421404682273689e-09 6.333912202196380001e-03
8.026755852842808442e-09 6.061482267872290303e-03
8.127090301003343196e-09 7.569912023820261557e-03
8.227424749163877950e-09 6.639545004246778445e-03
8.327759197324414359e-09 3.613007574121251085e-03
8.428093645484949113e-09 3.577074912347756337e-03
8.528428093645483867e-09 4.888890155156516877e-03
8.628762541806018621e-09 4.206979315017202875e-03
8.729096989966553375e-09 5.897737710892886343e-03
8.829431438127089783e-09 1.126962852280343277e-02
8.929765886287624537e-09 1.465691634631004561e-02
9.030100334448159291e-09 1.407023263438299948e-02
9.130434782608694045e-09 1.226506389876001052e-02
9.230769230769228799e-09 1.233210966198045565e-02
9.331103678929765207e-09 1.130004655225215829e-02
9.431438127090299961e-09 1.070320419122383106e-02
9.531772575250834715e-09 1.328417616200330137e-02
9.632107023411369469e-09 1.362845465957047801e-02
9.732441471571904223e-09 1.110796049384937118e-02
9.832775919732440632e-09 9.858738333523900041e-03
9.933110367892975386e-09 1.109831644916588374e-02
1.003344481605351014e-08 1.159876694321080627e-02
1.013377926421404489e-08 1.005903262419871776e-02
1.023411371237458130e-08 7.063148081973966673e-03
1.033444816053511606e-08 4.301818488325429360e-03
1.043478260869565081e-08 2.436560674871128974e-03
1.053511705685618556e-08 1.931519536193778428e-03
1.063545150501672032e-08 2.918328481822047953e-03
1.073578595317725673e-08 2.453460617685658887e-03
1.083612040133779148e-08 9.598234202134925310e-04
1.093645484949832623e-08 3.825523060534423338e-04
1.103678929765886099e-08 -4.996259908352121241e-04
1.113712374581939574e-08 -1.687324744722205373e-03
1.123745819397993215e-08 -3.378957915995585296e-04
1.133779264214046690e-08 4.571420125588033980e-04
1.143812709030100166e-08 1.961244398279052108e-04
1.153846153846153641e-08 1.271991911415710358e-03
1.163879598662207117e-08 1.755737727464329063e-03
1.173913043478260757e-08 1.551526531754415360e-03
1.183946488294314233e-08 -1.210558055700274721e-05
1.193979933110367708e-08 -1.096726925530678264e-03
1.204013377926421184e-08 -1.703195196322399539e-05
1.214046822742474824e-08 3.166223668366870223e-04
1.224080267558528300e-08 -3.567504993558591507e-04
1.234113712374581775e-08 1.075880064688694701e-03
1.244147157190635251e-08 4.613311337576346365e-03
1.254180602006688726e-08 5.490577296668418955e-03
1.264214046822742367e-08 5.817649227826758584e-03
1.274247491638795842e-08 7.517266690390358476e-03
1.284280936454849318e-08 7.372945832289933693e-03
1.294314381270902793e-08 9.022876354259872292e-03
1.304347826086956269e-08 1.267459181945679129e-02
1.314381270903009909e-08 1.379506512912855379e-02
1.324414715719063385e-08 1.125559833997074807e-02
1.334448160535116860e-08 1.089680250544437963e-02
1.344481605351170336e-08 1.231728571019499209e-02
1.354515050167223811e-08 1.110106270698412584e-02
1.364548494983277452e-08 1.106134446002537443e-02
1.374581939799330927e-08 1.188805791600542477e-02
1.384615384615384403e-08 1.297094737209803471e-02
1.394648829431437878e-08 1.522140139936911662e-02
1.404682274247491519e-08 1.480781160902690415e-02
1.414715719063544994e-08 1.357248450471469636e-02
1.424749163879598470e-08 1.516996125283213113e-02
1.434782608695651945e-08 1.302805803705690130e-02
1.444816053511705420e-08 1.364249225304995337e-02
1.454849498327759061e-08 1.606854954270148586e-02
1.464882943143812537e-08 1.458679749642292564e-02
1.474916387959866012e-08 1.413713176501007161e-02
1.484949832775919487e-08 1.233559459296934384e-02
1.494983277591973128e-08 1.137260410472057393e-02
1.505016722408026604e-08 6.588819955089234362e-03
1.515050167224080079e-08 5.661192643152808575e-03
1.525083612040133554e-08 8.545579252455677219e-03
1.535117056856187030e-08 7.334801904848181793e-03
1.545150501672240505e-08 6.171089220804216319e-03
1.555183946488293981e-08 2.910540263399278606e-03
1.565217391304347456e-08 1.951755712137346385e-03
1.575250836120401262e-08 -1.524659381851216702e-05
1.585284280936454738e-08 -7.429406747192423763e-04
1.595317725752508213e-08 3.529483810121593866e-04
1.605351170568561688e-08 -2.749923974857209318e-04
1.615384615384615164e-08 3.448057001582364046e-04
1.625418060200668639e-08 -6.921175949036828621e-04
1.635451505016722115e-08 -1.158781483003967772e-03
1.645484949832775590e-08 -7.416679551407507785e-04
1.655518394648829065e-08 -6.556728954494447838e-04
1.665551839464882872e-08 1.197550916067978335e-03
1.675585284280936347e-08 4.883063309014057385e-03
1.685618729096989823e-08 8.148544723295448461e-03
1.695652173913043298e-08 9.451498529361210266e-03
1.705685618729096773e-08 7.285920368156117988e-03
1.715719063545150249e-08 5.905081484021946180e-03
1.725752508361203724e-08 6.802854106267907340e-03
1.735785953177257200e-08 6.594164666774623811e-03
1.745819397993310675e-08 5.183598958408150784e-03
1.755852842809364150e-08 2.991377084406389789e-03
1.765886287625417957e-08 5.179999903240646575e-03
1.775919732441471432e-08 9.137906734608859313e-03
1.785953177257524907e-08 1.328078980315457874e-02
1.795986622073578383e-08 1.685947158365667595e-02
1.806020066889631858e-08 1.437652521710004044e-02
1.816053511705685334e-08 9.680248812654399307e-03
1.826086956521738809e-08 8.980651342895096950e-03
1.836120401337792284e-08 1.205983608418853027e-02
1.846153846153845760e-08 1.413928374886100695e-02
1.856187290969899566e-08 1.296826130923119970e-02
1.866220735785953041e-08 9.361327665207468118e-03
1.876254180602006517e-08 8.029665613663116916e-03
1.886287625418059992e-08 6.293776989031496516e-03
1.896321070234113468e-08 3.872217114956522880e-03
1.906354515050166943e-08 3.914989313840884499e-03
1.916387959866220418e-08 2.932767990496134951e-03
1.926421404682273894e-08 3.468633085822574787e-03
1.936454849498327369e-08 6.030504210674855065e-03
1.946488294314380845e-08 8.677352264875032653e-03
1.956521739130434651e-08 9.057089250334158723e-03
1.966555183946488126e-08 6.260972530620787825e-03
1.976588628762541602e-08 2.962813946964635518e-03
1.986622073578595077e-08 2.678175687819825488e-03
1.996655518394648553e-08 4.683142624786999428e-03
2.006688963210702028e-08 6.232569292005745408e-03
2.016722408026755503e-08 5.430600124614421917e-03
2.026755852842808979e-08 2.657351281489142830e-03
2.036789297658862454e-08 1.906399403586562201e-03
2.046822742474916260e-08 3.157006158249112994e-03
2.056856187290969736e-08 2.329068787859502575e-03
2.066889632107023211e-08 -8.554500532835496683e-04
2.076923076923076687e-08 1.701457651451712206e-03
2.086956521739130162e-08 4.435796993559229344e-03
2.096989966555183637e-08 4.128632204936449022e-03
2.107023411371237113e-08 6.056463516261706773e-03
2.117056856187290588e-08 9.737659752149723652e-03
2.127090301003344064e-08 1.486176033234615050e-02
2.137123745819397539e-08 1.368793714146565588e-02
2.147157190635451345e-08 6.750596708273728930e-03
2.157190635451504821e-08 1.557652455977753467e-03
2.167224080267558296e-08 2.028406406938472028e-03
2.177257525083611771e-08 4.707284205977128530e-03
2.187290969899665247e-08 5.813768903253300688e-03
2.197324414715718722e-08 5.407811012312465498e-03
2.207357859531772198e-08 3.488427465684825878e-03
2.217391304347825673e-08 3.677526451659010077e-03
2.227424749163879148e-08 5.386564890337759183e-03
2.237458193979932955e-08 4.960303759022616568e-03
2.247491638795986430e-08 2.997276816313433623e-03
2.257525083612039905e-08 5.990888143569714913e-03
2.267558528428093381e-08 1.065002532104118195e-02
2.277591973244146856e-08 9.300743347736921060e-03
2.287625418060200332e-08 7.821418846331635102e-03
2.297658862876253807e-08 9.500093775766400156e-03
2.307692307692307282e-08 8.307341271653358866e-03
2.317725752508360758e-08 5.540604193191929656e-03
2.327759197324414233e-08 3.906653570569970993e-03
2.337792642140468040e-08 2.832881164639993246e-03
2.347826086956521515e-08 5.485627186106425274e-03
2.357859531772574990e-08 9.173420285528872953e-03
2.367892976588628466e-08 1.078629800899597903e-02
2.377926421404681941e-08 1.137259632557281221e-02
2.387959866220735417e-08 9.435935874037898810e-03
2.397993311036788892e-08 8.328324217346218944e-03
2.408026755852842367e-08 9.813120618867720787e-03
2.418060200668895843e-08 8.298131014323251176e-03
2.428093645484949649e-08 6.177868303222261957e-03
2.438127090301003124e-08 5.936004094399382341e-03
2.448160535117056600e-08 6.139378315796524370e-03
2.458193979933110075e-08 6.639459358068871761e-03
2.468227424749163551e-08 4.988583781106423892e-03
2.478260869565217026e-08 2.441239064178300257e-03
2.488294314381270501e-08 3.867494610604563406e-03
2.498327759197323977e-08 6.402627553826157822e-03
2.508361204013377452e-08 6.160111960321745100e-03
2.518394648829430928e-08 6.857757203957179186e-03
2.528428093645484734e-08 6.985340832363319367e-03
2.538461538461538209e-08 8.227161102164010087e-03
2.548494983277591685e-08 8.284997669445303553e-03
2.558528428093645160e-08 4.951181846248808686e-03
2.568561872909698635e-08 4.286715017994890270e-03
2.578595317725752111e-08 4.150329667072173018e-03
2.588628762541805586e-08 3.458010872602914482e-03
2.598662207357859062e-08 3.278176382261792799e-03
2.608695652173912537e-08 3.605910588707761724e-03
2.618729096989966343e-08 3.758503735511052081e-03
2.628762541806019819e-08 2.882376036743285359e-03
2.638795986622073294e-08 7.153175663966422973e-05
2.648829431438126769e-08 2.369081536835316963e-05
2.658862876254180245e-08 8.494083256106920105e-04
2.668896321070233720e-08 -1.823332315752080289e-04
2.678929765886287196e-08 3.257793927860957485e-04
2.688963210702340671e-08 -7.251706734326282631e-05
2.698996655518394146e-08 5.728326022241160683e-04
2.709030100334447622e-08 2.476969498570097839e-03
2.719063545150501428e-08 5.644624464681897123e-03
2.729096989966554904e-08 6.442792397966560017e-03
2.739130434782608379e-08 6.604550998844114888e-03
2.749163879598661854e-08 7.508249026640424068e-03
2.759197324414715330e-08 7.964637410339477780e-03
2.769230769230768805e-08 1.048005847715908351e-02
2.779264214046822281e-08 1.055915509523075967e-02
2.789297658862875756e-08 1.181966161790499667e-02
2.799331103678929231e-08 1.287886796856965721e-02
2.809364548494983038e-08 1.229395436769096552e-02
2.819397993311036513e-08 1.167657684682851804e-02
2.829431438127089988e-08 8.927882497503931980e-03
2.839464882943143464e-08 6.696824698920215632e-03
2.849498327759196939e-08 5.937569150225845832e-03
2.859531772575250415e-08 5.147403894775037098e-03
2.869565217391303890e-08 4.887568417681801593e-03
2.879598662207357365e-08 6.272798538024007726e-03
2.889632107023410841e-08 6.993041488326683965e-03
2.899665551839464316e-08 9.628815932582791143e-03
2.909698996655518122e-08 1.093020110351772267e-02
2.919732441471571598e-08 6.369591266602130965e-03
2.929765886287625073e-08 3.514697719161500970e-03
2.939799331103678549e-08 4.476191769620730884e-03
2.949832775919732024e-08 5.123452422718949816e-03
2.959866220735785499e-08 2.706870028865225423e-03
2.969899665551838975e-08 2.746685273911764810e-03
2.979933110367892450e-08 6.538853085182153718e-03
2.989966555183946256e-08 4.259999032244415028e-03
2.999999999999999732e-08 -2.609719336133292026e-04
