0.000000000000000000e+00 9.999999999999995559e-01
1.003344481605351029e-10 9.954223245749313151e-03
2.006688963210702059e-10 4.990888784078019273e-03
3.010033444816052959e-10 4.144969909058334769e-03
4.013377926421404118e-10 -2.594350475023010551e-03
5.016722408026755277e-10 1.050455615406706983e-02
6.020066889632105918e-10 1.230361269691015828e-02
7.023411371237457594e-10 5.959484619013156841e-03
8.026755852842808236e-10 6.967581804886351614e-03
9.030100334448158877e-10 1.060605277811515861e-02
1.003344481605351055e-09 9.732231841256573993e-03
1.103678929765886223e-09 3.989636571360717816e-03
1.204013377926421184e-09 1.180800529411997653e-02
1.304347826086956351e-09 7.651330958459892639e-03
1.404682274247491519e-09 1.035402541556633589e-02
1.505016722408026480e-09 1.586135111443934959e-02
1.605351170568561647e-09 1.245297566863328917e-02
1.705685618729096815e-09 3.988152362974759640e-03
1.806020066889631775e-09 4.238406171861788807e-03
1.906354515050166943e-09 1.156940358261668474e-02
2.006688963210702111e-09 6.679840756730776388e-03
2.107023411371237278e-09 3.534953404065929554e-03
2.207357859531772446e-09 1.112972595658196298e-02
2.307692307692307200e-09 6.606919339284090566e-03
2.408026755852842367e-09 4.377764446352572225e-03
2.508361204013377535e-09 4.937475067660751331e-03
2.608695652173912702e-09 1.881414909552717087e-03
2.709030100334447870e-09 6.636612747254692218e-03
2.809364548494983038e-09 1.165746244433666159e-02
2.909698996655517792e-09 8.069100530338893518e-03
3.010033444816052959e-09 1.063372136817880738e-02
3.110367892976588127e-09 1.574326497325301624e-03
3.210702341137123294e-09 6.354195852848645854e-03
3.311036789297658462e-09 8.948848891592227697e-03
3.411371237458193629e-09 6.909733984542318699e-03
3.511705685618728797e-09 9.726498352151004625e-03
3.612040133779263551e-09 1.194117341097382379e-02
3.712374581939798719e-09 8.036244855708730983e-03
3.812709030100333886e-09 8.904623873056276978e-03
3.913043478260868640e-09 3.593928022939232685e-03
4.013377926421404221e-09 3.039715214687699167e-03
4.113712374581938975e-09 8.079772490174840643e-03
4.214046822742474556e-09 1.238058379707617819e-02
4.314381270903009310e-09 9.184020233416471252e-03
4.414715719063544892e-09 5.358179735496262225e-03
4.515050167224079646e-09 7.924734181948554432e-03
4.615384615384614399e-09 5.858864099202703429e-03
4.715719063545149981e-09 7.114490158130216610e-03
4.816053511705684735e-09 1.018102883925491031e-02
4.916387959866220316e-09 6.520633298267804190e-03
5.016722408026755070e-09 1.066172448766307748e-02
5.117056856187290651e-09 -1.203257405733648396e-03
5.217391304347825405e-09 8.633322189787922055e-03
5.317725752508360159e-09 8.027764064595325350e-03
5.418060200668895740e-09 1.124811021699529713e-02
5.518394648829430494e-09 1.339448481654773905e-02
5.618729096989966075e-09 9.227499285228897910e-03
5.719063545150500829e-09 3.240601198180204957e-03
5.819397993311035583e-09 -9.801258825212792389e-04
5.919732441471571164e-09 5.757433140235568986e-03
6.020066889632105918e-09 9.036720131890742941e-03
6.120401337792641499e-09 1.006081392626314956e-02
6.220735785953176253e-09 5.840217348321409020e-03
6.321070234113711835e-09 9.430874544243969884e-03
6.421404682274246589e-09 9.866224567389548367e-03
6.521739130434781343e-09 8.557185558282307675e-03
6.622073578595316924e-09 1.051252231034137050e-02
6.722408026755851678e-09 3.917760118535306736e-03
6.822742474916387259e-09 7.891434679938207422e-03
6.923076923076922013e-09 1.001016445442013021e-02
7.023411371237457594e-09 1.141269213256725784e-02
7.123745819397992348e-09 1.196172822720050627e-02
7.224080267558527102e-09 1.024354425658278306e-02
7.324414715719062683e-09 2.887822491809171471e-03
7.424749163879597437e-09 3.893063091572814861e-03
7.525083612040133018e-09 8.426209547237016595e-03
7.625418060200667772e-09 5.444761423037320670e-03
7.725752508361202526e-09 1.186553108069380268e-02
7.826086956521737280e-09 1.154711065513422744e-02
7.926421404682273689e-09 1.075398170867241168e-02
8.026755852842808442e-09 6.751504855736407268e-03
8.127090301003343196e-09 3.704201217534753513e-03
8.227424749163877950e-09 1.075762045988975547e-02
8.327759197324414359e-09 9.278150896541530884e-03
8.428093645484949113e-09 1.333332048766490419e-02
8.528428093645483867e-09 4.103745054555192617e-03
8.628762541806018621e-09 6.549630468547504476e-03
8.729096989966553375e-09 3.045611829984792851e-03
8.829431438127089783e-09 8.452508091197144524e-03
8.929765886287624537e-09 8.982255690253272695e-03
9.030100334448159291e-09 9.810510646152159273e-03
9.130434782608694045e-09 1.095777508778180732e-02
9.230769230769228799e-09 5.856280897679721521e-03
9.331103678929765207e-09 1.180700093476346954e-02
9.431438127090299961e-09 7.884439930985004397e-03
9.531772575250834715e-09 7.270414943492315742e-03
9.632107023411369469e-09 9.885152488954820557e-03
9.732441471571904223e-09 7.286747094105422776e-03
9.832775919732440632e-09 8.573535275355899724e-03
9.933110367892975386e-09 9.908208337814531502e-03
1.003344481605351014e-08 8.969828811648166214e-03
1.013377926421404489e-08 7.742885789314561326e-03
1.023411371237458130e-08 8.557301963144917784e-03
1.033444816053511606e-08 8.005462643630027395e-03
1.043478260869565081e-08 1.413853198385633947e-03
1.053511705685618556e-08 4.300029929266535600e-03
1.063545150501672032e-08 8.352351991151672067e-03
1.073578595317725673e-08 1.005055642702010893e-02
1.083612040133779148e-08 7.387000790340464418e-03
1.093645484949832623e-08 7.571767139861245062e-03
1.103678929765886099e-08 8.333553101623095843e-03
1.113712374581939574e-08 4.178813374739711456e-03
1.123745819397993215e-08 9.964200338029442425e-03
1.133779264214046690e-08 1.012045086007001826e-02
1.143812709030100166e-08 7.492973022926833170e-03
1.153846153846153641e-08 2.582568198297406636e-03
1.163879598662207117e-08 -2.109223963999712218e-04
1.173913043478260757e-08 7.042312693089189564e-03
1.183946488294314233e-08 8.971145412924184243e-03
1.193979933110367708e-08 1.087742405870825192e-02
1.204013377926421184e-08 1.062561756471158345e-03
1.214046822742474824e-08 4.757697966794923600e-03
1.224080267558528300e-08 7.974505556297762851e-03
1.234113712374581775e-08 1.602641087073351789e-02
1.244147157190635251e-08 1.162798522740773367e-02
1.254180602006688726e-08 4.742731984635535462e-03
1.264214046822742367e-08 3.118693788479280637e-03
1.274247491638795842e-08 8.936046703178036205e-03
1.284280936454849318e-08 8.973004547738987549e-03
1.294314381270902793e-08 1.186959926274524200e-02
1.304347826086956269e-08 4.403995201239101730e-03
1.314381270903009909e-08 9.114876360277936879e-03
1.324414715719063385e-08 8.771136455462222314e-03
1.334448160535116860e-08 8.855765337066607082e-03
1.344481605351170336e-08 5.675132314635957312e-03
1.354515050167223811e-08 1.213988179713022461e-02
1.364548494983277452e-08 1.193173059602983983e-02
1.374581939799330927e-08 6.377237164220068109e-03
1.384615384615384403e-08 6.263051515903465295e-03
1.394648829431437878e-08 1.063543071836088247e-02
1.404682274247491519e-08 1.797575432340631219e-03
1.414715719063544994e-08 7.574460732210017318e-03
1.424749163879598470e-08 1.146940750614790748e-02
1.434782608695651945e-08 7.315164885773388533e-03
1.444816053511705420e-08 9.538255664589696467e-03
1.454849498327759061e-08 3.831558349516582009e-03
1.464882943143812537e-08 4.548331859230821117e-03
1.474916387959866012e-08 9.423400381805077317e-03
1.484949832775919487e-08 9.865775657533012652e-03
1.494983277591973128e-08 1.214782675009170969e-02
1.505016722408026604e-08 -1.049399811118782938e-03
1.515050167224080079e-08 1.009073168520867661e-02
1.525083612040133554e-08 1.331878751392518746e-02
1.535117056856187030e-08 3.356739906758100540e-03
1.545150501672240505e-08 6.272647187003699103e-03
1.555183946488293981e-08 5.817179460882583412e-03
1.565217391304347456e-08 8.280139451660019009e-03
1.575250836120401262e-08 1.011715185542462134e-02
1.585284280936454738e-08 9.440308060819215669e-03
1.595317725752508213e-08 1.364451313719860365e-02
1.605351170568561688e-08 3.920567409837795447e-03
1.615384615384615164e-08 9.190351133547143211e-03
1.625418060200668639e-08 1.515106246288069804e-03
1.635451505016722115e-08 6.445404649751397715e-03
1.645484949832775590e-08 4.833273361322228123e-03
1.655518394648829065e-08 8.216449446933588030e-03
1.665551839464882872e-08 1.090353809583501088e-02
1.675585284280936347e-08 5.997062344512625945e-03
1.685618729096989823e-08 1.731027213035791264e-03
1.695652173913043298e-08 1.509893989180226444e-02
1.705685618729096773e-08 1.412828062382786784e-02
1.715719063545150249e-08 1.196520691433959095e-02
1.725752508361203724e-08 9.263479497806285587e-03
1.735785953177257200e-08 3.314949834232639326e-03
1.745819397993310675e-08 3.730107586179186221e-03
1.755852842809364150e-08 7.450443488606609335e-03
1.765886287625417957e-08 9.901796750431891142e-03
1.775919732441471432e-08 4.127555119197074719e-03
1.785953177257524907e-08 6.246909194943468628e-03
1.795986622073578383e-08 5.304382761915372654e-03
1.806020066889631858e-08 9.516343804904131218e-03
1.816053511705685334e-08 1.044157323438066505e-02
1.826086956521738809e-08 2.036174922418434140e-03
1.836120401337792284e-08 1.586754888847318953e-02
1.846153846153845760e-08 -2.068230111067303578e-04
1.856187290969899566e-08 5.722074229156533763e-03
1.866220735785953041e-08 4.342749881028684818e-03
1.876254180602006517e-08 2.414578953730471891e-03
1.886287625418059992e-08 4.449232952976620373e-03
1.896321070234113468e-08 9.628695819320780974e-03
1.906354515050166943e-08 2.234296777521408567e-03
1.916387959866220418e-08 1.434359289707821819e-03
1.926421404682273894e-08 6.461537066974695591e-03
1.936454849498327369e-08 1.297305431213054312e-02
1.946488294314380845e-08 9.895454499654865801e-03
1.956521739130434651e-08 8.816890553621337112e-03
1.966555183946488126e-08 3.503126029160628409e-03
1.976588628762541602e-08 5.052861346576380079e-03
1.986622073578595077e-08 8.487284969321107209e-03
1.996655518394648553e-08 1.255895010281523304e-02
2.006688963210702028e-08 8.788330781778697781e-03
2.016722408026755503e-08 7.435352070461461425e-03
2.026755852842808979e-08 1.250166879374178808e-02
2.036789297658862454e-08 1.005129183546927402e-02
2.046822742474916260e-08 1.336988334777524691e-02
2.056856187290969736e-08 8.483175779079294918e-03
2.066889632107023211e-08 7.514283138331168642e-03
2.076923076923076687e-08 2.728227828520346683e-03
2.086956521739130162e-08 9.243628122764080413e-03
2.096989966555183637e-08 5.925640224820683151e-03
2.107023411371237113e-08 6.058814700127048390e-03
2.117056856187290588e-08 7.262228261177972391e-03
2.127090301003344064e-08 1.150707982020595689e-02
2.137123745819397539e-08 1.070409314798015377e-03
2.147157190635451345e-08 8.703775669820322872e-03
2.157190635451504821e-08 2.627282590064567401e-03
2.167224080267558296e-08 8.137225316775333062e-03
2.177257525083611771e-08 1.159352361351651158e-02
2.187290969899665247e-08 1.114727399241167462e-02
2.197324414715718722e-08 1.826421595888829980e-03
2.207357859531772198e-08 6.577911364243127501e-03
2.217391304347825673e-08 6.598490445634686528e-03
2.227424749163879148e-08 7.671129227396741683e-03
2.237458193979932955e-08 3.993179098175109881e-03
2.247491638795986430e-08 1.167472216012500896e-02
2.257525083612039905e-08 8.645158081766553607e-03
2.267558528428093381e-08 5.901841938391109293e-03
2.277591973244146856e-08 1.236303524353158864e-02
2.287625418060200332e-08 1.417274434020218514e-02
2.297658862876253807e-08 9.512882210481471076e-03
2.307692307692307282e-08 8.977978680145638768e-03
2.317725752508360758e-08 7.645751376220697067e-03
2.327759197324414233e-08 9.138094346267510576e-03
2.337792642140468040e-08 7.479118321233916081e-03
2.347826086956521515e-08 1.356198803702831496e-02
2.357859531772574990e-08 3.461785833344599266e-03
2.367892976588628466e-08 1.502770723610152674e-02
2.377926421404681941e-08 1.199021141911146143e-02
2.387959866220735417e-08 7.039505593490777945e-03
2.397993311036788892e-08 2.646791533654711901e-03
2.408026755852842367e-08 6.453210996225294989e-03
2.418060200668895843e-08 6.495903709110557520e-03
2.428093645484949649e-08 2.837912325426481062e-03
2.438127090301003124e-08 8.232212112583438268e-03
2.448160535117056600e-08 7.713871785071731331e-03
2.458193979933110075e-08 1.171731471650911023e-02
2.468227424749163551e-08 1.130961282088360949e-02
2.478260869565217026e-08 9.553802053415222026e-03
2.488294314381270501e-08 7.221502534491064558e-03
2.498327759197323977e-08 1.134779567304118261e-02
2.508361204013377452e-08 1.211626514381137186e-02
2.518394648829430928e-08 9.720950316322217455e-03
2.528428093645484734e-08 6.871152018311469691e-03
2.538461538461538209e-08 3.369398343719137365e-03
2.548494983277591685e-08 5.443475377278544046e-03
2.558528428093645160e-08 8.791257749707752714e-03
2.568561872909698635e-08 7.635977195884689935e-03
2.578595317725752111e-08 3.654695059396595187e-03
2.588628762541805586e-08 7.064031647061867758e-03
2.598662207357859062e-08 6.383469308200561548e-03
2.608695652173912537e-08 9.798566787715443094e-03
2.618729096989966343e-08 6.181912329270438516e-03
2.628762541806019819e-08 1.035596118757548673e-02
2.638795986622073294e-08 7.399387039076303282e-03
2.648829431438126769e-08 8.554730917168521659e-03
2.658862876254180245e-08 1.414499446443345451e-02
2.668896321070233720e-08 6.598991723597095668e-03
2.678929765886287196e-08 9.769526837238187364e-03
2.688963210702340671e-08 7.811118946375170645e-03
2.698996655518394146e-08 -3.167769020618146913e-03
2.709030100334447622e-08 4.748290642374495239e-03
2.719063545150501428e-08 -4.983687912678655841e-04
2.729096989966554904e-08 1.495069517784190782e-02
2.739130434782608379e-08 1.288589218112366590e-02
2.749163879598661854e-08 4.191666033524595568e-03
2.759197324414715330e-08 2.093494470961078727e-03
2.769230769230768805e-08 7.379365754813360830e-03
2.779264214046822281e-08 1.277042218930724178e-02
2.789297658862875756e-08 2.834841211771819101e-03
2.799331103678929231e-08 6.078982639547975478e-03
2.809364548494983038e-08 2.373883726186192260e-04
2.819397993311036513e-08 3.603251695660006620e-03
2.829431438127089988e-08 5.534271288251432601e-03
2.839464882943143464e-08 1.051781614539258961e-02
2.849498327759196939e-08 8.757688722045537527e-03
2.859531772575250415e-08 1.231336109014520043e-02
2.869565217391303890e-08 2.309180333184423280e-03
2.879598662207357365e-08 5.668048225263582277e-03
2.889632107023410841e-08 8.314244174881413318e-03
2.899665551839464316e-08 4.728633237001403193e-03
2.909698996655518122e-08 1.535217888208012180e-02
2.919732441471571598e-08 8.787349731757857288e-03
2.929765886287625073e-08 7.832910046770998752e-03
2.939799331103678549e-08 3.464584444550896682e-03
2.949832775919732024e-08 6.973454572757905798e-03
2.959866220735785499e-08 1.187474011057125869e-02
2.969899665551838975e-08 4.811136127384932175e-03
2.979933110367892450e-08 6.692060116667882495e-03
2.989966555183946256e-08 1.226491089265866093e-02
2.999999999999999732e-08 1.010230799792567746e-02
