0.000000000000000000e+00 9.999999999999995559e-01
1.003344481605351029e-10 9.123286135897655524e-03
2.006688963210702059e-10 9.937063577318865776e-03
3.010033444816052959e-10 1.543406195293666426e-03
4.013377926421404118e-10 1.025446314036918341e-02
5.016722408026755277e-10 8.589395838645414935e-03
6.020066889632105918e-10 1.104878165458532055e-02
7.023411371237457594e-10 1.001602866231380597e-02
8.026755852842808236e-10 6.285752122906051141e-03
9.030100334448158877e-10 5.396636436110073196e-03
1.003344481605351055e-09 8.408985663274132563e-03
1.103678929765886223e-09 6.518647354548838015e-03
1.204013377926421184e-09 5.287940038944253726e-03
1.304347826086956351e-09 1.228688394366054919e-02
1.404682274247491519e-09 8.481025698932339414e-04
1.505016722408026480e-09 5.979373691216513347e-03
1.605351170568561647e-09 1.663652911242100713e-02
1.705685618729096815e-09 4.139985742603219908e-03
1.806020066889631775e-09 7.517559087243491991e-03
1.906354515050166943e-09 1.025993953685525387e-02
2.006688963210702111e-09 1.006654711289863870e-02
2.107023411371237278e-09 5.686043382036562975e-03
2.207357859531772446e-09 6.017370757418858719e-03
2.307692307692307200e-09 1.143768986931382840e-02
2.408026755852842367e-09 8.379588979270814059e-03
2.508361204013377535e-09 4.682971345405289622e-03
2.608695652173912702e-09 1.514843494939996545e-02
2.709030100334447870e-09 1.245159093205365324e-02
2.809364548494983038e-09 -8.893958293914038275e-05
2.909698996655517792e-09 7.273446581144600576e-03
3.010033444816052959e-09 5.164249361194792054e-03
3.110367892976588127e-09 7.113102704214674041e-03
3.210702341137123294e-09 6.398089294846268094e-03
3.311036789297658462e-09 9.049709219396405088e-03
3.411371237458193629e-09 1.249166487042762709e-02
3.511705685618728797e-09 1.991509040803945106e-03
3.612040133779263551e-09 1.358322590181941861e-02
3.712374581939798719e-09 8.049987877850941012e-03
3.812709030100333886e-09 5.426293256220570370e-03
3.913043478260868640e-09 9.579218173997136598e-03
4.013377926421404221e-09 6.469182080287402999e-03
4.113712374581938975e-09 1.241732457135362976e-02
4.214046822742474556e-09 1.154488629320712424e-02
4.314381270903009310e-09 1.005338118847337418e-02
4.414715719063544892e-09 5.626795494851675669e-03
4.515050167224079646e-09 3.997200932342601792e-03
4.615384615384614399e-09 8.634149231581383227e-03
4.715719063545149981e-09 6.550725288934719330e-03
4.816053511705684735e-09 1.071114792166081089e-02
4.916387959866220316e-09 5.798559079254098948e-03
5.016722408026755070e-09 6.623849197508546206e-03
5.117056856187290651e-09 7.317724914701032209e-03
5.217391304347825405e-09 1.059604669791924282e-02
5.317725752508360159e-09 5.401633897876105365e-03
5.418060200668895740e-09 6.997218384876518170e-03
5.518394648829430494e-09 7.995125485709705590e-03
5.618729096989966075e-09 5.359566629337878321e-03
5.719063545150500829e-09 5.769618774556139508e-03
5.819397993311035583e-09 8.901096107135091431e-03
5.919732441471571164e-09 1.246637124440457337e-02
6.020066889632105918e-09 5.187019076696931102e-03
6.120401337792641499e-09 1.044684641233293264e-02
6.220735785953176253e-09 7.320731613854968185e-03
6.321070234113711835e-09 7.363266364637435953e-03
6.421404682274246589e-09 7.491336395153307126e-03
6.521739130434781343e-09 6.647065741079535156e-03
6.622073578595316924e-09 1.109822968566309860e-02
6.722408026755851678e-09 1.030615855540710155e-02
6.822742474916387259e-09 8.591514792617750695e-03
6.923076923076922013e-09 4.576934103493055656e-03
7.023411371237457594e-09 1.068231383747760173e-02
7.123745819397992348e-09 5.768608237541993609e-03
7.224080267558527102e-09 9.358569339062998774e-03
7.324414715719062683e-09 1.093943764080108558e-02
7.424749163879597437e-09 1.257120007068929235e-02
7.525083612040133018e-09 7.786066981435876486e-03
7.625418060200667772e-09 1.085298248248922973e-02
7.725752508361202526e-09 1.009956970514741537e-02
7.826086956521737280e-09 1.103167139362846126e-02
7.926421404682273689e-09 5.524350276025858340e-03
8.026755852842808442e-09 9.488275973566195551e-03
8.127090301003343196e-09 8.198438331026217454e-03
8.227424749163877950e-09 5.569419741842191775e-03
8.327759197324414359e-09 9.529855918505584361e-03
8.428093645484949113e-09 6.167671957947847353e-03
8.528428093645483867e-09 8.269297758841840165e-03
8.628762541806018621e-09 6.881538287565098014e-03
8.729096989966553375e-09 3.393309860717066799e-03
8.829431438127089783e-09 7.862724797670223031e-03
8.929765886287624537e-09 2.556340360772810759e-03
9.030100334448159291e-09 5.309356496923326590e-03
9.130434782608694045e-09 6.927590963565837326e-03
9.230769230769228799e-09 8.293037622919849014e-03
9.331103678929765207e-09 9.787956150704124961e-03
9.431438127090299961e-09 4.918617174708782291e-03
9.531772575250834715e-09 6.067563133078898371e-03
9.632107023411369469e-09 1.219821468004873670e-02
9.732441471571904223e-09 8.813049887083380593e-03
9.832775919732440632e-09 5.427216703212884089e-03
9.933110367892975386e-09 8.027720070007376973e-03
1.003344481605351014e-08 3.025158510872611589e-03
1.013377926421404489e-08 1.283895399090791405e-03
1.023411371237458130e-08 5.651663054609663492e-03
1.033444816053511606e-08 1.158501149781843327e-02
1.043478260869565081e-08 1.119213735791306161e-02
1.053511705685618556e-08 1.240757018342602234e-02
1.063545150501672032e-08 1.174625389165557046e-02
1.073578595317725673e-08 4.857273407412729047e-03
1.083612040133779148e-08 1.044080341696012118e-02
1.093645484949832623e-08 1.005969247149044593e-02
1.103678929765886099e-08 3.011586226781986543e-03
1.113712374581939574e-08 1.432403421536961215e-02
1.123745819397993215e-08 6.906074973324947443e-03
1.133779264214046690e-08 3.980076376253334838e-03
1.143812709030100166e-08 5.832741137518743582e-03
1.153846153846153641e-08 1.362843043886430468e-02
1.163879598662207117e-08 6.125529628884046618e-03
1.173913043478260757e-08 9.017275473471385305e-03
1.183946488294314233e-08 1.112293870051227727e-02
1.193979933110367708e-08 1.201077149239746910e-03
1.204013377926421184e-08 9.272973164341426211e-03
1.214046822742474824e-08 9.101444450939419686e-03
1.224080267558528300e-08 5.444721359953899609e-03
1.234113712374581775e-08 6.900441274866388544e-03
1.244147157190635251e-08 7.096414361739979658e-03
1.254180602006688726e-08 7.690979663306525722e-03
1.264214046822742367e-08 9.237807844888220807e-03
1.274247491638795842e-08 9.117731557831956421e-03
1.284280936454849318e-08 8.945023127807467597e-03
1.294314381270902793e-08 3.782242459354078976e-03
1.304347826086956269e-08 9.901247256223594598e-03
1.314381270903009909e-08 1.192802904233145403e-02
1.324414715719063385e-08 8.093456237756604943e-03
1.334448160535116860e-08 1.034129417421143435e-02
1.344481605351170336e-08 6.385995035596886762e-03
1.354515050167223811e-08 1.146063514294964024e-02
1.364548494983277452e-08 5.840168623077655191e-03
1.374581939799330927e-08 6.784250356026741424e-03
1.384615384615384403e-08 1.370130942862878877e-02
1.394648829431437878e-08 6.218868172041931708e-03
1.404682274247491519e-08 5.278341676281230431e-03
1.414715719063544994e-08 5.667116149223816284e-03
1.424749163879598470e-08 1.173898409307804272e-03
1.434782608695651945e-08 1.016932760174745799e-02
1.444816053511705420e-08 8.026983947535077865e-03
1.454849498327759061e-08 -1.858920655601858409e-03
1.464882943143812537e-08 5.621734663782522630e-03
1.474916387959866012e-08 9.790749560960843381e-03
1.484949832775919487e-08 1.228181014616956841e-02
1.494983277591973128e-08 1.403699429260855253e-02
1.505016722408026604e-08 6.028236309124586356e-03
1.515050167224080079e-08 1.184573049807646772e-02
1.525083612040133554e-08 8.654948920445224361e-03
1.535117056856187030e-08 5.399009544276293926e-03
1.545150501672240505e-08 6.555238694611476534e-03
1.555183946488293981e-08 6.729918615872214870e-03
1.565217391304347456e-08 9.345540422090403698e-03
1.575250836120401262e-08 7.546697911741429531e-03
1.585284280936454738e-08 1.331606658095546916e-02
1.595317725752508213e-08 6.280794611616529258e-03
1.605351170568561688e-08 8.362122481131033930e-03
1.615384615384615164e-08 8.155493782200706754e-03
1.625418060200668639e-08 1.926025996932130427e-03
1.635451505016722115e-08 1.483788618494952943e-02
1.645484949832775590e-08 5.976189277044021211e-03
1.655518394648829065e-08 8.287030174649913372e-03
1.665551839464882872e-08 7.376003099579974374e-03
1.675585284280936347e-08 9.846810474831749552e-03
1.685618729096989823e-08 1.132312221778765914e-02
1.695652173913043298e-08 4.867071479639475430e-03
1.705685618729096773e-08 5.812501311353439858e-03
1.715719063545150249e-08 9.860889307778848700e-03
1.725752508361203724e-08 4.106675487494759573e-03
1.735785953177257200e-08 7.097861048425314554e-03
1.745819397993310675e-08 9.363537221477565356e-03
1.755852842809364150e-08 1.045083828862549725e-02
1.765886287625417957e-08 8.859403889121130957e-03
1.775919732441471432e-08 1.878663045984995360e-03
1.785953177257524907e-08 8.791116045373321281e-03
1.795986622073578383e-08 9.047133796409711354e-03
1.806020066889631858e-08 5.463490443965732767e-03
1.816053511705685334e-08 1.005674483380922940e-02
1.826086956521738809e-08 7.909434790016413308e-03
1.836120401337792284e-08 3.249340777460111782e-03
1.846153846153845760e-08 3.681835988064120161e-03
1.856187290969899566e-08 5.894120582638327430e-03
1.866220735785953041e-08 6.171782392261395897e-03
1.876254180602006517e-08 9.061926817674587423e-03
1.886287625418059992e-08 1.198842252007538238e-02
1.896321070234113468e-08 4.305533593293596820e-03
1.906354515050166943e-08 8.313774063438571574e-03
1.916387959866220418e-08 1.685281829310707191e-02
1.926421404682273894e-08 4.039727548455215173e-03
1.936454849498327369e-08 6.410375395747659744e-03
1.946488294314380845e-08 5.062763859970394013e-03
1.956521739130434651e-08 3.921547847242854053e-03
1.966555183946488126e-08 3.115851658887948319e-03
1.976588628762541602e-08 6.842886367842890977e-03
1.986622073578595077e-08 8.966982005409280740e-03
1.996655518394648553e-08 8.290496575756114289e-03
2.006688963210702028e-08 7.580738747844442682e-04
2.016722408026755503e-08 5.665349315752563064e-03
2.026755852842808979e-08 1.420380155243325393e-02
2.036789297658862454e-08 9.837271561115875848e-03
2.046822742474916260e-08 9.520242174343187397e-03
2.056856187290969736e-08 6.189832485646379161e-03
2.066889632107023211e-08 7.877244577644677143e-03
2.076923076923076687e-08 4.002207656350204035e-03
2.086956521739130162e-08 3.704513888696645343e-03
2.096989966555183637e-08 6.705043460040799666e-03
2.107023411371237113e-08 4.531852702793119983e-03
2.117056856187290588e-08 4.427420927477250003e-03
2.127090301003344064e-08 7.384526083876838398e-03
2.137123745819397539e-08 1.572213023290312123e-02
2.147157190635451345e-08 4.168777716569520113e-03
2.157190635451504821e-08 4.068029947688574233e-03
2.167224080267558296e-08 5.795980687758930591e-03
2.177257525083611771e-08 4.898210087347077552e-03
2.187290969899665247e-08 1.815149357207996098e-03
2.197324414715718722e-08 1.532039017452044120e-02
2.207357859531772198e-08 6.107721800986797706e-03
2.217391304347825673e-08 8.986493176047792575e-03
2.227424749163879148e-08 1.480905867317637570e-02
2.237458193979932955e-08 5.405852152434689924e-03
2.247491638795986430e-08 5.744691717349331532e-03
2.257525083612039905e-08 6.441535989419546263e-03
2.267558528428093381e-08 9.537339637690099223e-03
2.277591973244146856e-08 3.555153109598467587e-03
2.287625418060200332e-08 7.461483368803279240e-03
2.297658862876253807e-08 7.112519268868198845e-03
2.307692307692307282e-08 7.720146823609538855e-03
2.317725752508360758e-08 5.527884691058582156e-03
2.327759197324414233e-08 3.136162448121005211e-03
2.337792642140468040e-08 8.931092018973726954e-03
2.347826086956521515e-08 1.817927847186621201e-03
2.357859531772574990e-08 6.958911837775645648e-03
2.367892976588628466e-08 1.062351284798968010e-02
2.377926421404681941e-08 8.333501318528150140e-03
2.387959866220735417e-08 5.948330762915981194e-03
2.397993311036788892e-08 3.750986150148545063e-03
2.408026755852842367e-08 7.772202248347279130e-03
2.418060200668895843e-08 6.901218892620971691e-03
2.428093645484949649e-08 5.694028868940321023e-03
2.438127090301003124e-08 1.103171947689493733e-02
2.448160535117056600e-08 5.873762082846153802e-03
2.458193979933110075e-08 5.940654316978996076e-03
2.468227424749163551e-08 1.032392919635893684e-02
2.478260869565217026e-08 -1.955796915390811425e-03
2.488294314381270501e-08 9.910954112307499703e-03
2.498327759197323977e-08 1.006273328558932555e-02
2.508361204013377452e-08 7.783929050085407371e-03
2.518394648829430928e-08 8.770588689879881689e-03
2.528428093645484734e-08 3.828373502148912661e-03
2.538461538461538209e-08 4.263367448553693866e-03
2.548494983277591685e-08 1.100680557543732771e-02
2.558528428093645160e-08 7.621864399567777199e-03
2.568561872909698635e-08 4.191937547588992126e-03
2.578595317725752111e-08 1.086033973943436280e-02
2.588628762541805586e-08 6.398446744818105970e-03
2.598662207357859062e-08 9.727022701845255623e-03
2.608695652173912537e-08 7.813444180990676557e-03
2.618729096989966343e-08 2.672450858778026815e-03
2.628762541806019819e-08 3.534613976804731102e-03
2.638795986622073294e-08 1.070090483147351917e-02
2.648829431438126769e-08 3.640310187077345702e-03
2.658862876254180245e-08 3.213204414793948208e-03
2.668896321070233720e-08 7.915341678968833630e-03
2.678929765886287196e-08 1.079089351494342749e-02
2.688963210702340671e-08 2.794720583729627238e-03
2.698996655518394146e-08 4.475589972888869596e-03
2.709030100334447622e-08 9.760874009991264005e-03
2.719063545150501428e-08 1.109014243104959781e-02
2.729096989966554904e-08 1.320930961572162714e-02
2.739130434782608379e-08 6.572549900573993430e-03
2.749163879598661854e-08 1.231854183575906495e-02
2.759197324414715330e-08 9.673108161715284967e-03
2.769230769230768805e-08 3.588391155371894840e-03
2.779264214046822281e-08 3.022929299933779790e-03
2.789297658862875756e-08 7.835352801452482793e-03
2.799331103678929231e-08 7.944613449834299693e-03
2.809364548494983038e-08 1.293979091644491611e-02
2.819397993311036513e-08 2.920726221300001119e-03
2.829431438127089988e-08 8.639830912979045915e-03
2.839464882943143464e-08 2.627595699538443595e-03
2.849498327759196939e-08 5.692070453845581371e-03
2.859531772575250415e-08 9.120133756994542457e-03
2.869565217391303890e-08 9.940560213564778036e-03
2.879598662207357365e-08 1.067189902681443987e-02
2.889632107023410841e-08 4.294338174786842960e-03
2.899665551839464316e-08 7.785586674468610024e-03
2.909698996655518122e-08 3.693507652073147168e-03
2.919732441471571598e-08 6.203762635804742874e-03
2.929765886287625073e-08 9.539220529396118253e-03
2.939799331103678549e-08 4.652784986708089453e-03
2.949832775919732024e-08 7.452517188651352001e-03
2.959866220735785499e-08 5.253055032590911270e-03
2.969899665551838975e-08 9.163053156369985533e-03
2.979933110367892450e-08 4.407376746226806218e-03
2.989966555183946256e-08 4.557910273739985627e-03
2.999999999999999732e-08 1.004891267175691237e-02
