0.000000000000000000e+00 9.999999999999995559e-01
1.003344481605351029e-10 8.630811522777022127e-01
2.006688963210702059e-10 6.391282118174397286e-01
3.010033444816052959e-10 5.141076251972456213e-01
4.013377926421404118e-10 4.480349264811935295e-01
5.016722408026755277e-10 3.773488674665703146e-01
6.020066889632105918e-10 3.043193057107581034e-01
7.023411371237457594e-10 2.667580290215584848e-01
8.026755852842808236e-10 2.329137652914382295e-01
9.030100334448158877e-10 1.692732936097803287e-01
1.003344481605351055e-09 1.094795563148522194e-01
1.103678929765886223e-09 8.152573882739035105e-02
1.204013377926421184e-09 6.586272278857557838e-02
1.304347826086956351e-09 4.374831037685654456e-02
1.404682274247491519e-09 2.949187296965222888e-02
1.505016722408026480e-09 2.132389191564911662e-02
1.605351170568561647e-09 2.809120261566757856e-03
1.705685618729096815e-09 -1.748149993956814308e-02
1.806020066889631775e-09 -1.950579480053369827e-02
1.906354515050166943e-09 -1.303092822280241952e-02
2.006688963210702111e-09 -1.312413235785096083e-02
2.107023411371237278e-09 -1.279393574226348612e-02
2.207357859531772446e-09 -7.282324853037178830e-03
2.307692307692307200e-09 -5.425588901260824069e-03
2.408026755852842367e-09 -9.875651881423655465e-03
2.508361204013377535e-09 -6.343999976941545361e-03
2.608695652173912702e-09 3.863319770357727303e-03
2.709030100334447870e-09 8.067029925829048709e-03
2.809364548494983038e-09 1.072401105031921265e-02
2.909698996655517792e-09 1.848134690820537468e-02
3.010033444816052959e-09 2.405488374516605993e-02
3.110367892976588127e-09 2.156648107924991412e-02
3.210702341137123294e-09 1.830557542492928028e-02
3.311036789297658462e-09 2.006872118906025126e-02
3.411371237458193629e-09 2.005348232240806994e-02
3.511705685618728797e-09 1.690370541099402157e-02
3.612040133779263551e-09 2.034103164192700014e-02
3.712374581939798719e-09 2.546205196780128646e-02
3.812709030100333886e-09 2.345230323147892704e-02
3.913043478260868640e-09 1.965029015011487273e-02
4.013377926421404221e-09 1.969451845703081364e-02
4.113712374581938975e-09 2.047010017791994069e-02
4.214046822742474556e-09 1.857152638104102998e-02
4.314381270903009310e-09 1.946805475746212627e-02
4.414715719063544892e-09 2.491915969092585101e-02
4.515050167224079646e-09 2.796307161473069944e-02
4.615384615384614399e-09 2.840574995618066340e-02
4.715719063545149981e-09 3.192686134195354963e-02
4.816053511705684735e-09 3.501979863142405669e-02
4.916387959866220316e-09 3.289037880710427020e-02
5.016722408026755070e-09 3.132637699959085753e-02
5.117056856187290651e-09 3.359630993815665434e-02
5.217391304347825405e-09 3.345348125371784553e-02
5.317725752508360159e-09 3.046552277254891555e-02
5.418060200668895740e-09 3.005716487865702294e-02
5.518394648829430494e-09 2.968910730837426987e-02
5.618729096989966075e-09 2.594249116016313431e-02
5.719063545150500829e-09 2.082697970836371384e-02
5.819397993311035583e-09 1.918303781773269406e-02
5.919732441471571164e-09 2.002500220618036453e-02
6.020066889632105918e-09 1.584423525015728196e-02
6.120401337792641499e-09 9.824794306107163464e-03
6.220735785953176253e-09 6.811283055981690211e-03
6.321070234113711835e-09 1.283845745800119400e-03
6.421404682274246589e-09 -5.554632885167685129e-03
6.521739130434781343e-09 -6.773201519359924386e-03
6.622073578595316924e-09 -5.923961683623668248e-03
6.722408026755851678e-09 -8.134987314002592798e-03
6.822742474916387259e-09 -1.027930014656133761e-02
6.923076923076922013e-09 -9.982781846686137467e-03
7.023411371237457594e-09 -1.003091021367208055e-02
7.123745819397992348e-09 -9.593749335143056042e-03
7.224080267558527102e-09 -4.293168505650913486e-03
7.324414715719062683e-09 2.435354803280088964e-03
7.424749163879597437e-09 5.720922930382602370e-03
7.525083612040133018e-09 6.849229481918019460e-03
7.625418060200667772e-09 7.785888883375896227e-03
7.725752508361202526e-09 8.308668953341476898e-03
7.826086956521737280e-09 7.824971766632505751e-03
7.926421404682273689e-09 8.347459137546827876e-03
8.026755852842808442e-09 9.055395449547885833e-03
8.127090301003343196e-09 7.521504881846548078e-03
8.227424749163877950e-09 5.883581731740447456e-03
8.327759197324414359e-09 6.588367293202095770e-03
8.428093645484949113e-09 7.707906321058962014e-03
8.528428093645483867e-09 5.704573666484661840e-03
8.628762541806018621e-09 3.209046372681514242e-03
8.729096989966553375e-09 3.978171742307432500e-03
8.829431438127089783e-09 4.871778506195856284e-03
8.929765886287624537e-09 4.159019767890066548e-03
9.030100334448159291e-09 6.532142888904631656e-03
9.130434782608694045e-09 1.181763828873393096e-02
9.230769230769228799e-09 1.474040473176731550e-02
9.331103678929765207e-09 1.398227800196720147e-02
9.431438127090299961e-09 1.225456819223475803e-02
9.531772575250834715e-09 1.232847771690364844e-02
9.632107023411369469e-09 1.139717484456196153e-02
9.732441471571904223e-09 1.059634484605980961e-02
9.832775919732440632e-09 1.299462149371741551e-02
9.933110367892975386e-09 1.383839842127948354e-02
1.003344481605351014e-08 1.158107854629001655e-02
1.013377926421404489e-08 9.864266286435767472e-03
1.023411371237458130e-08 1.072809755240961178e-02
1.033444816053511606e-08 1.167776957632702013e-02
1.043478260869565081e-08 1.071952839272322447e-02
1.053511705685618556e-08 8.156447575933291338e-03
1.063545150501672032e-08 5.190991077071638836e-03
1.073578595317725673e-08 3.104251782401554281e-03
1.083612040133779148e-08 1.877377960130567668e-03
1.093645484949832623e-08 2.462180615215586385e-03
1.103678929765886099e-08 2.960038009725163288e-03
1.113712374581939574e-08 1.707703968389242578e-03
1.123745819397993215e-08 5.905653609128420738e-04
1.133779264214046690e-08 1.866276070370512415e-04
1.143812709030100166e-08 -1.107574641754969754e-03
1.153846153846153641e-08 -1.489495488767404556e-03
1.163879598662207117e-08 1.828515206496351009e-04
1.173913043478260757e-08 3.067778492111118520e-04
1.183946488294314233e-08 3.869254125059540771e-04
1.193979933110367708e-08 1.470067498722093819e-03
1.204013377926421184e-08 1.765997397897967232e-03
1.214046822742474824e-08 1.413946145239738331e-03
1.224080267558528300e-08 -2.515552685421660294e-04
1.234113712374581775e-08 -1.062394686704630584e-03
1.244147157190635251e-08 5.122192795594380545e-05
1.254180602006688726e-08 3.012017616668258204e-04
1.264214046822742367e-08 -3.559380612653986579e-04
1.274247491638795842e-08 9.627661915646884734e-04
1.284280936454849318e-08 4.414993851879857323e-03
1.294314381270902793e-08 5.532701817705687995e-03
1.304347826086956269e-08 5.624595388810646468e-03
1.314381270903009909e-08 7.348437246408820629e-03
1.324414715719063385e-08 7.424940960358760930e-03
1.334448160535116860e-08 8.334431214292814180e-03
1.344481605351170336e-08 1.179589801352818289e-02
1.354515050167223811e-08 1.393738408184076044e-02
1.364548494983277452e-08 1.218468196231731540e-02
1.374581939799330927e-08 1.049259159306770162e-02
1.384615384615384403e-08 1.204390744077035551e-02
1.394648829431437878e-08 1.173965022000761187e-02
1.404682274247491519e-08 1.078906711106073293e-02
1.414715719063544994e-08 1.154910126051460206e-02
1.424749163879598470e-08 1.224025929042767830e-02
1.434782608695651945e-08 1.400337319762379185e-02
1.444816053511705420e-08 1.556455563502692589e-02
1.454849498327759061e-08 1.395338932052180882e-02
1.464882943143812537e-08 1.414270898774919356e-02
1.474916387959866012e-08 1.492283882039450484e-02
1.484949832775919487e-08 1.246404527454126471e-02
1.494983277591973128e-08 1.464685295931404153e-02
1.505016722408026604e-08 1.584612585284582778e-02
1.515050167224080079e-08 1.445224875509866849e-02
1.525083612040133554e-08 1.390556860300311975e-02
1.535117056856187030e-08 1.217913660254098425e-02
1.545150501672240505e-08 1.109735170240263094e-02
1.555183946488293981e-08 6.218214438138119221e-03
1.565217391304347456e-08 5.806344433942845808e-03
1.575250836120401262e-08 8.548415867498028453e-03
1.585284280936454738e-08 7.360713390289219844e-03
1.595317725752508213e-08 6.291141256868122353e-03
1.605351170568561688e-08 3.152369890139322846e-03
1.615384615384615164e-08 1.994672892509768633e-03
1.625418060200668639e-08 4.023508520646129800e-04
1.635451505016722115e-08 -9.516788200706787545e-04
1.645484949832775590e-08 3.366631083413062619e-04
1.655518394648829065e-08 -2.200727591165378347e-04
1.665551839464882872e-08 2.169654041088138561e-04
1.675585284280936347e-08 -2.182939170284899739e-04
1.685618729096989823e-08 -1.240060278513619579e-03
1.695652173913043298e-08 -8.182079560068952241e-04
1.705685618729096773e-08 -7.736924081149396072e-04
1.715719063545150249e-08 7.657495445717734479e-05
1.725752508361203724e-08 3.080690366418383994e-03
1.735785953177257200e-08 6.669025624985018899e-03
1.745819397993310675e-08 9.142046860412030712e-03
1.755852842809364150e-08 8.841869425294064319e-03
1.765886287625417957e-08 6.290605141790219651e-03
1.775919732441471432e-08 6.226990380280350568e-03
1.785953177257524907e-08 6.865137440656220169e-03
1.795986622073578383e-08 6.342862936411307329e-03
1.806020066889631858e-08 4.455574273010359451e-03
1.816053511705685334e-08 3.026862707594506815e-03
1.826086956521738809e-08 6.094946363719368383e-03
1.836120401337792284e-08 9.788938255994205501e-03
1.846153846153845760e-08 1.402169505305857038e-02
1.856187290969899566e-08 1.690935218034766985e-02
1.866220735785953041e-08 1.393670951171550008e-02
1.876254180602006517e-08 9.500258177300220652e-03
1.886287625418059992e-08 9.028335033159076359e-03
1.896321070234113468e-08 1.203607204333094483e-02
1.906354515050166943e-08 1.411158047689870139e-02
1.916387959866220418e-08 1.317447513772261082e-02
1.926421404682273894e-08 9.685064889738409857e-03
1.936454849498327369e-08 8.087592559826817934e-03
1.946488294314380845e-08 6.786684840578476041e-03
1.956521739130434651e-08 4.106577122165104565e-03
1.966555183946488126e-08 3.914675378732336564e-03
1.976588628762541602e-08 3.227886561694975377e-03
1.986622073578595077e-08 2.998321203854121490e-03
1.996655518394648553e-08 5.117312821312481295e-03
2.006688963210702028e-08 7.838547504659293050e-03
2.016722408026755503e-08 9.335503046517376960e-03
2.026755852842808979e-08 7.705694438906265410e-03
2.036789297658862454e-08 4.261828938078523338e-03
2.046822742474916260e-08 2.341112792734467273e-03
2.056856187290969736e-08 3.581029304060234786e-03
2.066889632107023211e-08 5.534595945487046954e-03
2.076923076923076687e-08 6.298678898915234178e-03
2.086956521739130162e-08 4.352156440116942276e-03
2.096989966555183637e-08 2.045166943731151123e-03
2.107023411371237113e-08 2.223190632100427010e-03
2.117056856187290588e-08 3.365369482169554283e-03
2.127090301003344064e-08 1.398648131397892515e-03
2.137123745819397539e-08 -8.880921545958631773e-04
2.147157190635451345e-08 2.607496378667998379e-03
2.157190635451504821e-08 4.400410052898886225e-03
2.167224080267558296e-08 4.250356696213292151e-03
2.177257525083611771e-08 6.336699870116742003e-03
2.187290969899665247e-08 1.010754125089122560e-02
2.197324414715718722e-08 1.498353586365117930e-02
2.207357859531772198e-08 1.364834145123852531e-02
2.217391304347825673e-08 6.924718529900229444e-03
2.227424749163879148e-08 1.709629532875599168e-03
2.237458193979932955e-08 1.798342696287796600e-03
2.247491638795986430e-08 4.465639049608797519e-03
2.257525083612039905e-08 5.720936515798621946e-03
2.267558528428093381e-08 5.655921558862183479e-03
2.277591973244146856e-08 3.841552398113430491e-03
2.287625418060200332e-08 3.355988664036176159e-03
2.297658862876253807e-08 4.984063360323784213e-03
2.307692307692307282e-08 5.454969967600467248e-03
2.317725752508360758e-08 3.426848787480808994e-03
2.327759197324414233e-08 4.134005686408279666e-03
2.337792642140468040e-08 9.298703399879771833e-03
2.347826086956521515e-08 1.050609228456370753e-02
2.357859531772574990e-08 7.975639700423461931e-03
2.367892976588628466e-08 8.633702836500077582e-03
2.377926421404681941e-08 9.480694709220248081e-03
2.387959866220735417e-08 6.963688066103371904e-03
2.397993311036788892e-08 4.847971571029837529e-03
2.408026755852842367e-08 3.291126013597077578e-03
2.418060200668895843e-08 3.260213142539815541e-03
2.428093645484949649e-08 6.797621013480479105e-03
2.438127090301003124e-08 9.771111650291895712e-03
2.448160535117056600e-08 1.105552177970372217e-02
2.458193979933110075e-08 1.118543528839572622e-02
2.468227424749163551e-08 8.983438710643582015e-03
2.478260869565217026e-08 8.507713642196570308e-03
2.488294314381270501e-08 9.849495782829105137e-03
2.498327759197323977e-08 8.050806661086661736e-03
2.508361204013377452e-08 6.133374298190449360e-03
2.518394648829430928e-08 5.935574257410749718e-03
2.528428093645484734e-08 6.133675588110092634e-03
2.538461538461538209e-08 6.645194438737164755e-03
2.548494983277591685e-08 5.198366054751675687e-03
2.558528428093645160e-08 2.579372141084869396e-03
2.568561872909698635e-08 3.432336787743398097e-03
2.578595317725752111e-08 6.209791408945253624e-03
2.588628762541805586e-08 6.222779926074980053e-03
2.598662207357859062e-08 6.637861358686621312e-03
2.608695652173912537e-08 7.016603793631312307e-03
2.618729096989966343e-08 7.644498110831966439e-03
2.628762541806019819e-08 8.835808967151491389e-03
2.638795986622073294e-08 6.070720576204931794e-03
2.648829431438126769e-08 4.211450952395147385e-03
2.658862876254180245e-08 4.359476091922492337e-03
2.668896321070233720e-08 3.736631260695474129e-03
2.678929765886287196e-08 3.285910044625390148e-03
2.688963210702340671e-08 3.411256816027647461e-03
2.698996655518394146e-08 3.720584532780481062e-03
2.709030100334447622e-08 3.638446888471464843e-03
2.719063545150501428e-08 1.870658047223880275e-03
2.729096989966554904e-08 -4.690530342878871826e-04
2.739130434782608379e-08 5.767202591961110474e-04
2.749163879598661854e-08 5.168586942049504997e-04
2.759197324414715330e-08 -1.372154927218345718e-04
2.769230769230768805e-08 3.314414752769225545e-04
2.779264214046822281e-08 -1.026745734306157894e-04
2.789297658862875756e-08 8.161791542120543606e-04
2.799331103678929231e-08 2.845653295456503518e-03
2.809364548494983038e-08 5.899778025061529728e-03
2.819397993311036513e-08 6.399023959013460001e-03
2.829431438127089988e-08 6.652705524113649259e-03
2.839464882943143464e-08 7.508048964232470583e-03
2.849498327759196939e-08 7.913781439223967901e-03
2.859531772575250415e-08 1.037789720019500692e-02
2.869565217391303890e-08 1.058991753073481451e-02
2.879598662207357365e-08 1.154490172580897173e-02
2.889632107023410841e-08 1.291563195585850032e-02
2.899665551839464316e-08 1.234843466326417637e-02
2.909698996655518122e-08 1.198245056784195788e-02
2.919732441471571598e-08 9.706057931171201483e-03
2.929765886287625073e-08 7.134235868970888357e-03
2.939799331103678549e-08 6.104417683868360381e-03
2.949832775919732024e-08 5.479062531880874234e-03
2.959866220735785499e-08 4.745242827447751152e-03
2.969899665551838975e-08 5.687915931465284229e-03
2.979933110367892450e-08 6.695072236669777355e-03
2.989966555183946256e-08 8.029328101957678918e-03
2.999999999999999732e-08 1.103640539740432039e-02
