0.000000000000000000e+00 9.999999999999995559e-01
1.003344481605351029e-10 1.340009362194028060e-02
2.006688963210702059e-10 3.879593196301588023e-03
3.010033444816052959e-10 5.004833031390854524e-03
4.013377926421404118e-10 5.641068201989248194e-03
5.016722408026755277e-10 6.502021778105042393e-03
6.020066889632105918e-10 6.155164870097762364e-03
7.023411371237457594e-10 6.666253244332884242e-03
8.026755852842808236e-10 4.976469420536781471e-03
9.030100334448158877e-10 7.437954947034022476e-03
1.003344481605351055e-09 3.787368457450049353e-03
1.103678929765886223e-09 7.263282341636180528e-03
1.204013377926421184e-09 1.633387187220376041e-02
1.304347826086956351e-09 7.185700760488590230e-03
1.404682274247491519e-09 2.829102771794305554e-03
1.505016722408026480e-09 1.156198460147784234e-02
1.605351170568561647e-09 1.424163506316520385e-03
1.705685618729096815e-09 6.973449345708339180e-03
1.806020066889631775e-09 7.476588618272604278e-03
1.906354515050166943e-09 1.280151340124404367e-02
2.006688963210702111e-09 -3.150611512524130985e-04
2.107023411371237278e-09 1.372117001860430818e-03
2.207357859531772446e-09 6.919808322793537074e-03
2.307692307692307200e-09 1.116411684597493070e-02
2.408026755852842367e-09 4.188813522439991874e-03
2.508361204013377535e-09 5.856419056671247417e-03
2.608695652173912702e-09 1.014090391091813752e-02
2.709030100334447870e-09 5.816262542602390964e-03
2.809364548494983038e-09 1.466254776557216269e-02
2.909698996655517792e-09 9.186320430820883731e-03
3.010033444816052959e-09 6.838831438072470736e-03
3.110367892976588127e-09 1.357519734839325587e-02
3.210702341137123294e-09 3.573986432900037348e-03
3.311036789297658462e-09 7.032764057581402696e-03
3.411371237458193629e-09 5.530172402715842310e-03
3.511705685618728797e-09 3.394004214766232087e-03
3.612040133779263551e-09 5.251434975841429501e-03
3.712374581939798719e-09 3.819896478875281585e-03
3.812709030100333886e-09 1.019330691863732860e-02
3.913043478260868640e-09 1.179906196620199819e-02
4.013377926421404221e-09 6.151248498328498043e-03
4.113712374581938975e-09 3.165814573227874757e-03
4.214046822742474556e-09 8.121744127327908819e-03
4.314381270903009310e-09 7.355334120804978698e-03
4.414715719063544892e-09 6.383209095192514393e-03
4.515050167224079646e-09 1.084436767236163571e-02
4.615384615384614399e-09 5.730144232851941237e-03
4.715719063545149981e-09 5.797862827919406624e-03
4.816053511705684735e-09 5.455522708440003685e-03
4.916387959866220316e-09 1.110858698586556122e-02
5.016722408026755070e-09 6.087454852423413061e-03
5.117056856187290651e-09 7.184954226410137507e-03
5.217391304347825405e-09 3.446022166009314342e-03
5.317725752508360159e-09 3.690594709095384139e-03
5.418060200668895740e-09 8.192032879961341774e-03
5.518394648829430494e-09 8.334572394552128977e-03
5.618729096989966075e-09 1.255547655687765628e-02
5.719063545150500829e-09 8.262321574915715283e-03
5.819397993311035583e-09 7.364393847911621452e-03
5.919732441471571164e-09 9.740833160624859724e-03
6.020066889632105918e-09 9.850790342214969797e-03
6.120401337792641499e-09 8.791211267310642535e-03
6.220735785953176253e-09 9.520811376487175320e-03
6.321070234113711835e-09 9.831081770299314113e-03
6.421404682274246589e-09 6.254009242346977165e-03
6.521739130434781343e-09 6.684761155050354502e-03
6.622073578595316924e-09 9.856591782966954776e-03
6.722408026755851678e-09 6.683781367285581906e-03
6.822742474916387259e-09 1.152370758996493910e-02
6.923076923076922013e-09 1.071876329794737258e-02
7.023411371237457594e-09 1.109857846702996982e-02
7.123745819397992348e-09 8.895731651422529238e-03
7.224080267558527102e-09 1.114099988060511352e-02
7.324414715719062683e-09 1.090387546201700836e-02
7.424749163879597437e-09 9.736476802681869741e-03
7.525083612040133018e-09 7.834196738082757974e-03
7.625418060200667772e-09 6.650521527764544256e-03
7.725752508361202526e-09 1.099751243038068170e-02
7.826086956521737280e-09 7.517571560375447236e-03
7.926421404682273689e-09 8.772999512791665108e-03
8.026755852842808442e-09 1.308421817700602084e-02
8.127090301003343196e-09 4.812997529875235984e-03
8.227424749163877950e-09 9.161763983900061969e-03
8.327759197324414359e-09 6.002787456353942362e-03
8.428093645484949113e-09 3.957242308003140058e-03
8.528428093645483867e-09 2.394977763632321396e-03
8.628762541806018621e-09 6.346811396614517216e-03
8.729096989966553375e-09 4.673671266348655706e-03
8.829431438127089783e-09 1.396843284709175896e-02
8.929765886287624537e-09 1.070986112279577115e-02
9.030100334448159291e-09 7.125574368835663804e-04
9.130434782608694045e-09 7.314593217494151471e-03
9.230769230769228799e-09 2.795073183997902333e-03
9.331103678929765207e-09 4.868413888322094957e-03
9.431438127090299961e-09 1.112730307137189782e-02
9.531772575250834715e-09 7.982165950230631427e-03
9.632107023411369469e-09 5.783066487513760165e-03
9.732441471571904223e-09 9.175193409135144057e-03
9.832775919732440632e-09 3.489099960140136080e-03
9.933110367892975386e-09 3.726928386147750939e-03
1.003344481605351014e-08 1.183980917279131052e-02
1.013377926421404489e-08 5.673529772346819385e-03
1.023411371237458130e-08 6.363498376989054107e-03
1.033444816053511606e-08 5.625420272127800228e-03
1.043478260869565081e-08 2.781197336237925966e-03
1.053511705685618556e-08 1.203496318298710212e-02
1.063545150501672032e-08 1.161495049696559430e-02
1.073578595317725673e-08 9.070720681513188763e-03
1.083612040133779148e-08 9.513535684358930683e-03
1.093645484949832623e-08 3.658167912469045564e-03
1.103678929765886099e-08 1.765220485437321704e-03
1.113712374581939574e-08 2.384004443038735370e-03
1.123745819397993215e-08 7.896923489776211044e-03
1.133779264214046690e-08 1.888331751833179084e-03
1.143812709030100166e-08 9.087746244278313568e-03
1.153846153846153641e-08 3.303833508795359520e-03
1.163879598662207117e-08 9.342474670158239583e-03
1.173913043478260757e-08 5.702793901627208929e-03
1.183946488294314233e-08 2.863852297388324100e-03
1.193979933110367708e-08 3.269526353981010332e-03
1.204013377926421184e-08 9.635802343775713361e-03
1.214046822742474824e-08 9.403338639260695395e-03
1.224080267558528300e-08 1.180628574413492525e-02
1.234113712374581775e-08 5.827155748641143530e-03
1.244147157190635251e-08 6.786927019950125643e-03
1.254180602006688726e-08 6.901572317789494287e-03
1.264214046822742367e-08 8.051479469017427601e-03
1.274247491638795842e-08 1.646560667540043418e-02
1.284280936454849318e-08 1.729994305803811763e-02
1.294314381270902793e-08 7.339827872022154295e-03
1.304347826086956269e-08 4.080803731105138270e-03
1.314381270903009909e-08 1.278260810737075551e-02
1.324414715719063385e-08 1.033205717340752137e-02
1.334448160535116860e-08 1.623910169810047557e-02
1.344481605351170336e-08 9.678800761732849964e-03
1.354515050167223811e-08 -1.804966951243118858e-04
1.364548494983277452e-08 6.905052091233848666e-03
1.374581939799330927e-08 7.743980449271812595e-03
1.384615384615384403e-08 8.148019950260270913e-03
1.394648829431437878e-08 4.103599330487938540e-03
1.404682274247491519e-08 1.236762451204111504e-02
1.414715719063544994e-08 8.831536192422015027e-03
1.424749163879598470e-08 4.551585821529763841e-03
1.434782608695651945e-08 1.299844801433368974e-03
1.444816053511705420e-08 5.416272106529278207e-03
1.454849498327759061e-08 5.630945312245850317e-04
1.464882943143812537e-08 6.062628969414475370e-03
1.474916387959866012e-08 8.173818583885255479e-03
1.484949832775919487e-08 9.108099121905164491e-03
1.494983277591973128e-08 7.301040562968631742e-03
1.505016722408026604e-08 1.014064778142012395e-02
1.515050167224080079e-08 6.909629198205804665e-03
1.525083612040133554e-08 1.485924878783935650e-02
1.535117056856187030e-08 9.652606477714351790e-03
1.545150501672240505e-08 8.896193586570762604e-03
1.555183946488293981e-08 3.338924355978719651e-03
1.565217391304347456e-08 1.006383719279486597e-02
1.575250836120401262e-08 1.377168488956787007e-02
1.585284280936454738e-08 6.571105371553194290e-03
1.595317725752508213e-08 9.273623849767428234e-03
1.605351170568561688e-08 4.024321194150107424e-03
1.615384615384615164e-08 -5.206582989497725040e-04
1.625418060200668639e-08 9.087127861293195150e-03
1.635451505016722115e-08 6.422876492133876292e-03
1.645484949832775590e-08 9.508250733473871258e-03
1.655518394648829065e-08 5.161368818345007589e-03
1.665551839464882872e-08 2.958546736693371936e-03
1.675585284280936347e-08 1.232889388805143843e-02
1.685618729096989823e-08 5.531529284286113186e-03
1.695652173913043298e-08 1.231668191910741984e-02
1.705685618729096773e-08 1.048276380621677994e-02
1.715719063545150249e-08 1.235216249681650620e-02
1.725752508361203724e-08 -7.519666822796398659e-05
1.735785953177257200e-08 8.263246530528558717e-03
1.745819397993310675e-08 3.528735520708487471e-03
1.755852842809364150e-08 6.163388546260176529e-03
1.765886287625417957e-08 6.291391247326181581e-03
1.775919732441471432e-08 8.150513004491597921e-03
1.785953177257524907e-08 1.441650914387890108e-03
1.795986622073578383e-08 -3.007771947457430015e-03
1.806020066889631858e-08 7.070746067753281433e-03
1.816053511705685334e-08 3.356575836921966288e-03
1.826086956521738809e-08 1.001209979110673741e-02
1.836120401337792284e-08 1.358573849464359516e-02
1.846153846153845760e-08 6.688700157660127689e-03
1.856187290969899566e-08 9.078576082477382223e-03
1.866220735785953041e-08 5.534294493808872631e-03
1.876254180602006517e-08 1.137345574373146116e-02
1.886287625418059992e-08 6.644705635478401554e-03
1.896321070234113468e-08 1.477500065735909071e-02
1.906354515050166943e-08 8.183661144508258285e-04
1.916387959866220418e-08 8.268349722643909480e-03
1.926421404682273894e-08 5.690751398988964233e-03
1.936454849498327369e-08 1.023922979292760972e-02
1.946488294314380845e-08 1.027842518226029789e-02
1.956521739130434651e-08 1.433099626536189081e-02
1.966555183946488126e-08 4.538511523776255288e-03
1.976588628762541602e-08 8.644086759577474313e-03
1.986622073578595077e-08 5.016509150592772352e-03
1.996655518394648553e-08 1.660119978199809179e-03
2.006688963210702028e-08 5.089549701588421543e-03
2.016722408026755503e-08 1.149000891871845668e-02
2.026755852842808979e-08 8.244343259944752686e-03
2.036789297658862454e-08 7.276005047962168411e-03
2.046822742474916260e-08 1.225385807001799950e-02
2.056856187290969736e-08 1.341695515997359464e-02
2.066889632107023211e-08 4.385285569806309826e-03
2.076923076923076687e-08 9.224460487224830224e-03
2.086956521739130162e-08 2.163130063245139248e-03
2.096989966555183637e-08 1.507193091990630812e-02
2.107023411371237113e-08 4.293441055434640656e-03
2.117056856187290588e-08 2.434473386542446854e-03
2.127090301003344064e-08 7.356323574058452365e-03
2.137123745819397539e-08 1.664651486800564420e-02
2.147157190635451345e-08 9.820628787251038314e-03
2.157190635451504821e-08 9.810623616374277225e-03
2.167224080267558296e-08 4.410361733120571857e-03
2.177257525083611771e-08 4.672651667199447488e-03
2.187290969899665247e-08 3.973248736615936187e-03
2.197324414715718722e-08 8.467198291038400410e-03
2.207357859531772198e-08 2.600720527616147328e-03
2.217391304347825673e-08 2.880976154982607413e-03
2.227424749163879148e-08 7.709800663579692223e-03
2.237458193979932955e-08 5.760614105547316385e-03
2.247491638795986430e-08 6.442746088126357837e-03
2.257525083612039905e-08 8.835336164419518856e-03
2.267558528428093381e-08 1.538824714561591415e-02
2.277591973244146856e-08 8.779130098879655772e-03
2.287625418060200332e-08 1.305246261300087827e-02
2.297658862876253807e-08 1.260858418269694171e-03
2.307692307692307282e-08 6.666853915637807257e-03
2.317725752508360758e-08 7.963909293936572917e-03
2.327759197324414233e-08 2.806907760571614348e-03
2.337792642140468040e-08 1.109980498377079877e-02
2.347826086956521515e-08 8.901390341495162353e-03
2.357859531772574990e-08 4.995427827676595864e-03
2.367892976588628466e-08 7.350057734966152292e-03
2.377926421404681941e-08 5.467302843551496289e-03
2.387959866220735417e-08 9.257896127827828017e-03
2.397993311036788892e-08 1.326322884866602304e-02
2.408026755852842367e-08 1.632767372745167617e-02
2.418060200668895843e-08 -1.040674722857521783e-03
2.428093645484949649e-08 1.165558498452527042e-02
2.438127090301003124e-08 2.680653132353160405e-03
2.448160535117056600e-08 4.212699343070445621e-03
2.458193979933110075e-08 6.164467220831897770e-03
2.468227424749163551e-08 6.658727918147891618e-03
2.478260869565217026e-08 1.113012902887229767e-02
2.488294314381270501e-08 2.381021241371583837e-03
2.498327759197323977e-08 6.252701586803936437e-03
2.508361204013377452e-08 1.832695702308856540e-03
2.518394648829430928e-08 4.480344852865570521e-03
2.528428093645484734e-08 7.336357410040425173e-03
2.538461538461538209e-08 8.817111974542950550e-03
2.548494983277591685e-08 8.522897146671084764e-03
2.558528428093645160e-08 9.877245127948582060e-03
2.568561872909698635e-08 6.984180252177002793e-03
2.578595317725752111e-08 9.263164341666796364e-03
2.588628762541805586e-08 7.258898938219920764e-03
2.598662207357859062e-08 1.000626372732553275e-02
2.608695652173912537e-08 1.366352141195851730e-02
2.618729096989966343e-08 1.058247538262030787e-02
2.628762541806019819e-08 6.000864341626199402e-03
2.638795986622073294e-08 3.484850453107388255e-03
2.648829431438126769e-08 9.575552471771111088e-03
2.658862876254180245e-08 7.591396756651470033e-03
2.668896321070233720e-08 1.564285563427921313e-02
2.678929765886287196e-08 2.264083580124831054e-03
2.688963210702340671e-08 5.624867555707635698e-04
2.698996655518394146e-08 6.790333698191895750e-03
2.709030100334447622e-08 8.602614690326229954e-03
2.719063545150501428e-08 9.041544463855924474e-03
2.729096989966554904e-08 4.179107789398536603e-04
2.739130434782608379e-08 9.267449687315283333e-03
2.749163879598661854e-08 1.176810269708474313e-02
2.759197324414715330e-08 8.648270574255267906e-03
2.769230769230768805e-08 1.502942976656251352e-02
2.779264214046822281e-08 1.719791358917076990e-02
2.789297658862875756e-08 1.189173432155922125e-02
2.799331103678929231e-08 5.734723897752711311e-03
2.809364548494983038e-08 6.490194569844505261e-03
2.819397993311036513e-08 1.381001222160034483e-03
2.829431438127089988e-08 7.828521597113037578e-03
2.839464882943143464e-08 5.121167620057898509e-03
2.849498327759196939e-08 4.680347867467660704e-03
2.859531772575250415e-08 9.364779268681644800e-03
2.869565217391303890e-08 7.814704063755468361e-03
2.879598662207357365e-08 5.074223913257959809e-03
2.889632107023410841e-08 1.839455900190956322e-03
2.899665551839464316e-08 3.944662734455882218e-03
2.909698996655518122e-08 5.807419161095380387e-03
2.919732441471571598e-08 4.614877266941644872e-03
2.929765886287625073e-08 4.471178994305081977e-03
2.939799331103678549e-08 1.546819729598495827e-02
2.949832775919732024e-08 5.816561759812105201e-03
2.959866220735785499e-08 9.344702581620987353e-03
2.969899665551838975e-08 9.128489804684588108e-03
2.979933110367892450e-08 6.362191214051401283e-03
2.989966555183946256e-08 3.756345215696773720e-03
2.999999999999999732e-08 4.764459660103277129e-03
