0.000000000000000000e+00 9.999999999999995559e-01
1.003344481605351029e-10 9.984703592611444689e-01
2.006688963210702059e-10 9.939099459917265511e-01
3.010033444816052959e-10 9.864033916140904079e-01
4.013377926421404118e-10 9.760888010802263315e-01
5.016722408026755277e-10 9.631534604844047553e-01
6.020066889632105918e-10 9.478280786416395376e-01
7.023411371237457594e-10 9.303797986134354492e-01
8.026755852842808236e-10 9.111042621678310249e-01
9.030100334448158877e-10 8.903170434114614507e-01
1.003344481605351055e-09 8.683447858884374426e-01
1.103678929765886223e-09 8.455163796849083369e-01
1.204013377926421184e-09 8.221545017336908678e-01
1.304347826086956351e-09 7.985678146243132547e-01
1.404682274247491519e-09 7.750440785830933210e-01
1.505016722408026480e-09 7.518443803242167434e-01
1.605351170568561647e-09 7.291986241035853800e-01
1.705685618729096815e-09 7.073023677649716845e-01
1.806020066889631775e-09 6.863150232123222949e-01
1.906354515050166943e-09 6.663593798675236934e-01
2.006688963210702111e-09 6.475223543251852343e-01
2.107023411371237278e-09 6.298568222259863791e-01
2.207357859531772446e-09 6.133843514169604605e-01
2.307692307692307200e-09 5.980986301761972435e-01
2.408026755852842367e-09 5.839693713622260418e-01
2.508361204013377535e-09 5.709464727855060318e-01
2.608695652173912702e-09 5.589642251682438445e-01
2.709030100334447870e-09 5.479453804014630114e-01
2.809364548494983038e-09 5.378049225365585384e-01
2.909698996655517792e-09 5.284534197768918640e-01
3.010033444816052959e-09 5.197998751334038658e-01
3.110367892976588127e-09 5.117540337655207550e-01
3.210702341137123294e-09 5.042281438148346062e-01
3.311036789297658462e-09 4.971382024575003999e-01
3.411371237458193629e-09 4.904047480211968235e-01
3.511705685618728797e-09 4.839532808739805958e-01
3.612040133779263551e-09 4.777144094785525374e-01
3.712374581939798719e-09 4.716238231777774015e-01
3.812709030100333886e-09 4.656221901729455381e-01
3.913043478260868640e-09 4.596550685491311294e-01
4.013377926421404221e-09 4.536729013305523805e-01
4.113712374581938975e-09 4.476311450166455264e-01
4.214046822742474556e-09 4.414905567055689706e-01
4.314381270903009310e-09 4.352176397187460521e-01
4.414715719063544892e-09 4.287852235395414602e-01
4.515050167224079646e-09 4.221731326630215886e-01
4.615384615384614399e-09 4.153688821487513394e-01
4.715719063545149981e-09 4.083683264424898818e-01
4.816053511705684735e-09 4.011761831267181000e-01
4.916387959866220316e-09 3.938063549515890549e-01
5.016722408026755070e-09 3.862819815952288627e-01
5.117056856187290651e-09 3.786351664697541475e-01
5.217391304347825405e-09 3.709063425021055238e-01
5.317725752508360159e-09 3.631432628413941432e-01
5.418060200668895740e-09 3.553996263281388179e-01
5.518394648829430494e-09 3.477333716519813156e-01
5.618729096989966075e-09 3.402046967777946351e-01
5.719063545150500829e-09 3.328738799075440236e-01
5.819397993311035583e-09 3.257989936550192978e-01
5.919732441471571164e-09 3.190336142290311483e-01
6.020066889632105918e-09 3.126246315926555219e-01
6.120401337792641499e-09 3.066102645300006757e-01
6.220735785953176253e-09 3.010183764480818813e-01
6.321070234113711835e-09 2.958651740938827990e-01
6.421404682274246589e-09 2.911543530407426639e-01
6.521739130434781343e-09 2.868767319362811041e-01
6.622073578595316924e-09 2.830103934456493220e-01
6.722408026755851678e-09 2.795213250148923523e-01
6.822742474916387259e-09 2.763645284770251398e-01
6.923076923076922013e-09 2.734855455041207417e-01
7.023411371237457594e-09 2.708223271823551603e-01
7.123745819397992348e-09 2.683073615264557898e-01
7.224080267558527102e-09 2.658699632376575472e-01
7.324414715719062683e-09 2.634386258039870254e-01
7.424749163879597437e-09 2.609433371683726466e-01
7.525083612040133018e-09 2.583177663510531352e-01
7.625418060200667772e-09 2.555012390197862748e-01
7.725752508361202526e-09 2.524404342253222522e-01
7.826086956521737280e-09 2.490907513538860862e-01
7.926421404682273689e-09 2.454173146813009299e-01
8.026755852842808442e-09 2.413956016042621278e-01
8.127090301003343196e-09 2.370116985783514707e-01
8.227424749163877950e-09 2.322622050290086282e-01
8.327759197324414359e-09 2.271538192118342792e-01
8.428093645484949113e-09 2.217026505882121468e-01
8.528428093645483867e-09 2.159333103988262947e-01
8.628762541806018621e-09 2.098778356593131167e-01
8.729096989966553375e-09 2.035745019090640651e-01
8.829431438127089783e-09 1.970665770732427102e-01
8.929765886287624537e-09 1.904010632850174911e-01
9.030100334448159291e-09 1.836274661248017137e-01
9.130434782608694045e-09 1.767966222045719293e-01
9.230769230769228799e-09 1.699596071123261332e-01
9.331103678929765207e-09 1.631667371481745898e-01
9.431438127090299961e-09 1.564666706523425710e-01
9.531772575250834715e-09 1.499056085375293224e-01
9.632107023411369469e-09 1.435265892235494389e-01
9.732441471571904223e-09 1.373688706840007212e-01
9.832775919732440632e-09 1.314673917273722070e-01
9.933110367892975386e-09 1.258523057564514269e-01
1.003344481605351014e-08 1.205485827458082082e-01
1.013377926421404489e-08 1.155756786051877344e-01
1.023411371237458130e-08 1.109472749479099712e-01
1.033444816053511606e-08 1.066710960274089154e-01
1.043478260869565081e-08 1.027488127352706448e-01
1.053511705685618556e-08 9.917604562995874229e-02
1.063545150501672032e-08 9.594247964807782469e-02
1.073578595317725673e-08 9.303210222956462272e-02
1.083612040133779148e-08 9.042357399973470489e-02
1.093645484949832623e-08 8.809073697950003945e-02
1.103678929765886099e-08 8.600325976772228709e-02
1.113712374581939574e-08 8.412741260842687696e-02
1.123745819397993215e-08 8.242695816919470841e-02
1.133779264214046690e-08 8.086413672632944416e-02
1.143812709030100166e-08 7.940071781115486116e-02
1.153846153846153641e-08 7.799908473607901349e-02
1.163879598662207117e-08 7.662331424809162850e-02
1.173913043478260757e-08 7.524021121888224695e-02
1.183946488294314233e-08 7.382025802335320797e-02
1.193979933110367708e-08 7.233844019250976198e-02
1.204013377926421184e-08 7.077491401639911250e-02
1.214046822742474824e-08 6.911548783699941745e-02
1.224080267558528300e-08 6.735189649625496211e-02
1.234113712374581775e-08 6.548185736634548615e-02
1.244147157190635251e-08 6.350890608146061989e-02
1.254180602006688726e-08 6.144201995924393478e-02
1.264214046822742367e-08 5.929504658223339053e-02
1.274247491638795842e-08 5.708596356930430160e-02
1.284280936454849318e-08 5.483600273128458324e-02
1.294314381270902793e-08 5.256867719333409295e-02
1.304347826086956269e-08 5.030875341503530246e-02
1.314381270903009909e-08 4.808121121367748413e-02
1.324414715719063385e-08 4.591023389910785235e-02
1.334448160535116860e-08 4.381826759380806624e-02
1.344481605351170336e-08 4.182518399245972740e-02
1.354515050167223811e-08 3.994757456225339620e-02
1.364548494983277452e-08 3.819819692099180042e-02
1.374581939799330927e-08 3.658558631760966406e-02
1.384615384615384403e-08 3.511383725013707269e-02
1.394648829431437878e-08 3.378255273674790615e-02
1.404682274247491519e-08 3.258695200121259489e-02
1.414715719063544994e-08 3.151812166326860287e-02
1.424749163879598470e-08 3.056339116173701492e-02
1.434782608695651945e-08 2.970681020453756760e-02
1.444816053511705420e-08 2.892970455031207769e-02
1.454849498327759061e-08 2.821128629664316698e-02
1.464882943143812537e-08 2.752929590858909856e-02
1.474916387959866012e-08 2.686065522930499577e-02
1.484949832775919487e-08 2.618211338795260051e-02
1.494983277591973128e-08 2.547087055557929053e-02
1.505016722408026604e-08 2.470516760010871282e-02
1.515050167224080079e-08 2.386483259017601471e-02
1.525083612040133554e-08 2.293177757802134648e-02
1.535117056856187030e-08 2.189044100377622940e-02
1.545150501672240505e-08 2.072817233223802139e-02
1.555183946488293981e-08 1.943555616147620013e-02
1.565217391304347456e-08 1.800667310693420536e-02
1.575250836120401262e-08 1.643929440505939588e-02
1.585284280936454738e-08 1.473500658470933665e-02
1.595317725752508213e-08 1.289926193878580471e-02
1.605351170568561688e-08 1.094135011553728012e-02
1.615384615384615164e-08 8.874286146065602648e-03
1.625418060200668639e-08 6.714610802916571967e-03
1.635451505016722115e-08 4.482100461544347159e-03
1.645484949832775590e-08 2.199385662322760754e-03
1.655518394648829065e-08 -1.085196783692857214e-04
1.665551839464882872e-08 -2.414773083320673544e-03
1.675585284280936347e-08 -4.691333200084909366e-03
1.685618729096989823e-08 -6.909651144723557084e-03
1.695652173913043298e-08 -9.041406282643089584e-03
1.705685618729096773e-08 -1.105926556031908495e-02
1.715719063545150249e-08 -1.293764247647957027e-02
1.725752508361203724e-08 -1.465342966944152385e-02
1.735785953177257200e-08 -1.618667812707552320e-02
1.745819397993310675e-08 -1.752119636120226531e-02
1.755852842809364150e-08 -1.864504461354547782e-02
1.765886287625417957e-08 -1.955090227119447160e-02
1.775919732441471432e-08 -2.023629106926625940e-02
1.785953177257524907e-08 -2.070364216182808692e-02
1.795986622073578383e-08 -2.096020148507507508e-02
1.806020066889631858e-08 -2.101777469209047816e-02
1.816053511705685334e-08 -2.089231993638628049e-02
1.826086956521738809e-08 -2.060340353301149882e-02
1.836120401337792284e-08 -2.017353964889553181e-02
1.846153846153845760e-08 -1.962744031743910572e-02
1.856187290969899566e-08 -1.899120594022427749e-02
1.866220735785953041e-08 -1.829148880971471353e-02
1.876254180602006517e-08 -1.755466292888818031e-02
1.886287625418059992e-08 -1.680603248286424364e-02
1.896321070234113468e-08 -1.606910879990873509e-02
1.906354515050166943e-08 -1.536498168643213313e-02
1.916387959866220418e-08 -1.471180587903360079e-02
1.926421404682273894e-08 -1.412441734050843070e-02
1.936454849498327369e-08 -1.361408759719617834e-02
1.946488294314380845e-08 -1.318841765621724116e-02
1.956521739130434651e-08 -1.285136663488757429e-02
1.966555183946488126e-08 -1.260340443580798900e-02
1.976588628762541602e-08 -1.244177291521437675e-02
1.986622073578595077e-08 -1.236083625633633935e-02
1.996655518394648553e-08 -1.235249882893185540e-02
2.006688963210702028e-08 -1.240666775614271758e-02
2.016722408026755503e-08 -1.251173769420890584e-02
2.026755852842808979e-08 -1.265507684659635673e-02
2.036789297658862454e-08 -1.282349579297720719e-02
2.046822742474916260e-08 -1.300368406626227838e-02
2.056856187290969736e-08 -1.318260326785719930e-02
2.066889632107023211e-08 -1.334782956409876972e-02
2.076923076923076687e-08 -1.348784235100258105e-02
2.086956521739130162e-08 -1.359225943140776605e-02
2.096989966555183637e-08 -1.365202198495532072e-02
2.107023411371237113e-08 -1.365953475456334158e-02
2.117056856187290588e-08 -1.360876812230240110e-02
2.127090301003344064e-08 -1.349532907887360592e-02
2.137123745819397539e-08 -1.331650755663298449e-02
2.147157190635451345e-08 -1.307130331874191073e-02
2.157190635451504821e-08 -1.276043675766961628e-02
2.167224080267558296e-08 -1.238634477907964507e-02
2.177257525083611771e-08 -1.195316068062914072e-02
2.187290969899665247e-08 -1.146667483206715438e-02
2.197324414715718722e-08 -1.093427125970859032e-02
2.207357859531772198e-08 -1.036483413625087155e-02
2.217391304347825673e-08 -9.768617826142977217e-03
2.227424749163879148e-08 -9.157074624116603306e-03
2.237458193979932955e-08 -8.542635666213264922e-03
2.247491638795986430e-08 -7.938442632272356414e-03
2.257525083612039905e-08 -7.358030670902305712e-03
2.267558528428093381e-08 -6.814966276605197507e-03
2.277591973244146856e-08 -6.322447401004945532e-03
2.287625418060200332e-08 -5.892876622753485949e-03
2.297658862876253807e-08 -5.537421459168478249e-03
2.307692307692307282e-08 -5.265578611362767628e-03
2.317725752508360758e-08 -5.084760856386014855e-03
2.327759197324414233e-08 -4.999926243670379036e-03
2.337792642140468040e-08 -5.013269088495338546e-03
2.347826086956521515e-08 -5.123990922958795470e-03
2.357859531772574990e-08 -5.328167082303830390e-03
2.367892976588628466e-08 -5.618721065410709967e-03
2.377926421404681941e-08 -5.985514378554129822e-03
2.387959866220735417e-08 -6.415554478656284275e-03
2.397993311036788892e-08 -6.893317951380477371e-03
2.408026755852842367e-08 -7.401180495923913305e-03
2.418060200668895843e-08 -7.919939958592388599e-03
2.428093645484949649e-08 -8.429413868306541435e-03
2.438127090301003124e-08 -8.909088957637159578e-03
2.448160535117056600e-08 -9.338797235276313433e-03
2.458193979933110075e-08 -9.699391482068206449e-03
2.468227424749163551e-08 -9.973392674096092508e-03
2.478260869565217026e-08 -1.014558281755311916e-02
2.488294314381270501e-08 -1.020351895858211469e-02
2.498327759197323977e-08 -1.013794758107775147e-02
2.508361204013377452e-08 -9.943103036130402500e-03
2.518394648829430928e-08 -9.616878815804315306e-03
2.528428093645484734e-08 -9.160866112149668172e-03
2.538461538461538209e-08 -8.580259891428757002e-03
2.548494983277591685e-08 -7.883638364088450465e-03
2.558528428093645160e-08 -7.082626960188248208e-03
2.568561872909698635e-08 -6.191462477525966693e-03
2.578595317725752111e-08 -5.226476751354033543e-03
2.588628762541805586e-08 -4.205521852206346549e-03
2.598662207357859062e-08 -3.147360366115359472e-03
2.608695652173912537e-08 -2.071044727891979513e-03
2.618729096989966343e-08 -9.953089039788087788e-04
2.628762541806019819e-08 6.200594601595173228e-05
2.638795986622073294e-08 1.084472715855360619e-03
2.648829431438126769e-08 2.057530577570198822e-03
2.658862876254180245e-08 2.968855902526654385e-03
2.668896321070233720e-08 3.808643495046960901e-03
2.678929765886287196e-08 4.569793695778217105e-03
2.688963210702340671e-08 5.248004702536885127e-03
2.698996655518394146e-08 5.841772930582068285e-03
2.709030100334447622e-08 6.352307260345258985e-03
2.719063545150501428e-08 6.783365505720997599e-03
2.729096989966554904e-08 7.141023328041924169e-03
2.739130434782608379e-08 7.433387107427491015e-03
2.749163879598661854e-08 7.670262987823086090e-03
2.759197324414715330e-08 7.862794488255827469e-03
2.769230769230768805e-08 8.023080796694854327e-03
2.779264214046822281e-08 8.163787224712275303e-03
2.789297658862875756e-08 8.297758396922285534e-03
2.799331103678929231e-08 8.437643672697886857e-03
2.809364548494983038e-08 8.595543133540377301e-03
2.819397993311036513e-08 8.782681287817605334e-03
2.829431438127089988e-08 9.009114497525555834e-03
2.839464882943143464e-08 9.283477051935509761e-03
2.849498327759196939e-08 9.612769814164302123e-03
2.859531772575250415e-08 1.000219444582156440e-02
2.869565217391303890e-08 1.045503535588172134e-02
2.879598662207357365e-08 1.097259069836076760e-02
2.889632107023410841e-08 1.155415293160131154e-02
2.899665551839464316e-08 1.219703862423379692e-02
2.909698996655518122e-08 1.289666632993716894e-02
2.919732441471571598e-08 1.364668044583784018e-02
2.929765886287625073e-08 1.443911802111457615e-02
2.939799331103678549e-08 1.526461450982198424e-02
2.949832775919732024e-08 1.611264349452046912e-02
2.959866220735785499e-08 1.697178448502112760e-02
2.969899665551838975e-08 1.783001206672833738e-02
2.979933110367892450e-08 1.867499898606417991e-02
2.989966555183946256e-08 1.949442526501763903e-02
2.999999999999999732e-08 2.027628517530637511e-02
