0.000000000000000000e+00 9.999999999999995559e-01
1.003344481605351029e-10 6.281576777914790397e-03
2.006688963210702059e-10 7.166108546101533812e-03
3.010033444816052959e-10 5.061675443445122491e-03
4.013377926421404118e-10 3.813369984225613383e-03
5.016722408026755277e-10 9.585917861880448310e-03
6.020066889632105918e-10 8.933238246778588479e-03
7.023411371237457594e-10 1.231560348069957699e-02
8.026755852842808236e-10 1.851590496052758078e-03
9.030100334448158877e-10 5.048576684915430726e-03
1.003344481605351055e-09 1.063892591395352444e-02
1.103678929765886223e-09 1.350313607796804110e-03
1.204013377926421184e-09 6.854901012714704339e-03
1.304347826086956351e-09 9.823680725995431740e-03
1.404682274247491519e-09 8.925347831461514364e-03
1.505016722408026480e-09 7.111309682343090570e-03
1.605351170568561647e-09 3.799271296065858793e-03
1.705685618729096815e-09 4.174507148977320975e-03
1.806020066889631775e-09 9.520845316164202460e-03
1.906354515050166943e-09 7.179208507941979567e-03
2.006688963210702111e-09 5.854691927920936678e-03
2.107023411371237278e-09 2.226163302528425675e-03
2.207357859531772446e-09 3.169506105000040666e-03
2.307692307692307200e-09 1.179674581293501008e-02
2.408026755852842367e-09 3.380658699165445952e-03
2.508361204013377535e-09 6.624020855785172322e-03
2.608695652173912702e-09 1.001368308147847046e-02
2.709030100334447870e-09 8.607917986370419022e-03
2.809364548494983038e-09 8.009147832045638432e-03
2.909698996655517792e-09 9.060534448534664567e-03
3.010033444816052959e-09 5.592513073336913276e-03
3.110367892976588127e-09 2.115593989323220382e-03
3.210702341137123294e-09 8.903156634699160160e-03
3.311036789297658462e-09 7.183453970496641618e-03
3.411371237458193629e-09 6.027275672276426709e-03
3.511705685618728797e-09 7.190122065727905069e-03
3.612040133779263551e-09 9.819734615392513091e-03
3.712374581939798719e-09 6.983982142486924727e-03
3.812709030100333886e-09 9.649620935938732144e-03
3.913043478260868640e-09 8.707685778957708830e-03
4.013377926421404221e-09 9.058221653257873124e-03
4.113712374581938975e-09 1.401239657137158361e-03
4.214046822742474556e-09 8.229344143861443139e-03
4.314381270903009310e-09 9.886591310388869250e-03
4.414715719063544892e-09 9.103876139101022696e-03
4.515050167224079646e-09 1.120637443581761448e-02
4.615384615384614399e-09 8.246063038418514554e-03
4.715719063545149981e-09 7.821610262178301312e-03
4.816053511705684735e-09 6.860458577695731364e-03
4.916387959866220316e-09 1.271583797021232825e-03
5.016722408026755070e-09 5.997832147385098733e-03
5.117056856187290651e-09 1.185585629179473346e-03
5.217391304347825405e-09 4.758397037293049872e-03
5.317725752508360159e-09 6.223067301570397655e-03
5.418060200668895740e-09 3.408956749140203309e-03
5.518394648829430494e-09 6.557418688003194968e-03
5.618729096989966075e-09 9.198231622236182140e-03
5.719063545150500829e-09 9.542740705941627280e-03
5.819397993311035583e-09 9.157112584999535163e-03
5.919732441471571164e-09 4.755139440797490763e-03
6.020066889632105918e-09 3.087558084966426919e-03
6.120401337792641499e-09 5.617290350196736670e-03
6.220735785953176253e-09 -1.394181210927746819e-04
6.321070234113711835e-09 9.688075120328227402e-03
6.421404682274246589e-09 1.539373875876469747e-02
6.521739130434781343e-09 4.944539234255238003e-03
6.622073578595316924e-09 1.308502477833801796e-02
6.722408026755851678e-09 1.016338962618816219e-02
6.822742474916387259e-09 1.410790802052679462e-04
6.923076923076922013e-09 1.032834287606508063e-02
7.023411371237457594e-09 1.057745919189661404e-02
7.123745819397992348e-09 7.622541585229115207e-03
7.224080267558527102e-09 3.162240684382983634e-03
7.324414715719062683e-09 6.704463658609783813e-03
7.424749163879597437e-09 1.166681849693263807e-02
7.525083612040133018e-09 9.082511319610459335e-03
7.625418060200667772e-09 1.061721546858338146e-02
7.725752508361202526e-09 9.536510649874957446e-03
7.826086956521737280e-09 1.007480627736451542e-02
7.926421404682273689e-09 1.074982978838953315e-02
8.026755852842808442e-09 7.457922903508409224e-03
8.127090301003343196e-09 5.243400344223909416e-03
8.227424749163877950e-09 2.002294847410742654e-03
8.327759197324414359e-09 7.422112656179978216e-03
8.428093645484949113e-09 6.018524190427941567e-03
8.528428093645483867e-09 2.611025594980593764e-03
8.628762541806018621e-09 4.510169376853856785e-03
8.729096989966553375e-09 7.309150643860190359e-03
8.829431438127089783e-09 3.181774694658445410e-03
8.929765886287624537e-09 1.410687935520777044e-02
9.030100334448159291e-09 6.568145835061805354e-03
9.130434782608694045e-09 4.244329711375954481e-03
9.230769230769228799e-09 1.132874853213424425e-02
9.331103678929765207e-09 1.072435606563339021e-02
9.431438127090299961e-09 7.473057376785724980e-04
9.531772575250834715e-09 1.360980082557844417e-02
9.632107023411369469e-09 -6.182717310081790006e-04
9.732441471571904223e-09 6.279641776382106043e-03
9.832775919732440632e-09 5.868239910845140551e-03
9.933110367892975386e-09 1.105235531605104279e-02
1.003344481605351014e-08 1.374337157604746569e-02
1.013377926421404489e-08 4.215279308893981301e-03
1.023411371237458130e-08 3.721573734694672876e-03
1.033444816053511606e-08 9.499733570315697234e-03
1.043478260869565081e-08 5.967454664543797235e-03
1.053511705685618556e-08 7.178337223202608218e-03
1.063545150501672032e-08 3.605704821057898694e-03
1.073578595317725673e-08 5.375914562006582631e-03
1.083612040133779148e-08 3.531436069430438605e-03
1.093645484949832623e-08 8.228278458842927523e-03
1.103678929765886099e-08 5.905907185336992452e-03
1.113712374581939574e-08 1.263399759678844429e-02
1.123745819397993215e-08 8.263928932989014417e-03
1.133779264214046690e-08 4.143522504926680505e-03
1.143812709030100166e-08 4.111981498777624033e-03
1.153846153846153641e-08 1.161745063458155883e-02
1.163879598662207117e-08 7.544345196742231925e-03
1.173913043478260757e-08 8.272949233081514087e-03
1.183946488294314233e-08 2.954875933849915835e-03
1.193979933110367708e-08 9.438272756413288930e-03
1.204013377926421184e-08 3.149325044481448167e-03
1.214046822742474824e-08 1.007791762334797614e-02
1.224080267558528300e-08 9.733034866394558310e-03
1.234113712374581775e-08 6.232414103473374323e-03
1.244147157190635251e-08 1.539409697231731815e-03
1.254180602006688726e-08 7.883337938154487065e-03
1.264214046822742367e-08 9.217907010138531518e-03
1.274247491638795842e-08 5.739593976549391130e-03
1.284280936454849318e-08 1.188825807545491539e-02
1.294314381270902793e-08 5.655994343021459453e-03
1.304347826086956269e-08 6.644700057962372661e-03
1.314381270903009909e-08 7.320122630579947720e-03
1.324414715719063385e-08 7.206922034398585697e-03
1.334448160535116860e-08 1.183235728367309191e-02
1.344481605351170336e-08 1.435538837088936454e-02
1.354515050167223811e-08 7.377671040649161696e-03
1.364548494983277452e-08 7.915121221498492080e-03
1.374581939799330927e-08 5.331138756322678987e-03
1.384615384615384403e-08 6.014090489973225769e-03
1.394648829431437878e-08 3.573705687344021914e-03
1.404682274247491519e-08 6.516688510891955124e-03
1.414715719063544994e-08 7.856424671447493832e-03
1.424749163879598470e-08 6.104904634388483124e-03
1.434782608695651945e-08 8.453158236725219835e-03
1.444816053511705420e-08 9.765793470318159461e-03
1.454849498327759061e-08 -1.717686149276098813e-03
1.464882943143812537e-08 1.084255381448870695e-02
1.474916387959866012e-08 1.741951507422061229e-03
1.484949832775919487e-08 1.860967556690378954e-03
1.494983277591973128e-08 1.119681582628750255e-02
1.505016722408026604e-08 1.321334678729741557e-02
1.515050167224080079e-08 9.575522001435894312e-03
1.525083612040133554e-08 1.309988615982401496e-02
1.535117056856187030e-08 6.858346697539088530e-03
1.545150501672240505e-08 4.056607104877731768e-03
1.555183946488293981e-08 1.224862582249540942e-02
1.565217391304347456e-08 9.374289256736953804e-03
1.575250836120401262e-08 4.496372827853300017e-03
1.585284280936454738e-08 1.012373140712644407e-02
1.595317725752508213e-08 1.056733479035912478e-02
1.605351170568561688e-08 1.166292939158012840e-03
1.615384615384615164e-08 8.994230870704384220e-03
1.625418060200668639e-08 1.486747584820809383e-02
1.635451505016722115e-08 3.976982044745571397e-03
1.645484949832775590e-08 5.725045535910347136e-03
1.655518394648829065e-08 5.028499856012233829e-03
1.665551839464882872e-08 1.158098754082922954e-02
1.675585284280936347e-08 7.884419512352087989e-03
1.685618729096989823e-08 3.668421724959550993e-03
1.695652173913043298e-08 8.189296595424637101e-03
1.705685618729096773e-08 9.335296024497841127e-03
1.715719063545150249e-08 6.623358626860401457e-03
1.725752508361203724e-08 1.227931471739048680e-02
1.735785953177257200e-08 9.778163310839693700e-03
1.745819397993310675e-08 8.296598048659188304e-03
1.755852842809364150e-08 9.793925273690365710e-03
1.765886287625417957e-08 2.649022768341181486e-03
1.775919732441471432e-08 1.264545735798184266e-02
1.785953177257524907e-08 6.629567281508763621e-03
1.795986622073578383e-08 1.265133239451474677e-02
1.806020066889631858e-08 7.866291898479423755e-03
1.816053511705685334e-08 5.348492374785922612e-03
1.826086956521738809e-08 9.351945166894351166e-03
1.836120401337792284e-08 1.180196868705749025e-02
1.846153846153845760e-08 9.143072771239492760e-03
1.856187290969899566e-08 1.250528985764324391e-02
1.866220735785953041e-08 3.940435628069212035e-03
1.876254180602006517e-08 6.402296824076648095e-03
1.886287625418059992e-08 9.643734612881206883e-04
1.896321070234113468e-08 4.754190905463354620e-03
1.906354515050166943e-08 9.799474708940899767e-03
1.916387959866220418e-08 9.657120219124503205e-03
1.926421404682273894e-08 4.198747982264781735e-03
1.936454849498327369e-08 5.632609595888990288e-03
1.946488294314380845e-08 7.505229567755200906e-03
1.956521739130434651e-08 9.708811296531184507e-03
1.966555183946488126e-08 9.545895495874553646e-03
1.976588628762541602e-08 5.442205670258968425e-03
1.986622073578595077e-08 1.174356024936597069e-02
1.996655518394648553e-08 8.165981108432151386e-03
2.006688963210702028e-08 7.619708059124818099e-03
2.016722408026755503e-08 1.093886873181437389e-02
2.026755852842808979e-08 5.843273508015328979e-03
2.036789297658862454e-08 8.674807132969697410e-03
2.046822742474916260e-08 4.459013108208381877e-03
2.056856187290969736e-08 4.880705290854442033e-03
2.066889632107023211e-08 7.554679236293647751e-03
2.076923076923076687e-08 1.621430596889121990e-03
2.086956521739130162e-08 5.502510147918348964e-03
2.096989966555183637e-08 1.049465936578534986e-02
2.107023411371237113e-08 3.888949815861091411e-03
2.117056856187290588e-08 1.254625614247342237e-02
2.127090301003344064e-08 6.033692640438547902e-03
2.137123745819397539e-08 9.908383266440272397e-03
2.147157190635451345e-08 9.983382516556237735e-03
2.157190635451504821e-08 1.060468136030431711e-02
2.167224080267558296e-08 8.976802649390150032e-03
2.177257525083611771e-08 1.009042674106566152e-02
2.187290969899665247e-08 1.562873029875899711e-02
2.197324414715718722e-08 6.811372890830018692e-03
2.207357859531772198e-08 1.236168227747778438e-02
2.217391304347825673e-08 1.528102847020492219e-02
2.227424749163879148e-08 3.678479565564036265e-03
2.237458193979932955e-08 5.670787898942041515e-03
2.247491638795986430e-08 -4.727560642157591325e-04
2.257525083612039905e-08 1.106181929614047724e-02
2.267558528428093381e-08 8.766181913326313510e-03
2.277591973244146856e-08 4.631511919585065695e-03
2.287625418060200332e-08 1.108080833792549763e-02
2.297658862876253807e-08 1.103750809880126027e-02
2.307692307692307282e-08 6.522973751783641902e-03
2.317725752508360758e-08 7.224119971557479633e-03
2.327759197324414233e-08 5.621858930010514323e-03
2.337792642140468040e-08 9.819673936235659428e-03
2.347826086956521515e-08 8.001951022098060130e-04
2.357859531772574990e-08 4.016200809426594479e-03
2.367892976588628466e-08 5.835110460800443932e-03
2.377926421404681941e-08 8.627156106401787095e-03
2.387959866220735417e-08 1.057471472973802590e-02
2.397993311036788892e-08 1.496374507394981034e-02
2.408026755852842367e-08 7.096460889784755172e-03
2.418060200668895843e-08 6.661209698150997484e-03
2.428093645484949649e-08 1.019126505672315192e-02
2.438127090301003124e-08 8.233375876092970114e-03
2.448160535117056600e-08 9.684771397934971437e-03
2.458193979933110075e-08 1.446120218931941197e-02
2.468227424749163551e-08 8.233436943478975728e-03
2.478260869565217026e-08 5.641332809688472290e-03
2.488294314381270501e-08 4.305111392459143663e-03
2.498327759197323977e-08 6.592868300332730899e-03
2.508361204013377452e-08 1.079251284662789863e-02
2.518394648829430928e-08 9.275376634729878139e-03
2.528428093645484734e-08 1.171795398964584761e-02
2.538461538461538209e-08 1.206284224424141079e-02
2.548494983277591685e-08 8.698566518962844510e-03
2.558528428093645160e-08 2.699921258164887129e-03
2.568561872909698635e-08 1.274484345654341641e-02
2.578595317725752111e-08 1.005148100737163729e-02
2.588628762541805586e-08 4.903530076204217977e-03
2.598662207357859062e-08 1.634136232215915863e-02
2.608695652173912537e-08 1.720506718921577553e-03
2.618729096989966343e-08 8.806243748602756230e-03
2.628762541806019819e-08 3.932006765593795000e-03
2.638795986622073294e-08 8.296876037116750549e-03
2.648829431438126769e-08 5.414040184946298899e-03
2.658862876254180245e-08 7.568366641807292190e-03
2.668896321070233720e-08 8.417020828057567711e-03
2.678929765886287196e-08 1.295412519649142419e-02
2.688963210702340671e-08 1.132342303910330826e-02
2.698996655518394146e-08 5.796660684697122271e-03
2.709030100334447622e-08 6.062698257190041011e-03
2.719063545150501428e-08 4.180210253998940112e-03
2.729096989966554904e-08 9.216459602711423935e-03
2.739130434782608379e-08 1.033204826075274745e-02
2.749163879598661854e-08 9.175552405642928983e-03
2.759197324414715330e-08 7.404497367189877798e-03
2.769230769230768805e-08 6.578917505363309458e-03
2.779264214046822281e-08 1.193440236093238965e-03
2.789297658862875756e-08 8.391959772346533133e-03
2.799331103678929231e-08 7.433230225801201393e-03
2.809364548494983038e-08 7.781024273183292060e-03
2.819397993311036513e-08 1.488486294212143166e-02
2.829431438127089988e-08 4.518342108815387968e-03
2.839464882943143464e-08 1.294722657458316321e-02
2.849498327759196939e-08 7.204957578504786291e-03
2.859531772575250415e-08 1.067986544019238447e-02
2.869565217391303890e-08 1.315109327228923715e-02
2.879598662207357365e-08 1.309834639156957047e-02
2.889632107023410841e-08 6.119325100254367419e-03
2.899665551839464316e-08 1.296537765187037207e-02
2.909698996655518122e-08 5.096710396089388674e-03
2.919732441471571598e-08 6.265238906881310729e-03
2.929765886287625073e-08 1.291813626250881697e-02
2.939799331103678549e-08 1.214356079263106090e-02
2.949832775919732024e-08 4.521804949792792086e-03
2.959866220735785499e-08 1.367974331100458261e-02
2.969899665551838975e-08 3.495300172084893874e-03
2.979933110367892450e-08 6.038722670673788914e-03
2.989966555183946256e-08 9.544748170003468368e-03
2.999999999999999732e-08 5.346281525443776633e-03
