0.000000000000000000e+00 9.999999999999995559e-01
1.003344481605351029e-10 1.304851816536183318e-01
2.006688963210702059e-10 -1.253858068063908732e-02
3.010033444816052959e-10 1.655318074139773554e-02
4.013377926421404118e-10 2.176929076800596802e-02
5.016722408026755277e-10 3.500446318504722709e-02
6.020066889632105918e-10 1.925926189249993134e-02
7.023411371237457594e-10 -8.594216137080390450e-03
8.026755852842808236e-10 8.293467384746419299e-03
9.030100334448158877e-10 3.133643687134654923e-03
1.003344481605351055e-09 1.152045385834692647e-02
1.103678929765886223e-09 6.518721043880797324e-03
1.204013377926421184e-09 -1.339067750882106051e-03
1.304347826086956351e-09 4.079670460017919675e-04
1.404682274247491519e-09 1.278401587154845941e-02
1.505016722408026480e-09 1.555450367131489681e-02
1.605351170568561647e-09 1.188564748932474137e-02
1.705685618729096815e-09 -8.712409434029777132e-04
1.806020066889631775e-09 5.586365905750922435e-03
1.906354515050166943e-09 7.192400555135696795e-03
2.006688963210702111e-09 1.014385159115316175e-02
2.107023411371237278e-09 8.974545480733207153e-03
2.207357859531772446e-09 3.370771548499838701e-03
2.307692307692307200e-09 9.462325420258059852e-03
2.408026755852842367e-09 5.117441753942146912e-03
2.508361204013377535e-09 3.556243588545215766e-03
2.608695652173912702e-09 6.965780969492622876e-03
2.709030100334447870e-09 6.654403674454622934e-03
2.809364548494983038e-09 3.629126969090377703e-03
2.909698996655517792e-09 1.133816789085738538e-03
3.010033444816052959e-09 1.286008531933924628e-02
3.110367892976588127e-09 6.930200763920119078e-03
3.210702341137123294e-09 6.714005164834618497e-03
3.311036789297658462e-09 9.702293346641584215e-03
3.411371237458193629e-09 7.231490398613021203e-03
3.511705685618728797e-09 1.635976020651816465e-02
3.612040133779263551e-09 6.109371779040393552e-03
3.712374581939798719e-09 6.840359290106479487e-03
3.812709030100333886e-09 8.373347124861809862e-03
3.913043478260868640e-09 1.202051163037275508e-02
4.013377926421404221e-09 9.007747554191404549e-03
4.113712374581938975e-09 3.662591633533526618e-03
4.214046822742474556e-09 -3.612541176283163777e-03
4.314381270903009310e-09 3.015802536084712365e-03
4.414715719063544892e-09 8.407667732550310954e-03
4.515050167224079646e-09 9.175343088578534131e-03
4.615384615384614399e-09 1.004916643702014924e-02
4.715719063545149981e-09 5.557180738473588809e-03
4.816053511705684735e-09 1.193653871267581594e-02
4.916387959866220316e-09 8.265119580352447981e-03
5.016722408026755070e-09 6.344892370006078273e-03
5.117056856187290651e-09 6.398725512711456696e-03
5.217391304347825405e-09 6.859905005382430955e-03
5.317725752508360159e-09 9.047199158711796002e-03
5.418060200668895740e-09 1.620865952379684644e-02
5.518394648829430494e-09 9.448107442857615890e-03
5.618729096989966075e-09 1.150533449032362619e-02
5.719063545150500829e-09 7.860643124233197138e-03
5.819397993311035583e-09 -1.248157317409576876e-03
5.919732441471571164e-09 1.263990603902286070e-02
6.020066889632105918e-09 5.826737344140257326e-03
6.120401337792641499e-09 4.747117283643124963e-05
6.220735785953176253e-09 6.806185449710724575e-03
6.321070234113711835e-09 1.494697912281284756e-02
6.421404682274246589e-09 9.700593880978753900e-03
6.521739130434781343e-09 4.999755931366652029e-03
6.622073578595316924e-09 5.317667427081979904e-03
6.722408026755851678e-09 4.801460696927760743e-03
6.822742474916387259e-09 4.926527296696686306e-03
6.923076923076922013e-09 1.250208463054488899e-02
7.023411371237457594e-09 1.667321679206383014e-03
7.123745819397992348e-09 5.929668852678872740e-03
7.224080267558527102e-09 8.852264315246624257e-03
7.324414715719062683e-09 6.712706177778957062e-03
7.424749163879597437e-09 5.796933634697434140e-03
7.525083612040133018e-09 7.047028572492754044e-03
7.625418060200667772e-09 9.328039517180905515e-03
7.725752508361202526e-09 4.717557102385095888e-03
7.826086956521737280e-09 8.933838889750286838e-03
7.926421404682273689e-09 8.891627649000546918e-03
8.026755852842808442e-09 8.165664655073576542e-03
8.127090301003343196e-09 1.219261888086394657e-02
8.227424749163877950e-09 4.796937646817447075e-03
8.327759197324414359e-09 8.386491319958926799e-03
8.428093645484949113e-09 6.316393574615541788e-03
8.528428093645483867e-09 5.232397327369905232e-03
8.628762541806018621e-09 7.106251510581399269e-03
8.729096989966553375e-09 9.796927172893704974e-03
8.829431438127089783e-09 9.177138839747960020e-03
8.929765886287624537e-09 4.404748653770117033e-03
9.030100334448159291e-09 2.892143432107259927e-03
9.130434782608694045e-09 7.562877779039687762e-03
9.230769230769228799e-09 8.331088931588308613e-03
9.331103678929765207e-09 6.973011413684236486e-03
9.431438127090299961e-09 -4.108185642219128880e-03
9.531772575250834715e-09 6.280407491392796249e-03
9.632107023411369469e-09 1.339947221172519375e-02
9.732441471571904223e-09 1.161025146741106844e-02
9.832775919732440632e-09 5.064023707819879927e-03
9.933110367892975386e-09 9.078465699210919171e-03
1.003344481605351014e-08 1.467632295883793819e-02
1.013377926421404489e-08 4.908286648642503844e-03
1.023411371237458130e-08 3.883217533235156123e-03
1.033444816053511606e-08 7.957755601933501691e-03
1.043478260869565081e-08 5.890426148619085610e-03
1.053511705685618556e-08 6.816413634127744571e-03
1.063545150501672032e-08 1.167396563854891309e-02
1.073578595317725673e-08 1.049191718997656564e-02
1.083612040133779148e-08 4.187679537228368269e-03
1.093645484949832623e-08 7.164170664215400650e-03
1.103678929765886099e-08 7.525552143760575949e-03
1.113712374581939574e-08 1.130254793374641312e-02
1.123745819397993215e-08 8.497855014441847363e-03
1.133779264214046690e-08 1.150501676482458893e-02
1.143812709030100166e-08 7.258284289899888213e-03
1.153846153846153641e-08 6.303921817671035571e-03
1.163879598662207117e-08 4.666916340035828607e-03
1.173913043478260757e-08 1.117615949586428861e-02
1.183946488294314233e-08 1.061131005511845547e-02
1.193979933110367708e-08 3.182084896013916663e-03
1.204013377926421184e-08 5.763963350969062392e-03
1.214046822742474824e-08 5.568725219592686113e-03
1.224080267558528300e-08 1.268450146837718853e-02
1.234113712374581775e-08 1.692482321883714488e-02
1.244147157190635251e-08 5.255544565983749465e-03
1.254180602006688726e-08 1.079448314811076899e-02
1.264214046822742367e-08 8.824034580018572799e-03
1.274247491638795842e-08 1.207596408301099197e-02
1.284280936454849318e-08 7.212373230086535983e-03
1.294314381270902793e-08 4.940946500651468946e-03
1.304347826086956269e-08 6.358010814226627838e-03
1.314381270903009909e-08 6.074333462179297774e-03
1.324414715719063385e-08 4.313042498843874632e-03
1.334448160535116860e-08 7.326917739779864602e-03
1.344481605351170336e-08 3.361041358088849313e-03
1.354515050167223811e-08 7.680929786494941625e-03
1.364548494983277452e-08 9.475979014001727554e-03
1.374581939799330927e-08 7.634596170325789501e-03
1.384615384615384403e-08 5.953138919337508210e-03
1.394648829431437878e-08 5.048265729073207753e-03
1.404682274247491519e-08 9.114629850198610259e-03
1.414715719063544994e-08 1.223792370753101245e-02
1.424749163879598470e-08 1.030763036963724955e-02
1.434782608695651945e-08 4.083902567280309898e-03
1.444816053511705420e-08 9.670137429732487966e-03
1.454849498327759061e-08 1.025892482348665646e-02
1.464882943143812537e-08 1.033521877198858956e-02
1.474916387959866012e-08 1.513679273306778664e-05
1.484949832775919487e-08 1.064163574251437115e-02
1.494983277591973128e-08 3.873670153681116942e-03
1.505016722408026604e-08 8.706990409872708211e-03
1.515050167224080079e-08 4.355972734179531895e-03
1.525083612040133554e-08 7.455307909443446325e-03
1.535117056856187030e-08 3.445426737726022762e-03
1.545150501672240505e-08 9.385585262331996512e-03
1.555183946488293981e-08 9.812546851043407736e-03
1.565217391304347456e-08 5.567817259675839070e-03
1.575250836120401262e-08 1.420692743605798773e-02
1.585284280936454738e-08 1.304491255338616727e-02
1.595317725752508213e-08 1.400698910053191880e-02
1.605351170568561688e-08 1.267206313672973247e-02
1.615384615384615164e-08 3.024929579171532767e-03
1.625418060200668639e-08 9.441634805728037205e-03
1.635451505016722115e-08 5.134086218936250584e-03
1.645484949832775590e-08 4.281293582982646784e-03
1.655518394648829065e-08 1.509117489357214830e-03
1.665551839464882872e-08 9.444922700736312418e-03
1.675585284280936347e-08 7.265421206786661784e-03
1.685618729096989823e-08 6.226855652030031420e-03
1.695652173913043298e-08 9.862538620310626336e-03
1.705685618729096773e-08 4.157004883219975189e-03
1.715719063545150249e-08 8.404183298560768955e-03
1.725752508361203724e-08 7.761562211410661175e-03
1.735785953177257200e-08 3.053397482866560333e-03
1.745819397993310675e-08 6.791648099828848269e-03
1.755852842809364150e-08 1.049745330140914451e-02
1.765886287625417957e-08 -1.826222051575417289e-03
1.775919732441471432e-08 7.895230216216238966e-03
1.785953177257524907e-08 1.199701321855028632e-02
1.795986622073578383e-08 3.009918351490655907e-03
1.806020066889631858e-08 5.251964290427743945e-03
1.816053511705685334e-08 9.023565019519470126e-03
1.826086956521738809e-08 2.391129745656831503e-03
1.836120401337792284e-08 2.056991457412679115e-03
1.846153846153845760e-08 4.337515884321680240e-03
1.856187290969899566e-08 9.220727442576653887e-03
1.866220735785953041e-08 1.017453707922983883e-02
1.876254180602006517e-08 4.616418885033292917e-03
1.886287625418059992e-08 8.753262107898828262e-03
1.896321070234113468e-08 1.243991586955905254e-02
1.906354515050166943e-08 -3.166341112325808086e-04
1.916387959866220418e-08 6.347345747259208401e-03
1.926421404682273894e-08 6.763411433334707082e-03
1.936454849498327369e-08 -3.184121465882497771e-03
1.946488294314380845e-08 6.710297267404447159e-03
1.956521739130434651e-08 8.430177729654391230e-03
1.966555183946488126e-08 5.996561257691107247e-03
1.976588628762541602e-08 1.928637041216075773e-04
1.986622073578595077e-08 9.336702559927682887e-03
1.996655518394648553e-08 -2.625315332342077063e-03
2.006688963210702028e-08 7.007247631125344128e-03
2.016722408026755503e-08 1.090810400821268060e-02
2.026755852842808979e-08 1.015738645894944010e-02
2.036789297658862454e-08 3.611212663579181116e-03
2.046822742474916260e-08 9.289864919569295817e-03
2.056856187290969736e-08 5.801520199226011670e-03
2.066889632107023211e-08 9.848742265089110992e-03
2.076923076923076687e-08 1.089194806321191686e-02
2.086956521739130162e-08 1.223880410611520586e-02
2.096989966555183637e-08 9.818196926103438249e-03
2.107023411371237113e-08 4.682610924869675881e-03
2.117056856187290588e-08 1.281127040308250448e-02
2.127090301003344064e-08 1.040771292960416400e-02
2.137123745819397539e-08 1.087431591086946044e-02
2.147157190635451345e-08 8.824589426447997445e-03
2.157190635451504821e-08 9.836715877381482787e-04
2.167224080267558296e-08 2.273679676758817627e-03
2.177257525083611771e-08 7.799140069847656717e-03
2.187290969899665247e-08 5.292716784864406367e-03
2.197324414715718722e-08 6.485290746371528275e-03
2.207357859531772198e-08 7.067356614113069757e-03
2.217391304347825673e-08 1.457676203676855527e-02
2.227424749163879148e-08 2.662163058815962026e-03
2.237458193979932955e-08 3.576772246542487144e-03
2.247491638795986430e-08 4.769753912969731773e-03
2.257525083612039905e-08 9.142944102436980844e-03
2.267558528428093381e-08 3.915125107564458411e-03
2.277591973244146856e-08 5.314279348573417404e-03
2.287625418060200332e-08 3.658582340252932233e-03
2.297658862876253807e-08 1.069713280825003790e-02
2.307692307692307282e-08 6.810129546256295241e-03
2.317725752508360758e-08 1.280370209124606640e-02
2.327759197324414233e-08 2.691315305254566963e-03
2.337792642140468040e-08 8.848894007172218926e-03
2.347826086956521515e-08 -4.756737939521550216e-04
2.357859531772574990e-08 9.409210065971736203e-03
2.367892976588628466e-08 6.589345762838701853e-03
2.377926421404681941e-08 4.950186293009230243e-03
2.387959866220735417e-08 8.169131504219119197e-03
2.397993311036788892e-08 5.512495210259876419e-03
2.408026755852842367e-08 8.519516042173661680e-03
2.418060200668895843e-08 1.291509395696917436e-03
2.428093645484949649e-08 8.234330739583099398e-03
2.438127090301003124e-08 5.557786685004065079e-03
2.448160535117056600e-08 8.797270930688091961e-03
2.458193979933110075e-08 4.147423498870948799e-03
2.468227424749163551e-08 1.885956107984216234e-03
2.478260869565217026e-08 4.474425665540721249e-03
2.488294314381270501e-08 1.136283371635788027e-02
2.498327759197323977e-08 7.098791772891788893e-03
2.508361204013377452e-08 6.585726542294219159e-03
2.518394648829430928e-08 3.365248923382274659e-03
2.528428093645484734e-08 2.050524169415808388e-03
2.538461538461538209e-08 5.706538218692961892e-03
2.548494983277591685e-08 7.642148913355674596e-03
2.558528428093645160e-08 7.947990411457755283e-03
2.568561872909698635e-08 5.868211753015216935e-03
2.578595317725752111e-08 5.730133106114476682e-03
2.588628762541805586e-08 3.352795634900648542e-03
2.598662207357859062e-08 8.739998776207234463e-03
2.608695652173912537e-08 3.060579933613816368e-03
2.618729096989966343e-08 4.430238016198694700e-03
2.628762541806019819e-08 8.033565130201361301e-03
2.638795986622073294e-08 8.888732950945591252e-03
2.648829431438126769e-08 6.550533862105175319e-03
2.658862876254180245e-08 2.851744073714999623e-03
2.668896321070233720e-08 9.147045102179991380e-03
2.678929765886287196e-08 7.051113638674398436e-03
2.688963210702340671e-08 1.218208948128841548e-02
2.698996655518394146e-08 6.681651205011647672e-03
2.709030100334447622e-08 1.553180417242011960e-02
2.719063545150501428e-08 7.909402746784751498e-03
2.729096989966554904e-08 8.070355684336316324e-03
2.739130434782608379e-08 3.516999226567256963e-03
2.749163879598661854e-08 8.500865161710502438e-03
2.759197324414715330e-08 1.044698267737474880e-02
2.769230769230768805e-08 3.506381528423230774e-03
2.779264214046822281e-08 1.211289594144821305e-02
2.789297658862875756e-08 1.333825863143989904e-02
2.799331103678929231e-08 6.718577228625555002e-03
2.809364548494983038e-08 6.600247292625966052e-03
2.819397993311036513e-08 7.778531499057389151e-03
2.829431438127089988e-08 4.011173171213408724e-03
2.839464882943143464e-08 9.866853576188390484e-03
2.849498327759196939e-08 4.430804105161957260e-03
2.859531772575250415e-08 4.929892245816882429e-03
2.869565217391303890e-08 1.327202719495835202e-02
2.879598662207357365e-08 9.177001932939818016e-03
2.889632107023410841e-08 5.743491984776503273e-03
2.899665551839464316e-08 4.741061717482783662e-03
2.909698996655518122e-08 9.633280616188269821e-03
2.919732441471571598e-08 6.942841269597186532e-03
2.929765886287625073e-08 7.826107066838221271e-03
2.939799331103678549e-08 3.527802251676486964e-03
2.949832775919732024e-08 6.457349632553753549e-03
2.959866220735785499e-08 3.619723591122998244e-03
2.969899665551838975e-08 1.211036835657183439e-02
2.979933110367892450e-08 8.030117132413720424e-03
2.989966555183946256e-08 3.602711097689301721e-03
2.999999999999999732e-08 7.960332008377349680e-03
