0.000000000000000000e+00 9.999999999999995559e-01
1.003344481605351029e-10 1.233630422985136470e-02
2.006688963210702059e-10 1.417177988444635363e-02
3.010033444816052959e-10 1.060778934396408406e-02
4.013377926421404118e-10 7.689913976154035685e-03
5.016722408026755277e-10 4.197296221887252161e-03
6.020066889632105918e-10 6.457494555732815056e-03
7.023411371237457594e-10 5.327318438422250918e-03
8.026755852842808236e-10 9.549410502676966388e-04
9.030100334448158877e-10 7.561832120190112305e-03
1.003344481605351055e-09 7.908441858291953563e-03
1.103678929765886223e-09 7.124732078932275586e-03
1.204013377926421184e-09 4.265124409662729432e-03
1.304347826086956351e-09 3.411718841888602017e-03
1.404682274247491519e-09 -3.176621016277670967e-04
1.505016722408026480e-09 8.619224112733752871e-03
1.605351170568561647e-09 1.585558486360043318e-02
1.705685618729096815e-09 1.174050767928568224e-02
1.806020066889631775e-09 1.074514795970193948e-02
1.906354515050166943e-09 4.393254589514207498e-03
2.006688963210702111e-09 3.249650534621980995e-03
2.107023411371237278e-09 1.156408662758582825e-02
2.207357859531772446e-09 5.904505255831735133e-03
2.307692307692307200e-09 2.984456712070287631e-03
2.408026755852842367e-09 6.076297656798811120e-03
2.508361204013377535e-09 1.410947808548082549e-02
2.608695652173912702e-09 1.320888712616855552e-02
2.709030100334447870e-09 5.501930777605619147e-03
2.809364548494983038e-09 5.340555419506751687e-03
2.909698996655517792e-09 1.130306040197089079e-02
3.010033444816052959e-09 6.446804895698769050e-03
3.110367892976588127e-09 8.642525205402831756e-03
3.210702341137123294e-09 1.058255464902298215e-02
3.311036789297658462e-09 8.658936828663858776e-03
3.411371237458193629e-09 6.953730052805793573e-03
3.511705685618728797e-09 4.222624386841308461e-03
3.612040133779263551e-09 7.115248871101651981e-03
3.712374581939798719e-09 2.985384492718960465e-03
3.812709030100333886e-09 4.153563996520342680e-03
3.913043478260868640e-09 7.777635100460712422e-03
4.013377926421404221e-09 1.282591666886057254e-02
4.113712374581938975e-09 7.411331625729325294e-03
4.214046822742474556e-09 1.097393476538906579e-02
4.314381270903009310e-09 5.956512422658033316e-03
4.414715719063544892e-09 1.116971478753026048e-02
4.515050167224079646e-09 6.879276089594180306e-03
4.615384615384614399e-09 1.282554855917324155e-02
4.715719063545149981e-09 9.555999537083224166e-03
4.816053511705684735e-09 8.313007263373729805e-03
4.916387959866220316e-09 4.968095374286107813e-03
5.016722408026755070e-09 -1.402679376143340425e-03
5.117056856187290651e-09 7.940006369792437443e-03
5.217391304347825405e-09 6.509531249494391984e-03
5.317725752508360159e-09 1.336466710026755142e-02
5.418060200668895740e-09 1.053295030047628721e-02
5.518394648829430494e-09 5.547631533278125568e-03
5.618729096989966075e-09 1.247602728722881603e-02
5.719063545150500829e-09 1.212099393381079089e-02
5.819397993311035583e-09 -2.727543067103368676e-03
5.919732441471571164e-09 1.085667834642871366e-02
6.020066889632105918e-09 7.534993101596938574e-03
6.120401337792641499e-09 9.053054466347909557e-03
6.220735785953176253e-09 -1.506470697502846918e-03
6.321070234113711835e-09 8.611685250994432703e-03
6.421404682274246589e-09 9.655261930709964011e-03
6.521739130434781343e-09 4.493441226835286594e-03
6.622073578595316924e-09 8.896283912926886486e-03
6.722408026755851678e-09 8.895513365416959570e-03
6.822742474916387259e-09 4.542422679475882630e-03
6.923076923076922013e-09 8.595048961401641555e-03
7.023411371237457594e-09 6.452809175676589050e-03
7.123745819397992348e-09 1.221066558190605708e-02
7.224080267558527102e-09 1.717620500843034664e-02
7.324414715719062683e-09 1.320565735599072907e-02
7.424749163879597437e-09 6.029616137842413494e-03
7.525083612040133018e-09 6.345889262322013460e-03
7.625418060200667772e-09 2.271041803368793049e-03
7.725752508361202526e-09 7.701330908468962538e-03
7.826086956521737280e-09 5.268313482665284639e-03
7.926421404682273689e-09 5.942212611154170342e-03
8.026755852842808442e-09 9.387339913581444623e-03
8.127090301003343196e-09 6.416858846802507566e-03
8.227424749163877950e-09 1.247437164047257921e-02
8.327759197324414359e-09 1.366632252479043318e-03
8.428093645484949113e-09 1.377872551965699313e-02
8.528428093645483867e-09 8.139014428085254715e-03
8.628762541806018621e-09 1.152158652302373749e-02
8.729096989966553375e-09 1.230139586805598963e-02
8.829431438127089783e-09 9.530009994927399891e-03
8.929765886287624537e-09 7.004843803118435651e-03
9.030100334448159291e-09 5.737130710620765364e-03
9.130434782608694045e-09 6.161508988460016531e-03
9.230769230769228799e-09 4.165042082629280898e-03
9.331103678929765207e-09 7.599986907783531052e-03
9.431438127090299961e-09 6.653264032650007577e-03
9.531772575250834715e-09 6.656134778033525809e-03
9.632107023411369469e-09 9.694384942725885537e-03
9.732441471571904223e-09 6.023697946816374167e-03
9.832775919732440632e-09 1.011658789615143585e-02
9.933110367892975386e-09 4.859105293983366144e-03
1.003344481605351014e-08 1.754242087024549326e-02
1.013377926421404489e-08 1.288461334704519082e-02
1.023411371237458130e-08 6.579773242592506545e-03
1.033444816053511606e-08 1.424981541523293385e-02
1.043478260869565081e-08 1.213425241177873773e-02
1.053511705685618556e-08 7.452244138126872149e-03
1.063545150501672032e-08 8.988725733383806302e-03
1.073578595317725673e-08 8.591322579291552422e-03
1.083612040133779148e-08 5.728189816018686500e-03
1.093645484949832623e-08 9.300256194555092323e-03
1.103678929765886099e-08 1.089166969749888643e-02
1.113712374581939574e-08 5.427983825326552700e-03
1.123745819397993215e-08 3.978821179123418796e-03
1.133779264214046690e-08 9.654321177586425162e-03
1.143812709030100166e-08 5.125448613206832864e-03
1.153846153846153641e-08 1.288302577594380507e-02
1.163879598662207117e-08 1.476230375136330583e-02
1.173913043478260757e-08 6.634706456136186745e-03
1.183946488294314233e-08 1.114713143558153027e-02
1.193979933110367708e-08 1.002738270334142985e-02
1.204013377926421184e-08 4.746284035322663117e-03
1.214046822742474824e-08 1.288569526601826901e-02
1.224080267558528300e-08 1.046600662521856087e-02
1.234113712374581775e-08 6.692591223595055136e-03
1.244147157190635251e-08 6.184899621334953752e-03
1.254180602006688726e-08 1.156787151664624702e-02
1.264214046822742367e-08 1.110951643986984351e-02
1.274247491638795842e-08 9.984106627693771496e-03
1.284280936454849318e-08 2.041141099372057247e-03
1.294314381270902793e-08 8.137302113423956762e-03
1.304347826086956269e-08 5.486069236102984921e-03
1.314381270903009909e-08 5.784874801764379459e-03
1.324414715719063385e-08 1.438746468476713621e-02
1.334448160535116860e-08 7.036565337871211745e-03
1.344481605351170336e-08 8.277019585108235777e-04
1.354515050167223811e-08 1.240411871229571764e-02
1.364548494983277452e-08 5.894806026746420013e-03
1.374581939799330927e-08 1.312434017179892921e-02
1.384615384615384403e-08 5.630015325105017926e-03
1.394648829431437878e-08 8.280746325233036970e-03
1.404682274247491519e-08 2.208381690056112224e-03
1.414715719063544994e-08 1.301089660227366072e-02
1.424749163879598470e-08 1.026677880938208810e-02
1.434782608695651945e-08 2.990515394453188442e-03
1.444816053511705420e-08 1.263241417889068505e-02
1.454849498327759061e-08 7.690272345149896244e-03
1.464882943143812537e-08 9.394563638309356632e-03
1.474916387959866012e-08 1.627032680773581041e-02
1.484949832775919487e-08 4.635825936055457640e-03
1.494983277591973128e-08 4.424926876123231288e-03
1.505016722408026604e-08 9.256943011129255619e-03
1.515050167224080079e-08 1.140200324898272763e-02
1.525083612040133554e-08 4.727631511571754944e-03
1.535117056856187030e-08 7.306551054526209607e-03
1.545150501672240505e-08 7.834791838022247754e-03
1.555183946488293981e-08 1.341891068259422337e-02
1.565217391304347456e-08 1.098063759632983243e-02
1.575250836120401262e-08 1.052830484940108120e-02
1.585284280936454738e-08 8.365457099050026615e-03
1.595317725752508213e-08 7.255008152918528824e-03
1.605351170568561688e-08 -4.280106381741830305e-04
1.615384615384615164e-08 8.380507764670974691e-03
1.625418060200668639e-08 1.031532680447856329e-02
1.635451505016722115e-08 6.680660711885252727e-03
1.645484949832775590e-08 1.088431703114366503e-02
1.655518394648829065e-08 3.045550921350804411e-03
1.665551839464882872e-08 7.046980299373901968e-03
1.675585284280936347e-08 7.519348784480027297e-03
1.685618729096989823e-08 1.113890154968424397e-02
1.695652173913043298e-08 9.807078173599895199e-03
1.705685618729096773e-08 5.287949846784258286e-03
1.715719063545150249e-08 8.434480651569833953e-03
1.725752508361203724e-08 7.313635342440368350e-03
1.735785953177257200e-08 7.703419606047767071e-03
1.745819397993310675e-08 6.966903461865740950e-03
1.755852842809364150e-08 6.544422094618358547e-03
1.765886287625417957e-08 7.845036520139198749e-03
1.775919732441471432e-08 1.071550560738485265e-02
1.785953177257524907e-08 4.603900057569216935e-03
1.795986622073578383e-08 3.893629919809346758e-03
1.806020066889631858e-08 9.203234378604420408e-04
1.816053511705685334e-08 4.575165233113990745e-03
1.826086956521738809e-08 1.253402236445781345e-02
1.836120401337792284e-08 9.729715430689945405e-03
1.846153846153845760e-08 5.186097145468203211e-03
1.856187290969899566e-08 7.066720514214528889e-03
1.866220735785953041e-08 1.158926578044634260e-02
1.876254180602006517e-08 5.817449329949806770e-03
1.886287625418059992e-08 3.845536738746154620e-03
1.896321070234113468e-08 1.130466063909024536e-02
1.906354515050166943e-08 8.517127495257974593e-03
1.916387959866220418e-08 4.803930072518902868e-03
1.926421404682273894e-08 1.112130094043480531e-02
1.936454849498327369e-08 1.410451736893001892e-02
1.946488294314380845e-08 1.406941889449866111e-02
1.956521739130434651e-08 2.962237315674341211e-03
1.966555183946488126e-08 2.525892526884529997e-03
1.976588628762541602e-08 6.775984401475121897e-03
1.986622073578595077e-08 6.029749774268934603e-03
1.996655518394648553e-08 7.166764841623634447e-03
2.006688963210702028e-08 5.169761684685652940e-03
2.016722408026755503e-08 6.323475191365987569e-03
2.026755852842808979e-08 4.485192371233714601e-03
2.036789297658862454e-08 9.766890582873853643e-03
2.046822742474916260e-08 8.420381659292021370e-03
2.056856187290969736e-08 1.087096157729993545e-02
2.066889632107023211e-08 5.868063116139610701e-03
2.076923076923076687e-08 9.936580840405979595e-03
2.086956521739130162e-08 8.211287119967745213e-03
2.096989966555183637e-08 9.984384228039305115e-03
2.107023411371237113e-08 6.086630312331803641e-03
2.117056856187290588e-08 6.684472646851695801e-03
2.127090301003344064e-08 5.074446811534667409e-03
2.137123745819397539e-08 5.897211577163805757e-03
2.147157190635451345e-08 2.487059518812486693e-03
2.157190635451504821e-08 2.115068277172536988e-03
2.167224080267558296e-08 1.790043252629316961e-02
2.177257525083611771e-08 1.254212728089811046e-02
2.187290969899665247e-08 6.442972061961331834e-03
2.197324414715718722e-08 9.471698971173052317e-03
2.207357859531772198e-08 1.527865921055421121e-02
2.217391304347825673e-08 7.380659017831853533e-03
2.227424749163879148e-08 8.683606762748142388e-03
2.237458193979932955e-08 5.903863081225666463e-03
2.247491638795986430e-08 7.907777721360810877e-03
2.257525083612039905e-08 1.500267457360598446e-02
2.267558528428093381e-08 6.844363854178665309e-03
2.277591973244146856e-08 5.862717709061234135e-03
2.287625418060200332e-08 -2.715690090839799212e-04
2.297658862876253807e-08 9.789615222750205209e-03
2.307692307692307282e-08 9.703132859564415902e-03
2.317725752508360758e-08 1.164857155083717268e-02
2.327759197324414233e-08 8.790097881502806701e-03
2.337792642140468040e-08 5.716936670943406455e-03
2.347826086956521515e-08 5.843856778384409582e-03
2.357859531772574990e-08 6.647807054601985628e-03
2.367892976588628466e-08 1.210258148646897736e-02
2.377926421404681941e-08 4.993396751902965877e-03
2.387959866220735417e-08 8.480075721040028144e-03
2.397993311036788892e-08 7.127895007841854313e-03
2.408026755852842367e-08 9.735962844438079272e-03
2.418060200668895843e-08 9.569444305670389908e-03
2.428093645484949649e-08 4.867644575832601184e-03
2.438127090301003124e-08 8.132165623248610933e-03
2.448160535117056600e-08 8.704723519957165145e-03
2.458193979933110075e-08 2.029217644658663951e-03
2.468227424749163551e-08 1.598823721109366922e-02
2.478260869565217026e-08 9.194863975861574876e-03
2.488294314381270501e-08 4.394156384307279332e-03
2.498327759197323977e-08 4.814040196912829257e-03
2.508361204013377452e-08 1.501716131474459433e-02
2.518394648829430928e-08 5.834627559417249719e-03
2.528428093645484734e-08 3.090205604904671440e-03
2.538461538461538209e-08 8.308343171655086998e-03
2.548494983277591685e-08 1.364655752816702414e-02
2.558528428093645160e-08 4.056967724931923383e-03
2.568561872909698635e-08 4.109769363071450604e-03
2.578595317725752111e-08 6.999869067240583470e-03
2.588628762541805586e-08 6.623371962612888131e-03
2.598662207357859062e-08 1.312154939602282709e-02
2.608695652173912537e-08 8.174005972770594791e-03
2.618729096989966343e-08 1.142840427510217853e-02
2.628762541806019819e-08 8.302173814732237769e-03
2.638795986622073294e-08 3.061236847028062438e-03
2.648829431438126769e-08 6.151666654454018834e-03
2.658862876254180245e-08 1.091287006702118881e-02
2.668896321070233720e-08 5.187882895485969661e-03
2.678929765886287196e-08 3.487409828324967986e-03
2.688963210702340671e-08 3.339268981518908087e-03
2.698996655518394146e-08 8.775205892451927794e-03
2.709030100334447622e-08 9.754157071022463363e-03
2.719063545150501428e-08 9.804393713409189151e-03
2.729096989966554904e-08 6.681586619256824414e-03
2.739130434782608379e-08 6.452350940730271385e-03
2.749163879598661854e-08 7.125634172623487167e-03
2.759197324414715330e-08 1.204893108035492121e-02
2.769230769230768805e-08 1.009461711030953598e-02
2.779264214046822281e-08 6.156538071859112005e-03
2.789297658862875756e-08 1.509726328210698500e-02
2.799331103678929231e-08 7.040407440536384544e-03
2.809364548494983038e-08 1.201240995324232876e-02
2.819397993311036513e-08 1.184013073113091875e-02
2.829431438127089988e-08 6.632049504356378813e-03
2.839464882943143464e-08 1.298101117672738336e-02
2.849498327759196939e-08 1.024852356946293411e-02
2.859531772575250415e-08 8.462714609922794215e-03
2.869565217391303890e-08 1.542623485681823316e-02
2.879598662207357365e-08 2.442875806051538617e-03
2.889632107023410841e-08 5.066675469881859635e-03
2.899665551839464316e-08 1.098773558552414847e-02
2.909698996655518122e-08 9.897294011707866504e-03
2.919732441471571598e-08 5.488262276052184412e-03
2.929765886287625073e-08 1.341681842154745542e-02
2.939799331103678549e-08 1.004433079300249936e-02
2.949832775919732024e-08 1.221968595721330264e-02
2.959866220735785499e-08 1.273853748286133541e-02
2.969899665551838975e-08 5.684776590493588813e-03
2.979933110367892450e-08 7.375537150044285742e-03
2.989966555183946256e-08 1.143807894800199197e-02
2.999999999999999732e-08 3.163578631694969126e-03
