0.000000000000000000e+00 9.999999999999995559e-01
1.003344481605351029e-10 9.985659124654050478e-01
2.006688963210702059e-10 9.942887116338468001e-01
3.010033444816052959e-10 9.872428446756555953e-01
4.013377926421404118e-10 9.775499585653855128e-01
5.016722408026755277e-10 9.653753522341336213e-01
6.020066889632105918e-10 9.509232040545467779e-01
7.023411371237457594e-10 9.344307582719852956e-01
8.026755852842808236e-10 9.161616915744037470e-01
9.030100334448158877e-10 8.963989084759258485e-01
1.003344481605351055e-09 8.754370304413463533e-01
1.103678929765886223e-09 8.535748481362740447e-01
1.204013377926421184e-09 8.311079988774356941e-01
1.304347826086956351e-09 8.083221128894729768e-01
1.404682274247491519e-09 7.854866435002598735e-01
1.505016722408026480e-09 7.628495595514546146e-01
1.605351170568561647e-09 7.406330350697858389e-01
1.705685618729096815e-09 7.190302239097009496e-01
1.806020066889631775e-09 6.982031580543346383e-01
1.906354515050166943e-09 6.782817599759127791e-01
2.006688963210702111e-09 6.593639142188983948e-01
2.107023411371237278e-09 6.415165032535240508e-01
2.207357859531772446e-09 6.247772793882027109e-01
2.307692307692307200e-09 6.091574194382510798e-01
2.408026755852842367e-09 5.946445927569905532e-01
2.508361204013377535e-09 5.812063664655715556e-01
2.608695652173912702e-09 5.687937740820424581e-01
2.709030100334447870e-09 5.573448845786774797e-01
2.809364548494983038e-09 5.467882270926469612e-01
2.909698996655517792e-09 5.370459506313997045e-01
3.010033444816052959e-09 5.280366264473080884e-01
3.110367892976588127e-09 5.196776314527027374e-01
3.210702341137123294e-09 5.118870822141902144e-01
3.311036789297658462e-09 5.045853188830179414e-01
3.411371237458193629e-09 4.976959652385187782e-01
3.511705685618728797e-09 4.911466134588743371e-01
3.612040133779263551e-09 4.848691992347468060e-01
3.712374581939798719e-09 4.788001437352887302e-01
3.812709030100333886e-09 4.728803434568702446e-01
3.913043478260868640e-09 4.670550872720838909e-01
4.013377926421404221e-09 4.612739725702368898e-01
4.113712374581938975e-09 4.554908800946076419e-01
4.214046822742474556e-09 4.496640510587601169e-01
4.314381270903009310e-09 4.437562916759963394e-01
4.414715719063544892e-09 4.377353107751998373e-01
4.515050167224079646e-09 4.315741771248046699e-01
4.615384615384614399e-09 4.252518657861169560e-01
4.715719063545149981e-09 4.187538484477217327e-01
4.816053511705684735e-09 4.120726722031682887e-01
4.916387959866220316e-09 4.052084652897345873e-01
5.016722408026755070e-09 3.981693072543224243e-01
5.117056856187290651e-09 3.909714048703697986e-01
5.217391304347825405e-09 3.836390235910780988e-01
5.317725752508360159e-09 3.762041367881220344e-01
5.418060200668895740e-09 3.687057706402903645e-01
5.518394648829430494e-09 3.611890402618683771e-01
5.618729096989966075e-09 3.537038913343555913e-01
5.719063545150500829e-09 3.463035799208707965e-01
5.819397993311035583e-09 3.390429401255761199e-01
5.919732441471571164e-09 3.319765037402532815e-01
6.020066889632105918e-09 3.251565470949261960e-01
6.120401337792641499e-09 3.186311473182796283e-01
6.220735785953176253e-09 3.124423326939225198e-01
6.321070234113711835e-09 3.066244096264407193e-01
6.421404682274246589e-09 3.012025420444360835e-01
6.521739130434781343e-09 2.961916482711711707e-01
6.622073578595316924e-09 2.915956661283932161e-01
6.722408026755851678e-09 2.874072201390619474e-01
6.822742474916387259e-09 2.836077061312748393e-01
6.923076923076922013e-09 2.801677893657560370e-01
7.023411371237457594e-09 2.770482935713012851e-01
7.123745819397992348e-09 2.742014409829903188e-01
7.224080267558527102e-09 2.715723885329518472e-01
7.324414715719062683e-09 2.691009934791149805e-01
7.424749163879597437e-09 2.667237335113286645e-01
7.525083612040133018e-09 2.643757020605326247e-01
7.625418060200667772e-09 2.619925992351354038e-01
7.725752508361202526e-09 2.595126423690169992e-01
7.826086956521737280e-09 2.568783272249423599e-01
7.926421404682273689e-09 2.540379809108631037e-01
8.026755852842808442e-09 2.509470598479193182e-01
8.127090301003343196e-09 2.475691598966587859e-01
8.227424749163877950e-09 2.438767201773673066e-01
8.327759197324414359e-09 2.398514163950646316e-01
8.428093645484949113e-09 2.354842528405046986e-01
8.528428093645483867e-09 2.307753740267099452e-01
8.628762541806018621e-09 2.257336266128147084e-01
8.729096989966553375e-09 2.203759095000830948e-01
8.829431438127089783e-09 2.147263545692344455e-01
8.929765886287624537e-09 2.088153824492811617e-01
9.030100334448159291e-09 2.026786771171488200e-01
9.130434782608694045e-09 1.963561203213159134e-01
9.230769230769228799e-09 1.898907222157078245e-01
9.331103678929765207e-09 1.833275786787972317e-01
9.431438127090299961e-09 1.767128791180478387e-01
9.531772575250834715e-09 1.700929816668766692e-01
9.632107023411369469e-09 1.635135660824323933e-01
9.732441471571904223e-09 1.570188687931224625e-01
9.832775919732440632e-09 1.506509997762617015e-01
9.933110367892975386e-09 1.444493375060821871e-01
1.003344481605351014e-08 1.384499962140166851e-01
1.013377926421404489e-08 1.326853591344765437e-01
1.023411371237458130e-08 1.271836721402568315e-01
1.033444816053511606e-08 1.219686939702471218e-01
1.043478260869565081e-08 1.170594018069895659e-01
1.053511705685618556e-08 1.124697539097688215e-01
1.063545150501672032e-08 1.082085139659584028e-01
1.073578595317725673e-08 1.042791444146154295e-01
1.083612040133779148e-08 1.006797778862255077e-01
1.093645484949832623e-08 9.740327682029434331e-02
1.103678929765886099e-08 9.443739108259663340e-02
1.113712374581939574e-08 9.176502191955712706e-02
1.123745819397993215e-08 8.936459787662173748e-02
1.133779264214046690e-08 8.721056449197085725e-02
1.143812709030100166e-08 8.527398487196397037e-02
1.153846153846153641e-08 8.352324295379247310e-02
1.163879598662207117e-08 8.192483571413566867e-02
1.173913043478260757e-08 8.044423517169062288e-02
1.183946488294314233e-08 7.904679614178797276e-02
1.193979933110367708e-08 7.769868169493907017e-02
1.204013377926421184e-08 7.636777546093975744e-02
1.214046822742474824e-08 7.502454854767839909e-02
1.224080267558528300e-08 7.364284906229395800e-02
1.234113712374581775e-08 7.220058408576968123e-02
1.244147157190635251e-08 7.068026741098204502e-02
1.254180602006688726e-08 6.906941125867399611e-02
1.264214046822742367e-08 6.736074629485866438e-02
1.274247491638795842e-08 6.555226127043611850e-02
1.284280936454849318e-08 6.364706111794077303e-02
1.294314381270902793e-08 6.165304996866500381e-02
1.304347826086956269e-08 5.958245288748102025e-02
1.314381270903009909e-08 5.745119677381813061e-02
1.324414715719063385e-08 5.527817650033076124e-02
1.334448160535116860e-08 5.308443667489682466e-02
1.344481605351170336e-08 5.089230221606613064e-02
1.354515050167223811e-08 4.872449211711949585e-02
1.364548494983277452e-08 4.660325032503445652e-02
1.374581939799330927e-08 4.454952565701093825e-02
1.384615384615384403e-08 4.258222928382677380e-02
1.394648829431437878e-08 4.071759376411612785e-02
1.404682274247491519e-08 3.896865221024549408e-02
1.414715719063544994e-08 3.734485023366798662e-02
1.424749163879598470e-08 3.585179719772622897e-02
1.434782608695651945e-08 3.449115733255737892e-02
1.444816053511705420e-08 3.326067574462685666e-02
1.454849498327759061e-08 3.215432954016347183e-02
1.464882943143812537e-08 3.116259037422261513e-02
1.474916387959866012e-08 3.027278186198835430e-02
1.484949832775919487e-08 2.946951349876301279e-02
1.494983277591973128e-08 2.873517200935281693e-02
1.505016722408026604e-08 2.805045129881151081e-02
1.515050167224080079e-08 2.739490326094655426e-02
1.525083612040133554e-08 2.674749343246013086e-02
1.535117056856187030e-08 2.608714764693058352e-02
1.545150501672240505e-08 2.539327822337358875e-02
1.555183946488293981e-08 2.464628060695389644e-02
1.565217391304347456e-08 2.382799357725182837e-02
1.575250836120401262e-08 2.292211800289264273e-02
1.585284280936454738e-08 2.191459054855494915e-02
1.595317725752508213e-08 2.079390968297665024e-02
1.605351170568561688e-08 1.955141180080192248e-02
1.615384615384615164e-08 1.818149531468691432e-02
1.625418060200668639e-08 1.668179029904953703e-02
1.635451505016722115e-08 1.505327080891481414e-02
1.645484949832775590e-08 1.330030651265545066e-02
1.655518394648829065e-08 1.143064992799234375e-02
1.665551839464882872e-08 9.455355489021714105e-03
1.675585284280936347e-08 7.388627027302994976e-03
1.685618729096989823e-08 5.247591115232552034e-03
1.695652173913043298e-08 3.051995142614467166e-03
1.705685618729096773e-08 8.238309736176424591e-04
1.715719063545150249e-08 -1.413112496079933431e-03
1.725752508361203724e-08 -3.633761701586689027e-03
1.735785953177257200e-08 -5.812326414745740827e-03
1.745819397993310675e-08 -7.922910975617113161e-03
1.755852842809364150e-08 -9.940153351980699978e-03
1.765886287625417957e-08 -1.183987402981174532e-02
1.775919732441471432e-08 -1.359971472620192558e-02
1.785953177257524907e-08 -1.519974567665861864e-02
1.795986622073578383e-08 -1.662301992641340709e-02
1.806020066889631858e-08 -1.785605374515324140e-02
1.816053511705685334e-08 -1.888921402216163503e-02
1.826086956521738809e-08 -1.971699625606157524e-02
1.836120401337792284e-08 -2.033818043764252376e-02
1.846153846153845760e-08 -2.075585658258552110e-02
1.856187290969899566e-08 -2.097731669773052893e-02
1.866220735785953041e-08 -2.101381531347360637e-02
1.876254180602006517e-08 -2.088020611324974130e-02
1.886287625418059992e-08 -2.059446735632954398e-02
1.896321070234113468e-08 -2.017713344731009162e-02
1.906354515050166943e-08 -1.965065390420039221e-02
1.916387959866220418e-08 -1.903870390649188560e-02
1.926421404682273894e-08 -1.836547240791356478e-02
1.936454849498327369e-08 -1.765495438160526870e-02
1.946488294314380845e-08 -1.693027310299714122e-02
1.956521739130434651e-08 -1.621305651292755112e-02
1.966555183946488126e-08 -1.552288875305382621e-02
1.976588628762541602e-08 -1.487685410021880733e-02
1.986622073578595077e-08 -1.428918596823356389e-02
1.996655518394648553e-08 -1.377102865194648057e-02
2.006688963210702028e-08 -1.333031433621157356e-02
2.016722408026755503e-08 -1.297175286036273030e-02
2.026755852842808979e-08 -1.269692708118732617e-02
2.036789297658862454e-08 -1.250448264772106508e-02
2.046822742474916260e-08 -1.239039777881369674e-02
2.056856187290969736e-08 -1.234831635396152483e-02
2.066889632107023211e-08 -1.236992636240314726e-02
2.076923076923076687e-08 -1.244536551364052931e-02
2.086956521739130162e-08 -1.256363654022407163e-02
2.096989966555183637e-08 -1.271301630932866571e-02
2.107023411371237113e-08 -1.288144514362612493e-02
2.117056856187290588e-08 -1.305688553836727855e-02
2.127090301003344064e-08 -1.322764253258944603e-02
2.137123745819397539e-08 -1.338264112343616127e-02
2.147157190635451345e-08 -1.351165908784735838e-02
2.157190635451504821e-08 -1.360551620251553191e-02
2.167224080267558296e-08 -1.365622297367386287e-02
2.177257525083611771e-08 -1.365709349088152502e-02
2.187290969899665247e-08 -1.360282784301942820e-02
2.197324414715718722e-08 -1.348956967400904289e-02
2.207357859531772198e-08 -1.331494395723692784e-02
2.217391304347825673e-08 -1.307807902645548997e-02
2.227424749163879148e-08 -1.277961545223084416e-02
2.237458193979932955e-08 -1.242170266117265803e-02
2.247491638795986430e-08 -1.200798244091950615e-02
2.257525083612039905e-08 -1.154355684044608248e-02
2.267558528428093381e-08 -1.103493663471986040e-02
2.277591973244146856e-08 -1.048996562291918191e-02
2.287625418060200332e-08 -9.917715682936669580e-03
2.297658862876253807e-08 -9.328347780572204817e-03
2.307692307692307282e-08 -8.732935049362549468e-03
2.317725752508360758e-08 -8.143245585067905926e-03
2.327759197324414233e-08 -7.571484656796947411e-03
2.337792642140468040e-08 -7.029998499843788731e-03
2.347826086956521515e-08 -6.530944562956916659e-03
2.357859531772574990e-08 -6.085935849391826621e-03
2.367892976588628466e-08 -5.705669618768722910e-03
2.377926421404681941e-08 -5.399553008677062185e-03
2.387959866220735417e-08 -5.175339909077701292e-03
2.397993311036788892e-08 -5.038794524170997491e-03
2.408026755852842367e-08 -4.993397369156666286e-03
2.418060200668895843e-08 -5.040108903612741664e-03
2.428093645484949649e-08 -5.177204581690384583e-03
2.438127090301003124e-08 -5.400192838876702317e-03
2.448160535117056600e-08 -5.701824525510769751e-03
2.458193979933110075e-08 -6.072198676394154233e-03
2.468227424749163551e-08 -6.498965451720537488e-03
2.478260869565217026e-08 -6.967622804879185575e-03
2.488294314381270501e-08 -7.461899152569775526e-03
2.498327759197323977e-08 -7.964210271198746832e-03
2.508361204013377452e-08 -8.456175040163903256e-03
2.518394648829430928e-08 -8.919171694200284106e-03
2.528428093645484734e-08 -9.334914096094219099e-03
2.538461538461538209e-08 -9.686026316830624594e-03
2.548494983277591685e-08 -9.956593581387770953e-03
2.558528428093645160e-08 -1.013266841979892745e-02
2.568561872909698635e-08 -1.020271261536295077e-02
2.578595317725752111e-08 -1.015795817420384398e-02
2.588628762541805586e-08 -9.992673916400166348e-03
2.598662207357859062e-08 -9.704328235143087206e-03
2.608695652173912537e-08 -9.293642886634510131e-03
2.618729096989966343e-08 -8.764537144513416186e-03
2.628762541806019819e-08 -8.123966060623325630e-03
2.638795986622073294e-08 -7.381660710438263731e-03
2.648829431438126769e-08 -6.549781978573864481e-03
2.658862876254180245e-08 -5.642502499833553647e-03
2.668896321070233720e-08 -4.675533694179105637e-03
2.678929765886287196e-08 -3.665616342568983610e-03
2.688963210702340671e-08 -2.629993812502818239e-03
2.698996655518394146e-08 -1.585886869686411321e-03
2.709030100334447622e-08 -5.499880594628846556e-04
2.719063545150501428e-08 4.620080011298504166e-04
2.729096989966554904e-08 1.435824293053186360e-03
2.739130434782608379e-08 2.358959542434635286e-03
2.749163879598661854e-08 3.220976282406526076e-03
2.759197324414715330e-08 4.013713312139056272e-03
2.769230769230768805e-08 4.731420056943541966e-03
2.779264214046822281e-08 5.370813197193295002e-03
2.789297658862875756e-08 5.931058527346353554e-03
2.799331103678929231e-08 6.413683241986224345e-03
2.809364548494983038e-08 6.822425663900911694e-03
2.819397993311036513e-08 7.163030798818595390e-03
2.829431438127089988e-08 7.443001018969857240e-03
2.839464882943143464e-08 7.671311664182186782e-03
2.849498327759196939e-08 7.858101446108789814e-03
2.859531772575250415e-08 8.014347304993230114e-03
2.869565217391303890e-08 8.151532865084569479e-03
2.879598662207357365e-08 8.281318934154352149e-03
2.889632107023410841e-08 8.415223662522390569e-03
2.899665551839464316e-08 8.564319079165248066e-03
2.909698996655518122e-08 8.738949808386645146e-03
2.919732441471571598e-08 8.948478879187957841e-03
2.929765886287625073e-08 9.201064696269078969e-03
2.939799331103678549e-08 9.503472458431409808e-03
2.949832775919732024e-08 9.860922586865349115e-03
2.959866220735785499e-08 1.027697805245144508e-02
2.969899665551838975e-08 1.075347185116935084e-02
2.979933110367892450e-08 1.129047525014599887e-02
2.989966555183946256e-08 1.188630679423967329e-02
2.999999999999999732e-08 1.253758140837557197e-02
