0.000000000000000000e+00 9.999999999999995559e-01
1.003344481605351029e-10 8.774047491213754491e-01
2.006688963210702059e-10 6.627609379465720929e-01
3.010033444816052959e-10 5.304510852082875427e-01
4.013377926421404118e-10 4.633961444572168853e-01
5.016722408026755277e-10 4.014233935377393148e-01
6.020066889632105918e-10 3.288820969375135239e-01
7.023411371237457594e-10 2.790198033644234465e-01
8.026755852842808236e-10 2.532446563293961894e-01
9.030100334448158877e-10 2.077674221607009597e-01
1.003344481605351055e-09 1.439531743027901434e-01
1.103678929765886223e-09 9.743603372784367944e-02
1.204013377926421184e-09 7.783536146545357026e-02
1.304347826086956351e-09 6.204676600366894335e-02
1.404682274247491519e-09 4.123973503803400609e-02
1.505016722408026480e-09 2.900581124626187141e-02
1.605351170568561647e-09 2.133513442153506245e-02
1.705685618729096815e-09 4.290679223783568433e-03
1.806020066889631775e-09 -1.571362391769326461e-02
1.906354515050166943e-09 -2.049984020989455147e-02
2.006688963210702111e-09 -1.419988139438307408e-02
2.107023411371237278e-09 -1.257333928341931167e-02
2.207357859531772446e-09 -1.360456252085936839e-02
2.307692307692307200e-09 -9.983353566928863596e-03
2.408026755852842367e-09 -5.214261387973647549e-03
2.508361204013377535e-09 -7.313652882693656362e-03
2.608695652173912702e-09 -1.007142830538704584e-02
2.709030100334447870e-09 -3.129529264996077850e-03
2.809364548494983038e-09 5.620150555935093939e-03
2.909698996655517792e-09 8.325284181001670752e-03
3.010033444816052959e-09 1.143059007587195197e-02
3.110367892976588127e-09 1.899787076896125582e-02
3.210702341137123294e-09 2.405240623170269709e-02
3.311036789297658462e-09 2.186849842039539915e-02
3.411371237458193629e-09 1.842963565136749790e-02
3.511705685618728797e-09 1.956324217118175085e-02
3.612040133779263551e-09 2.063624512754779275e-02
3.712374581939798719e-09 1.756326900603205621e-02
3.812709030100333886e-09 1.813660055401811882e-02
3.913043478260868640e-09 2.388654493905748716e-02
4.013377926421404221e-09 2.526145190525729695e-02
4.113712374581938975e-09 2.150109894934183752e-02
4.214046822742474556e-09 1.920813230244156067e-02
4.314381270903009310e-09 2.015939632899347786e-02
4.414715719063544892e-09 2.016538773002725382e-02
4.515050167224079646e-09 1.830964805606398460e-02
4.615384615384614399e-09 1.999602559730950802e-02
4.715719063545149981e-09 2.523247193207831668e-02
4.816053511705684735e-09 2.796099744099778128e-02
4.916387959866220316e-09 2.831563925562004952e-02
5.016722408026755070e-09 3.132313454803512670e-02
5.117056856187290651e-09 3.483553447471575415e-02
5.217391304347825405e-09 3.372318313484769237e-02
5.317725752508360159e-09 3.131111838466397318e-02
5.418060200668895740e-09 3.261447864259437585e-02
5.518394648829430494e-09 3.414890484599489295e-02
5.618729096989966075e-09 3.189809259444455203e-02
5.719063545150500829e-09 2.991858216162918485e-02
5.819397993311035583e-09 3.022166889208947535e-02
5.919732441471571164e-09 2.888706412094495940e-02
6.020066889632105918e-09 2.464115345694828374e-02
6.120401337792641499e-09 2.013722894699424351e-02
6.220735785953176253e-09 1.930434051167885176e-02
6.321070234113711835e-09 1.996121683097604876e-02
6.421404682274246589e-09 1.586948868456750442e-02
6.521739130434781343e-09 1.011360686900216084e-02
6.622073578595316924e-09 7.204595686405561132e-03
6.722408026755851678e-09 2.682324767210798183e-03
6.822742474916387259e-09 -4.193338000566655677e-03
6.923076923076922013e-09 -6.999512371084736992e-03
7.023411371237457594e-09 -5.975906696587890247e-03
7.123745819397992348e-09 -6.851197230334033807e-03
7.224080267558527102e-09 -9.506856695341214455e-03
7.324414715719062683e-09 -1.034110973445671704e-02
7.424749163879597437e-09 -9.822720328464880357e-03
7.525083612040133018e-09 -1.020125077537430841e-02
7.625418060200667772e-09 -8.779345981636025101e-03
7.725752508361202526e-09 -2.949713463706134763e-03
7.826086956521737280e-09 3.032896268316380602e-03
7.926421404682273689e-09 5.818101037442518705e-03
8.026755852842808442e-09 6.845126940919240947e-03
8.127090301003343196e-09 7.720865438423803705e-03
8.227424749163877950e-09 8.312970188722268103e-03
8.327759197324414359e-09 7.911186011581392702e-03
8.428093645484949113e-09 8.063702332609666221e-03
8.528428093645483867e-09 9.035306562338685926e-03
8.628762541806018621e-09 8.316385814631798573e-03
8.729096989966553375e-09 6.392349428983482712e-03
8.829431438127089783e-09 5.938403490012395328e-03
8.929765886287624537e-09 7.292669377996044942e-03
9.030100334448159291e-09 7.359835690216661938e-03
9.130434782608694045e-09 4.712417929734428329e-03
9.230769230769228799e-09 3.109079478273092407e-03
9.331103678929765207e-09 4.282868622130232318e-03
9.431438127090299961e-09 4.812337807110815546e-03
9.531772575250834715e-09 4.166707835814176947e-03
9.632107023411369469e-09 6.505646968186962371e-03
9.732441471571904223e-09 1.148502157881453600e-02
9.832775919732440632e-09 1.458711813284231315e-02
9.933110367892975386e-09 1.433471985332513202e-02
1.003344481605351014e-08 1.254725693521886558e-02
1.013377926421404489e-08 1.221536767350774044e-02
1.023411371237458130e-08 1.201663324820338025e-02
1.033444816053511606e-08 1.055627686458724887e-02
1.043478260869565081e-08 1.157618919170775099e-02
1.053511705685618556e-08 1.383581723428915083e-02
1.063545150501672032e-08 1.320870921003844574e-02
1.073578595317725673e-08 1.082055327800812879e-02
1.083612040133779148e-08 9.867623936884402369e-03
1.093645484949832623e-08 1.100019594171862056e-02
1.103678929765886099e-08 1.166494635179169542e-02
1.113712374581939574e-08 1.061407365429258877e-02
1.123745819397993215e-08 8.176977931827519863e-03
1.133779264214046690e-08 5.369315915299457259e-03
1.143812709030100166e-08 3.340916353323987453e-03
1.153846153846153641e-08 1.992182726982232120e-03
1.163879598662207117e-08 2.178768069479489200e-03
1.173913043478260757e-08 3.004659231269541948e-03
1.183946488294314233e-08 2.302351408795187595e-03
1.193979933110367708e-08 9.489103000245681981e-04
1.204013377926421184e-08 4.080414957949522314e-04
1.214046822742474824e-08 -2.441503738497309561e-04
1.224080267558528300e-08 -1.561807433548213298e-03
1.234113712374581775e-08 -1.038186271580512389e-03
1.244147157190635251e-08 4.201908193588639335e-04
1.254180602006688726e-08 2.106542734316347622e-04
1.264214046822742367e-08 5.072543780787965202e-04
1.274247491638795842e-08 1.509523994595337757e-03
1.284280936454849318e-08 1.765821111885547802e-03
1.294314381270902793e-08 1.479924994892228146e-03
1.304347826086956269e-08 2.886610769455531800e-07
1.314381270903009909e-08 -1.107908661265476951e-03
1.324414715719063385e-08 -2.625819845687290752e-04
1.334448160535116860e-08 4.116584550913412067e-04
1.344481605351170336e-08 -1.656344403695995168e-04
1.354515050167223811e-08 -2.849510336586720712e-05
1.364548494983277452e-08 2.656351209295769022e-03
1.374581939799330927e-08 5.335986903281638750e-03
1.384615384615384403e-08 5.378132059161552271e-03
1.394648829431437878e-08 6.108424545035234278e-03
1.404682274247491519e-08 7.564795366283297989e-03
1.414715719063544994e-08 7.375039100128764555e-03
1.424749163879598470e-08 8.657317037988826805e-03
1.434782608695651945e-08 1.198445878978950108e-02
1.444816053511705420e-08 1.393539792529999329e-02
1.454849498327759061e-08 1.239335185560508194e-02
1.464882943143812537e-08 1.048273736442299070e-02
1.474916387959866012e-08 1.172650280064768333e-02
1.484949832775919487e-08 1.209802102806712375e-02
1.494983277591973128e-08 1.086604714648495632e-02
1.505016722408026604e-08 1.120075920469683350e-02
1.515050167224080079e-08 1.192127498314043792e-02
1.525083612040133554e-08 1.289918734111105900e-02
1.535117056856187030e-08 1.498012473987626360e-02
1.545150501672240505e-08 1.523980721439717814e-02
1.555183946488293981e-08 1.354887430971626026e-02
1.565217391304347456e-08 1.463742139019695576e-02
1.575250836120401262e-08 1.453738274863657087e-02
1.585284280936454738e-08 1.240818091008527406e-02
1.595317725752508213e-08 1.483571410162622117e-02
1.605351170568561688e-08 1.585938756593135296e-02
1.615384615384615164e-08 1.448719165523878680e-02
1.625418060200668639e-08 1.409166349316424635e-02
1.635451505016722115e-08 1.241124844745653683e-02
1.645484949832775590e-08 1.164535010442786615e-02
1.655518394648829065e-08 7.941556051450861589e-03
1.665551839464882872e-08 4.918806464074292409e-03
1.675585284280936347e-08 7.816399465123198553e-03
1.685618729096989823e-08 8.124960858116758722e-03
1.695652173913043298e-08 6.991102407049460885e-03
1.705685618729096773e-08 5.306776400630428166e-03
1.715719063545150249e-08 2.452497927616705334e-03
1.725752508361203724e-08 1.879755952369030307e-03
1.735785953177257200e-08 -7.614704036874213669e-05
1.745819397993310675e-08 -8.365973707769706631e-04
1.755852842809364150e-08 3.546921156712793972e-04
1.765886287625417957e-08 -2.146631000497125751e-04
1.775919732441471432e-08 1.613267685034204535e-04
1.785953177257524907e-08 -2.946101195215264108e-05
1.795986622073578383e-08 -1.183069246021570872e-03
1.806020066889631858e-08 -9.423966102010031915e-04
1.816053511705685334e-08 -7.550988177127555259e-04
1.826086956521738809e-08 -4.951395423838059629e-04
1.836120401337792284e-08 1.513602672469286812e-03
1.846153846153845760e-08 4.908084606777504168e-03
1.856187290969899566e-08 7.919556290464370776e-03
1.866220735785953041e-08 9.469909990586300799e-03
1.876254180602006517e-08 8.081425523290530419e-03
1.886287625418059992e-08 5.972967456362429650e-03
1.896321070234113468e-08 6.419166062776582998e-03
1.906354515050166943e-08 6.847298025258995342e-03
1.916387959866220418e-08 6.291502720711406385e-03
1.926421404682273894e-08 4.485515750022646235e-03
1.936454849498327369e-08 2.978103719164655952e-03
1.946488294314380845e-08 5.530055586432518731e-03
1.956521739130434651e-08 9.105125625012250659e-03
1.966555183946488126e-08 1.278710648199148439e-02
1.976588628762541602e-08 1.655574235934390015e-02
1.986622073578595077e-08 1.565487962073074807e-02
1.996655518394648553e-08 1.122844560633492160e-02
2.006688963210702028e-08 8.635300909084219628e-03
2.016722408026755503e-08 1.014502013621260829e-02
2.026755852842808979e-08 1.306659097473232382e-02
2.036789297658862454e-08 1.419478614955696494e-02
2.046822742474916260e-08 1.244748448020456359e-02
2.056856187290969736e-08 9.168916758869154193e-03
2.066889632107023211e-08 8.040994027894770788e-03
2.076923076923076687e-08 6.648271727168256900e-03
2.086956521739130162e-08 4.125665288944593660e-03
2.096989966555183637e-08 3.896655571545935316e-03
2.107023411371237113e-08 3.398404238461889826e-03
2.117056856187290588e-08 2.823183140321968397e-03
2.127090301003344064e-08 4.439250112333724407e-03
2.137123745819397539e-08 6.970291378044540104e-03
2.147157190635451345e-08 9.074328001624758916e-03
2.157190635451504821e-08 8.816288535342832813e-03
2.167224080267558296e-08 6.071797192322648563e-03
2.177257525083611771e-08 3.056193833926148639e-03
2.187290969899665247e-08 2.509607676185562908e-03
2.197324414715718722e-08 4.207157380509873174e-03
2.207357859531772198e-08 5.886780265748382812e-03
2.217391304347825673e-08 6.163218631066129730e-03
2.227424749163879148e-08 4.025600104308694333e-03
2.237458193979932955e-08 1.992752687585695823e-03
2.247491638795986430e-08 2.207259290856278776e-03
2.257525083612039905e-08 3.339545283172095768e-03
2.267558528428093381e-08 1.898146442496136382e-03
2.277591973244146856e-08 -8.889041137672125956e-04
2.287625418060200332e-08 1.432868730544923285e-03
2.297658862876253807e-08 4.370176073906858853e-03
2.307692307692307282e-08 4.063440786729208450e-03
2.317725752508360758e-08 5.218308452688583295e-03
2.327759197324414233e-08 7.844749483236775067e-03
2.337792642140468040e-08 1.240937901802915098e-02
2.347826086956521515e-08 1.548526512764521017e-02
2.357859531772574990e-08 1.186625800225598985e-02
2.367892976588628466e-08 5.351224827666306062e-03
2.377926421404681941e-08 1.316361305640192025e-03
2.387959866220735417e-08 2.081673033813954705e-03
2.397993311036788892e-08 4.563844492981600047e-03
2.408026755852842367e-08 5.711344630077183279e-03
2.418060200668895843e-08 5.732707180486175565e-03
2.428093645484949649e-08 4.108289900803324506e-03
2.438127090301003124e-08 3.213887598819109223e-03
2.448160535117056600e-08 4.519080333842733811e-03
2.458193979933110075e-08 5.620383533270071827e-03
2.468227424749163551e-08 4.312476989660253904e-03
2.478260869565217026e-08 3.046659243374642227e-03
2.488294314381270501e-08 6.544300292005340337e-03
2.498327759197323977e-08 1.065640156050087946e-02
2.508361204013377452e-08 9.573458108668667782e-03
2.518394648829430928e-08 7.748617802132317343e-03
2.528428093645484734e-08 9.091792023269734679e-03
2.538461538461538209e-08 9.223690259686737059e-03
2.548494983277591685e-08 6.651283580962263561e-03
2.558528428093645160e-08 4.777528141815901540e-03
2.568561872909698635e-08 3.313688809690179451e-03
2.578595317725752111e-08 3.116753715073446087e-03
2.588628762541805586e-08 6.221489688992790958e-03
2.598662207357859062e-08 9.365552179614438852e-03
2.608695652173912537e-08 1.077188834843622114e-02
2.618729096989966343e-08 1.141005558516579831e-02
2.628762541806019819e-08 9.960490089615506651e-03
2.638795986622073294e-08 8.230415007515316100e-03
2.648829431438126769e-08 9.336310978533868959e-03
2.658862876254180245e-08 9.477438655804294038e-03
2.668896321070233720e-08 7.110331298943462115e-03
2.678929765886287196e-08 5.991087919619716290e-03
2.688963210702340671e-08 5.934885020499037350e-03
2.698996655518394146e-08 6.239873857950152709e-03
2.709030100334447622e-08 6.621783469637845115e-03
2.719063545150501428e-08 5.070614207120908296e-03
2.729096989966554904e-08 2.604143545725441568e-03
2.739130434782608379e-08 3.210107450597723434e-03
2.749163879598661854e-08 5.964311978941728813e-03
2.759197324414715330e-08 6.333377747375623472e-03
2.769230769230768805e-08 6.380344744708135903e-03
2.779264214046822281e-08 7.049162422467125828e-03
2.789297658862875756e-08 7.119760083408938761e-03
2.799331103678929231e-08 8.636465016575169476e-03
2.809364548494983038e-08 7.880730452466110439e-03
2.819397993311036513e-08 4.837043806150262935e-03
2.829431438127089988e-08 4.271294132362414564e-03
2.839464882943143464e-08 4.238573259089632381e-03
2.849498327759196939e-08 3.584567240005631129e-03
2.859531772575250415e-08 3.265460119322178417e-03
2.869565217391303890e-08 3.451094763899229499e-03
2.879598662207357365e-08 3.727920257398677911e-03
2.889632107023410841e-08 3.647913443181930847e-03
2.899665551839464316e-08 2.098685536293131738e-03
2.909698996655518122e-08 -3.300986860822761383e-04
2.919732441471571598e-08 2.435995226861624148e-04
2.929765886287625073e-08 8.218194396406211088e-04
2.939799331103678549e-08 -1.671790359756551193e-04
2.949832775919732024e-08 2.648148536727914625e-04
2.959866220735785499e-08 5.195532383806174010e-05
2.969899665551838975e-08 1.549890420788912777e-04
2.979933110367892450e-08 1.509824666940886954e-03
2.989966555183946256e-08 3.956119994197886472e-03
2.999999999999999732e-08 6.406056634897969518e-03
