0.000000000000000000e+00 9.999999999999995559e-01
1.003344481605351029e-10 1.476567356514247448e-02
2.006688963210702059e-10 1.429871178166882903e-02
3.010033444816052959e-10 3.071551514204627934e-04
4.013377926421404118e-10 7.881476918398924725e-03
5.016722408026755277e-10 1.039990301904723975e-02
6.020066889632105918e-10 1.648240256382872216e-03
7.023411371237457594e-10 5.007976254962885794e-03
8.026755852842808236e-10 6.521692934240569395e-03
9.030100334448158877e-10 1.263961592043066733e-02
1.003344481605351055e-09 1.278382249388615964e-02
1.103678929765886223e-09 8.792881607340881367e-03
1.204013377926421184e-09 8.808472060987398641e-03
1.304347826086956351e-09 8.169785571328899709e-03
1.404682274247491519e-09 6.904441988962628680e-03
1.505016722408026480e-09 8.622609750085047722e-03
1.605351170568561647e-09 1.150389306897887758e-02
1.705685618729096815e-09 4.213685267508909121e-03
1.806020066889631775e-09 3.779284869867183434e-03
1.906354515050166943e-09 3.132792929651696031e-03
2.006688963210702111e-09 8.325698889815642476e-03
2.107023411371237278e-09 9.295914471567051640e-03
2.207357859531772446e-09 1.286008581462487477e-02
2.307692307692307200e-09 1.110611048573884388e-02
2.408026755852842367e-09 6.229566067608167945e-03
2.508361204013377535e-09 6.623384039121225746e-03
2.608695652173912702e-09 7.671060663996617617e-03
2.709030100334447870e-09 8.036202104764895646e-03
2.809364548494983038e-09 1.006201657372730656e-03
2.909698996655517792e-09 1.087738037350967704e-02
3.010033444816052959e-09 7.693958536987626981e-03
3.110367892976588127e-09 6.304894553128264668e-03
3.210702341137123294e-09 6.657902620734846601e-03
3.311036789297658462e-09 1.459331651396810620e-02
3.411371237458193629e-09 6.884619558262436954e-03
3.511705685618728797e-09 1.211512791752496557e-02
3.612040133779263551e-09 1.068679908855405675e-02
3.712374581939798719e-09 1.004527365780950171e-02
3.812709030100333886e-09 7.824819921759915142e-03
3.913043478260868640e-09 8.114975781386870105e-03
4.013377926421404221e-09 8.395402481457923602e-03
4.113712374581938975e-09 1.303032573407478592e-03
4.214046822742474556e-09 7.459088974438367672e-03
4.314381270903009310e-09 3.970905223424269805e-03
4.414715719063544892e-09 8.053619600786134092e-03
4.515050167224079646e-09 1.345236149255670498e-02
4.615384615384614399e-09 2.252004823537185653e-03
4.715719063545149981e-09 2.702395837335097757e-03
4.816053511705684735e-09 1.059053332910494041e-02
4.916387959866220316e-09 8.609014743715099824e-03
5.016722408026755070e-09 -5.070574258370963948e-03
5.117056856187290651e-09 4.293694629076026323e-03
5.217391304347825405e-09 6.319206179618692271e-03
5.317725752508360159e-09 1.046094469202851068e-02
5.418060200668895740e-09 6.772979149461282045e-03
5.518394648829430494e-09 1.083221871856330717e-02
5.618729096989966075e-09 9.380548794479262598e-03
5.719063545150500829e-09 3.994268402649504487e-03
5.819397993311035583e-09 6.811650238704490892e-03
5.919732441471571164e-09 1.488095011690675727e-02
6.020066889632105918e-09 1.000651310218104648e-02
6.120401337792641499e-09 9.083749501576440441e-03
6.220735785953176253e-09 9.350748546052962268e-03
6.321070234113711835e-09 8.894233314640913671e-03
6.421404682274246589e-09 9.921382714489890287e-03
6.521739130434781343e-09 4.937058405642635178e-03
6.622073578595316924e-09 9.590483087816655330e-03
6.722408026755851678e-09 2.243252880652547247e-03
6.822742474916387259e-09 3.883985888983079379e-03
6.923076923076922013e-09 5.580837774287741512e-03
7.023411371237457594e-09 1.446641940426428297e-02
7.123745819397992348e-09 8.442433558551528869e-03
7.224080267558527102e-09 7.001821166049840631e-03
7.324414715719062683e-09 6.178888841133535655e-03
7.424749163879597437e-09 1.229228103944996799e-02
7.525083612040133018e-09 1.518474159388285769e-02
7.625418060200667772e-09 4.724599073659779998e-03
7.725752508361202526e-09 5.352339468032061252e-03
7.826086956521737280e-09 -7.667570301471415828e-05
7.926421404682273689e-09 5.781771529144565623e-03
8.026755852842808442e-09 7.067364419086358089e-03
8.127090301003343196e-09 3.155653046490645552e-03
8.227424749163877950e-09 8.550468858811919454e-03
8.327759197324414359e-09 1.139857821804254358e-02
8.428093645484949113e-09 6.205104227670654379e-03
8.528428093645483867e-09 9.152198599968439791e-03
8.628762541806018621e-09 1.662344313418412378e-02
8.729096989966553375e-09 8.637724674537638689e-03
8.829431438127089783e-09 7.243599458530776587e-03
8.929765886287624537e-09 5.608584569401043468e-03
9.030100334448159291e-09 2.248189639638539881e-03
9.130434782608694045e-09 1.503956233734819216e-02
9.230769230769228799e-09 1.394367760860875521e-02
9.331103678929765207e-09 9.026949981624126859e-03
9.431438127090299961e-09 8.197015732025546286e-03
9.531772575250834715e-09 5.459858803001782848e-03
9.632107023411369469e-09 1.136386215938592825e-03
9.732441471571904223e-09 1.158148340823593123e-02
9.832775919732440632e-09 7.311193116789668767e-03
9.933110367892975386e-09 4.109094433725304571e-03
1.003344481605351014e-08 8.668172436728256562e-05
1.013377926421404489e-08 1.046838381650440353e-02
1.023411371237458130e-08 3.941403127077545109e-03
1.033444816053511606e-08 2.746844311936709124e-03
1.043478260869565081e-08 6.361523415029972199e-03
1.053511705685618556e-08 5.967669563173794156e-03
1.063545150501672032e-08 3.703815160429210340e-03
1.073578595317725673e-08 6.956208302723232949e-03
1.083612040133779148e-08 1.165023534684711884e-02
1.093645484949832623e-08 1.258265211292309421e-02
1.103678929765886099e-08 7.419588551157011054e-03
1.113712374581939574e-08 3.316925836382461201e-03
1.123745819397993215e-08 1.276962566321694463e-02
1.133779264214046690e-08 1.268565471486532079e-02
1.143812709030100166e-08 7.577375792038886643e-03
1.153846153846153641e-08 2.665115650272721105e-03
1.163879598662207117e-08 8.005862141685233732e-03
1.173913043478260757e-08 5.821806866733667159e-03
1.183946488294314233e-08 7.264705950212647055e-03
1.193979933110367708e-08 5.796783991926506008e-03
1.204013377926421184e-08 4.992491186550892732e-03
1.214046822742474824e-08 3.759432570332074588e-03
1.224080267558528300e-08 1.196226766113146420e-02
1.234113712374581775e-08 8.157696159584391579e-03
1.244147157190635251e-08 6.022173932446242203e-03
1.254180602006688726e-08 1.637099658672546906e-02
1.264214046822742367e-08 1.093053993832334564e-02
1.274247491638795842e-08 3.165444227545150153e-03
1.284280936454849318e-08 1.031218753461955046e-02
1.294314381270902793e-08 5.496701318678773145e-03
1.304347826086956269e-08 8.091910743497743308e-03
1.314381270903009909e-08 5.513820059633216773e-03
1.324414715719063385e-08 9.063203509790604406e-03
1.334448160535116860e-08 1.074120237326444717e-02
1.344481605351170336e-08 7.756009927041881968e-03
1.354515050167223811e-08 1.015425790522685341e-02
1.364548494983277452e-08 7.554788656571468849e-03
1.374581939799330927e-08 1.378640672962682355e-02
1.384615384615384403e-08 1.378211293140544497e-02
1.394648829431437878e-08 7.529893517477937413e-03
1.404682274247491519e-08 3.846277409462881512e-03
1.414715719063544994e-08 1.243071054083804382e-02
1.424749163879598470e-08 5.840664696814897201e-03
1.434782608695651945e-08 6.819654914854176436e-03
1.444816053511705420e-08 7.351935685283826627e-04
1.454849498327759061e-08 8.962142457466383549e-03
1.464882943143812537e-08 8.784120754226843603e-03
1.474916387959866012e-08 1.246222988490332598e-02
1.484949832775919487e-08 1.664105493529688829e-03
1.494983277591973128e-08 5.782666812527738343e-03
1.505016722408026604e-08 8.567710167661252152e-03
1.515050167224080079e-08 9.843615877115919829e-03
1.525083612040133554e-08 7.026486816065145337e-03
1.535117056856187030e-08 2.532247064575402808e-03
1.545150501672240505e-08 5.562820688247145477e-03
1.555183946488293981e-08 1.193902507546388062e-02
1.565217391304347456e-08 8.767563145591829310e-03
1.575250836120401262e-08 6.765592027489190571e-03
1.585284280936454738e-08 1.132299301579616467e-02
1.595317725752508213e-08 7.246249162428614575e-03
1.605351170568561688e-08 7.860840945268229157e-03
1.615384615384615164e-08 6.810239733929071212e-03
1.625418060200668639e-08 1.203363186363911111e-02
1.635451505016722115e-08 5.201664876583085573e-03
1.645484949832775590e-08 5.577866003054939015e-03
1.655518394648829065e-08 9.362530713409195418e-03
1.665551839464882872e-08 1.722230612633355012e-03
1.675585284280936347e-08 4.311516040410342653e-04
1.685618729096989823e-08 5.602711458954941562e-03
1.695652173913043298e-08 8.740288786501713286e-03
1.705685618729096773e-08 9.710198078844548691e-03
1.715719063545150249e-08 6.708601271394796194e-03
1.725752508361203724e-08 5.224015274857891911e-03
1.735785953177257200e-08 7.123352911093479636e-03
1.745819397993310675e-08 1.333418627999474401e-02
1.755852842809364150e-08 1.144537531388269483e-02
1.765886287625417957e-08 4.831166479064057107e-03
1.775919732441471432e-08 5.256988840684762021e-04
1.785953177257524907e-08 4.459771266247960705e-03
1.795986622073578383e-08 -3.258690088405534046e-04
1.806020066889631858e-08 5.734242235970758196e-03
1.816053511705685334e-08 3.370658119482059130e-03
1.826086956521738809e-08 9.126418443005664127e-03
1.836120401337792284e-08 1.307007105214399653e-02
1.846153846153845760e-08 4.734546144377690426e-03
1.856187290969899566e-08 5.677368226936450879e-03
1.866220735785953041e-08 1.406985550998151539e-03
1.876254180602006517e-08 5.315787890101742082e-03
1.886287625418059992e-08 1.189502417268469524e-02
1.896321070234113468e-08 1.382229998998771997e-02
1.906354515050166943e-08 6.251805101474856331e-03
1.916387959866220418e-08 3.142309219643427826e-03
1.926421404682273894e-08 4.808307851107674301e-03
1.936454849498327369e-08 4.209940927433325139e-03
1.946488294314380845e-08 1.075823831806336194e-02
1.956521739130434651e-08 6.524359330462966428e-03
1.966555183946488126e-08 3.878045877039867917e-03
1.976588628762541602e-08 1.217110475413860950e-02
1.986622073578595077e-08 9.711693305001638937e-03
1.996655518394648553e-08 1.006458399942598836e-02
2.006688963210702028e-08 7.500010599342730490e-03
2.016722408026755503e-08 4.636011888868096092e-03
2.026755852842808979e-08 6.641642531754957460e-03
2.036789297658862454e-08 3.395331768777877859e-03
2.046822742474916260e-08 2.938575610880352941e-03
2.056856187290969736e-08 1.008279557803231155e-02
2.066889632107023211e-08 3.030770518629382834e-03
2.076923076923076687e-08 5.706869811090372648e-03
2.086956521739130162e-08 1.319850142948099034e-02
2.096989966555183637e-08 8.240230451233140560e-03
2.107023411371237113e-08 7.072412942404060314e-03
2.117056856187290588e-08 7.137487112665573570e-03
2.127090301003344064e-08 3.669381967716621451e-03
2.137123745819397539e-08 8.555815428704115211e-03
2.147157190635451345e-08 8.126009518019807615e-03
2.157190635451504821e-08 7.488379059804609050e-03
2.167224080267558296e-08 7.567012269138837649e-03
2.177257525083611771e-08 4.612825518906374551e-03
2.187290969899665247e-08 9.979631191793647896e-03
2.197324414715718722e-08 9.232716855142097945e-03
2.207357859531772198e-08 5.198171092853436440e-03
2.217391304347825673e-08 -4.888795807210199432e-05
2.227424749163879148e-08 8.851756512362460305e-03
2.237458193979932955e-08 1.077173895262966211e-02
2.247491638795986430e-08 4.666128261144709445e-03
2.257525083612039905e-08 9.433959597622975854e-03
2.267558528428093381e-08 3.704967944873289835e-03
2.277591973244146856e-08 9.955323159819805257e-03
2.287625418060200332e-08 8.221462007119954493e-03
2.297658862876253807e-08 8.204091734629045257e-03
2.307692307692307282e-08 7.014485699378418017e-03
2.317725752508360758e-08 3.296405288442689086e-03
2.327759197324414233e-08 6.901046507282210252e-03
2.337792642140468040e-08 9.147527626507027596e-03
2.347826086956521515e-08 4.235101979647990129e-03
2.357859531772574990e-08 9.892427556358506652e-03
2.367892976588628466e-08 1.142529562516773727e-02
2.377926421404681941e-08 1.357400090096404222e-02
2.387959866220735417e-08 1.119820215453994419e-02
2.397993311036788892e-08 7.512626195607772714e-03
2.408026755852842367e-08 7.214790533583473851e-03
2.418060200668895843e-08 6.134016667689118352e-03
2.428093645484949649e-08 7.225513269189621363e-03
2.438127090301003124e-08 9.433349496542184701e-03
2.448160535117056600e-08 3.229824279743694418e-03
2.458193979933110075e-08 7.390151805842812803e-03
2.468227424749163551e-08 2.314360108618949887e-03
2.478260869565217026e-08 9.352537782119750218e-03
2.488294314381270501e-08 8.311287500207639733e-03
2.498327759197323977e-08 5.165825244830560097e-03
2.508361204013377452e-08 1.081547300677444465e-02
2.518394648829430928e-08 1.195937138249204314e-02
2.528428093645484734e-08 1.003790696701143542e-02
2.538461538461538209e-08 6.898023502894853887e-03
2.548494983277591685e-08 5.718956705431984394e-03
2.558528428093645160e-08 1.297502655678066906e-02
2.568561872909698635e-08 6.797228047777367776e-03
2.578595317725752111e-08 4.885047677260750086e-03
2.588628762541805586e-08 7.500080607462187438e-03
2.598662207357859062e-08 3.634778748068405799e-03
2.608695652173912537e-08 1.494408766041776908e-02
2.618729096989966343e-08 1.298231434112113135e-02
2.628762541806019819e-08 7.163287578225993948e-03
2.638795986622073294e-08 1.076433273193858238e-02
2.648829431438126769e-08 7.132585813855989859e-03
2.658862876254180245e-08 8.912480105119139490e-03
2.668896321070233720e-08 1.349257350104236461e-02
2.678929765886287196e-08 4.064666950213118024e-03
2.688963210702340671e-08 7.277030265728186287e-03
2.698996655518394146e-08 7.690438571118371307e-03
2.709030100334447622e-08 9.142287021184029167e-03
2.719063545150501428e-08 6.469774035793396209e-03
2.729096989966554904e-08 9.367434338918501774e-03
2.739130434782608379e-08 1.059991913774933556e-02
2.749163879598661854e-08 9.658979632693083517e-03
2.759197324414715330e-08 1.666891902701788872e-02
2.769230769230768805e-08 1.035175119609977983e-02
2.779264214046822281e-08 8.844261808366159563e-03
2.789297658862875756e-08 9.158595388722752181e-03
2.799331103678929231e-08 6.612622974639520423e-03
2.809364548494983038e-08 2.999411744922975305e-03
2.819397993311036513e-08 1.059223258734067613e-02
2.829431438127089988e-08 8.197493659630489260e-03
2.839464882943143464e-08 7.308762450738207940e-03
2.849498327759196939e-08 6.430512668488303982e-03
2.859531772575250415e-08 3.975356427931547171e-03
2.869565217391303890e-08 1.433370795407805723e-02
2.879598662207357365e-08 8.690841369905024510e-03
2.889632107023410841e-08 1.330929209698040148e-02
2.899665551839464316e-08 3.108685110662508591e-03
2.909698996655518122e-08 9.745522817866853621e-03
2.919732441471571598e-08 6.571192989030902321e-03
2.929765886287625073e-08 7.549763417192940050e-03
2.939799331103678549e-08 6.678826552419496985e-03
2.949832775919732024e-08 2.412897911521241084e-03
2.959866220735785499e-08 1.052208525043240618e-02
2.969899665551838975e-08 8.385425187838200026e-03
2.979933110367892450e-08 1.393306560589247650e-02
2.989966555183946256e-08 1.268852091736148539e-02
2.999999999999999732e-08 8.002178911111606716e-03
