0.000000000000000000e+00 9.999999999999995559e-01
1.003344481605351029e-10 9.986555048710229476e-01
2.006688963210702059e-10 9.946440504455998921e-01
3.010033444816052959e-10 9.880311211359452672e-01
4.013377926421404118e-10 9.789238516863666417e-01
5.016722408026755277e-10 9.674680953305776487e-01
6.020066889632105918e-10 9.538444699001964455e-01
7.023411371237457594e-10 9.382635246825593578e-01
8.026755852842808236e-10 9.209602007830773873e-01
9.030100334448158877e-10 9.021877802998661267e-01
1.003344481605351055e-09 8.822115338821104880e-01
1.103678929765886223e-09 8.613022817287540045e-01
1.204013377926421184e-09 8.397300797147496665e-01
1.304347826086956351e-09 8.177582304449122486e-01
1.404682274247491519e-09 7.956377993574249574e-01
1.505016722408026480e-09 7.736027896060878595e-01
1.605351170568561647e-09 7.518660977085661612e-01
1.705685618729096815e-09 7.306163364410834804e-01
1.806020066889631775e-09 7.100155739075924011e-01
1.906354515050166943e-09 6.901979998806418992e-01
2.006688963210702111e-09 6.712694941283032790e-01
2.107023411371237278e-09 6.533080381074795051e-01
2.207357859531772446e-09 6.363648825175558521e-01
2.307692307692307200e-09 6.204663599019696330e-01
2.408026755852842367e-09 6.056162145755933368e-01
2.508361204013377535e-09 5.917983121121712653e-01
2.608695652173912702e-09 5.789795875576030371e-01
2.709030100334447870e-09 5.671130951970818623e-01
2.809364548494983038e-09 5.561410325232635232e-01
2.909698996655517792e-09 5.459976261674512887e-01
3.010033444816052959e-09 5.366117868725442941e-01
3.110367892976588127e-09 5.279094628455045513e-01
3.210702341137123294e-09 5.198156446754170767e-01
3.311036789297658462e-09 5.122559990707323818e-01
3.411371237458193629e-09 5.051581316429044621e-01
3.511705685618728797e-09 4.984524996562838539e-01
3.612040133779263551e-09 4.920730130746566733e-01
3.712374581939798719e-09 4.859573755956112517e-01
3.812709030100333886e-09 4.800472261742996238e-01
3.913043478260868640e-09 4.742881455818112602e-01
4.013377926421404221e-09 4.686295918892465218e-01
4.113712374581938975e-09 4.630248237560386504e-01
4.214046822742474556e-09 4.574308616100464242e-01
4.314381270903009310e-09 4.518085250156526067e-01
4.414715719063544892e-09 4.461225706586852691e-01
4.515050167224079646e-09 4.403419404446298202e-01
4.615384615384614399e-09 4.344401142453839793e-01
4.715719063545149981e-09 4.283955478390834570e-01
4.816053511705684735e-09 4.221921644722914646e-01
4.916387959866220316e-09 4.158198589941928258e-01
5.016722408026755070e-09 4.092749672429934482e-01
5.117056856187290651e-09 4.025606506658648831e-01
5.217391304347825405e-09 3.956871471562523057e-01
5.317725752508360159e-09 3.886718436955608480e-01
5.418060200668895740e-09 3.815391342701369704e-01
5.518394648829430494e-09 3.743200371839301432e-01
5.618729096989966075e-09 3.670515586271609898e-01
5.719063545150500829e-09 3.597758034001959926e-01
5.819397993311035583e-09 3.525388481709501587e-01
5.919732441471571164e-09 3.453894066895748516e-01
6.020066889632105918e-09 3.383773291583708209e-01
6.120401337792641499e-09 3.315519887047977399e-01
6.220735785953176253e-09 3.249606160048136294e-01
6.321070234113711835e-09 3.186466480867254925e-01
6.421404682274246589e-09 3.126481589305937225e-01
6.521739130434781343e-09 3.069964375798480694e-01
6.622073578595316924e-09 3.017147742124765553e-01
6.722408026755851678e-09 2.968175062779380147e-01
6.822742474916387259e-09 2.923093658576585430e-01
6.923076923076922013e-09 2.881851564520032660e-01
7.023411371237457594e-09 2.844297731340485469e-01
7.123745819397992348e-09 2.810185651962724962e-01
7.224080267558527102e-09 2.779180258194894337e-01
7.324414715719062683e-09 2.750867796528070341e-01
7.424749163879597437e-09 2.724768271772873840e-01
7.525083612040133018e-09 2.700349948968802649e-01
7.625418060200667772e-09 2.677045331868558309e-01
7.725752508361202526e-09 2.654267993079942878e-01
7.826086956521737280e-09 2.631429617764978190e-01
7.926421404682273689e-09 2.607956639135406984e-01
8.026755852842808442e-09 2.583305887783731714e-01
8.127090301003343196e-09 2.556978744714759055e-01
8.227424749163877950e-09 2.528533375234374159e-01
8.327759197324414359e-09 2.497594722227279851e-01
8.428093645484949113e-09 2.463862046946993511e-01
8.528428093645483867e-09 2.427113917250916519e-01
8.628762541806018621e-09 2.387210651456440347e-01
8.729096989966553375e-09 2.344094325418963343e-01
8.829431438127089783e-09 2.297786536593602602e-01
8.929765886287624537e-09 2.248384188313109489e-01
9.030100334448159291e-09 2.196053608032081383e-01
9.130434782608694045e-09 2.141023343819735969e-01
9.230769230769228799e-09 2.083575994119001851e-01
9.331103678929765207e-09 2.024039418055217365e-01
9.431438127090299961e-09 1.962777649689826376e-01
9.531772575250834715e-09 1.900181802677224085e-01
9.632107023411369469e-09 1.836661205447490119e-01
9.732441471571904223e-09 1.772634955239091314e-01
9.832775919732440632e-09 1.708524025994260787e-01
9.933110367892975386e-09 1.644744014015976918e-01
1.003344481605351014e-08 1.581698559610721644e-01
1.013377926421404489e-08 1.519773445291547065e-01
1.023411371237458130e-08 1.459331343285986959e-01
1.033444816053511606e-08 1.400707168009581172e-01
1.043478260869565081e-08 1.344203982870008640e-01
1.053511705685618556e-08 1.290089414460591499e-01
1.063545150501672032e-08 1.238592539344554322e-01
1.073578595317725673e-08 1.189901227086069685e-01
1.083612040133779148e-08 1.144159945397860700e-01
1.093645484949832623e-08 1.101468056482645674e-01
1.103678929765886099e-08 1.061878655080328582e-01
1.113712374581939574e-08 1.025398015831881088e-01
1.123745819397993215e-08 9.919857281616303868e-02
1.133779264214046690e-08 9.615555993334293228e-02
1.143812709030100166e-08 9.339773996817783697e-02
1.153846153846153641e-08 9.090795080085030400e-02
1.163879598662207117e-08 8.866524902591516044e-02
1.173913043478260757e-08 8.664536120429970623e-02
1.183946488294314233e-08 8.482122471467801184e-02
1.193979933110367708e-08 8.316361022188670238e-02
1.204013377926421184e-08 8.164181349075662342e-02
1.214046822742474824e-08 8.022440017228532616e-02
1.224080267558528300e-08 7.887998355229242087e-02
1.234113712374581775e-08 7.757801233592642731e-02
1.244147157190635251e-08 7.628954356155326355e-02
1.254180602006688726e-08 7.498797485878856695e-02
1.264214046822742367e-08 7.364971058818804706e-02
1.274247491638795842e-08 7.225473795441583746e-02
1.284280936454849318e-08 7.078709192796256433e-02
1.294314381270902793e-08 6.923519162980928954e-02
1.304347826086956269e-08 6.759203555247239592e-02
1.314381270903009909e-08 6.585524838044075346e-02
1.324414715719063385e-08 6.402697796497899829e-02
1.334448160535116860e-08 6.211364691158359486e-02
1.344481605351170336e-08 6.012556895644015353e-02
1.354515050167223811e-08 5.807644555625655902e-02
1.364548494983277452e-08 5.598276263732597513e-02
1.374581939799330927e-08 5.386311103078327001e-02
1.384615384615384403e-08 5.173745660223083576e-02
1.394648829431437878e-08 4.962638736807491874e-02
1.404682274247491519e-08 4.755036494739835196e-02
1.414715719063544994e-08 4.552900656294293913e-02
1.424749163879598470e-08 4.358042157632095737e-02
1.434782608695651945e-08 4.172062337443047803e-02
1.444816053511705420e-08 3.996303351395374959e-02
1.454849498327759061e-08 3.831809060768916197e-02
1.464882943143812537e-08 3.679297174584371388e-02
1.474916387959866012e-08 3.539142953442354911e-02
1.484949832775919487e-08 3.411374333563302330e-02
1.494983277591973128e-08 3.295677921961241708e-02
1.505016722408026604e-08 3.191414965348968180e-02
1.515050167224080079e-08 3.097646118757188885e-02
1.525083612040133554e-08 3.013163642388526353e-02
1.535117056856187030e-08 2.936529539125674534e-02
1.545150501672240505e-08 2.866118107535130938e-02
1.555183946488293981e-08 2.800161418775719974e-02
1.565217391304347456e-08 2.736796319393092897e-02
1.575250836120401262e-08 2.674111701643858488e-02
1.585284280936454738e-08 2.610194953193643863e-02
1.595317725752508213e-08 2.543176682772348499e-02
1.605351170568561688e-08 2.471273002370513727e-02
1.615384615384615164e-08 2.392824816334195720e-02
1.625418060200668639e-08 2.306333712456488244e-02
1.635451505016722115e-08 2.210494162411547406e-02
1.645484949832775590e-08 2.104221814911340707e-02
1.655518394648829065e-08 1.986677704908344083e-02
1.665551839464882872e-08 1.857288209795654108e-02
1.675585284280936347e-08 1.715760565841173077e-02
1.685618729096989823e-08 1.562093724509322490e-02
1.695652173913043298e-08 1.396584289978439891e-02
1.705685618729096773e-08 1.219827247805925323e-02
1.715719063545150249e-08 1.032711181697449146e-02
1.725752508361203724e-08 8.364076906962574290e-03
1.735785953177257200e-08 6.323547705553758322e-03
1.745819397993310675e-08 4.222340153359198378e-03
1.755852842809364150e-08 2.079416296502585235e-03
1.765886287625417957e-08 -8.446584028160702973e-05
1.775919732441471432e-08 -2.247158911022242855e-03
1.785953177257524907e-08 -4.385583403839949518e-03
1.795986622073578383e-08 -6.476226832979197628e-03
1.806020066889631858e-08 -8.495674107003288109e-03
1.816053511705685334e-08 -1.042115599840824636e-02
1.826086956521738809e-08 -1.223110076713236800e-02
1.836120401337792284e-08 -1.390567260531078847e-02
1.846153846153845760e-08 -1.542727979889959265e-02
1.856187290969899566e-08 -1.678103543946821152e-02
1.866220735785953041e-08 -1.795515422524884830e-02
1.876254180602006517e-08 -1.894127038060461690e-02
1.886287625418059992e-08 -1.973466396841934423e-02
1.896321070234113468e-08 -2.033438579654443107e-02
1.906354515050166943e-08 -2.074327461147981722e-02
1.916387959866220418e-08 -2.096786417791013032e-02
1.926421404682273894e-08 -2.101818198154068937e-02
1.936454849498327369e-08 -2.090744546682843374e-02
1.946488294314380845e-08 -2.065166572582352589e-02
1.956521739130434651e-08 -2.026917218954504135e-02
1.966555183946488126e-08 -1.978007495580277886e-02
1.976588628762541602e-08 -1.920568376111322223e-02
1.986622073578595077e-08 -1.856790414972124548e-02
1.996655518394648553e-08 -1.788863203351753056e-02
2.006688963210702028e-08 -1.718916754448376188e-02
2.016722408026755503e-08 -1.648966787730453062e-02
2.026755852842808979e-08 -1.580865677319995277e-02
2.036789297658862454e-08 -1.516260552006946059e-02
2.046822742474916260e-08 -1.456559698915073364e-02
2.056856187290969736e-08 -1.402908047339058821e-02
2.066889632107023211e-08 -1.356172113426676318e-02
2.076923076923076687e-08 -1.316934390499953887e-02
2.086956521739130162e-08 -1.285496793681609705e-02
2.096989966555183637e-08 -1.261892429260884005e-02
2.107023411371237113e-08 -1.245904674389248200e-02
2.117056856187290588e-08 -1.237092333253936999e-02
2.127090301003344064e-08 -1.234819489760193879e-02
2.137123745819397539e-08 -1.238288607447590034e-02
2.147157190635451345e-08 -1.246575433843986891e-02
2.157190635451504821e-08 -1.258664343381919563e-02
2.167224080267558296e-08 -1.273482891171477324e-02
2.177257525083611771e-08 -1.289934536977214649e-02
2.187290969899665247e-08 -1.306928720016461813e-02
2.197324414715718722e-08 -1.323407704697682208e-02
2.207357859531772198e-08 -1.338369858894567638e-02
2.217391304347825673e-08 -1.350889254315131537e-02
2.227424749163879148e-08 -1.360131679216969834e-02
2.237458193979932955e-08 -1.365367315943025010e-02
2.247491638795986430e-08 -1.365980451518350805e-02
2.257525083612039905e-08 -1.361476654502282585e-02
2.267558528428093381e-08 -1.351487864889625024e-02
2.277591973244146856e-08 -1.335775809295374275e-02
2.287625418060200332e-08 -1.314234077556960222e-02
2.297658862876253807e-08 -1.286889088744801179e-02
2.307692307692307282e-08 -1.253900046045341304e-02
2.317725752508360758e-08 -1.215557844036235097e-02
2.327759197324414233e-08 -1.172282761851591894e-02
2.337792642140468040e-08 -1.124620664406602959e-02
2.347826086956521515e-08 -1.073237352516796111e-02
2.357859531772574990e-08 -1.018910660445460428e-02
2.367892976588628466e-08 -9.625199022803164819e-03
2.377926421404681941e-08 -9.050323193696821478e-03
2.387959866220735417e-08 -8.474862790695491394e-03
2.397993311036788892e-08 -7.909711159509846129e-03
2.408026755852842367e-08 -7.366036827844042734e-03
2.418060200668895843e-08 -6.855018796218833969e-03
2.428093645484949649e-08 -6.387556425414404188e-03
2.438127090301003124e-08 -5.973960851307771186e-03
2.448160535117056600e-08 -5.623636811299390949e-03
2.458193979933110075e-08 -5.344765418343252854e-03
2.468227424749163551e-08 -5.143999642535878464e-03
2.478260869565217026e-08 -5.026184951880270299e-03
2.488294314381270501e-08 -4.994117647659663053e-03
2.498327759197323977e-08 -5.048352864328583406e-03
2.508361204013377452e-08 -5.187072984674169496e-03
2.518394648829430928e-08 -5.406025382061091164e-03
2.528428093645484734e-08 -5.698536013425857354e-03
2.538461538461538209e-08 -6.055602553030193895e-03
2.548494983277591685e-08 -6.466067609053069085e-03
2.558528428093645160e-08 -6.916869254425922139e-03
2.568561872909698635e-08 -7.393362793293643993e-03
2.578595317725752111e-08 -7.879704541250174415e-03
2.588628762541805586e-08 -8.359285580661405396e-03
2.598662207357859062e-08 -8.815201106167036907e-03
2.608695652173912537e-08 -9.230739220728128441e-03
2.618729096989966343e-08 -9.589871970338599214e-03
2.628762541806019819e-08 -9.877731071997809462e-03
2.638795986622073294e-08 -1.008105121344982785e-02
2.648829431438126769e-08 -1.018856496498873887e-02
2.658862876254180245e-08 -1.019133518697504411e-02
2.668896321070233720e-08 -1.008301325193731307e-02
2.678929765886287196e-08 -9.860014309501313745e-03
2.688963210702340671e-08 -9.521604066748852457e-03
2.698996655518394146e-08 -9.069894983135344188e-03
2.709030100334447622e-08 -8.509753229550543613e-03
2.719063545150501428e-08 -7.848621080193879385e-03
2.729096989966554904e-08 -7.096262449237538544e-03
2.739130434782608379e-08 -6.264441925331324518e-03
2.749163879598661854e-08 -5.366549793289585035e-03
2.759197324414715330e-08 -4.417187089432445327e-03
2.769230769230768805e-08 -3.431725671552291260e-03
2.779264214046822281e-08 -2.425858584585306732e-03
2.789297658862875756e-08 -1.415155687843804889e-03
2.799331103678929231e-08 -4.146386264149634626e-04
2.809364548494983038e-08 5.616121503809572146e-04
2.819397993311036513e-08 1.500807406043538905e-03
2.829431438127089988e-08 2.391747339281331819e-03
2.839464882943143464e-08 3.225061459679082546e-03
2.849498327759196939e-08 3.993385921962241264e-03
2.859531772575250415e-08 4.691476454456262532e-03
2.869565217391303890e-08 5.316257224629187227e-03
2.879598662207357365e-08 5.866807987745557146e-03
2.889632107023410841e-08 6.344293600292586453e-03
2.899665551839464316e-08 6.751841404233396501e-03
2.909698996655518122e-08 7.094373077684273249e-03
2.919732441471571598e-08 7.378398298065891835e-03
2.929765886287625073e-08 7.611777988418457451e-03
2.939799331103678549e-08 7.803465044411005136e-03
2.949832775919732024e-08 7.963230307924952858e-03
2.959866220735785499e-08 8.101381209716200515e-03
2.969899665551838975e-08 8.228479998848188537e-03
2.979933110367892450e-08 8.355067860377292724e-03
2.989966555183946256e-08 8.491400541605022625e-03
2.999999999999999732e-08 8.647200401203860784e-03
