0.000000000000000000e+00 9.999999999999995559e-01
1.003344481605351029e-10 8.321459122643487180e-03
2.006688963210702059e-10 3.764793743106119393e-03
3.010033444816052959e-10 4.838223691120826370e-03
4.013377926421404118e-10 5.498351246071231380e-03
5.016722408026755277e-10 9.379111407229724640e-03
6.020066889632105918e-10 9.050856792664657355e-03
7.023411371237457594e-10 5.649532192473231441e-03
8.026755852842808236e-10 9.015643351364545366e-03
9.030100334448158877e-10 5.537618591313553905e-03
1.003344481605351055e-09 3.111242861104093586e-03
1.103678929765886223e-09 1.187203797551446283e-02
1.204013377926421184e-09 1.173593526420891979e-02
1.304347826086956351e-09 1.163000058319445078e-02
1.404682274247491519e-09 4.658079724804067324e-03
1.505016722408026480e-09 1.260876887569030609e-02
1.605351170568561647e-09 7.594680256895741145e-03
1.705685618729096815e-09 4.699987976713175704e-03
1.806020066889631775e-09 4.916123048914576923e-03
1.906354515050166943e-09 6.227187074616976140e-03
2.006688963210702111e-09 5.268515246773297633e-03
2.107023411371237278e-09 1.110819476467677334e-02
2.207357859531772446e-09 9.637234196710500050e-03
2.307692307692307200e-09 6.320601613303881983e-03
2.408026755852842367e-09 1.326196036085811047e-02
2.508361204013377535e-09 8.770811018139970314e-03
2.608695652173912702e-09 1.063037419464050830e-02
2.709030100334447870e-09 1.032292207240324659e-02
2.809364548494983038e-09 1.099210438192241290e-02
2.909698996655517792e-09 2.413110403332401760e-03
3.010033444816052959e-09 7.605868182401968533e-03
3.110367892976588127e-09 1.685149063783428344e-03
3.210702341137123294e-09 1.818165270842313046e-03
3.311036789297658462e-09 8.280142720004346826e-03
3.411371237458193629e-09 4.738610114185018950e-03
3.511705685618728797e-09 2.998647427017323095e-03
3.612040133779263551e-09 8.769907434442491059e-03
3.712374581939798719e-09 2.683050740533314332e-04
3.812709030100333886e-09 8.067358738981697183e-03
3.913043478260868640e-09 5.694033722806152858e-03
4.013377926421404221e-09 1.350117436804823372e-02
4.113712374581938975e-09 4.017537705264383197e-03
4.214046822742474556e-09 7.059064498547320057e-03
4.314381270903009310e-09 3.081720205868165863e-03
4.414715719063544892e-09 1.257235847355545055e-02
4.515050167224079646e-09 8.244286475408741863e-03
4.615384615384614399e-09 1.168511977131798940e-02
4.715719063545149981e-09 1.163057854479005067e-02
4.816053511705684735e-09 1.253598865102823617e-02
4.916387959866220316e-09 7.077643531000609584e-03
5.016722408026755070e-09 8.576883641250284199e-03
5.117056856187290651e-09 4.166480813729857985e-03
5.217391304347825405e-09 1.267033485395388341e-02
5.317725752508360159e-09 6.840229476978303830e-03
5.418060200668895740e-09 1.346092369155159514e-02
5.518394648829430494e-09 8.969627357673381346e-03
5.618729096989966075e-09 5.653426836228579895e-03
5.719063545150500829e-09 5.560412920298192507e-03
5.819397993311035583e-09 5.764240710113233308e-03
5.919732441471571164e-09 4.004635306004108650e-03
6.020066889632105918e-09 6.918116419547274722e-03
6.120401337792641499e-09 1.517023338033897384e-02
6.220735785953176253e-09 3.251501066446669305e-03
6.321070234113711835e-09 1.014178818203888624e-02
6.421404682274246589e-09 8.050377823346728523e-03
6.521739130434781343e-09 6.850882620408866620e-03
6.622073578595316924e-09 3.624624843135976302e-03
6.722408026755851678e-09 3.446915178494139656e-03
6.822742474916387259e-09 2.403911787049177028e-03
6.923076923076922013e-09 3.267226718730236595e-03
7.023411371237457594e-09 1.275208851560367604e-02
7.123745819397992348e-09 8.579513171462438414e-03
7.224080267558527102e-09 5.922847195237252761e-03
7.324414715719062683e-09 8.966974513722955620e-03
7.424749163879597437e-09 2.621444658425883811e-03
7.525083612040133018e-09 6.630577659380821991e-03
7.625418060200667772e-09 1.010728898626929786e-02
7.725752508361202526e-09 1.694399876038105417e-04
7.826086956521737280e-09 3.906569568586473404e-03
7.926421404682273689e-09 8.237174329473660045e-03
8.026755852842808442e-09 7.081114866187574255e-03
8.127090301003343196e-09 4.489392374264309683e-03
8.227424749163877950e-09 7.327860815481711948e-03
8.327759197324414359e-09 8.048691762352079213e-03
8.428093645484949113e-09 6.201171200879472892e-03
8.528428093645483867e-09 4.700871823021342613e-03
8.628762541806018621e-09 6.572928949522376108e-03
8.729096989966553375e-09 4.640223599303833733e-03
8.829431438127089783e-09 5.417974100115676046e-03
8.929765886287624537e-09 1.099125544289441224e-02
9.030100334448159291e-09 6.178078853150160803e-03
9.130434782608694045e-09 8.235061561332759905e-03
9.230769230769228799e-09 9.875337846486386718e-04
9.331103678929765207e-09 6.828519546865562291e-03
9.431438127090299961e-09 9.773227190418124627e-03
9.531772575250834715e-09 1.021270552783101922e-02
9.632107023411369469e-09 7.429348269657128773e-03
9.732441471571904223e-09 5.536955888905965850e-03
9.832775919732440632e-09 8.384378819323521845e-03
9.933110367892975386e-09 1.116872283924994977e-02
1.003344481605351014e-08 6.702469812635896904e-03
1.013377926421404489e-08 4.287915733138622509e-03
1.023411371237458130e-08 -1.887411685697159506e-03
1.033444816053511606e-08 9.975654969125962238e-03
1.043478260869565081e-08 5.756313420176377947e-03
1.053511705685618556e-08 5.338186641364222988e-03
1.063545150501672032e-08 6.988735130726601678e-03
1.073578595317725673e-08 2.813527528173793025e-03
1.083612040133779148e-08 -2.685669033532052039e-03
1.093645484949832623e-08 1.217447903675016301e-03
1.103678929765886099e-08 4.097669197256650214e-03
1.113712374581939574e-08 9.057051328828549450e-03
1.123745819397993215e-08 9.263345283350189752e-03
1.133779264214046690e-08 4.840084816487027868e-03
1.143812709030100166e-08 5.671310385574761075e-03
1.153846153846153641e-08 8.051167597695271447e-03
1.163879598662207117e-08 7.598098379075460436e-03
1.173913043478260757e-08 6.129645190682814562e-03
1.183946488294314233e-08 6.058117285330632401e-03
1.193979933110367708e-08 6.346809470167228198e-03
1.204013377926421184e-08 1.222898224334824716e-02
1.214046822742474824e-08 7.932342821501105201e-03
1.224080267558528300e-08 1.002352923385792932e-02
1.234113712374581775e-08 1.225036549263527029e-02
1.244147157190635251e-08 9.223477150501596319e-03
1.254180602006688726e-08 1.089028235182332334e-02
1.264214046822742367e-08 -2.088180517604434818e-03
1.274247491638795842e-08 1.286310833314054103e-02
1.284280936454849318e-08 7.224336231659745679e-03
1.294314381270902793e-08 9.623321993769189120e-03
1.304347826086956269e-08 1.229871831970475414e-02
1.314381270903009909e-08 1.420837366418413981e-02
1.324414715719063385e-08 5.324233718900985880e-03
1.334448160535116860e-08 3.396850495309941369e-03
1.344481605351170336e-08 1.354600424178510100e-02
1.354515050167223811e-08 2.469707790281178844e-03
1.364548494983277452e-08 3.496745818949442870e-03
1.374581939799330927e-08 7.619369519429582648e-03
1.384615384615384403e-08 6.474447521060133770e-03
1.394648829431437878e-08 7.480969542073284337e-03
1.404682274247491519e-08 1.628750086973887803e-02
1.414715719063544994e-08 5.858879152657545455e-03
1.424749163879598470e-08 7.626293761716184186e-03
1.434782608695651945e-08 3.450960164915617932e-03
1.444816053511705420e-08 6.298320569130652809e-03
1.454849498327759061e-08 1.711699265718801032e-03
1.464882943143812537e-08 8.778488802246570480e-03
1.474916387959866012e-08 6.901100204705170639e-03
1.484949832775919487e-08 8.988561222258143260e-03
1.494983277591973128e-08 4.410704903290261700e-03
1.505016722408026604e-08 6.128063316550136364e-03
1.515050167224080079e-08 1.125805161585181034e-02
1.525083612040133554e-08 7.247804036400694143e-03
1.535117056856187030e-08 7.221836400890186206e-03
1.545150501672240505e-08 7.655733769059999347e-03
1.555183946488293981e-08 7.638868630903962800e-03
1.565217391304347456e-08 6.695577464407929079e-03
1.575250836120401262e-08 1.680398315123862436e-04
1.585284280936454738e-08 5.127680696791344153e-03
1.595317725752508213e-08 5.874723420225426603e-03
1.605351170568561688e-08 5.545438856183750390e-03
1.615384615384615164e-08 8.365449175226883846e-03
1.625418060200668639e-08 1.521994662439482733e-02
1.635451505016722115e-08 4.942947854372084851e-03
1.645484949832775590e-08 1.052589291378488133e-02
1.655518394648829065e-08 8.308530517929384879e-03
1.665551839464882872e-08 4.865336533065547919e-03
1.675585284280936347e-08 1.059553889004163918e-02
1.685618729096989823e-08 7.254108282255938671e-03
1.695652173913043298e-08 1.546384536416366313e-02
1.705685618729096773e-08 4.519445394075018683e-03
1.715719063545150249e-08 -8.454045646353030435e-05
1.725752508361203724e-08 5.765503302309351978e-03
1.735785953177257200e-08 3.556844794918160788e-03
1.745819397993310675e-08 1.280473181319624794e-02
1.755852842809364150e-08 7.967573895365441874e-03
1.765886287625417957e-08 5.564874750982541814e-03
1.775919732441471432e-08 6.612582052124454587e-03
1.785953177257524907e-08 6.926020170737969515e-03
1.795986622073578383e-08 1.155490408126170175e-02
1.806020066889631858e-08 8.927506075603927616e-03
1.816053511705685334e-08 1.493525676803809064e-02
1.826086956521738809e-08 8.227322868041840251e-03
1.836120401337792284e-08 1.000909102605100805e-02
1.846153846153845760e-08 3.580567394183886698e-03
1.856187290969899566e-08 1.797184749798046849e-03
1.866220735785953041e-08 9.216265312365939932e-03
1.876254180602006517e-08 2.911494791961915900e-03
1.886287625418059992e-08 1.367235061145682939e-02
1.896321070234113468e-08 8.635578540439076828e-03
1.906354515050166943e-08 9.818257691472112580e-03
1.916387959866220418e-08 7.847615660094037215e-03
1.926421404682273894e-08 4.350328125686791364e-03
1.936454849498327369e-08 9.316375108514582740e-03
1.946488294314380845e-08 9.588145982322382466e-03
1.956521739130434651e-08 6.356572255670316085e-04
1.966555183946488126e-08 5.875833743868550535e-03
1.976588628762541602e-08 9.197101905242855563e-03
1.986622073578595077e-08 3.272267825984848371e-03
1.996655518394648553e-08 4.373659463092001605e-03
2.006688963210702028e-08 9.984241397377552341e-03
2.016722408026755503e-08 6.748278640547257512e-03
2.026755852842808979e-08 1.267461516301067459e-02
2.036789297658862454e-08 5.964224697710498492e-03
2.046822742474916260e-08 1.161554110894466758e-02
2.056856187290969736e-08 1.542384208811812749e-02
2.066889632107023211e-08 6.536318262246459954e-03
2.076923076923076687e-08 6.363705647877489387e-03
2.086956521739130162e-08 4.037557301996261977e-03
2.096989966555183637e-08 8.182302197207591207e-03
2.107023411371237113e-08 6.767607063305070524e-03
2.117056856187290588e-08 1.215565367071293722e-02
2.127090301003344064e-08 8.331750607950938470e-03
2.137123745819397539e-08 8.219582561998591344e-03
2.147157190635451345e-08 5.876255720758215631e-03
2.157190635451504821e-08 1.228704208750678456e-02
2.167224080267558296e-08 7.607497679723652755e-03
2.177257525083611771e-08 3.265037499101056204e-03
2.187290969899665247e-08 9.629692665414565922e-03
2.197324414715718722e-08 4.428949970129007242e-03
2.207357859531772198e-08 1.264106873712846774e-02
2.217391304347825673e-08 9.597131714048254617e-03
2.227424749163879148e-08 7.877943376869731701e-03
2.237458193979932955e-08 1.300382084107042438e-02
2.247491638795986430e-08 8.353000314612271313e-03
2.257525083612039905e-08 8.725672253059851141e-03
2.267558528428093381e-08 6.925200054453106366e-03
2.277591973244146856e-08 8.423948713344718911e-03
2.287625418060200332e-08 9.925703039828117497e-03
2.297658862876253807e-08 4.909348033490477763e-03
2.307692307692307282e-08 2.450006283512672772e-03
2.317725752508360758e-08 9.773216309367782628e-03
2.327759197324414233e-08 1.219183076460513167e-02
2.337792642140468040e-08 1.184610130337687521e-02
2.347826086956521515e-08 8.319131815969143390e-03
2.357859531772574990e-08 7.413835388787702249e-03
2.367892976588628466e-08 5.991046095508098697e-03
2.377926421404681941e-08 9.437376563230905416e-03
2.387959866220735417e-08 6.595135307219124506e-03
2.397993311036788892e-08 9.611245679802976963e-03
2.408026755852842367e-08 4.003637250654789453e-03
2.418060200668895843e-08 7.194970731759581933e-03
2.428093645484949649e-08 2.823606434715877217e-03
2.438127090301003124e-08 2.687830898421940135e-03
2.448160535117056600e-08 6.213335627512897932e-03
2.458193979933110075e-08 1.174263642232807343e-03
2.468227424749163551e-08 1.180643430961234204e-02
2.478260869565217026e-08 1.333641872107124704e-02
2.488294314381270501e-08 5.438249682830813628e-03
2.498327759197323977e-08 6.440608320830121594e-03
2.508361204013377452e-08 1.316043697728663114e-02
2.518394648829430928e-08 6.017635135456518743e-03
2.528428093645484734e-08 5.806451432275346394e-03
2.538461538461538209e-08 4.121274849515170306e-03
2.548494983277591685e-08 1.013693847607706651e-02
2.558528428093645160e-08 8.635922961395460506e-03
2.568561872909698635e-08 1.279268028012672462e-02
2.578595317725752111e-08 8.595979526942708338e-03
2.588628762541805586e-08 8.915995402773470302e-03
2.598662207357859062e-08 1.093385465698190617e-02
2.608695652173912537e-08 8.819097023577303004e-03
2.618729096989966343e-08 1.089781601072357942e-02
2.628762541806019819e-08 4.190159109983047567e-03
2.638795986622073294e-08 -1.423994536468593764e-03
2.648829431438126769e-08 7.917778243909207384e-03
2.658862876254180245e-08 1.206531099777868182e-02
2.668896321070233720e-08 1.025736673980353307e-02
2.678929765886287196e-08 4.937088273297278972e-03
2.688963210702340671e-08 1.209836752124751440e-02
2.698996655518394146e-08 5.976772646989054333e-03
2.709030100334447622e-08 7.479863252554458039e-03
2.719063545150501428e-08 1.213965535888199103e-02
2.729096989966554904e-08 2.465149560471215692e-03
2.739130434782608379e-08 4.122303899417757191e-03
2.749163879598661854e-08 5.489696633674681810e-03
2.759197324414715330e-08 8.823869665976773538e-03
2.769230769230768805e-08 6.724482752147990967e-03
2.779264214046822281e-08 7.030311837706193501e-03
2.789297658862875756e-08 9.133415555160924806e-03
2.799331103678929231e-08 7.540671506674674097e-03
2.809364548494983038e-08 8.432334885938025729e-03
2.819397993311036513e-08 6.154226720534279431e-03
2.829431438127089988e-08 8.874673118716936912e-03
2.839464882943143464e-08 1.364414504681763299e-02
2.849498327759196939e-08 5.243997709607987195e-05
2.859531772575250415e-08 1.089727877248154210e-02
2.869565217391303890e-08 8.404749569277062543e-03
2.879598662207357365e-08 4.020062570912788860e-03
2.889632107023410841e-08 9.332683788155748603e-03
2.899665551839464316e-08 5.009581994045527245e-03
2.909698996655518122e-08 1.026919645497781884e-02
2.919732441471571598e-08 1.039999840639288520e-02
2.929765886287625073e-08 1.242712365024356037e-02
2.939799331103678549e-08 2.628386269756416774e-03
2.949832775919732024e-08 9.769886390584941321e-03
2.959866220735785499e-08 6.714915430614285669e-03
2.969899665551838975e-08 1.232161016030089949e-02
2.979933110367892450e-08 4.861480828629098118e-03
2.989966555183946256e-08 3.645944915987077992e-05
2.999999999999999732e-08 1.105185251266436325e-02
