0.000000000000000000e+00 9.999999999999995559e-01
1.003344481605351029e-10 1.697571949680349024e-01
2.006688963210702059e-10 -1.959194240208723264e-02
3.010033444816052959e-10 8.036209170491458512e-03
4.013377926421404118e-10 2.015868575458770046e-02
5.016722408026755277e-10 2.793582540413774504e-02
6.020066889632105918e-10 3.003220623613681375e-02
7.023411371237457594e-10 1.648082432489479492e-03
8.026755852842808236e-10 -4.692813846498231425e-03
9.030100334448158877e-10 7.658863251641031926e-03
1.003344481605351055e-09 6.216508820816582168e-03
1.103678929765886223e-09 1.391367691012645146e-02
1.204013377926421184e-09 1.916627620950228910e-03
1.304347826086956351e-09 3.582951716645924913e-04
1.404682274247491519e-09 -3.299856705752001644e-04
1.505016722408026480e-09 1.389053182998362633e-02
1.605351170568561647e-09 1.555141879882546325e-02
1.705685618729096815e-09 1.230597519223048004e-02
1.806020066889631775e-09 7.404431849868432520e-04
1.906354515050166943e-09 -1.595043573376367851e-04
2.006688963210702111e-09 4.816945909469906063e-03
2.107023411371237278e-09 1.156456374469408931e-02
2.207357859531772446e-09 2.853912566416311539e-03
2.307692307692307200e-09 6.337111323233485423e-03
2.408026755852842367e-09 4.111835473177177444e-03
2.508361204013377535e-09 5.591228371906439842e-03
2.608695652173912702e-09 1.078207775479318557e-02
2.709030100334447870e-09 9.400014178814010413e-03
2.809364548494983038e-09 6.039543854969259100e-03
2.909698996655517792e-09 7.327148732793695857e-03
3.010033444816052959e-09 3.723403507285122892e-03
3.110367892976588127e-09 2.280926339256688674e-03
3.210702341137123294e-09 1.284876730684315037e-02
3.311036789297658462e-09 6.574971878032771257e-03
3.411371237458193629e-09 2.906257985173156359e-03
3.511705685618728797e-09 6.341624412139411707e-03
3.612040133779263551e-09 5.405868521814441788e-03
3.712374581939798719e-09 1.237163271945306182e-02
3.812709030100333886e-09 9.466854537503078745e-03
3.913043478260868640e-09 4.425137628632511491e-03
4.013377926421404221e-09 8.406300360689809847e-03
4.113712374581938975e-09 7.291826481799082785e-03
4.214046822742474556e-09 6.797091069048049293e-03
4.314381270903009310e-09 8.184030069780880851e-03
4.414715719063544892e-09 1.112953663509344895e-02
4.515050167224079646e-09 -2.488779373629648912e-03
4.615384615384614399e-09 5.834161845910400788e-03
4.715719063545149981e-09 7.782426568774366421e-03
4.816053511705684735e-09 9.254732079230127556e-03
4.916387959866220316e-09 8.882670399724346133e-03
5.016722408026755070e-09 4.267245350827612860e-03
5.117056856187290651e-09 9.797087158427182293e-03
5.217391304347825405e-09 8.622189789206532312e-03
5.317725752508360159e-09 2.634612604940858843e-03
5.418060200668895740e-09 7.512713450536332924e-03
5.518394648829430494e-09 7.583231990375603748e-03
5.618729096989966075e-09 1.294137488564974826e-02
5.719063545150500829e-09 8.723946577827743770e-03
5.819397993311035583e-09 1.617146152292464611e-02
5.919732441471571164e-09 7.508924353470558533e-03
6.020066889632105918e-09 7.079776121281085299e-03
6.120401337792641499e-09 5.153713686467782662e-03
6.220735785953176253e-09 -1.591118233938487378e-06
6.321070234113711835e-09 1.316770879048478893e-02
6.421404682274246589e-09 6.050662419629185620e-03
6.521739130434781343e-09 2.509065850000940286e-03
6.622073578595316924e-09 4.210555667015389476e-03
6.722408026755851678e-09 7.467865520866191938e-03
6.822742474916387259e-09 1.221473570757291606e-02
6.923076923076922013e-09 2.902304113476696003e-03
7.023411371237457594e-09 6.442606891839050554e-04
7.123745819397992348e-09 4.661013744080263858e-03
7.224080267558527102e-09 7.035140711496258234e-03
7.324414715719062683e-09 9.560696380852839321e-03
7.424749163879597437e-09 5.464393317621092303e-03
7.525083612040133018e-09 5.925482054012524633e-03
7.625418060200667772e-09 6.006500104488052445e-03
7.725752508361202526e-09 1.284248554904244069e-02
7.826086956521737280e-09 8.363573832969647265e-03
7.926421404682273689e-09 5.149367436539320497e-03
8.026755852842808442e-09 6.877383936754334626e-03
8.127090301003343196e-09 9.301539307110017266e-03
8.227424749163877950e-09 6.208615331650783886e-03
8.327759197324414359e-09 9.164151613986547956e-03
8.428093645484949113e-09 3.140733152560431889e-03
8.528428093645483867e-09 9.384724812073280686e-03
8.628762541806018621e-09 8.584355463424682420e-03
8.729096989966553375e-09 6.110863564044674914e-03
8.829431438127089783e-09 5.063659137207253240e-03
8.929765886287624537e-09 1.156811672174301586e-02
9.030100334448159291e-09 1.020106304888071698e-02
9.130434782608694045e-09 5.018444908984879931e-03
9.230769230769228799e-09 1.130151472837417903e-02
9.331103678929765207e-09 9.444037808246508528e-03
9.431438127090299961e-09 1.003774424170206583e-02
9.531772575250834715e-09 5.865128227206838248e-03
9.632107023411369469e-09 2.931719379483631316e-03
9.732441471571904223e-09 7.765135563483691397e-03
9.832775919732440632e-09 9.875886377553351816e-03
9.933110367892975386e-09 8.271986835297251775e-03
1.003344481605351014e-08 3.280545316704302269e-03
1.013377926421404489e-08 5.065644389427732472e-03
1.023411371237458130e-08 1.302624629284687002e-02
1.033444816053511606e-08 1.262344291625068331e-02
1.043478260869565081e-08 2.518678724271696326e-03
1.053511705685618556e-08 6.767141077932457317e-03
1.063545150501672032e-08 7.177580248893911802e-03
1.073578595317725673e-08 7.314509722279950547e-03
1.083612040133779148e-08 4.516702939749655740e-03
1.093645484949832623e-08 3.433073649694078078e-03
1.103678929765886099e-08 1.028977084625802389e-02
1.113712374581939574e-08 4.357399130069637867e-03
1.123745819397993215e-08 6.610581224848898103e-03
1.133779264214046690e-08 1.312618528379677976e-02
1.143812709030100166e-08 1.296071756830261164e-02
1.153846153846153641e-08 9.836081819674083373e-04
1.163879598662207117e-08 1.265476316883987987e-03
1.173913043478260757e-08 1.478423771999528256e-02
1.183946488294314233e-08 1.243880872426209039e-02
1.193979933110367708e-08 1.002002389852006507e-02
1.204013377926421184e-08 9.194013846592810624e-03
1.214046822742474824e-08 3.504661837768150486e-03
1.224080267558528300e-08 3.825636749476496803e-03
1.234113712374581775e-08 8.190585939285639078e-03
1.244147157190635251e-08 4.406562936229241854e-03
1.254180602006688726e-08 1.046570950359930474e-02
1.264214046822742367e-08 1.022025752500804047e-02
1.274247491638795842e-08 4.083325090584307045e-03
1.284280936454849318e-08 5.750287636819631509e-03
1.294314381270902793e-08 5.978095802464663405e-03
1.304347826086956269e-08 1.176101520448436834e-02
1.314381270903009909e-08 1.642336637908606636e-02
1.324414715719063385e-08 6.003434977195055977e-03
1.334448160535116860e-08 6.854365767492650446e-03
1.344481605351170336e-08 6.243481218606963638e-03
1.354515050167223811e-08 7.569876808492674407e-03
1.364548494983277452e-08 8.901313216265598419e-03
1.374581939799330927e-08 7.502500080173063121e-03
1.384615384615384403e-08 6.834644429333577333e-03
1.394648829431437878e-08 1.546128271979185266e-02
1.404682274247491519e-08 7.650178700562828768e-03
1.414715719063544994e-08 1.018940641050051187e-02
1.424749163879598470e-08 6.402360131104399207e-03
1.434782608695651945e-08 3.517889636445538804e-03
1.444816053511705420e-08 7.333842734791744949e-03
1.454849498327759061e-08 1.168525473422399839e-02
1.464882943143812537e-08 7.140345856198768333e-03
1.474916387959866012e-08 5.653311606762293461e-03
1.484949832775919487e-08 -1.109985734048804344e-03
1.494983277591973128e-08 8.329615186193737794e-03
1.505016722408026604e-08 8.547070812931196679e-03
1.515050167224080079e-08 5.886051704418266556e-03
1.525083612040133554e-08 7.149604484588853795e-03
1.535117056856187030e-08 3.458039233907288495e-03
1.545150501672240505e-08 1.049265402697163903e-02
1.555183946488293981e-08 1.578676207812103327e-02
1.565217391304347456e-08 8.011275873056566271e-03
1.575250836120401262e-08 2.531889437583867419e-03
1.585284280936454738e-08 1.133225693734584046e-02
1.595317725752508213e-08 3.999095158661061973e-03
1.605351170568561688e-08 8.715676248224007647e-03
1.615384615384615164e-08 3.377690733620953949e-03
1.625418060200668639e-08 5.704822349732166856e-03
1.635451505016722115e-08 5.718867067402737779e-03
1.645484949832775590e-08 9.754205015044394717e-03
1.655518394648829065e-08 5.897321037774403037e-03
1.665551839464882872e-08 5.963168273094272484e-03
1.675585284280936347e-08 9.462360636097818037e-03
1.685618729096989823e-08 9.727397555344801869e-03
1.695652173913043298e-08 1.494470601953467974e-02
1.705685618729096773e-08 1.435227219690277459e-02
1.715719063545150249e-08 1.899857591001703760e-02
1.725752508361203724e-08 4.179960865678409958e-03
1.735785953177257200e-08 9.438802244605644376e-03
1.745819397993310675e-08 4.629225406680310788e-03
1.755852842809364150e-08 5.264611045848446337e-03
1.765886287625417957e-08 1.187161687771489012e-03
1.775919732441471432e-08 9.287570701214017607e-03
1.785953177257524907e-08 9.148500877000049353e-03
1.795986622073578383e-08 5.808375680347943083e-03
1.806020066889631858e-08 1.658800329826688388e-02
1.816053511705685334e-08 1.091026773900330427e-02
1.826086956521738809e-08 3.384479066309063408e-03
1.836120401337792284e-08 1.191982339566492050e-02
1.846153846153845760e-08 3.075492527941144777e-03
1.856187290969899566e-08 9.145593744662654928e-03
1.866220735785953041e-08 1.170388022189159868e-02
1.876254180602006517e-08 7.207187493482120066e-03
1.886287625418059992e-08 4.784551251703400045e-03
1.896321070234113468e-08 1.132281336022644518e-02
1.906354515050166943e-08 1.051190323312905205e-02
1.916387959866220418e-08 3.067845443671972025e-03
1.926421404682273894e-08 4.941257069032430060e-03
1.936454849498327369e-08 7.474007826192266904e-03
1.946488294314380845e-08 -5.496266325621896936e-05
1.956521739130434651e-08 4.504880494064055461e-03
1.966555183946488126e-08 6.762412317315592836e-03
1.976588628762541602e-08 6.034070593387278435e-03
1.986622073578595077e-08 8.080362066722168377e-03
1.996655518394648553e-08 1.408473492418142563e-02
2.006688963210702028e-08 1.040204192199316140e-02
2.016722408026755503e-08 1.043353478550302152e-03
2.026755852842808979e-08 6.459074543763065369e-03
2.036789297658862454e-08 4.526327387010444653e-03
2.046822742474916260e-08 -2.152702764827365981e-04
2.056856187290969736e-08 4.129642949961822088e-03
2.066889632107023211e-08 -4.359988381591808904e-03
2.076923076923076687e-08 8.772116650025512524e-03
2.086956521739130162e-08 8.454822030919545428e-03
2.096989966555183637e-08 6.339307351704989539e-03
2.107023411371237113e-08 3.259171348831725601e-03
2.117056856187290588e-08 7.632905248454321077e-03
2.127090301003344064e-08 2.266592887758796596e-03
2.137123745819397539e-08 2.589344345842872286e-04
2.147157190635451345e-08 3.843720803450397048e-03
2.157190635451504821e-08 1.159175584157505316e-02
2.167224080267558296e-08 7.153195112064250454e-03
2.177257525083611771e-08 8.229679251829317976e-03
2.187290969899665247e-08 3.946608671678855651e-03
2.197324414715718722e-08 1.135893099625799769e-02
2.207357859531772198e-08 2.976379223755484978e-03
2.217391304347825673e-08 1.306160410509712294e-02
2.227424749163879148e-08 1.090595949426594047e-02
2.237458193979932955e-08 9.265285549395915754e-03
2.247491638795986430e-08 4.703470217346870930e-03
2.257525083612039905e-08 1.316591041151310773e-02
2.267558528428093381e-08 1.260274671755674987e-02
2.277591973244146856e-08 9.616368811578002856e-03
2.287625418060200332e-08 8.842989765303729127e-03
2.297658862876253807e-08 2.112486921582876643e-03
2.307692307692307282e-08 3.673108127296587349e-03
2.317725752508360758e-08 3.758572182243956426e-03
2.327759197324414233e-08 1.217889558006781531e-02
2.337792642140468040e-08 6.482514822598909980e-03
2.347826086956521515e-08 8.725260227794009657e-03
2.357859531772574990e-08 4.384065454025551888e-03
2.367892976588628466e-08 1.137692201315016784e-02
2.377926421404681941e-08 1.622004980076909410e-03
2.387959866220735417e-08 2.063959952407319869e-03
2.397993311036788892e-08 3.755964913173064600e-03
2.408026755852842367e-08 9.093731492366016744e-03
2.418060200668895843e-08 4.229992020188010245e-03
2.428093645484949649e-08 2.773325329572608449e-03
2.438127090301003124e-08 2.939846128241517531e-03
2.448160535117056600e-08 7.624295529426615078e-03
2.458193979933110075e-08 7.271324201758913412e-03
2.468227424749163551e-08 1.350552430329462344e-02
2.478260869565217026e-08 1.078503133067344917e-02
2.488294314381270501e-08 1.091602502966236739e-02
2.498327759197323977e-08 4.153299499935715275e-03
2.508361204013377452e-08 7.117519642692793184e-03
2.518394648829430928e-08 9.552233314649100429e-03
2.528428093645484734e-08 9.962366761597386128e-03
2.538461538461538209e-08 5.835387067075454605e-03
2.548494983277591685e-08 8.301144326040439322e-03
2.558528428093645160e-08 5.107664411194740191e-03
2.568561872909698635e-08 8.119971852864452805e-03
2.578595317725752111e-08 2.984700068217164409e-03
2.588628762541805586e-08 7.764356885329521535e-03
2.598662207357859062e-08 6.613120651911404309e-03
2.608695652173912537e-08 1.091809345908332715e-02
2.618729096989966343e-08 1.604287678110614263e-02
2.628762541806019819e-08 4.236637386620402922e-03
2.638795986622073294e-08 7.307331854365815317e-03
2.648829431438126769e-08 1.052528037209757468e-02
2.658862876254180245e-08 1.575226042720804034e-02
2.668896321070233720e-08 8.334732102496460182e-03
2.678929765886287196e-08 4.801901425664134929e-03
2.688963210702340671e-08 7.486132854883575331e-04
2.698996655518394146e-08 6.411850541900805667e-03
2.709030100334447622e-08 5.124422686700633861e-03
2.719063545150501428e-08 7.505086997649699186e-03
2.729096989966554904e-08 7.664434248314712025e-03
2.739130434782608379e-08 5.226182926326230355e-03
2.749163879598661854e-08 5.264301193426852536e-03
2.759197324414715330e-08 8.121414499464366110e-03
2.769230769230768805e-08 5.632004963406414891e-03
2.779264214046822281e-08 3.550500734852674641e-03
2.789297658862875756e-08 5.907949841941270187e-03
2.799331103678929231e-08 7.497810007892321930e-03
2.809364548494983038e-08 1.240413713058228194e-02
2.819397993311036513e-08 1.342969656679867665e-03
2.829431438127089988e-08 5.585117411627329997e-03
2.839464882943143464e-08 3.597731978521393967e-03
2.849498327759196939e-08 7.137907422229605205e-03
2.859531772575250415e-08 2.659150990645890722e-03
2.869565217391303890e-08 1.280872827376537681e-02
2.879598662207357365e-08 7.940912776438841664e-03
2.889632107023410841e-08 1.524350510342634656e-02
2.899665551839464316e-08 1.068764286270906111e-02
2.909698996655518122e-08 4.286892000761949144e-03
2.919732441471571598e-08 3.137299947399248105e-03
2.929765886287625073e-08 4.773941046607693695e-03
2.939799331103678549e-08 2.992103085529760221e-03
2.949832775919732024e-08 1.109299217261408566e-02
2.959866220735785499e-08 4.338214316956647519e-03
2.969899665551838975e-08 7.598408695206509619e-03
2.979933110367892450e-08 1.197479801265387278e-02
2.989966555183946256e-08 1.059235133498018233e-02
2.999999999999999732e-08 6.990917412237541984e-03
