0.000000000000000000e+00 9.999999999999995559e-01
1.003344481605351029e-10 4.183155564481496301e-03
2.006688963210702059e-10 6.821559663418580097e-03
3.010033444816052959e-10 3.262389581336430904e-03
4.013377926421404118e-10 7.621855414788098262e-03
5.016722408026755277e-10 6.131883909394147091e-03
6.020066889632105918e-10 7.954074692487463419e-03
7.023411371237457594e-10 4.782179873775202483e-03
8.026755852842808236e-10 4.441261933282572051e-03
9.030100334448158877e-10 1.286821022590182995e-02
1.003344481605351055e-09 7.242633971399919761e-03
1.103678929765886223e-09 3.451282069656025700e-03
1.204013377926421184e-09 9.908186980688408335e-03
1.304347826086956351e-09 4.799745865634007409e-03
1.404682274247491519e-09 6.884292378004415285e-03
1.505016722408026480e-09 4.299441988776532206e-03
1.605351170568561647e-09 8.605175812197251792e-03
1.705685618729096815e-09 1.522770555940997431e-02
1.806020066889631775e-09 5.536146904702111439e-03
1.906354515050166943e-09 1.724495821275402220e-03
2.006688963210702111e-09 6.251461425970948442e-03
2.107023411371237278e-09 9.401619147835346343e-03
2.207357859531772446e-09 4.633261643647814364e-03
2.307692307692307200e-09 9.336262879279726840e-03
2.408026755852842367e-09 3.730847001224900199e-03
2.508361204013377535e-09 6.552787234743175440e-03
2.608695652173912702e-09 5.467354503303783857e-03
2.709030100334447870e-09 2.682059690384229478e-03
2.809364548494983038e-09 2.672759231770075600e-03
2.909698996655517792e-09 3.054145305954466920e-03
3.010033444816052959e-09 3.658626879061610722e-03
3.110367892976588127e-09 6.362188091447323196e-03
3.210702341137123294e-09 7.070787192047386059e-03
3.311036789297658462e-09 8.089794377377022838e-03
3.411371237458193629e-09 9.523713437877638285e-03
3.511705685618728797e-09 5.146203153731112277e-03
3.612040133779263551e-09 1.087654025288668780e-02
3.712374581939798719e-09 3.701127567702221406e-03
3.812709030100333886e-09 6.182058077733303125e-03
3.913043478260868640e-09 1.278592330507037113e-02
4.013377926421404221e-09 5.801618489074442109e-03
4.113712374581938975e-09 1.412440242880907797e-02
4.214046822742474556e-09 9.704188405615226179e-03
4.314381270903009310e-09 6.246331207879124436e-03
4.414715719063544892e-09 5.189504319922440267e-03
4.515050167224079646e-09 5.528183036007621246e-03
4.615384615384614399e-09 8.719406270151946678e-03
4.715719063545149981e-09 3.088613161051537593e-03
4.816053511705684735e-09 8.154059745663140568e-03
4.916387959866220316e-09 1.037683788044202818e-02
5.016722408026755070e-09 1.015937900738406868e-02
5.117056856187290651e-09 5.676689208471961436e-03
5.217391304347825405e-09 7.752273163241909203e-03
5.317725752508360159e-09 7.631082143412205691e-03
5.418060200668895740e-09 1.342704875107833713e-02
5.518394648829430494e-09 6.038844641859786484e-03
5.618729096989966075e-09 7.557628124508369155e-03
5.719063545150500829e-09 8.268019365632468462e-03
5.819397993311035583e-09 3.047652512304994087e-03
5.919732441471571164e-09 8.822948750165947318e-03
6.020066889632105918e-09 8.511493276855557760e-03
6.120401337792641499e-09 4.851917463365242739e-03
6.220735785953176253e-09 1.611268276310517597e-02
6.321070234113711835e-09 8.178602108186229167e-03
6.421404682274246589e-09 7.501856588403238782e-03
6.521739130434781343e-09 9.772129806081513229e-03
6.622073578595316924e-09 -8.734384482114634224e-04
6.722408026755851678e-09 6.660206023511694440e-03
6.822742474916387259e-09 1.382075123402160509e-02
6.923076923076922013e-09 1.000750492115748055e-02
7.023411371237457594e-09 6.990843557703194447e-03
7.123745819397992348e-09 2.516455376290984390e-03
7.224080267558527102e-09 1.577593427981048135e-03
7.324414715719062683e-09 5.571063437259543040e-03
7.424749163879597437e-09 9.777395172771872686e-03
7.525083612040133018e-09 1.071384860327036399e-02
7.625418060200667772e-09 1.079215461587025061e-02
7.725752508361202526e-09 1.216392119387084414e-02
7.826086956521737280e-09 1.136314100699369577e-02
7.926421404682273689e-09 4.378255743803899716e-03
8.026755852842808442e-09 4.754459055285762889e-03
8.127090301003343196e-09 3.344294921158628368e-03
8.227424749163877950e-09 1.137959589108928846e-02
8.327759197324414359e-09 8.430133970785328237e-03
8.428093645484949113e-09 2.280256436873442840e-03
8.528428093645483867e-09 5.340547989581029276e-03
8.628762541806018621e-09 3.532723644582132444e-04
8.729096989966553375e-09 1.242569962584120190e-02
8.829431438127089783e-09 1.021491586423349876e-02
8.929765886287624537e-09 9.013767434522253902e-03
9.030100334448159291e-09 1.034787781559350431e-02
9.130434782608694045e-09 -2.898577279897698172e-03
9.230769230769228799e-09 1.167915192695988561e-03
9.331103678929765207e-09 5.692085746468619062e-03
9.431438127090299961e-09 1.449301041672059615e-02
9.531772575250834715e-09 1.293000509521364909e-02
9.632107023411369469e-09 4.899284463714081300e-03
9.732441471571904223e-09 9.796239964577858547e-03
9.832775919732440632e-09 6.952950401336114791e-03
9.933110367892975386e-09 2.863872844319053854e-03
1.003344481605351014e-08 7.121446768361074011e-04
1.013377926421404489e-08 3.944553708400870030e-03
1.023411371237458130e-08 9.545007648466217673e-03
1.033444816053511606e-08 8.558862944078459919e-03
1.043478260869565081e-08 1.143559488475485997e-02
1.053511705685618556e-08 9.136498524213583841e-03
1.063545150501672032e-08 2.851445801437698518e-03
1.073578595317725673e-08 1.122628054691022885e-02
1.083612040133779148e-08 6.940185263310675104e-03
1.093645484949832623e-08 9.555206535523518008e-03
1.103678929765886099e-08 8.097933823834621916e-03
1.113712374581939574e-08 5.244886967301949296e-03
1.123745819397993215e-08 7.916998985137705530e-03
1.133779264214046690e-08 2.478666008579885529e-03
1.143812709030100166e-08 8.691538148706273378e-03
1.153846153846153641e-08 7.339065239526520665e-03
1.163879598662207117e-08 7.338603504530498076e-03
1.173913043478260757e-08 4.779585131265732915e-03
1.183946488294314233e-08 3.857562077312067916e-03
1.193979933110367708e-08 1.032714494218925881e-02
1.204013377926421184e-08 6.149835805165615801e-03
1.214046822742474824e-08 5.201058756989819509e-03
1.224080267558528300e-08 4.967893389157908290e-03
1.234113712374581775e-08 3.325478613213105061e-03
1.244147157190635251e-08 6.268883755626687357e-03
1.254180602006688726e-08 7.697941280178694293e-03
1.264214046822742367e-08 1.024099441138279741e-02
1.274247491638795842e-08 9.333363217943237145e-03
1.284280936454849318e-08 5.291700660589065963e-03
1.294314381270902793e-08 7.556889246278099270e-03
1.304347826086956269e-08 3.171023121754791389e-03
1.314381270903009909e-08 8.382002636858799580e-03
1.324414715719063385e-08 -5.126483363025106758e-05
1.334448160535116860e-08 6.333472448343807973e-03
1.344481605351170336e-08 1.139445110713327956e-02
1.354515050167223811e-08 6.280901619824381249e-03
1.364548494983277452e-08 1.112720900180110516e-02
1.374581939799330927e-08 9.330328942155446253e-03
1.384615384615384403e-08 1.614257782804669628e-03
1.394648829431437878e-08 2.974762101718038225e-03
1.404682274247491519e-08 1.414295862756862789e-02
1.414715719063544994e-08 1.369839848409135086e-02
1.424749163879598470e-08 1.190120868234387057e-02
1.434782608695651945e-08 5.920198736898694622e-03
1.444816053511705420e-08 1.410997673338273625e-02
1.454849498327759061e-08 2.474530816743202976e-03
1.464882943143812537e-08 7.874584716059299105e-03
1.474916387959866012e-08 7.357637188961713669e-03
1.484949832775919487e-08 9.322564620371396812e-03
1.494983277591973128e-08 7.685230621882402705e-03
1.505016722408026604e-08 1.631651965130787377e-02
1.515050167224080079e-08 1.221221751700148420e-02
1.525083612040133554e-08 2.083760114266565867e-03
1.535117056856187030e-08 7.150448622558557878e-03
1.545150501672240505e-08 1.224747881724330516e-02
1.555183946488293981e-08 5.520421772882379806e-03
1.565217391304347456e-08 8.162759066132898103e-03
1.575250836120401262e-08 8.581614278104479979e-03
1.585284280936454738e-08 6.659825568122088729e-03
1.595317725752508213e-08 8.225494016297357422e-03
1.605351170568561688e-08 1.058556162263670289e-02
1.615384615384615164e-08 9.968689479033667963e-03
1.625418060200668639e-08 5.490265408740266709e-03
1.635451505016722115e-08 8.609032493888535073e-03
1.645484949832775590e-08 7.289307741487158210e-03
1.655518394648829065e-08 4.102459123319550025e-03
1.665551839464882872e-08 1.135546500462750880e-02
1.675585284280936347e-08 1.135339963383729528e-02
1.685618729096989823e-08 6.662068710131066954e-03
1.695652173913043298e-08 2.890142573025405830e-03
1.705685618729096773e-08 8.970785697575292886e-03
1.715719063545150249e-08 5.259693167867637506e-03
1.725752508361203724e-08 4.494658313195209684e-03
1.735785953177257200e-08 1.148844483720603410e-02
1.745819397993310675e-08 1.388849397176808095e-02
1.755852842809364150e-08 7.708410191434399324e-03
1.765886287625417957e-08 1.889513646067027351e-03
1.775919732441471432e-08 9.635967714310614621e-03
1.785953177257524907e-08 9.594119762502888865e-03
1.795986622073578383e-08 4.145339193225321649e-03
1.806020066889631858e-08 9.678217534176389997e-03
1.816053511705685334e-08 1.701969264590569731e-03
1.826086956521738809e-08 1.164004298727661785e-02
1.836120401337792284e-08 6.503404328806594754e-03
1.846153846153845760e-08 1.506938820267464917e-02
1.856187290969899566e-08 6.433285686578170577e-03
1.866220735785953041e-08 7.390139930286894823e-03
1.876254180602006517e-08 8.822907677678267294e-03
1.886287625418059992e-08 7.643589344155523636e-03
1.896321070234113468e-08 1.358643071500182167e-02
1.906354515050166943e-08 6.898830294277545801e-03
1.916387959866220418e-08 1.102179524095389055e-03
1.926421404682273894e-08 4.056482122263219657e-03
1.936454849498327369e-08 1.154706143076863686e-02
1.946488294314380845e-08 4.540629991878159487e-03
1.956521739130434651e-08 6.365780451719158309e-03
1.966555183946488126e-08 1.514857046266063559e-02
1.976588628762541602e-08 9.076848705098512771e-03
1.986622073578595077e-08 3.317213239599248707e-03
1.996655518394648553e-08 1.000378043351998064e-02
2.006688963210702028e-08 4.779718932850206010e-04
2.016722408026755503e-08 6.136040364243014814e-03
2.026755852842808979e-08 5.575841299198774914e-03
2.036789297658862454e-08 1.206150647284073146e-02
2.046822742474916260e-08 1.302620201219647361e-02
2.056856187290969736e-08 6.206243244034225295e-03
2.066889632107023211e-08 1.736701779602176435e-02
2.076923076923076687e-08 7.824697496418847251e-03
2.086956521739130162e-08 8.564234693957674741e-03
2.096989966555183637e-08 8.961709323648169023e-03
2.107023411371237113e-08 1.130927703478510488e-02
2.117056856187290588e-08 7.953546219768192066e-03
2.127090301003344064e-08 7.765794492030342160e-03
2.137123745819397539e-08 5.877697678457214324e-03
2.147157190635451345e-08 3.443940745218867019e-03
2.157190635451504821e-08 1.072980501288036716e-02
2.167224080267558296e-08 3.103905674830545296e-03
2.177257525083611771e-08 7.592079096189384424e-03
2.187290969899665247e-08 6.480223502374746203e-03
2.197324414715718722e-08 3.076935799583415797e-03
2.207357859531772198e-08 8.827028259710729269e-03
2.217391304347825673e-08 8.842043327457457802e-03
2.227424749163879148e-08 3.602939633213970289e-03
2.237458193979932955e-08 6.256552946464696841e-03
2.247491638795986430e-08 2.181425563985481004e-03
2.257525083612039905e-08 7.718816852285365418e-03
2.267558528428093381e-08 3.027148375342923314e-03
2.277591973244146856e-08 -2.688520764632146461e-03
2.287625418060200332e-08 9.940762717110831342e-03
2.297658862876253807e-08 7.443804203536226981e-03
2.307692307692307282e-08 5.501088356414602157e-03
2.317725752508360758e-08 9.627440099441398821e-03
2.327759197324414233e-08 9.928262881108659323e-04
2.337792642140468040e-08 5.886538886277917562e-03
2.347826086956521515e-08 3.890211098597379149e-03
2.357859531772574990e-08 1.927137896798327647e-03
2.367892976588628466e-08 3.363233087361650660e-03
2.377926421404681941e-08 7.887168344003598133e-03
2.387959866220735417e-08 7.511636581776544828e-03
2.397993311036788892e-08 1.270082629552781242e-02
2.408026755852842367e-08 1.803996193671100062e-02
2.418060200668895843e-08 1.244648698572112158e-03
2.428093645484949649e-08 1.126818534254347276e-03
2.438127090301003124e-08 1.101402128364611932e-02
2.448160535117056600e-08 8.333015177835956938e-03
2.458193979933110075e-08 1.314032985410940046e-02
2.468227424749163551e-08 4.200168578643395136e-03
2.478260869565217026e-08 8.021065857529078094e-03
2.488294314381270501e-08 8.521502547103579697e-03
2.498327759197323977e-08 1.475683478362245678e-02
2.508361204013377452e-08 8.271228026103463402e-03
2.518394648829430928e-08 8.180881783891992207e-03
2.528428093645484734e-08 3.992171100136075734e-03
2.538461538461538209e-08 8.575587853841711711e-03
2.548494983277591685e-08 5.818834069457921344e-03
2.558528428093645160e-08 6.648234713490791016e-03
2.568561872909698635e-08 1.311687546040044353e-02
2.578595317725752111e-08 9.436645347658607214e-03
2.588628762541805586e-08 7.566649766043600893e-03
2.598662207357859062e-08 1.733498672430467628e-03
2.608695652173912537e-08 8.112786048156168592e-03
2.618729096989966343e-08 4.899618500711395638e-03
2.628762541806019819e-08 4.588918901943628281e-03
2.638795986622073294e-08 5.454607731438221828e-03
2.648829431438126769e-08 9.065154525312306422e-03
2.658862876254180245e-08 1.051220484930011877e-02
2.668896321070233720e-08 4.582012430368847221e-03
2.678929765886287196e-08 7.108506178538127537e-03
2.688963210702340671e-08 4.786120689338967463e-03
2.698996655518394146e-08 7.940474229465376704e-03
2.709030100334447622e-08 5.233385782695883053e-03
2.719063545150501428e-08 1.345051915212362378e-02
2.729096989966554904e-08 2.161047352627874958e-03
2.739130434782608379e-08 2.407885946865129939e-03
2.749163879598661854e-08 2.063186117835099590e-03
2.759197324414715330e-08 5.167442133628118509e-03
2.769230769230768805e-08 5.995002068930132579e-03
2.779264214046822281e-08 -1.501857605284876362e-03
2.789297658862875756e-08 5.483519767218759944e-03
2.799331103678929231e-08 5.224617109378453320e-03
2.809364548494983038e-08 9.822010457105474074e-03
2.819397993311036513e-08 8.228300762482427047e-03
2.829431438127089988e-08 5.451476239371165489e-03
2.839464882943143464e-08 8.386347516461823554e-03
2.849498327759196939e-08 1.391814568076834083e-02
2.859531772575250415e-08 9.771325881294333493e-03
2.869565217391303890e-08 1.016630584002080513e-02
2.879598662207357365e-08 5.376366399801673149e-03
2.889632107023410841e-08 1.185073956912147293e-02
2.899665551839464316e-08 -1.754209842057301229e-04
2.909698996655518122e-08 5.982148334061678126e-03
2.919732441471571598e-08 7.471039274425954682e-03
2.929765886287625073e-08 8.749324775333803400e-03
2.939799331103678549e-08 5.261657844735577808e-03
2.949832775919732024e-08 7.956128583473434310e-03
2.959866220735785499e-08 1.017597302316963423e-02
2.969899665551838975e-08 1.376624237454221120e-02
2.979933110367892450e-08 5.627568966916051026e-03
2.989966555183946256e-08 4.425024233633977240e-03
2.999999999999999732e-08 1.247320080201393122e-02
