0.000000000000000000e+00 9.999999999999995559e-01
1.003344481605351029e-10 7.940742833132747452e-03
2.006688963210702059e-10 4.472156903727969764e-03
3.010033444816052959e-10 7.863743907663905486e-04
4.013377926421404118e-10 7.486050631530306518e-03
5.016722408026755277e-10 7.022727598585738577e-03
6.020066889632105918e-10 8.808680411123516463e-03
7.023411371237457594e-10 6.189446158091076178e-03
8.026755852842808236e-10 8.882327176720600584e-03
9.030100334448158877e-10 5.959984146711870719e-03
1.003344481605351055e-09 6.877726535306151641e-03
1.103678929765886223e-09 8.084055616214808060e-03
1.204013377926421184e-09 8.215480633726872026e-03
1.304347826086956351e-09 8.889831596126279364e-03
1.404682274247491519e-09 1.342189859258369720e-02
1.505016722408026480e-09 3.686155564050179814e-03
1.605351170568561647e-09 1.132041246813357722e-02
1.705685618729096815e-09 9.424064723592714618e-03
1.806020066889631775e-09 4.108618507570059412e-03
1.906354515050166943e-09 1.505015677100918258e-03
2.006688963210702111e-09 5.898327106069224668e-03
2.107023411371237278e-09 3.506136994755870099e-03
2.207357859531772446e-09 5.704349175462883857e-03
2.307692307692307200e-09 7.019391799862910973e-03
2.408026755852842367e-09 4.916479315366449609e-03
2.508361204013377535e-09 4.646586236602665704e-03
2.608695652173912702e-09 2.637721645484289272e-03
2.709030100334447870e-09 4.394467776952040022e-03
2.809364548494983038e-09 7.702293879245575466e-03
2.909698996655517792e-09 8.479474919632920896e-03
3.010033444816052959e-09 9.293384902068406103e-03
3.110367892976588127e-09 4.588771541480633070e-03
3.210702341137123294e-09 8.641704208872783705e-03
3.311036789297658462e-09 7.157981167458989276e-03
3.411371237458193629e-09 5.521820985175411936e-03
3.511705685618728797e-09 6.263472667006273094e-03
3.612040133779263551e-09 7.665742928490639971e-03
3.712374581939798719e-09 6.590871180938924316e-03
3.812709030100333886e-09 5.589925923475988316e-03
3.913043478260868640e-09 8.567983985333300564e-03
4.013377926421404221e-09 1.082679843324663854e-02
4.113712374581938975e-09 4.316205927511917138e-03
4.214046822742474556e-09 1.131322445734723320e-02
4.314381270903009310e-09 7.088970365704043430e-03
4.414715719063544892e-09 9.343012333266342839e-03
4.515050167224079646e-09 -1.701065758302235109e-05
4.615384615384614399e-09 5.825821828544417227e-03
4.715719063545149981e-09 2.148951210849907919e-03
4.816053511705684735e-09 4.163850693573174777e-03
4.916387959866220316e-09 4.922349741873748540e-03
5.016722408026755070e-09 8.543154941035207076e-03
5.117056856187290651e-09 9.867556509940787063e-03
5.217391304347825405e-09 7.242403341534045524e-03
5.317725752508360159e-09 7.672345766951651179e-03
5.418060200668895740e-09 1.885344194979385888e-03
5.518394648829430494e-09 1.224389190193732498e-02
5.618729096989966075e-09 7.727851777375409695e-03
5.719063545150500829e-09 1.691585156466607689e-03
5.819397993311035583e-09 4.703962708091827261e-03
5.919732441471571164e-09 1.000550322946420871e-02
6.020066889632105918e-09 1.063870424053523986e-02
6.120401337792641499e-09 1.140202757190145709e-02
6.220735785953176253e-09 8.825034798200610472e-03
6.321070234113711835e-09 1.855058039475863951e-02
6.421404682274246589e-09 4.028419173454955357e-03
6.521739130434781343e-09 7.997697369815539095e-03
6.622073578595316924e-09 6.369638597159731769e-03
6.722408026755851678e-09 1.878042148267962484e-03
6.822742474916387259e-09 9.419886066337314692e-03
6.923076923076922013e-09 9.207211190961614444e-03
7.023411371237457594e-09 1.086567948541355272e-02
7.123745819397992348e-09 1.002423723791489446e-02
7.224080267558527102e-09 9.985020453016751549e-03
7.324414715719062683e-09 1.153717127167449598e-02
7.424749163879597437e-09 1.132349982419176247e-02
7.525083612040133018e-09 9.306996038334760385e-03
7.625418060200667772e-09 8.653482743820134493e-03
7.725752508361202526e-09 9.724864212469517405e-03
7.826086956521737280e-09 5.467066824457020476e-03
7.926421404682273689e-09 2.620613263535312865e-03
8.026755852842808442e-09 8.094009173210346339e-03
8.127090301003343196e-09 7.155350535424500301e-03
8.227424749163877950e-09 1.359167316974653483e-02
8.327759197324414359e-09 7.409579290787171590e-03
8.428093645484949113e-09 1.149340579647320851e-02
8.528428093645483867e-09 7.121311746285552413e-03
8.628762541806018621e-09 3.386239795628022322e-03
8.729096989966553375e-09 5.262289575698795782e-03
8.829431438127089783e-09 6.865680733671650215e-03
8.929765886287624537e-09 4.805678118369596970e-03
9.030100334448159291e-09 6.826504331488216816e-03
9.130434782608694045e-09 8.700762378460210125e-03
9.230769230769228799e-09 5.643665446764286990e-03
9.331103678929765207e-09 1.312384488172052468e-03
9.431438127090299961e-09 6.673477579725243213e-03
9.531772575250834715e-09 9.371854333574358015e-03
9.632107023411369469e-09 7.357234826809441915e-03
9.732441471571904223e-09 4.531236649135387054e-03
9.832775919732440632e-09 4.628992989401958975e-03
9.933110367892975386e-09 4.106556464578099003e-03
1.003344481605351014e-08 9.451280183653543165e-04
1.013377926421404489e-08 1.452017999066623245e-02
1.023411371237458130e-08 1.009504166109837474e-02
1.033444816053511606e-08 6.722047265993276108e-03
1.043478260869565081e-08 1.217155363463148093e-02
1.053511705685618556e-08 1.281854516378636184e-02
1.063545150501672032e-08 2.646764099995666062e-03
1.073578595317725673e-08 1.244171969692758027e-02
1.083612040133779148e-08 1.204091023706371083e-02
1.093645484949832623e-08 3.075613038891826002e-03
1.103678929765886099e-08 1.060781288175866727e-02
1.113712374581939574e-08 8.076461061460402796e-03
1.123745819397993215e-08 1.070550733177794492e-02
1.133779264214046690e-08 9.470736667298069664e-03
1.143812709030100166e-08 8.722610222875886582e-03
1.153846153846153641e-08 6.974751523629581923e-03
1.163879598662207117e-08 6.405852763192578653e-03
1.173913043478260757e-08 6.226565232375919599e-03
1.183946488294314233e-08 1.348380782704552798e-03
1.193979933110367708e-08 -5.110600871212286640e-04
1.204013377926421184e-08 1.247190888073982859e-02
1.214046822742474824e-08 8.108746689370871161e-03
1.224080267558528300e-08 7.086914881371648121e-03
1.234113712374581775e-08 1.126787997651888806e-02
1.244147157190635251e-08 5.610423285185983135e-03
1.254180602006688726e-08 1.522869028127558227e-02
1.264214046822742367e-08 8.679299629838667027e-03
1.274247491638795842e-08 1.000485700289568437e-02
1.284280936454849318e-08 1.299386768890291657e-02
1.294314381270902793e-08 1.169757386801783226e-02
1.304347826086956269e-08 5.826179637858848979e-03
1.314381270903009909e-08 1.441115505222884119e-02
1.324414715719063385e-08 5.307791056542314305e-03
1.334448160535116860e-08 6.482360425843300238e-03
1.344481605351170336e-08 7.255524949280552777e-03
1.354515050167223811e-08 5.702380688650337225e-03
1.364548494983277452e-08 8.288203072084386266e-03
1.374581939799330927e-08 1.051193238380192414e-02
1.384615384615384403e-08 1.069022588475456587e-02
1.394648829431437878e-08 7.863429053106142652e-03
1.404682274247491519e-08 1.063650099783122749e-02
1.414715719063544994e-08 1.042176260378499010e-02
1.424749163879598470e-08 2.884321855684514151e-03
1.434782608695651945e-08 1.708361039872146464e-02
1.444816053511705420e-08 1.160584577988903361e-02
1.454849498327759061e-08 1.052926090548326338e-02
1.464882943143812537e-08 9.248142458545480227e-03
1.474916387959866012e-08 9.020226018876075294e-03
1.484949832775919487e-08 8.531882741984046434e-03
1.494983277591973128e-08 7.347504837672595712e-03
1.505016722408026604e-08 7.149159801494399044e-03
1.515050167224080079e-08 2.858858350831926590e-03
1.525083612040133554e-08 7.878582732385551804e-03
1.535117056856187030e-08 8.968416927608224495e-03
1.545150501672240505e-08 6.644115874829830022e-03
1.555183946488293981e-08 2.828810687504554333e-03
1.565217391304347456e-08 4.312931336210561011e-03
1.575250836120401262e-08 9.467216477852036238e-03
1.585284280936454738e-08 7.077349229998191639e-03
1.595317725752508213e-08 2.799010617473495291e-03
1.605351170568561688e-08 5.701359110358959412e-03
1.615384615384615164e-08 9.325126375050896144e-03
1.625418060200668639e-08 6.603029434541688066e-03
1.635451505016722115e-08 5.862343554844118461e-03
1.645484949832775590e-08 9.991426890251702084e-04
1.655518394648829065e-08 -4.868869497185057509e-03
1.665551839464882872e-08 1.108509633776978698e-02
1.675585284280936347e-08 1.071785671527183265e-02
1.685618729096989823e-08 2.738386409855192091e-03
1.695652173913043298e-08 4.444453738226794917e-03
1.705685618729096773e-08 1.254553839178622517e-02
1.715719063545150249e-08 6.635068447101101843e-03
1.725752508361203724e-08 1.049913995435704413e-02
1.735785953177257200e-08 9.313723207056836401e-03
1.745819397993310675e-08 9.379733503157718089e-03
1.755852842809364150e-08 6.278597459627628836e-03
1.765886287625417957e-08 5.347416988003830460e-03
1.775919732441471432e-08 8.385392984364987284e-03
1.785953177257524907e-08 9.855493768725265627e-03
1.795986622073578383e-08 7.544362672712615417e-03
1.806020066889631858e-08 7.318172132973774745e-03
1.816053511705685334e-08 2.320036220492593081e-03
1.826086956521738809e-08 1.115572131961914230e-02
1.836120401337792284e-08 5.238479375254461931e-03
1.846153846153845760e-08 5.627123979375039768e-03
1.856187290969899566e-08 5.898949502481029561e-03
1.866220735785953041e-08 1.478325646180323263e-02
1.876254180602006517e-08 7.063812366277368721e-03
1.886287625418059992e-08 1.152470774504672779e-02
1.896321070234113468e-08 1.444136236080240804e-02
1.906354515050166943e-08 5.838692216282187833e-03
1.916387959866220418e-08 2.199297354933339461e-03
1.926421404682273894e-08 7.492690371923320033e-03
1.936454849498327369e-08 7.530534398118552200e-03
1.946488294314380845e-08 6.915197389288027692e-03
1.956521739130434651e-08 1.022774660812834566e-02
1.966555183946488126e-08 1.207513428431368149e-02
1.976588628762541602e-08 6.227979713895989873e-03
1.986622073578595077e-08 1.262878191846516542e-02
1.996655518394648553e-08 1.499125797083702624e-02
2.006688963210702028e-08 9.683124065843940961e-03
2.016722408026755503e-08 6.968190345217104009e-03
2.026755852842808979e-08 1.032193083495644599e-02
2.036789297658862454e-08 7.996434234350232109e-03
2.046822742474916260e-08 4.939318796324043866e-03
2.056856187290969736e-08 7.961839185347721615e-03
2.066889632107023211e-08 8.031858211063997235e-03
2.076923076923076687e-08 7.610723886883193415e-03
2.086956521739130162e-08 -8.288628269695897917e-04
2.096989966555183637e-08 1.164384251522529272e-02
2.107023411371237113e-08 8.248919487195477060e-03
2.117056856187290588e-08 7.604277850773665491e-03
2.127090301003344064e-08 4.902623935509459012e-03
2.137123745819397539e-08 1.078017537054576022e-02
2.147157190635451345e-08 7.128052568583939652e-03
2.157190635451504821e-08 1.021130262633350265e-02
2.167224080267558296e-08 1.321870881361301292e-02
2.177257525083611771e-08 3.351018216320847398e-03
2.187290969899665247e-08 1.025880268030973132e-02
2.197324414715718722e-08 7.203793225068157689e-03
2.207357859531772198e-08 1.172144803066316882e-02
2.217391304347825673e-08 1.092966325591791105e-02
2.227424749163879148e-08 1.063809996916669463e-02
2.237458193979932955e-08 7.967062565099434709e-03
2.247491638795986430e-08 1.138046300126549330e-02
2.257525083612039905e-08 7.916649603563438373e-03
2.267558528428093381e-08 7.153497156193838226e-03
2.277591973244146856e-08 1.156380564635610918e-02
2.287625418060200332e-08 8.584898757077689263e-03
2.297658862876253807e-08 1.427207693442159031e-02
2.307692307692307282e-08 1.081206270307073086e-02
2.317725752508360758e-08 3.772764350164007231e-03
2.327759197324414233e-08 7.483062150819109332e-03
2.337792642140468040e-08 3.854220337024051677e-03
2.347826086956521515e-08 8.210205924429610919e-03
2.357859531772574990e-08 4.961240055947936829e-03
2.367892976588628466e-08 1.123729078366232127e-02
2.377926421404681941e-08 3.048973426910758008e-03
2.387959866220735417e-08 8.387015950492866107e-03
2.397993311036788892e-08 1.507671088401657880e-02
2.408026755852842367e-08 4.223956272055592528e-03
2.418060200668895843e-08 6.279322332932570777e-03
2.428093645484949649e-08 7.313580720490804252e-03
2.438127090301003124e-08 5.544843727019024664e-03
2.448160535117056600e-08 7.109235064480287636e-03
2.458193979933110075e-08 9.937475089533362796e-03
2.468227424749163551e-08 8.494916334617857653e-03
2.478260869565217026e-08 4.123038352975091740e-03
2.488294314381270501e-08 1.117684247992070667e-02
2.498327759197323977e-08 5.754967731299304688e-03
2.508361204013377452e-08 1.207079475142357194e-02
2.518394648829430928e-08 1.428806523600166349e-02
2.528428093645484734e-08 9.973979083792211889e-03
2.538461538461538209e-08 4.345057108244524714e-03
2.548494983277591685e-08 9.919989780821869552e-03
2.558528428093645160e-08 4.950486713552033902e-03
2.568561872909698635e-08 3.286851190822760293e-03
2.578595317725752111e-08 1.209960757530398855e-02
2.588628762541805586e-08 7.066170291569454434e-03
2.598662207357859062e-08 9.025562782709262849e-03
2.608695652173912537e-08 8.415839622173775653e-03
2.618729096989966343e-08 -1.086132934723621057e-03
2.628762541806019819e-08 8.630441648205255945e-03
2.638795986622073294e-08 1.428351799062793637e-02
2.648829431438126769e-08 6.202253484510424422e-03
2.658862876254180245e-08 8.790095639031341238e-03
2.668896321070233720e-08 3.073835220859796186e-03
2.678929765886287196e-08 1.422056198335804912e-02
2.688963210702340671e-08 8.028420313387853516e-03
2.698996655518394146e-08 1.373081566685660677e-02
2.709030100334447622e-08 8.196364753897084771e-03
2.719063545150501428e-08 9.993178017844736236e-03
2.729096989966554904e-08 3.836245354495724288e-03
2.739130434782608379e-08 7.136428876186465611e-03
2.749163879598661854e-08 2.965126652136560251e-03
2.759197324414715330e-08 5.566007649412583157e-03
2.769230769230768805e-08 1.602064215487132223e-02
2.779264214046822281e-08 7.462034139335848616e-03
2.789297658862875756e-08 8.508852827644096395e-03
2.799331103678929231e-08 3.969705898886215917e-03
2.809364548494983038e-08 4.249233346403358952e-03
2.819397993311036513e-08 7.776140475560833730e-03
2.829431438127089988e-08 9.242879383707346130e-03
2.839464882943143464e-08 4.877935340097566339e-03
2.849498327759196939e-08 5.298879117714616095e-03
2.859531772575250415e-08 7.988650221552590427e-03
2.869565217391303890e-08 4.397925502498034080e-03
2.879598662207357365e-08 9.668163233084139246e-03
2.889632107023410841e-08 6.905456301176933140e-03
2.899665551839464316e-08 7.158015369862721390e-03
2.909698996655518122e-08 8.607127043853876266e-03
2.919732441471571598e-08 1.690840031191058078e-03
2.929765886287625073e-08 5.458404321292699077e-03
2.939799331103678549e-08 5.768890076570545519e-03
2.949832775919732024e-08 3.567676495349162390e-03
2.959866220735785499e-08 6.487340971328203060e-03
2.969899665551838975e-08 4.377726075773992302e-03
2.979933110367892450e-08 4.891906375982094969e-03
2.989966555183946256e-08 5.204022353125390028e-03
2.999999999999999732e-08 4.718121762674510819e-03
