0.000000000000000000e+00 9.999999999999995559e-01
1.003344481605351029e-10 8.904656273110569398e-01
2.006688963210702059e-10 6.865992334234600758e-01
3.010033444816052959e-10 5.481653210417213318e-01
4.013377926421404118e-10 4.778851480052075384e-01
5.016722408026755277e-10 4.224055161205708675e-01
6.020066889632105918e-10 3.557206279745425137e-01
7.023411371237457594e-10 2.961050394294152954e-01
8.026755852842808236e-10 2.660043412441058797e-01
9.030100334448158877e-10 2.372959630842327861e-01
1.003344481605351055e-09 1.840995336619238032e-01
1.103678929765886223e-09 1.262698612531951980e-01
1.204013377926421184e-09 9.062969759955377680e-02
1.304347826086956351e-09 7.536597488090854280e-02
1.404682274247491519e-09 5.950648208670879930e-02
1.505016722408026480e-09 4.013705529045752396e-02
1.605351170568561647e-09 2.901262202775278798e-02
1.705685618729096815e-09 2.201924902677886847e-02
1.806020066889631775e-09 6.988547830317373352e-03
1.906354515050166943e-09 -1.269902857687102080e-02
2.006688963210702111e-09 -2.102112396656666965e-02
2.107023411371237278e-09 -1.617483482327952693e-02
2.207357859531772446e-09 -1.236826310283096683e-02
2.307692307692307200e-09 -1.346764673605940418e-02
2.408026755852842367e-09 -1.245282371809158101e-02
2.508361204013377535e-09 -7.456336598970895492e-03
2.608695652173912702e-09 -5.096970852943883204e-03
2.709030100334447870e-09 -8.822498622141655700e-03
2.809364548494983038e-09 -9.259349667972701509e-03
2.909698996655517792e-09 -1.210678589077187825e-03
3.010033444816052959e-09 6.252824010360206325e-03
3.110367892976588127e-09 8.406460269013895509e-03
3.210702341137123294e-09 1.141970654449194801e-02
3.311036789297658462e-09 1.848348029248002983e-02
3.411371237458193629e-09 2.382707578430225820e-02
3.511705685618728797e-09 2.266089711600480228e-02
3.612040133779263551e-09 1.893722131271495523e-02
3.712374581939798719e-09 1.880551213570434352e-02
3.812709030100333886e-09 2.076663845044220830e-02
3.913043478260868640e-09 1.909276758942900915e-02
4.013377926421404221e-09 1.687057166526682167e-02
4.113712374581938975e-09 2.054412992740793642e-02
4.214046822742474556e-09 2.526951993179332723e-02
4.314381270903009310e-09 2.434046411570493784e-02
4.414715719063544892e-09 2.059348899883363393e-02
4.515050167224079646e-09 1.921653166168324142e-02
4.615384615384614399e-09 2.030765452611610691e-02
4.715719063545149981e-09 2.006826139550657584e-02
4.816053511705684735e-09 1.831237732324575429e-02
4.916387959866220316e-09 1.972144717414912526e-02
5.016722408026755070e-09 2.459137979895149526e-02
5.117056856187290651e-09 2.776918030930170325e-02
5.217391304347825405e-09 2.812234334685718637e-02
5.317725752508360159e-09 3.002076034510622535e-02
5.418060200668895740e-09 3.389620608983200806e-02
5.518394648829430494e-09 3.478227527451319828e-02
5.618729096989966075e-09 3.222763705051957805e-02
5.719063545150500829e-09 3.142768197827103260e-02
5.819397993311035583e-09 3.352904362004855560e-02
5.919732441471571164e-09 3.379615272613830518e-02
6.020066889632105918e-09 3.116273340573243178e-02
6.120401337792641499e-09 2.988918716938814349e-02
6.220735785953176253e-09 3.022117104985948613e-02
6.321070234113711835e-09 2.870638349427872063e-02
6.421404682274246589e-09 2.466029488249054519e-02
6.521739130434781343e-09 2.035346100392934621e-02
6.622073578595316924e-09 1.918343975725780165e-02
6.722408026755851678e-09 2.008729289524970041e-02
6.822742474916387259e-09 1.737365881359924369e-02
6.923076923076922013e-09 1.165155226824739557e-02
7.023411371237457594e-09 8.143943347690699858e-03
7.123745819397992348e-09 5.196413020743540119e-03
7.224080267558527102e-09 -8.241597420435758719e-04
7.324414715719062683e-09 -6.158943451269020472e-03
7.424749163879597437e-09 -6.734666519810368623e-03
7.525083612040133018e-09 -5.886300997147611569e-03
7.625418060200667772e-09 -7.493394480447657796e-03
7.725752508361202526e-09 -9.857175067522237072e-03
7.826086956521737280e-09 -1.028950496824530304e-02
7.926421404682273689e-09 -9.816960162880250529e-03
8.026755852842808442e-09 -1.019964350509091830e-02
8.127090301003343196e-09 -9.023400259040520802e-03
8.227424749163877950e-09 -3.846656298246139971e-03
8.327759197324414359e-09 2.114849310986483336e-03
8.428093645484949113e-09 5.368232060460310061e-03
8.528428093645483867e-09 6.581455305831080890e-03
8.628762541806018621e-09 7.371743835351993353e-03
8.729096989966553375e-09 8.162744467342684940e-03
8.829431438127089783e-09 8.194158636206370569e-03
8.929765886287624537e-09 7.789514431079751743e-03
9.030100334448159291e-09 8.459577112794164008e-03
9.130434782608694045e-09 9.065235771885558555e-03
9.230769230769228799e-09 7.850978092858364871e-03
9.331103678929765207e-09 6.140237813019320048e-03
9.431438127090299961e-09 6.040737671439864662e-03
9.531772575250834715e-09 7.367567732950461822e-03
9.632107023411369469e-09 7.368686175830857846e-03
9.732441471571904223e-09 4.914209013289796459e-03
9.832775919732440632e-09 3.128734847558805026e-03
9.933110367892975386e-09 3.979446209753645207e-03
1.003344481605351014e-08 4.896235202170236799e-03
1.013377926421404489e-08 4.246864182248945470e-03
1.023411371237458130e-08 5.105982738983435437e-03
1.033444816053511606e-08 9.257595287162263126e-03
1.043478260869565081e-08 1.344208475292031635e-02
1.053511705685618556e-08 1.484561336825911994e-02
1.063545150501672032e-08 1.367304303342649179e-02
1.073578595317725673e-08 1.223054046161278774e-02
1.083612040133779148e-08 1.230502776077285580e-02
1.093645484949832623e-08 1.176746678562289386e-02
1.103678929765886099e-08 1.048802423856827482e-02
1.113712374581939574e-08 1.171955668227120384e-02
1.123745819397993215e-08 1.382840499595341943e-02
1.133779264214046690e-08 1.334666521799824160e-02
1.143812709030100166e-08 1.111202102867805443e-02
1.153846153846153641e-08 9.848126305131398028e-03
1.163879598662207117e-08 1.063677578658142435e-02
1.173913043478260757e-08 1.163934297436625825e-02
1.183946488294314233e-08 1.119980372142913641e-02
1.193979933110367708e-08 9.398691853519195241e-03
1.204013377926421184e-08 6.731642291641576695e-03
1.214046822742474824e-08 4.403697463317143151e-03
1.224080267558528300e-08 2.743423351345839617e-03
1.234113712374581775e-08 1.852049267102491526e-03
1.244147157190635251e-08 2.428834446337895837e-03
1.254180602006688726e-08 3.009838695298205219e-03
1.264214046822742367e-08 2.135200576332211414e-03
1.274247491638795842e-08 8.947728547173509905e-04
1.284280936454849318e-08 4.100989103165680189e-04
1.294314381270902793e-08 -1.609675868012004369e-04
1.304347826086956269e-08 -1.436806052776714096e-03
1.314381270903009909e-08 -1.333822548792507230e-03
1.324414715719063385e-08 1.841306213094320854e-04
1.334448160535116860e-08 3.750588406672625275e-04
1.344481605351170336e-08 2.045944740381175700e-04
1.354515050167223811e-08 1.124420647269781500e-03
1.364548494983277452e-08 1.711592823489412572e-03
1.374581939799330927e-08 1.740820332790684460e-03
1.384615384615384403e-08 1.073524816568301871e-03
1.394648829431437878e-08 -5.192896069359676653e-04
1.404682274247491519e-08 -1.046008251728173643e-03
1.414715719063544994e-08 -5.138663760319186861e-05
1.424749163879598470e-08 3.918696759463490085e-04
1.434782608695651945e-08 -2.019010643181352264e-04
1.444816053511705420e-08 -4.010457896157378598e-05
1.454849498327759061e-08 2.408713554122974762e-03
1.464882943143812537e-08 5.140783914732886123e-03
1.474916387959866012e-08 5.454221318615943073e-03
1.484949832775919487e-08 5.706399558207682354e-03
1.494983277591973128e-08 7.270658127472112014e-03
1.505016722408026604e-08 7.508800390051736939e-03
1.515050167224080079e-08 7.707881502734526512e-03
1.525083612040133554e-08 1.023015744349462311e-02
1.535117056856187030e-08 1.318570023769546039e-02
1.545150501672240505e-08 1.375350689112673358e-02
1.555183946488293981e-08 1.157024647693922006e-02
1.565217391304347456e-08 1.054669055636228009e-02
1.575250836120401262e-08 1.200279007340137455e-02
1.585284280936454738e-08 1.196082165135344683e-02
1.595317725752508213e-08 1.083671000078440146e-02
1.605351170568561688e-08 1.119239053429683765e-02
1.615384615384615164e-08 1.188131445799202324e-02
1.625418060200668639e-08 1.268804256209892477e-02
1.635451505016722115e-08 1.458319303049461328e-02
1.645484949832775590e-08 1.551669239995009594e-02
1.655518394648829065e-08 1.395109388245015063e-02
1.665551839464882872e-08 1.391324870840828995e-02
1.675585284280936347e-08 1.516914930317721406e-02
1.685618729096989823e-08 1.318262930910277242e-02
1.695652173913043298e-08 1.297069341687157214e-02
1.705685618729096773e-08 1.579113796773405284e-02
1.715719063545150249e-08 1.537545482057525552e-02
1.725752508361203724e-08 1.440977935512242382e-02
1.735785953177257200e-08 1.385515036620606384e-02
1.745819397993310675e-08 1.227234714380298283e-02
1.755852842809364150e-08 1.156994222408922433e-02
1.765886287625417957e-08 7.997193425453633792e-03
1.775919732441471432e-08 4.886277356810281476e-03
1.785953177257524907e-08 7.403908367577714637e-03
1.795986622073578383e-08 8.386466143198169007e-03
1.806020066889631858e-08 7.176650406775455029e-03
1.816053511705685334e-08 6.156442028812944035e-03
1.826086956521738809e-08 3.329449758636300431e-03
1.836120401337792284e-08 2.034581592470218869e-03
1.846153846153845760e-08 1.179489294908083559e-03
1.856187290969899566e-08 -8.772462367281864612e-04
1.866220735785953041e-08 -3.138273553982744244e-04
1.876254180602006517e-08 3.046577612789229915e-04
1.886287625418059992e-08 -2.765751676294476904e-04
1.896321070234113468e-08 2.764658427883224644e-04
1.906354515050166943e-08 -1.763673973881967581e-04
1.916387959866220418e-08 -1.204924148586334872e-03
1.926421404682273894e-08 -9.483383720131942970e-04
1.936454849498327369e-08 -7.489810535867931149e-04
1.946488294314380845e-08 -6.082937570152256637e-04
1.956521739130434651e-08 9.522220615404274491e-04
1.966555183946488126e-08 3.995186149006842852e-03
1.976588628762541602e-08 7.051672824698952506e-03
1.986622073578595077e-08 9.144247905995554065e-03
1.996655518394648553e-08 9.076772673405864370e-03
2.006688963210702028e-08 6.810612674163599688e-03
2.016722408026755503e-08 5.916506433053680784e-03
2.026755852842808979e-08 6.728380629497084618e-03
2.036789297658862454e-08 6.748925781926832547e-03
2.046822742474916260e-08 6.016744066108297741e-03
2.056856187290969736e-08 4.054224617785711846e-03
2.066889632107023211e-08 3.057709381542149038e-03
2.076923076923076687e-08 5.724629925766055137e-03
2.086956521739130162e-08 9.065779133668367545e-03
2.096989966555183637e-08 1.246288871876726802e-02
2.107023411371237113e-08 1.622618942918669857e-02
2.117056856187290588e-08 1.627814789432488821e-02
2.127090301003344064e-08 1.241201756870060832e-02
2.137123745819397539e-08 9.034588000030945379e-03
2.147157190635451345e-08 9.156287034297435484e-03
2.157190635451504821e-08 1.184780344413671575e-02
2.167224080267558296e-08 1.392900562239215469e-02
2.177257525083611771e-08 1.383114954791490360e-02
2.187290969899665247e-08 1.120900760570595935e-02
2.197324414715718722e-08 8.565225723901710372e-03
2.207357859531772198e-08 7.918506817339198561e-03
2.217391304347825673e-08 6.165948292014868104e-03
2.227424749163879148e-08 3.981208777132099093e-03
2.237458193979932955e-08 3.908535781859305905e-03
2.247491638795986430e-08 3.413718084140225217e-03
2.257525083612039905e-08 2.790124609580198981e-03
2.267558528428093381e-08 4.124104806013413095e-03
2.277591973244146856e-08 6.448442479029446728e-03
2.287625418060200332e-08 8.670949731947869346e-03
2.297658862876253807e-08 9.233226265190623561e-03
2.307692307692307282e-08 7.323614315829308011e-03
2.317725752508360758e-08 4.256099617740403268e-03
2.327759197324414233e-08 2.387692956064388101e-03
2.337792642140468040e-08 3.105392764167970009e-03
2.347826086956521515e-08 4.889084311321341240e-03
2.357859531772574990e-08 6.194554007672024160e-03
2.367892976588628466e-08 5.848334730255785700e-03
2.377926421404681941e-08 3.557936476293441577e-03
2.387959866220735417e-08 1.905536906171440611e-03
2.397993311036788892e-08 2.262726389420904871e-03
2.408026755852842367e-08 3.332964985849985306e-03
2.418060200668895843e-08 2.140082172432057964e-03
2.428093645484949649e-08 -7.244936601265997492e-04
2.438127090301003124e-08 5.972390372071665525e-04
2.448160535117056600e-08 4.007140550120127584e-03
2.458193979933110075e-08 4.202619260847927779e-03
2.468227424749163551e-08 4.499354961240807117e-03
2.478260869565217026e-08 6.507605415593246088e-03
2.488294314381270501e-08 9.809887555001488985e-03
2.498327759197323977e-08 1.435628630005303732e-02
2.508361204013377452e-08 1.492067582394226988e-02
2.518394648829430928e-08 9.936760351301667654e-03
2.528428093645484734e-08 4.032095158053021489e-03
2.538461538461538209e-08 1.116272214596715365e-03
2.548494983277591685e-08 2.366384489174025527e-03
2.558528428093645160e-08 4.649884039446619544e-03
2.568561872909698635e-08 5.701567691275267330e-03
2.578595317725752111e-08 5.792516653135338506e-03
2.588628762541805586e-08 4.377663500768726353e-03
2.598662207357859062e-08 3.190389460926762975e-03
2.608695652173912537e-08 4.063231020656218537e-03
2.618729096989966343e-08 5.466234041659765418e-03
2.628762541806019819e-08 5.104317220497847987e-03
2.638795986622073294e-08 3.215463290084367987e-03
2.648829431438126769e-08 4.141707983990295175e-03
2.658862876254180245e-08 8.726700824635379508e-03
2.668896321070233720e-08 1.083258469589717075e-02
2.678929765886287196e-08 8.762857924784098890e-03
2.688963210702340671e-08 7.849464144988937964e-03
2.698996655518394146e-08 9.353120683740733660e-03
2.709030100334447622e-08 9.016945440978915011e-03
2.719063545150501428e-08 6.532351290147578315e-03
2.729096989966554904e-08 4.799853309002472673e-03
2.739130434782608379e-08 3.427020301956957941e-03
2.749163879598661854e-08 2.936506447459590833e-03
2.759197324414715330e-08 5.432388406057441811e-03
2.769230769230768805e-08 8.731064613580023781e-03
2.779264214046822281e-08 1.040492320680801337e-02
2.789297658862875756e-08 1.131288331109850387e-02
2.799331103678929231e-08 1.091256627797328009e-02
2.809364548494983038e-08 8.846486289081670687e-03
2.819397993311036513e-08 8.431038295183367406e-03
2.829431438127089988e-08 9.774096080892243771e-03
2.839464882943143464e-08 8.870625156930512026e-03
2.849498327759196939e-08 6.658841613836370167e-03
2.859531772575250415e-08 5.960745685281967389e-03
2.869565217391303890e-08 5.938928382710940632e-03
2.879598662207357365e-08 6.268654052475509421e-03
2.889632107023410841e-08 6.627060884284060628e-03
2.899665551839464316e-08 5.273945124461482288e-03
2.909698996655518122e-08 2.848145503910735465e-03
2.919732441471571598e-08 2.753969199365813129e-03
2.929765886287625073e-08 5.349303944734164727e-03
2.939799331103678549e-08 6.475089725527616996e-03
2.949832775919732024e-08 6.167634141504657781e-03
2.959866220735785499e-08 6.861541996071353518e-03
2.969899665551838975e-08 6.994836476303478365e-03
2.979933110367892450e-08 7.648475239425723236e-03
2.989966555183946256e-08 8.881728132669058223e-03
2.999999999999999732e-08 6.938501366519822869e-03
