0.000000000000000000e+00 9.999999999999995559e-01
1.003344481605351029e-10 9.988182677482568828e-01
2.006688963210702059e-10 9.952900946246553415e-01
3.010033444816052959e-10 9.894661381068720063e-01
4.013377926421404118e-10 9.814294625897200808e-01
5.016722408026755277e-10 9.712935384015467521e-01
6.020066889632105918e-10 9.591995308458675096e-01
7.023411371237457594e-10 9.453129655236440776e-01
8.026755852842808236e-10 9.298198750876620622e-01
9.030100334448158877e-10 9.129225475040081417e-01
1.003344481605351055e-09 8.948350063211990557e-01
1.103678929765886223e-09 8.757783590382383077e-01
1.204013377926421184e-09 8.559761502832350377e-01
1.304347826086956351e-09 8.356498522335160661e-01
1.404682274247491519e-09 8.150146157951762005e-01
1.505016722408026480e-09 7.942753929685278935e-01
1.605351170568561647e-09 7.736235241726939771e-01
1.705685618729096815e-09 7.532338648378336110e-01
1.806020066889631775e-09 7.332625041462723647e-01
1.906354515050166943e-09 7.138451063233192118e-01
2.006688963210702111e-09 6.950958822733628306e-01
2.107023411371237278e-09 6.771071775341181986e-01
2.207357859531772446e-09 6.599496423281638879e-01
2.307692307692307200e-09 6.436729316764868702e-01
2.408026755852842367e-09 6.283068687270643160e-01
2.508361204013377535e-09 6.138629931151177166e-01
2.608695652173912702e-09 6.003364086153287760e-01
2.709030100334447870e-09 5.877078406984905801e-01
2.809364548494983038e-09 5.759458148174366743e-01
2.909698996655517792e-09 5.650088701023936455e-01
3.010033444816052959e-09 5.548477302733001437e-01
3.110367892976588127e-09 5.454073634738598741e-01
3.210702341137123294e-09 5.366288747931166059e-01
3.311036789297658462e-09 5.284511887871051750e-01
3.411371237458193629e-09 5.208124936298523799e-01
3.511705685618728797e-09 5.136514328911783167e-01
3.612040133779263551e-09 5.069080446713570831e-01
3.712374581939798719e-09 5.005244602958024425e-01
3.812709030100333886e-09 4.944453854534076043e-01
3.913043478260868640e-09 4.886183951300377970e-01
4.013377926421404221e-09 4.829940796535174830e-01
4.113712374581938975e-09 4.775260824767703638e-01
4.214046822742474556e-09 4.721710709713810572e-01
4.314381270903009310e-09 4.668886796112580173e-01
4.414715719063544892e-09 4.616414607471316378e-01
4.515050167224079646e-09 4.563948720674278481e-01
4.615384615384614399e-09 4.511173222558611529e-01
4.715719063545149981e-09 4.457802877976232425e-01
4.816053511705684735e-09 4.403585048934983703e-01
4.916387959866220316e-09 4.348302315574850696e-01
5.016722408026755070e-09 4.291775667168815644e-01
5.117056856187290651e-09 4.233868059719859134e-01
5.217391304347825405e-09 4.174488079997894507e-01
5.317725752508360159e-09 4.113593417045017242e-01
5.418060200668895740e-09 4.051193823244723657e-01
5.518394648829430494e-09 3.987353248842477882e-01
5.618729096989966075e-09 3.922190856020004168e-01
5.719063545150500829e-09 3.855880659862154225e-01
5.819397993311035583e-09 3.788649601410121193e-01
5.919732441471571164e-09 3.720773929211138586e-01
6.020066889632105918e-09 3.652573846430128834e-01
6.120401337792641499e-09 3.584406466312202721e-01
6.220735785953176253e-09 3.516657204993752228e-01
6.321070234113711835e-09 3.449729822799784684e-01
6.421404682274246589e-09 3.384035398945087758e-01
6.521739130434781343e-09 3.319980586163907010e-01
6.622073578595316924e-09 3.257955538078716184e-01
6.722408026755851678e-09 3.198321930747512476e-01
6.822742474916387259e-09 3.141401509380413737e-01
6.923076923076922013e-09 3.087465581240268486e-01
7.023411371237457594e-09 3.036725846761627601e-01
7.123745819397992348e-09 2.989326914389801026e-01
7.224080267558527102e-09 2.945340782844874106e-01
7.324414715719062683e-09 2.904763500447547497e-01
7.424749163879597437e-09 2.867514128338539137e-01
7.525083612040133018e-09 2.833436046768282868e-01
7.625418060200667772e-09 2.802300555169670027e-01
7.725752508361202526e-09 2.773812631444732557e-01
7.826086956521737280e-09 2.747618637543398079e-01
7.926421404682273689e-09 2.723315690314201398e-01
8.026755852842808442e-09 2.700462361515891252e-01
8.127090301003343196e-09 2.678590330857886226e-01
8.227424749163877950e-09 2.657216592279029732e-01
8.327759197324414359e-09 2.635855806862219541e-01
8.428093645484949113e-09 2.614032405496703459e-01
8.528428093645483867e-09 2.591292069558077116e-01
8.628762541806018621e-09 2.567212256716670526e-01
8.729096989966553375e-09 2.541411489178018179e-01
8.829431438127089783e-09 2.513557180444138672e-01
8.929765886287624537e-09 2.483371841024389903e-01
9.030100334448159291e-09 2.450637570268088816e-01
9.130434782608694045e-09 2.415198807534180980e-01
9.230769230769228799e-09 2.376963378352491552e-01
9.331103678929765207e-09 2.335901927500387554e-01
9.431438127090299961e-09 2.292045878902112532e-01
9.531772575250834715e-09 2.245484100375569891e-01
9.632107023411369469e-09 2.196358478511944157e-01
9.732441471571904223e-09 2.144858624995315266e-01
9.832775919732440632e-09 2.091215940666925621e-01
9.933110367892975386e-09 2.035697258377995034e-01
1.003344481605351014e-08 1.978598271402208786e-01
1.013377926421404489e-08 1.920236932525649642e-01
1.023411371237458130e-08 1.860946981803269229e-01
1.033444816053511606e-08 1.801071730425339579e-01
1.043478260869565081e-08 1.740958196261227775e-01
1.053511705685618556e-08 1.680951655436806191e-01
1.063545150501672032e-08 1.621390645549975473e-01
1.073578595317725673e-08 1.562602431336814757e-01
1.083612040133779148e-08 1.504898923902823205e-01
1.093645484949832623e-08 1.448573030749857882e-01
1.103678929765886099e-08 1.393895406044295959e-01
1.113712374581939574e-08 1.341111568739016269e-01
1.123745819397993215e-08 1.290439359733731861e-01
1.133779264214046690e-08 1.242066717339351672e-01
1.143812709030100166e-08 1.196149761730493782e-01
1.153846153846153641e-08 1.152811192463665813e-01
1.163879598662207117e-08 1.112139017048837941e-01
1.173913043478260757e-08 1.074185641533324104e-01
1.183946488294314233e-08 1.038967364730195853e-01
1.193979933110367708e-08 1.006464324923803527e-01
1.204013377926421184e-08 9.766209506948005103e-02
1.214046822742474824e-08 9.493469653222880167e-02
1.224080267558528300e-08 9.245189867874112344e-02
1.234113712374581775e-08 9.019827528312815423e-02
1.244147157190635251e-08 8.815559832774300109e-02
1.254180602006688726e-08 8.630318707094036812e-02
1.264214046822742367e-08 8.461831666705622867e-02
1.274247491638795842e-08 8.307668051127865827e-02
1.284280936454849318e-08 8.165289792877461483e-02
1.294314381270902793e-08 8.032105641255195272e-02
1.304347826086956269e-08 7.905527548231444657e-02
1.314381270903009909e-08 7.783027751936252847e-02
1.324414715719063385e-08 7.662194974314386064e-02
1.334448160535116860e-08 7.540788091991310060e-02
1.344481605351170336e-08 7.416785648844004264e-02
1.354515050167223811e-08 7.288429657264522410e-02
1.364548494983277452e-08 7.154262281147827363e-02
1.374581939799330927e-08 7.013154202221888456e-02
1.384615384615384403e-08 6.864323734212993133e-02
1.394648829431437878e-08 6.707346055438992427e-02
1.404682274247491519e-08 6.542152266464333621e-02
1.414715719063544994e-08 6.369018330633084701e-02
1.424749163879598470e-08 6.188544306080729501e-02
1.434782608695651945e-08 6.001624612743710480e-02
1.444816053511705420e-08 5.809410382332233502e-02
1.454849498327759061e-08 5.613265200201623950e-02
1.464882943143812537e-08 5.414715754784388962e-02
1.474916387959866012e-08 5.215399054710639914e-02
1.484949832775919487e-08 5.017007951030844071e-02
1.494983277591973128e-08 4.821236710426521355e-02
1.505016722408026604e-08 4.629728326601639105e-02
1.515050167224080079e-08 4.444025135954475514e-02
1.525083612040133554e-08 4.265524127684409278e-02
1.535117056856187030e-08 4.095438117549542179e-02
1.545150501672240505e-08 3.934763700150929744e-02
1.555183946488293981e-08 3.784256619545005307e-02
1.565217391304347456e-08 3.644414915230213825e-02
1.575250836120401262e-08 3.515469922864558616e-02
1.585284280936454738e-08 3.397384948241992386e-02
1.595317725752508213e-08 3.289861199354963267e-02
1.605351170568561688e-08 3.192350363071841390e-02
1.615384615384615164e-08 3.104073056000805284e-02
1.625418060200668639e-08 3.024042266907937815e-02
1.635451505016722115e-08 2.951090841442999615e-02
1.645484949832775590e-08 2.883902037266948895e-02
1.655518394648829065e-08 2.821042195103713388e-02
1.665551839464882872e-08 2.760994623015089813e-02
1.675585284280936347e-08 2.702193870161781822e-02
1.685618729096989823e-08 2.643059664402260672e-02
1.695652173913043298e-08 2.582029896878061670e-02
1.705685618729096773e-08 2.517592148015564829e-02
1.715719063545150249e-08 2.448313355623382703e-02
1.725752508361203724e-08 2.372867320616771358e-02
1.735785953177257200e-08 2.290059824502473085e-02
1.745819397993310675e-08 2.198851192013381167e-02
1.755852842809364150e-08 2.098376170979190936e-02
1.765886287625417957e-08 1.987961020324703620e-02
1.775919732441471432e-08 1.867137698423424960e-02
1.785953177257524907e-08 1.735655031836119341e-02
1.795986622073578383e-08 1.593486723844874525e-02
1.806020066889631858e-08 1.440836039030653389e-02
1.816053511705685334e-08 1.278136980622906864e-02
1.826086956521738809e-08 1.106051767492252473e-02
1.836120401337792284e-08 9.254644228513918963e-03
1.846153846153845760e-08 7.374703113160102630e-03
1.856187290969899566e-08 5.433615078975058410e-03
1.866220735785953041e-08 3.446079530340618105e-03
1.876254180602006517e-08 1.428344413844019611e-03
1.886287625418059992e-08 -6.020639356893384142e-04
1.896321070234113468e-08 -2.626648061756534439e-03
1.906354515050166943e-08 -4.626279418598517462e-03
1.916387959866220418e-08 -6.581565366391959465e-03
1.926421404682273894e-08 -8.473235909139899616e-03
1.936454849498327369e-08 -1.028254166004744993e-02
1.946488294314380845e-08 -1.199165342756628935e-02
1.956521739130434651e-08 -1.358405300319292033e-02
1.966555183946488126e-08 -1.504490426497740764e-02
1.976588628762541602e-08 -1.636139363926174956e-02
1.986622073578595077e-08 -1.752302931989048809e-02
1.996655518394648553e-08 -1.852188944073845239e-02
2.006688963210702028e-08 -1.935281062343022912e-02
2.016722408026755503e-08 -2.001350994482074472e-02
2.026755852842808979e-08 -2.050463533414970813e-02
2.036789297658862454e-08 -2.082974164479095558e-02
2.046822742474916260e-08 -2.099519206158956958e-02
2.056856187290969736e-08 -2.100998700196132080e-02
2.066889632107023211e-08 -2.088552514084347084e-02
2.076923076923076687e-08 -2.063530352877627344e-02
2.086956521739130162e-08 -2.027456587577829150e-02
2.096989966555183637e-08 -1.981990984782065757e-02
2.107023411371237113e-08 -1.928886558861815648e-02
2.117056856187290588e-08 -1.869945857666836450e-02
2.127090301003344064e-08 -1.806977031714254028e-02
2.137123745819397539e-08 -1.741751023514209740e-02
2.147157190635451345e-08 -1.675961149013641821e-02
2.157190635451504821e-08 -1.611186230411511613e-02
2.167224080267558296e-08 -1.548858284325850890e-02
2.177257525083611771e-08 -1.490235578912132812e-02
2.187290969899665247e-08 -1.436381657015762398e-02
2.197324414715718722e-08 -1.388150689833021235e-02
2.207357859531772198e-08 -1.346179287454934634e-02
2.217391304347825673e-08 -1.310884659695550625e-02
2.227424749163879148e-08 -1.282468802862699042e-02
2.237458193979932955e-08 -1.260928194703858293e-02
2.247491638795986430e-08 -1.246068318287407717e-02
2.257525083612039905e-08 -1.237522211887367302e-02
2.267558528428093381e-08 -1.234772159792634459e-02
2.277591973244146856e-08 -1.237173599922465443e-02
2.287625418060200332e-08 -1.243980327539227076e-02
2.297658862876253807e-08 -1.254370117424280506e-02
2.307692307692307282e-08 -1.267469964928114728e-02
2.317725752508360758e-08 -1.282380253023263778e-02
2.327759197324414233e-08 -1.298197280367153171e-02
2.337792642140468040e-08 -1.314033726145383101e-02
2.347826086956521515e-08 -1.329036772551541075e-02
2.357859531772574990e-08 -1.342403746803446166e-02
2.367892976588628466e-08 -1.353395273894685003e-02
2.377926421404681941e-08 -1.361346042207051653e-02
2.387959866220735417e-08 -1.365673371458263861e-02
2.397993311036788892e-08 -1.365883832702658937e-02
2.408026755852842367e-08 -1.361578201547947869e-02
2.418060200668895843e-08 -1.352455028588745063e-02
2.428093645484949649e-08 -1.338313087298815401e-02
2.438127090301003124e-08 -1.319052912935263742e-02
2.448160535117056600e-08 -1.294677581451504286e-02
2.458193979933110075e-08 -1.265292801112348486e-02
2.468227424749163551e-08 -1.231106308238833456e-02
2.478260869565217026e-08 -1.192426479302350316e-02
2.488294314381270501e-08 -1.149660001254666775e-02
2.498327759197323977e-08 -1.103308386714597043e-02
2.508361204013377452e-08 -1.053963085618363216e-02
2.518394648829430928e-08 -1.002298934035266743e-02
2.528428093645484734e-08 -9.490656963394100698e-03
2.538461538461538209e-08 -8.950774993789071751e-03
2.548494983277591685e-08 -8.412000254955979278e-03
2.558528428093645160e-08 -7.883354223072527867e-03
2.568561872909698635e-08 -7.374049965978320478e-03
2.578595317725752111e-08 -6.893298816824499492e-03
2.588628762541805586e-08 -6.450099954412182035e-03
2.598662207357859062e-08 -6.053017324546267411e-03
2.608695652173912537e-08 -5.709949507282074607e-03
2.618729096989966343e-08 -5.427899140028977047e-03
2.628762541806019819e-08 -5.212749278971162172e-03
2.638795986622073294e-08 -5.069054564412739557e-03
2.648829431438126769e-08 -4.999855206380919397e-03
2.658862876254180245e-08 -5.006521598326880117e-03
2.668896321070233720e-08 -5.088636790253353755e-03
2.678929765886287196e-08 -5.243923118040071801e-03
2.688963210702340671e-08 -5.468218021636989459e-03
2.698996655518394146e-08 -5.755502536980142657e-03
2.709030100334447622e-08 -6.097984175974963637e-03
2.719063545150501428e-08 -6.486233988973943640e-03
2.729096989966554904e-08 -6.909375616831437208e-03
2.739130434782608379e-08 -7.355322171506097594e-03
2.749163879598661854e-08 -7.811054922381641986e-03
2.759197324414715330e-08 -8.262936093217926672e-03
2.769230769230768805e-08 -8.697046667245678792e-03
2.779264214046822281e-08 -9.099539019137573709e-03
2.789297658862875756e-08 -9.456993491582500744e-03
2.799331103678929231e-08 -9.756767743207998139e-03
2.809364548494983038e-08 -9.987327827547770598e-03
2.819397993311036513e-08 -1.013855051467947924e-02
2.829431438127089988e-08 -1.020198731465158867e-02
2.839464882943143464e-08 -1.017108196431602656e-02
2.849498327759196939e-08 -1.004133474109917407e-02
2.859531772575250415e-08 -9.810408800768525769e-03
2.869565217391303890e-08 -9.478175724711119382e-03
2.879598662207357365e-08 -9.046699523785789107e-03
2.889632107023410841e-08 -8.520160397291701854e-03
2.899665551839464316e-08 -7.904721506377592605e-03
2.909698996655518122e-08 -7.208343816782889456e-03
2.919732441471571598e-08 -6.440555630948331493e-03
2.929765886287625073e-08 -5.612184711013370672e-03
2.939799331103678549e-08 -4.735061852721102540e-03
2.949832775919732024e-08 -3.821705381643778106e-03
2.959866220735785499e-08 -2.884996298926429531e-03
2.969899665551838975e-08 -1.937853710746903838e-03
2.979933110367892450e-08 -9.929197550179527654e-04
2.989966555183946256e-08 -6.226252422589402535e-05
2.999999999999999732e-08 8.428954811823966345e-04
