0.000000000000000000e+00 9.999999999999995559e-01
1.003344481605351029e-10 6.838526205407740449e-03
2.006688963210702059e-10 1.020293111531128845e-02
3.010033444816052959e-10 4.315435032551612725e-03
4.013377926421404118e-10 8.634854036397032057e-03
5.016722408026755277e-10 1.190924593299357535e-02
6.020066889632105918e-10 1.189231724033422422e-02
7.023411371237457594e-10 9.159693783822283122e-03
8.026755852842808236e-10 1.175988754735101532e-02
9.030100334448158877e-10 6.732036802213930970e-03
1.003344481605351055e-09 7.372018766142734471e-03
1.103678929765886223e-09 9.387640499992019189e-03
1.204013377926421184e-09 8.184018255982599202e-03
1.304347826086956351e-09 4.261519625079469159e-03
1.404682274247491519e-09 9.172692424733910888e-03
1.505016722408026480e-09 1.823762502993222720e-02
1.605351170568561647e-09 1.141164302705529633e-02
1.705685618729096815e-09 8.684119137900484994e-03
1.806020066889631775e-09 2.658958370326221406e-03
1.906354515050166943e-09 6.177674262416426448e-03
2.006688963210702111e-09 8.482263535046415462e-03
2.107023411371237278e-09 7.106252291520871213e-03
2.207357859531772446e-09 6.215912176028116215e-03
2.307692307692307200e-09 1.553510918942054009e-02
2.408026755852842367e-09 8.829676247344601242e-03
2.508361204013377535e-09 9.688908986997380943e-03
2.608695652173912702e-09 8.869436876506828563e-03
2.709030100334447870e-09 4.764488302952166708e-03
2.809364548494983038e-09 9.688351953313458984e-03
2.909698996655517792e-09 1.113197065752597609e-02
3.010033444816052959e-09 7.966250581424187682e-03
3.110367892976588127e-09 1.107296922342324193e-02
3.210702341137123294e-09 2.313619549760839549e-03
3.311036789297658462e-09 9.294968732242118309e-03
3.411371237458193629e-09 5.676633514422400884e-03
3.511705685618728797e-09 4.749551016578159278e-03
3.612040133779263551e-09 1.224423117409035103e-02
3.712374581939798719e-09 1.074757705393203019e-02
3.812709030100333886e-09 5.605731800350062348e-03
3.913043478260868640e-09 5.664770533837601256e-03
4.013377926421404221e-09 1.004280862645132166e-02
4.113712374581938975e-09 7.458986356648111132e-03
4.214046822742474556e-09 -1.762271103675255596e-03
4.314381270903009310e-09 1.159691626869182798e-02
4.414715719063544892e-09 8.599001982449049411e-03
4.515050167224079646e-09 4.003833036951228580e-03
4.615384615384614399e-09 6.084640178660545226e-03
4.715719063545149981e-09 5.322407264589591042e-03
4.816053511705684735e-09 1.182511241903409782e-02
4.916387959866220316e-09 5.983407376737357938e-03
5.016722408026755070e-09 7.466563565062744705e-03
5.117056856187290651e-09 1.264859612867741921e-03
5.217391304347825405e-09 1.468489813710113952e-02
5.317725752508360159e-09 4.410669310017361483e-03
5.418060200668895740e-09 1.101653299054992756e-02
5.518394648829430494e-09 9.049962562573000274e-03
5.618729096989966075e-09 5.102143138959125412e-03
5.719063545150500829e-09 1.222863377595340313e-02
5.819397993311035583e-09 8.136766180718941685e-03
5.919732441471571164e-09 2.991712773443419224e-03
6.020066889632105918e-09 4.171789365802570926e-03
6.120401337792641499e-09 5.484212903814896650e-03
6.220735785953176253e-09 5.564063346144362474e-03
6.321070234113711835e-09 1.339636917557498683e-02
6.421404682274246589e-09 7.752463032412402859e-03
6.521739130434781343e-09 7.463945895931531696e-03
6.622073578595316924e-09 8.887229505808931160e-03
6.722408026755851678e-09 6.072393608433805656e-03
6.822742474916387259e-09 -8.757385699154791045e-04
6.923076923076922013e-09 -4.684525883286474166e-04
7.023411371237457594e-09 6.624621484816893904e-03
7.123745819397992348e-09 5.975903359400782863e-03
7.224080267558527102e-09 4.754853747837434197e-03
7.324414715719062683e-09 8.381448531155633042e-03
7.424749163879597437e-09 7.639901039136201381e-03
7.525083612040133018e-09 7.676278617787849444e-03
7.625418060200667772e-09 2.833414196182487601e-03
7.725752508361202526e-09 7.648328085302191770e-03
7.826086956521737280e-09 3.929807152025833225e-04
7.926421404682273689e-09 9.679886560590376596e-03
8.026755852842808442e-09 2.741218997472687907e-03
8.127090301003343196e-09 6.780620563640632655e-03
8.227424749163877950e-09 1.274699200161866913e-02
8.327759197324414359e-09 1.495567887726590318e-03
8.428093645484949113e-09 7.195485370780563099e-03
8.528428093645483867e-09 5.145371831556505224e-03
8.628762541806018621e-09 8.253088914679846191e-03
8.729096989966553375e-09 2.491498758245540984e-03
8.829431438127089783e-09 6.150700184269691784e-03
8.929765886287624537e-09 1.055532330464750701e-02
9.030100334448159291e-09 9.584983366400578325e-03
9.130434782608694045e-09 1.321726318262868814e-02
9.230769230769228799e-09 5.374266268014922694e-03
9.331103678929765207e-09 7.549569459390114388e-03
9.431438127090299961e-09 4.625523468840759059e-03
9.531772575250834715e-09 1.235824570439813391e-02
9.632107023411369469e-09 8.868869238350042539e-03
9.732441471571904223e-09 8.711432593092089186e-03
9.832775919732440632e-09 6.010587535542014775e-03
9.933110367892975386e-09 6.835954416621731027e-03
1.003344481605351014e-08 6.655212444743898587e-03
1.013377926421404489e-08 6.141635989473679530e-03
1.023411371237458130e-08 3.934700440717177339e-03
1.033444816053511606e-08 1.041609125090253891e-02
1.043478260869565081e-08 1.266999121877789708e-02
1.053511705685618556e-08 2.034352815073087271e-03
1.063545150501672032e-08 2.693245451249762744e-03
1.073578595317725673e-08 9.649904604042828724e-03
1.083612040133779148e-08 1.491329999287718290e-02
1.093645484949832623e-08 6.527549866351897018e-03
1.103678929765886099e-08 1.389704373363574719e-02
1.113712374581939574e-08 3.592205088987402740e-03
1.123745819397993215e-08 -2.112172454686609378e-03
1.133779264214046690e-08 7.110722051676028783e-03
1.143812709030100166e-08 7.530893848018242742e-03
1.153846153846153641e-08 1.023301868423801692e-02
1.163879598662207117e-08 5.996899924000575685e-03
1.173913043478260757e-08 3.703938204304844679e-03
1.183946488294314233e-08 6.824829569978634741e-03
1.193979933110367708e-08 2.709889331275978919e-03
1.204013377926421184e-08 1.108082668640892124e-02
1.214046822742474824e-08 1.061139069964915638e-02
1.224080267558528300e-08 7.475931827363698282e-03
1.234113712374581775e-08 8.386379581424775742e-03
1.244147157190635251e-08 1.272520923269802005e-02
1.254180602006688726e-08 1.481449696241026945e-02
1.264214046822742367e-08 1.248494194419668725e-02
1.274247491638795842e-08 4.555859752025553586e-03
1.284280936454849318e-08 9.979731150752738783e-03
1.294314381270902793e-08 9.049022868216165943e-03
1.304347826086956269e-08 1.149443427923613724e-02
1.314381270903009909e-08 1.229764859719552003e-02
1.324414715719063385e-08 5.842497356994888827e-03
1.334448160535116860e-08 5.629217363506766950e-03
1.344481605351170336e-08 6.194301744061693482e-03
1.354515050167223811e-08 8.602234367456202888e-03
1.364548494983277452e-08 7.749979173270499233e-03
1.374581939799330927e-08 5.223596341465434542e-03
1.384615384615384403e-08 2.700078110494224734e-03
1.394648829431437878e-08 6.998563979224567064e-03
1.404682274247491519e-08 8.227416893405083836e-03
1.414715719063544994e-08 7.114552526037516179e-03
1.424749163879598470e-08 1.252452851080768093e-02
1.434782608695651945e-08 8.248893090589010449e-03
1.444816053511705420e-08 2.776030442856436929e-03
1.454849498327759061e-08 1.174482390792675086e-02
1.464882943143812537e-08 1.545910214820294531e-03
1.474916387959866012e-08 3.511205472126745133e-03
1.484949832775919487e-08 1.185987640624191000e-02
1.494983277591973128e-08 1.147399748085828168e-02
1.505016722408026604e-08 1.096228791619722857e-02
1.515050167224080079e-08 1.349850106500348132e-03
1.525083612040133554e-08 1.011316764578796754e-02
1.535117056856187030e-08 8.829894687022827107e-03
1.545150501672240505e-08 2.995680844723438464e-03
1.555183946488293981e-08 9.065175029270672660e-03
1.565217391304347456e-08 8.710023971778804025e-03
1.575250836120401262e-08 9.723899963834884558e-03
1.585284280936454738e-08 5.217550478709418946e-03
1.595317725752508213e-08 1.092973101440291098e-02
1.605351170568561688e-08 6.035077428042437235e-03
1.615384615384615164e-08 5.939904892759369226e-03
1.625418060200668639e-08 1.149415042949437568e-02
1.635451505016722115e-08 5.035127713710921445e-03
1.645484949832775590e-08 1.036218213922205332e-02
1.655518394648829065e-08 7.111749752916106740e-04
1.665551839464882872e-08 4.417481791929703250e-03
1.675585284280936347e-08 4.014068372122578388e-03
1.685618729096989823e-08 1.203605384406527569e-02
1.695652173913043298e-08 -3.101552848520417599e-03
1.705685618729096773e-08 1.070808953324872692e-02
1.715719063545150249e-08 6.738897469583601807e-03
1.725752508361203724e-08 1.530634282179048691e-02
1.735785953177257200e-08 1.121850947242751528e-02
1.745819397993310675e-08 1.300077588029480494e-02
1.755852842809364150e-08 6.307791413872196155e-03
1.765886287625417957e-08 6.019150025513520137e-03
1.775919732441471432e-08 1.093774263637687510e-02
1.785953177257524907e-08 2.313602274316773830e-03
1.795986622073578383e-08 9.008494133829220846e-03
1.806020066889631858e-08 1.590323173748460842e-02
1.816053511705685334e-08 3.777256275325847727e-03
1.826086956521738809e-08 7.480661965089112353e-03
1.836120401337792284e-08 9.830658189282458562e-03
1.846153846153845760e-08 5.114927908676625279e-03
1.856187290969899566e-08 1.024683570683920623e-02
1.866220735785953041e-08 7.556159372729744431e-03
1.876254180602006517e-08 4.704980760711194657e-03
1.886287625418059992e-08 7.885534434481086125e-03
1.896321070234113468e-08 5.671212764292657936e-03
1.906354515050166943e-08 5.851922543942691957e-03
1.916387959866220418e-08 7.691962441503906456e-03
1.926421404682273894e-08 9.547020992010879503e-03
1.936454849498327369e-08 4.910479581609413988e-03
1.946488294314380845e-08 3.990528000134249513e-03
1.956521739130434651e-08 6.942525732871929547e-03
1.966555183946488126e-08 9.652595104923902825e-03
1.976588628762541602e-08 9.591830770116884300e-03
1.986622073578595077e-08 7.862494358917752543e-03
1.996655518394648553e-08 8.745081794187997736e-04
2.006688963210702028e-08 3.465802556225868782e-03
2.016722408026755503e-08 9.593263930466031791e-03
2.026755852842808979e-08 9.522333473135826537e-03
2.036789297658862454e-08 5.339286303065686641e-03
2.046822742474916260e-08 7.704278220775222057e-03
2.056856187290969736e-08 -4.261741863549785162e-05
2.066889632107023211e-08 1.114143782959471293e-03
2.076923076923076687e-08 6.830223490616532493e-03
2.086956521739130162e-08 7.484508957484780657e-03
2.096989966555183637e-08 6.895730637411826534e-03
2.107023411371237113e-08 1.005891956277774578e-02
2.117056856187290588e-08 8.338876810893845401e-03
2.127090301003344064e-08 1.153256565503239101e-02
2.137123745819397539e-08 4.036441376359782736e-03
2.147157190635451345e-08 3.744993253705809245e-03
2.157190635451504821e-08 5.231378257172243640e-03
2.167224080267558296e-08 2.845975511247182763e-03
2.177257525083611771e-08 6.983445639567650159e-03
2.187290969899665247e-08 1.005577046505890838e-02
2.197324414715718722e-08 8.243743177723129173e-03
2.207357859531772198e-08 2.075004335095572035e-03
2.217391304347825673e-08 7.737799810494487562e-04
2.227424749163879148e-08 1.296372620830760561e-02
2.237458193979932955e-08 2.570887975405195848e-03
2.247491638795986430e-08 5.568741484913539326e-03
2.257525083612039905e-08 5.487546170686122618e-03
2.267558528428093381e-08 5.925075435421060452e-03
2.277591973244146856e-08 3.864583162945039833e-03
2.287625418060200332e-08 8.125359613327200192e-03
2.297658862876253807e-08 3.986526043667689041e-03
2.307692307692307282e-08 4.959485638320974008e-04
2.317725752508360758e-08 7.811860324226859234e-03
2.327759197324414233e-08 1.246790921818275409e-02
2.337792642140468040e-08 6.435335694548911800e-03
2.347826086956521515e-08 6.859135683249612848e-03
2.357859531772574990e-08 3.213168650917730493e-04
2.367892976588628466e-08 1.219934626590963266e-02
2.377926421404681941e-08 7.727328702544715433e-03
2.387959866220735417e-08 6.462661326323789791e-03
2.397993311036788892e-08 6.888415712901402137e-03
2.408026755852842367e-08 1.380299201402968891e-02
2.418060200668895843e-08 4.074124581271371462e-03
2.428093645484949649e-08 1.134323821985573806e-02
2.438127090301003124e-08 3.983070792300428403e-03
2.448160535117056600e-08 7.617736963575809372e-03
2.458193979933110075e-08 7.561074750370282496e-03
2.468227424749163551e-08 1.020156345746911150e-02
2.478260869565217026e-08 1.086049940807320632e-02
2.488294314381270501e-08 1.515084207518129292e-03
2.498327759197323977e-08 4.836279873071617358e-03
2.508361204013377452e-08 7.790637070583447503e-03
2.518394648829430928e-08 9.839818794476025074e-03
2.528428093645484734e-08 4.421944368064562904e-03
2.538461538461538209e-08 3.872734928467500871e-03
2.548494983277591685e-08 3.571514630400850470e-03
2.558528428093645160e-08 1.217774872983079515e-03
2.568561872909698635e-08 8.516369450196532159e-03
2.578595317725752111e-08 3.412620787793156445e-04
2.588628762541805586e-08 9.103514617692176972e-03
2.598662207357859062e-08 8.614846887664267400e-03
2.608695652173912537e-08 5.155632482016159028e-03
2.618729096989966343e-08 3.926371774176463936e-03
2.628762541806019819e-08 8.643221622278145222e-03
2.638795986622073294e-08 4.459156688706832593e-03
2.648829431438126769e-08 8.820630303224431118e-03
2.658862876254180245e-08 2.189153084506552903e-03
2.668896321070233720e-08 1.111398467867399237e-02
2.678929765886287196e-08 1.899717271289791181e-03
2.688963210702340671e-08 3.003916199206921496e-03
2.698996655518394146e-08 5.176756162947719793e-03
2.709030100334447622e-08 3.589105994500057378e-03
2.719063545150501428e-08 5.165534006587831246e-03
2.729096989966554904e-08 1.213363540993823292e-02
2.739130434782608379e-08 6.083154710990031078e-03
2.749163879598661854e-08 7.148483367034617723e-03
2.759197324414715330e-08 1.084655547825684810e-02
2.769230769230768805e-08 1.536529686507221229e-02
2.779264214046822281e-08 6.025712158377917460e-03
2.789297658862875756e-08 3.532552926216867527e-03
2.799331103678929231e-08 1.063641170915445751e-02
2.809364548494983038e-08 4.571622688167790993e-03
2.819397993311036513e-08 1.214000255914326337e-02
2.829431438127089988e-08 1.209642418735160617e-02
2.839464882943143464e-08 7.089242406106980449e-03
2.849498327759196939e-08 5.142302753690412669e-03
2.859531772575250415e-08 8.120144476143649828e-03
2.869565217391303890e-08 7.467267309809885734e-03
2.879598662207357365e-08 8.580340980483665281e-03
2.889632107023410841e-08 2.621619208761371850e-04
2.899665551839464316e-08 8.370462591802673227e-03
2.909698996655518122e-08 1.246415201417306988e-02
2.919732441471571598e-08 3.824438154959590181e-03
2.929765886287625073e-08 9.299605937117575230e-03
2.939799331103678549e-08 5.191698943014951516e-03
2.949832775919732024e-08 5.885353391705647370e-03
2.959866220735785499e-08 9.166662421513791653e-03
2.969899665551838975e-08 2.064226438347483480e-03
2.979933110367892450e-08 7.269947410923474629e-03
2.989966555183946256e-08 1.409397196846478087e-02
2.999999999999999732e-08 1.068828776307969262e-02
