0.000000000000000000e+00 9.999999999999995559e-01
1.003344481605351029e-10 8.965404018934891583e-01
2.006688963210702059e-10 6.984860286874325919e-01
3.010033444816052959e-10 5.575736727326187081e-01
4.013377926421404118e-10 4.850401989486708421e-01
5.016722408026755277e-10 4.317903546264024728e-01
6.020066889632105918e-10 3.690183967675884080e-01
7.023411371237457594e-10 3.068977903321572498e-01
8.026755852842808236e-10 2.717135092588439105e-01
9.030100334448158877e-10 2.477889006683278716e-01
1.003344481605351055e-09 2.031106264275126527e-01
1.103678929765886223e-09 1.449156218537819008e-01
1.204013377926421184e-09 1.009667965076601892e-01
1.304347826086956351e-09 8.057376234285959504e-02
1.404682274247491519e-09 6.753098117977647530e-02
1.505016722408026480e-09 4.894814639341650564e-02
1.605351170568561647e-09 3.339091318847083045e-02
1.705685618729096815e-09 2.616633084657679284e-02
1.806020066889631775e-09 1.687603923935417430e-02
1.906354515050166943e-09 -1.118816028443828797e-03
2.006688963210702111e-09 -1.769683483351396427e-02
2.107023411371237278e-09 -2.024523566988117515e-02
2.207357859531772446e-09 -1.437457174125819290e-02
2.307692307692307200e-09 -1.243016950124886492e-02
2.408026755852842367e-09 -1.365107830534914406e-02
2.508361204013377535e-09 -1.162742288499343454e-02
2.608695652173912702e-09 -6.617241119110995641e-03
2.709030100334447870e-09 -5.352211441345744621e-03
2.809364548494983038e-09 -9.258737045087353512e-03
2.909698996655517792e-09 -8.880140304889174580e-03
3.010033444816052959e-09 -7.639864992077683575e-04
3.110367892976588127e-09 6.316345110490226462e-03
3.210702341137123294e-09 8.384583409683524224e-03
3.311036789297658462e-09 1.116233127109408571e-02
3.411371237458193629e-09 1.786896380516080421e-02
3.511705685618728797e-09 2.353622463087540195e-02
3.612040133779263551e-09 2.316076932241790259e-02
3.712374581939798719e-09 1.944479171590425201e-02
3.812709030100333886e-09 1.846627831982741719e-02
3.913043478260868640e-09 2.047925199630549337e-02
4.013377926421404221e-09 1.994690188905361150e-02
4.113712374581938975e-09 1.706121297281544200e-02
4.214046822742474556e-09 1.871966064930124379e-02
4.314381270903009310e-09 2.402563882320345179e-02
4.414715719063544892e-09 2.538864906416650469e-02
4.515050167224079646e-09 2.214215295280593312e-02
4.615384615384614399e-09 1.940687280329025932e-02
4.715719063545149981e-09 1.968051925295381116e-02
4.816053511705684735e-09 2.054451184318124152e-02
4.916387959866220316e-09 1.922404351501058942e-02
5.016722408026755070e-09 1.829886519136291953e-02
5.117056856187290651e-09 2.140745585275669050e-02
5.217391304347825405e-09 2.611405660134357223e-02
5.317725752508360159e-09 2.801823692004909785e-02
5.418060200668895740e-09 2.833085809737732538e-02
5.518394648829430494e-09 3.097758918318463395e-02
5.618729096989966075e-09 3.449784723617740217e-02
5.719063545150500829e-09 3.443542006443409131e-02
5.819397993311035583e-09 3.186223564390085888e-02
5.919732441471571164e-09 3.159980796940360659e-02
6.020066889632105918e-09 3.370610435862413795e-02
6.120401337792641499e-09 3.368525066896176784e-02
6.220735785953176253e-09 3.108711933082288631e-02
6.321070234113711835e-09 2.988902411976273807e-02
6.421404682274246589e-09 3.022465002024412803e-02
6.521739130434781343e-09 2.889629015623976574e-02
6.622073578595316924e-09 2.512132662822728207e-02
6.722408026755851678e-09 2.079463371671094046e-02
6.822742474916387259e-09 1.910730716578004293e-02
6.923076923076922013e-09 2.003930469984196300e-02
7.023411371237457594e-09 1.843026651188317891e-02
7.123745819397992348e-09 1.305690397337391784e-02
7.224080267558527102e-09 8.866000805599499185e-03
7.324414715719062683e-09 6.419740388091198235e-03
7.424749163879597437e-09 1.555496773742878975e-03
7.525083612040133018e-09 -4.601964710338874581e-03
7.625418060200667772e-09 -6.999750880060684813e-03
7.725752508361202526e-09 -6.075465335635026227e-03
7.826086956521737280e-09 -6.411883018900247852e-03
7.926421404682273689e-09 -8.785326482183386521e-03
8.026755852842808442e-09 -1.032332466389040797e-02
8.127090301003343196e-09 -1.003704747476555185e-02
8.227424749163877950e-09 -9.896815422074389107e-03
8.327759197324414359e-09 -1.017842555348635533e-02
8.428093645484949113e-09 -7.707658130932024815e-03
8.528428093645483867e-09 -1.916621613114053314e-03
8.628762541806018621e-09 3.280248935800958356e-03
8.729096989966553375e-09 5.763919429094701771e-03
8.829431438127089783e-09 6.741293237137756245e-03
8.929765886287624537e-09 7.518419039242770635e-03
9.030100334448159291e-09 8.231465853512863126e-03
9.130434782608694045e-09 8.141496295860606650e-03
9.230769230769228799e-09 7.794660342231807260e-03
9.331103678929765207e-09 8.507177289252269153e-03
9.431438127090299961e-09 9.061950499586085214e-03
9.531772575250834715e-09 7.887743352374618211e-03
9.632107023411369469e-09 6.200679989339517167e-03
9.732441471571904223e-09 5.970609107866618401e-03
9.832775919732440632e-09 7.221837070235432969e-03
9.933110367892975386e-09 7.549372758778316594e-03
1.003344481605351014e-08 5.423239009524833884e-03
1.013377926421404489e-08 3.274426389508876961e-03
1.023411371237458130e-08 3.624544937585680044e-03
1.033444816053511606e-08 4.824631675989650773e-03
1.043478260869565081e-08 4.485481769280120004e-03
1.053511705685618556e-08 4.416337389848547755e-03
1.063545150501672032e-08 7.484684038576307208e-03
1.073578595317725673e-08 1.201737841615290424e-02
1.083612040133779148e-08 1.462043454515197030e-02
1.093645484949832623e-08 1.443424420011024840e-02
1.103678929765886099e-08 1.278807772155134831e-02
1.113712374581939574e-08 1.213659882592356756e-02
1.123745819397993215e-08 1.229860983516912511e-02
1.133779264214046690e-08 1.112865887283667060e-02
1.143812709030100166e-08 1.059465345318424956e-02
1.153846153846153641e-08 1.258549877047159676e-02
1.163879598662207117e-08 1.400332070712045560e-02
1.173913043478260757e-08 1.277645061536564035e-02
1.183946488294314233e-08 1.061418919219094675e-02
1.193979933110367708e-08 9.871137734785168788e-03
1.204013377926421184e-08 1.088553768860583276e-02
1.214046822742474824e-08 1.167472489244087731e-02
1.224080267558528300e-08 1.104652181185305886e-02
1.234113712374581775e-08 9.179260403995097642e-03
1.244147157190635251e-08 6.574094238405377849e-03
1.254180602006688726e-08 4.352243063498679836e-03
1.264214046822742367e-08 2.750358851062179120e-03
1.274247491638795842e-08 1.858755215214369675e-03
1.284280936454849318e-08 2.360670460661965647e-03
1.294314381270902793e-08 3.015154097455483712e-03
1.304347826086956269e-08 2.310941571368269921e-03
1.314381270903009909e-08 1.054075189310093230e-03
1.324414715719063385e-08 4.609070494942621877e-04
1.334448160535116860e-08 5.382018026949745952e-05
1.344481605351170336e-08 -1.131126813063253319e-03
1.354515050167223811e-08 -1.611153433459144814e-03
1.364548494983277452e-08 -2.634187764350621498e-04
1.374581939799330927e-08 4.961273848748013696e-04
1.384615384615384403e-08 1.358229951384350501e-04
1.394648829431437878e-08 6.829406341527437078e-04
1.404682274247491519e-08 1.552050818233082115e-03
1.414715719063544994e-08 1.765241903113455406e-03
1.424749163879598470e-08 1.564646329904042935e-03
1.434782608695651945e-08 3.774657322973312863e-04
1.444816053511705420e-08 -9.891218211029078125e-04
1.454849498327759061e-08 -7.355532066958391652e-04
1.464882943143812537e-08 2.609221603471177653e-04
1.474916387959866012e-08 2.539331924640232576e-04
1.484949832775919487e-08 -3.383981423606198828e-04
1.494983277591973128e-08 3.875143928708407216e-04
1.505016722408026604e-08 3.166794597479627958e-03
1.515050167224080079e-08 5.397496182941011189e-03
1.525083612040133554e-08 5.390585215045515938e-03
1.535117056856187030e-08 5.891812519948630769e-03
1.545150501672240505e-08 7.387513028371547365e-03
1.555183946488293981e-08 7.477488853786007188e-03
1.565217391304347456e-08 7.766368992334947777e-03
1.575250836120401262e-08 1.026228153857072084e-02
1.585284280936454738e-08 1.313816166948832652e-02
1.595317725752508213e-08 1.380989771118908312e-02
1.605351170568561688e-08 1.178164142679791193e-02
1.615384615384615164e-08 1.048862720968109057e-02
1.625418060200668639e-08 1.179103738808469186e-02
1.635451505016722115e-08 1.215289869896311534e-02
1.645484949832775590e-08 1.097917615848915431e-02
1.655518394648829065e-08 1.099966109521060935e-02
1.665551839464882872e-08 1.173022531160384033e-02
1.675585284280936347e-08 1.233441473113681790e-02
1.685618729096989823e-08 1.387140910104782063e-02
1.695652173913043298e-08 1.549949559272120574e-02
1.705685618729096773e-08 1.469916195131911081e-02
1.715719063545150249e-08 1.350106098197475547e-02
1.725752508361203724e-08 1.483676612784587054e-02
1.735785953177257200e-08 1.448258319358290171e-02
1.745819397993310675e-08 1.242776840579393367e-02
1.755852842809364150e-08 1.428226533843489701e-02
1.765886287625417957e-08 1.607118096953603567e-02
1.775919732441471432e-08 1.481016474229579320e-02
1.785953177257524907e-08 1.436645199233115879e-02
1.795986622073578383e-08 1.334234317917030142e-02
1.806020066889631858e-08 1.206070267578852016e-02
1.816053511705685334e-08 1.107938688417830359e-02
1.826086956521738809e-08 6.940072261520873788e-03
1.836120401337792284e-08 5.031507446797117700e-03
1.846153846153845760e-08 7.834625637480351068e-03
1.856187290969899566e-08 8.247131803153976912e-03
1.866220735785953041e-08 7.113436490422594786e-03
1.876254180602006517e-08 6.038874718861342479e-03
1.886287625418059992e-08 3.263866217047199474e-03
1.896321070234113468e-08 2.036074341693758054e-03
1.906354515050166943e-08 1.255995620081676095e-03
1.916387959866220418e-08 -7.931983733144630597e-04
1.926421404682273894e-08 -4.649557237114561835e-04
1.936454849498327369e-08 3.537556190367286465e-04
1.946488294314380845e-08 -2.494617151097729135e-04
1.956521739130434651e-08 1.542914402497103619e-04
1.966555183946488126e-08 8.717286595749293952e-05
1.976588628762541602e-08 -1.052801285624162687e-03
1.986622073578595077e-08 -1.096840384970435272e-03
1.996655518394648553e-08 -7.452133048984083824e-04
2.006688963210702028e-08 -7.538215007960558881e-04
2.016722408026755503e-08 1.232215514782433524e-04
2.026755852842808979e-08 2.619525938750637706e-03
2.036789297658862454e-08 5.752304664553713025e-03
2.046822742474916260e-08 8.298994970968347901e-03
2.056856187290969736e-08 9.478633354819502102e-03
2.066889632107023211e-08 8.147143603125909378e-03
2.076923076923076687e-08 6.092511808666363146e-03
2.086956521739130162e-08 6.205039002540422600e-03
2.096989966555183637e-08 6.859809813760087659e-03
2.107023411371237113e-08 6.592889685277551932e-03
2.117056856187290588e-08 5.574784524414649889e-03
2.127090301003344064e-08 3.505815617137287253e-03
2.137123745819397539e-08 3.387872410342882609e-03
2.147157190635451345e-08 6.444342268037453816e-03
2.157190635451504821e-08 9.565661329600870511e-03
2.167224080267558296e-08 1.301197455890159942e-02
2.177257525083611771e-08 1.646746291214983698e-02
2.187290969899665247e-08 1.609092203392249038e-02
2.197324414715718722e-08 1.224110767864098823e-02
2.207357859531772198e-08 9.021135234534294334e-03
2.217391304347825673e-08 9.110498373359608715e-03
2.227424749163879148e-08 1.168713715917040798e-02
2.237458193979932955e-08 1.382210933397912817e-02
2.247491638795986430e-08 1.398294722245729295e-02
2.257525083612039905e-08 1.171133601095229043e-02
2.267558528428093381e-08 8.876363432739158704e-03
2.277591973244146856e-08 8.026503564117841785e-03
2.287625418060200332e-08 6.795300303678383433e-03
2.297658862876253807e-08 4.382564629743844996e-03
2.307692307692307282e-08 3.821923558296689769e-03
2.317725752508360758e-08 3.741119906470343880e-03
2.327759197324414233e-08 2.835267783484287686e-03
2.337792642140468040e-08 3.373012847777730281e-03
2.347826086956521515e-08 5.390663906721280922e-03
2.357859531772574990e-08 7.717429689818623706e-03
2.367892976588628466e-08 9.265666632138241585e-03
2.377926421404681941e-08 8.605456719204212720e-03
2.387959866220735417e-08 6.006429105544559832e-03
2.397993311036788892e-08 3.218459593038080786e-03
2.408026755852842367e-08 2.384147942234974161e-03
2.418060200668895843e-08 3.701347912252734955e-03
2.428093645484949649e-08 5.382608253682052458e-03
2.438127090301003124e-08 6.327421169056054485e-03
2.448160535117056600e-08 5.402129274504239090e-03
2.458193979933110075e-08 3.056433462769412961e-03
2.468227424749163551e-08 1.832144989158559709e-03
2.478260869565217026e-08 2.435604592439009376e-03
2.488294314381270501e-08 3.367860695269477705e-03
2.498327759197323977e-08 1.886745757467289848e-03
2.508361204013377452e-08 -7.981700376970856433e-04
2.518394648829430928e-08 6.790355629804401862e-04
2.528428093645484734e-08 3.988378756309395208e-03
2.538461538461538209e-08 4.228134222854080387e-03
2.548494983277591685e-08 4.401457532186672447e-03
2.558528428093645160e-08 6.256533434489969930e-03
2.568561872909698635e-08 9.229562671007126781e-03
2.578595317725752111e-08 1.369709121392966196e-02
2.588628762541805586e-08 1.533951761091325618e-02
2.598662207357859062e-08 1.136482506113846262e-02
2.608695652173912537e-08 5.425329633229073779e-03
2.618729096989966343e-08 1.516445011268985690e-03
2.628762541806019819e-08 1.627828456216497740e-03
2.638795986622073294e-08 3.951848083521897724e-03
2.648829431438126769e-08 5.407646392168668527e-03
2.658862876254180245e-08 5.911219546660730247e-03
2.668896321070233720e-08 5.175613388549609069e-03
2.678929765886287196e-08 3.546211671978137265e-03
2.688963210702340671e-08 3.387764024642686469e-03
2.698996655518394146e-08 4.783834858595416815e-03
2.709030100334447622e-08 5.616725876476035342e-03
2.719063545150501428e-08 4.376000434401566483e-03
2.729096989966554904e-08 2.989125600586363656e-03
2.739130434782608379e-08 5.450105999208995286e-03
2.749163879598661854e-08 9.863695952196025601e-03
2.759197324414715330e-08 1.053086657333291397e-02
2.769230769230768805e-08 8.269648788676132317e-03
2.779264214046822281e-08 8.063267490997965206e-03
2.789297658862875756e-08 9.521291456124406777e-03
2.799331103678929231e-08 8.741169760792560917e-03
2.809364548494983038e-08 6.301446369474099363e-03
2.819397993311036513e-08 4.710949461606475999e-03
2.829431438127089988e-08 3.376779588496884362e-03
2.839464882943143464e-08 2.941123350943319024e-03
2.849498327759196939e-08 5.336546768440262115e-03
2.859531772575250415e-08 8.579657565142541353e-03
2.869565217391303890e-08 1.030185327484277845e-02
2.879598662207357365e-08 1.123490725587367352e-02
2.889632107023410841e-08 1.112341906994549628e-02
2.899665551839464316e-08 9.220298178927730307e-03
2.909698996655518122e-08 8.257826631520515798e-03
2.919732441471571598e-08 9.522162534289148328e-03
2.929765886287625073e-08 9.422823153982096481e-03
2.939799331103678549e-08 7.244685109928303279e-03
2.949832775919732024e-08 6.042062600491074353e-03
2.959866220735785499e-08 5.935490740118109891e-03
2.969899665551838975e-08 6.060587468190492544e-03
2.979933110367892450e-08 6.583071122779440495e-03
2.989966555183946256e-08 6.181358559377934242e-03
2.999999999999999732e-08 4.008915158736828417e-03
