0.000000000000000000e+00 9.999999999999995559e-01
1.003344481605351029e-10 7.426188369108948500e-03
2.006688963210702059e-10 -3.080413203964273258e-04
3.010033444816052959e-10 5.948530707890921712e-03
4.013377926421404118e-10 1.523222148129617370e-02
5.016722408026755277e-10 7.172716902696614494e-03
6.020066889632105918e-10 1.352680642953131215e-02
7.023411371237457594e-10 1.789228868069664673e-03
8.026755852842808236e-10 7.634418543842699627e-03
9.030100334448158877e-10 7.632860279212225381e-03
1.003344481605351055e-09 9.480012006635403499e-03
1.103678929765886223e-09 1.074089966074612615e-02
1.204013377926421184e-09 4.688066040742407993e-03
1.304347826086956351e-09 5.332363874563327694e-03
1.404682274247491519e-09 1.188132133757963983e-02
1.505016722408026480e-09 1.124859283200041644e-02
1.605351170568561647e-09 4.246647217224825029e-03
1.705685618729096815e-09 1.091808622000735481e-02
1.806020066889631775e-09 1.324316199523689792e-02
1.906354515050166943e-09 5.520920290590564106e-03
2.006688963210702111e-09 9.233551810118666159e-03
2.107023411371237278e-09 2.941106855167471314e-03
2.207357859531772446e-09 6.860689816675492533e-03
2.307692307692307200e-09 1.010137246314826015e-02
2.408026755852842367e-09 9.826862615277929744e-03
2.508361204013377535e-09 7.504960618386102497e-03
2.608695652173912702e-09 6.319706732813842182e-03
2.709030100334447870e-09 7.272307075351737427e-03
2.809364548494983038e-09 1.122259682910097672e-02
2.909698996655517792e-09 9.050407657303284614e-03
3.010033444816052959e-09 5.739031333245259853e-03
3.110367892976588127e-09 1.355710928503439314e-02
3.210702341137123294e-09 3.937402065423636563e-03
3.311036789297658462e-09 1.122648968238375636e-02
3.411371237458193629e-09 1.202487466944454110e-02
3.511705685618728797e-09 5.312285878553191058e-03
3.612040133779263551e-09 7.048876754432882412e-03
3.712374581939798719e-09 1.257695225399514324e-02
3.812709030100333886e-09 4.639817208543331982e-03
3.913043478260868640e-09 -7.853575186670524316e-04
4.013377926421404221e-09 8.310339741698950441e-03
4.113712374581938975e-09 6.828600756224402317e-03
4.214046822742474556e-09 9.594044607482084958e-03
4.314381270903009310e-09 7.554343980724962000e-03
4.414715719063544892e-09 7.693031867658234671e-03
4.515050167224079646e-09 1.265951864400669154e-02
4.615384615384614399e-09 5.059044355849431039e-03
4.715719063545149981e-09 6.620297626324440042e-03
4.816053511705684735e-09 5.620453551180429504e-03
4.916387959866220316e-09 5.482189711378883043e-03
5.016722408026755070e-09 9.635728411544487379e-03
5.117056856187290651e-09 1.011149578281442946e-02
5.217391304347825405e-09 1.295471432651787262e-02
5.317725752508360159e-09 5.479580542407477828e-03
5.418060200668895740e-09 8.758297280984423186e-03
5.518394648829430494e-09 8.620009152762604307e-03
5.618729096989966075e-09 9.792465214395425221e-03
5.719063545150500829e-09 9.988569681508501635e-03
5.819397993311035583e-09 4.133443886284806496e-03
5.919732441471571164e-09 7.994301731928889557e-03
6.020066889632105918e-09 9.733878114932689729e-03
6.120401337792641499e-09 6.729268965124951367e-03
6.220735785953176253e-09 3.133428672708692738e-03
6.321070234113711835e-09 4.818808978210955760e-03
6.421404682274246589e-09 8.146513255854016117e-03
6.521739130434781343e-09 1.504601423071446308e-02
6.622073578595316924e-09 -2.563104228374093151e-03
6.722408026755851678e-09 8.472724493461312664e-03
6.822742474916387259e-09 7.528564703446035539e-03
6.923076923076922013e-09 9.701504982467820323e-03
7.023411371237457594e-09 7.898892275527650414e-03
7.123745819397992348e-09 1.043823374642846753e-02
7.224080267558527102e-09 9.064719912168020532e-03
7.324414715719062683e-09 5.473298067899658691e-03
7.424749163879597437e-09 6.776519975821224118e-03
7.525083612040133018e-09 5.024261428779405562e-03
7.625418060200667772e-09 9.539147384519979650e-03
7.725752508361202526e-09 8.989785742369145460e-03
7.826086956521737280e-09 9.658102052763966813e-03
7.926421404682273689e-09 4.686884954675965553e-03
8.026755852842808442e-09 9.924319625602424921e-03
8.127090301003343196e-09 2.983754850965400496e-03
8.227424749163877950e-09 1.055355257001022208e-02
8.327759197324414359e-09 1.000247839354887792e-02
8.428093645484949113e-09 4.674274796587591860e-03
8.528428093645483867e-09 9.942509193027714021e-03
8.628762541806018621e-09 1.006213301270010400e-02
8.729096989966553375e-09 9.506395353781716762e-04
8.829431438127089783e-09 2.586246783074726101e-03
8.929765886287624537e-09 8.150073423726738459e-03
9.030100334448159291e-09 7.886775322188484608e-03
9.130434782608694045e-09 5.797236388234094928e-03
9.230769230769228799e-09 3.242285654508386857e-03
9.331103678929765207e-09 6.338324506823252852e-03
9.431438127090299961e-09 1.222965509206113549e-02
9.531772575250834715e-09 1.227478004541252520e-02
9.632107023411369469e-09 1.010058253314870085e-02
9.732441471571904223e-09 7.695362292060056557e-03
9.832775919732440632e-09 -2.392994070693000349e-04
9.933110367892975386e-09 1.221903286367015395e-02
1.003344481605351014e-08 5.934197765040791564e-03
1.013377926421404489e-08 8.754286642734841056e-03
1.023411371237458130e-08 1.156313638758305583e-02
1.033444816053511606e-08 8.693124309948700376e-03
1.043478260869565081e-08 4.769946301965229465e-03
1.053511705685618556e-08 5.327933272136629178e-03
1.063545150501672032e-08 6.872365014191309657e-03
1.073578595317725673e-08 5.076850806918317693e-03
1.083612040133779148e-08 5.610962184161280564e-03
1.093645484949832623e-08 4.886905611531293034e-03
1.103678929765886099e-08 4.087447196012336699e-03
1.113712374581939574e-08 7.053114085123038043e-03
1.123745819397993215e-08 9.346212038965647992e-03
1.133779264214046690e-08 4.413253745119275970e-03
1.143812709030100166e-08 9.067379218329348067e-03
1.153846153846153641e-08 9.759278161227163267e-03
1.163879598662207117e-08 1.397344843222976876e-02
1.173913043478260757e-08 6.090726403879562906e-03
1.183946488294314233e-08 4.732551516512237266e-03
1.193979933110367708e-08 1.213255424143926293e-02
1.204013377926421184e-08 1.037263026225654361e-02
1.214046822742474824e-08 1.020185632951781975e-02
1.224080267558528300e-08 7.676814333569844176e-03
1.234113712374581775e-08 1.029251526854457408e-02
1.244147157190635251e-08 1.177152090408746174e-02
1.254180602006688726e-08 6.001836741998204175e-03
1.264214046822742367e-08 1.074010864511644459e-02
1.274247491638795842e-08 8.729161542567982768e-03
1.284280936454849318e-08 4.955654894668461152e-03
1.294314381270902793e-08 3.555378971452828434e-03
1.304347826086956269e-08 6.857416344976783110e-03
1.314381270903009909e-08 1.162814774996811379e-02
1.324414715719063385e-08 1.455174879485198434e-02
1.334448160535116860e-08 7.780601441184084761e-03
1.344481605351170336e-08 6.837201556351895325e-03
1.354515050167223811e-08 9.808662566482211076e-03
1.364548494983277452e-08 3.683766172578275232e-03
1.374581939799330927e-08 9.022369731691208192e-03
1.384615384615384403e-08 1.176441876080481022e-02
1.394648829431437878e-08 5.911328340661116051e-03
1.404682274247491519e-08 1.073714014230708023e-02
1.414715719063544994e-08 8.372501041342933492e-03
1.424749163879598470e-08 7.989411193806769326e-03
1.434782608695651945e-08 9.286598427973431075e-03
1.444816053511705420e-08 8.117030527501411380e-03
1.454849498327759061e-08 1.030872269033477652e-02
1.464882943143812537e-08 8.692430278625694687e-03
1.474916387959866012e-08 6.640325573649646755e-03
1.484949832775919487e-08 8.588563599560224832e-03
1.494983277591973128e-08 1.102065334055067104e-02
1.505016722408026604e-08 1.169011651717500981e-02
1.515050167224080079e-08 1.114755438850003472e-02
1.525083612040133554e-08 8.663230954877473161e-03
1.535117056856187030e-08 1.017191279619714291e-02
1.545150501672240505e-08 1.443632605260966421e-02
1.555183946488293981e-08 2.323849012907806995e-03
1.565217391304347456e-08 5.322661526758547604e-03
1.575250836120401262e-08 3.651899324183449300e-03
1.585284280936454738e-08 1.454113917635824725e-02
1.595317725752508213e-08 9.858732597898578129e-03
1.605351170568561688e-08 1.431219693384455822e-02
1.615384615384615164e-08 5.279294525596892745e-03
1.625418060200668639e-08 1.048407470342818323e-02
1.635451505016722115e-08 9.844648713219494862e-03
1.645484949832775590e-08 1.104185808562234243e-02
1.655518394648829065e-08 7.698935479828299122e-03
1.665551839464882872e-08 6.500072619837161600e-03
1.675585284280936347e-08 1.066541807995435159e-02
1.685618729096989823e-08 5.328147590760529129e-03
1.695652173913043298e-08 7.531378125408979239e-03
1.705685618729096773e-08 8.054853872818261082e-03
1.715719063545150249e-08 3.865953944598426919e-03
1.725752508361203724e-08 6.528565757457037259e-03
1.735785953177257200e-08 5.374151195412568693e-03
1.745819397993310675e-08 9.437650675788675572e-03
1.755852842809364150e-08 1.185319915908491888e-02
1.765886287625417957e-08 2.832080427239761639e-03
1.775919732441471432e-08 6.733857994151879085e-03
1.785953177257524907e-08 1.152411621606479891e-02
1.795986622073578383e-08 2.866039158281583066e-03
1.806020066889631858e-08 9.028902293205624818e-03
1.816053511705685334e-08 9.358213174538002749e-03
1.826086956521738809e-08 3.037171598149952280e-03
1.836120401337792284e-08 1.196013167438394163e-02
1.846153846153845760e-08 2.669626634754225882e-04
1.856187290969899566e-08 5.528802649030060794e-03
1.866220735785953041e-08 9.377762019531655363e-03
1.876254180602006517e-08 7.346250112801887971e-03
1.886287625418059992e-08 2.430431469104749227e-03
1.896321070234113468e-08 6.892773412575859586e-04
1.906354515050166943e-08 1.096551371842780474e-02
1.916387959866220418e-08 6.008072623522028866e-03
1.926421404682273894e-08 8.195444411018585132e-03
1.936454849498327369e-08 1.389696162502085386e-02
1.946488294314380845e-08 4.641555646725066195e-03
1.956521739130434651e-08 1.262203507384973599e-03
1.966555183946488126e-08 1.053962793594620355e-02
1.976588628762541602e-08 1.106514722304052963e-02
1.986622073578595077e-08 7.322843303607159265e-03
1.996655518394648553e-08 1.873388167297076069e-03
2.006688963210702028e-08 5.326837158542561956e-03
2.016722408026755503e-08 9.955450649246570805e-03
2.026755852842808979e-08 8.836154428025697061e-03
2.036789297658862454e-08 7.431058156788722564e-03
2.046822742474916260e-08 5.214375086205483116e-03
2.056856187290969736e-08 -1.324521822737761544e-03
2.066889632107023211e-08 3.563310159500794605e-03
2.076923076923076687e-08 1.228758208637720228e-02
2.086956521739130162e-08 9.304615159355602086e-03
2.096989966555183637e-08 6.643310651687098743e-03
2.107023411371237113e-08 3.201184883156433982e-03
2.117056856187290588e-08 3.852394124146373174e-03
2.127090301003344064e-08 2.011051121846273333e-03
2.137123745819397539e-08 7.657033094714952616e-03
2.147157190635451345e-08 6.841641101736473281e-03
2.157190635451504821e-08 4.581709902119206375e-03
2.167224080267558296e-08 4.921425523100300160e-03
2.177257525083611771e-08 1.558268057911649761e-02
2.187290969899665247e-08 6.217193352088310095e-03
2.197324414715718722e-08 1.224277355303098752e-02
2.207357859531772198e-08 7.091983392342651911e-03
2.217391304347825673e-08 -2.730319531461019873e-03
2.227424749163879148e-08 5.084218531650770007e-03
2.237458193979932955e-08 4.466260347239112138e-03
2.247491638795986430e-08 1.102716361920238856e-02
2.257525083612039905e-08 1.550943410438940413e-02
2.267558528428093381e-08 1.017888329744463631e-02
2.277591973244146856e-08 2.525374867923169033e-03
2.287625418060200332e-08 1.186744719039315062e-02
2.297658862876253807e-08 1.470607817454173440e-02
2.307692307692307282e-08 9.830782293325859844e-03
2.317725752508360758e-08 9.626004035121475677e-03
2.327759197324414233e-08 7.900521059133925814e-03
2.337792642140468040e-08 1.116059961356391864e-02
2.347826086956521515e-08 1.342442602342615830e-02
2.357859531772574990e-08 3.992459064758787160e-03
2.367892976588628466e-08 1.300687000586102024e-02
2.377926421404681941e-08 1.090983258735958757e-02
2.387959866220735417e-08 -6.163404513642831324e-05
2.397993311036788892e-08 4.730983753649129452e-03
2.408026755852842367e-08 7.155183683933706400e-03
2.418060200668895843e-08 9.044423107899846395e-03
2.428093645484949649e-08 1.010961809911414995e-02
2.438127090301003124e-08 2.711609598839528987e-03
2.448160535117056600e-08 8.101346281163017068e-03
2.458193979933110075e-08 6.258254061838334353e-03
2.468227424749163551e-08 7.297083275961201154e-03
2.478260869565217026e-08 5.564079939977722815e-03
2.488294314381270501e-08 8.286929102766097885e-03
2.498327759197323977e-08 2.820235990031210588e-03
2.508361204013377452e-08 1.053810841668885966e-02
2.518394648829430928e-08 9.023150444476874324e-03
2.528428093645484734e-08 4.614255348106436304e-03
2.538461538461538209e-08 4.545993820074858624e-03
2.548494983277591685e-08 1.231803031657683310e-02
2.558528428093645160e-08 1.421128977000629505e-02
2.568561872909698635e-08 1.027031931906860658e-02
2.578595317725752111e-08 6.300274201860879379e-03
2.588628762541805586e-08 1.247058244818467429e-02
2.598662207357859062e-08 1.100259672260972196e-02
2.608695652173912537e-08 1.184599230682214371e-02
2.618729096989966343e-08 5.329951877979560888e-03
2.628762541806019819e-08 1.229644138217393136e-02
2.638795986622073294e-08 7.571210082397148225e-03
2.648829431438126769e-08 8.896165209018305417e-03
2.658862876254180245e-08 4.847789702682972490e-03
2.668896321070233720e-08 6.235345143873696587e-03
2.678929765886287196e-08 5.810158297130450615e-03
2.688963210702340671e-08 1.051318200464150879e-02
2.698996655518394146e-08 2.567361772615026853e-03
2.709030100334447622e-08 3.313858344518052362e-03
2.719063545150501428e-08 4.528382646938005837e-03
2.729096989966554904e-08 1.029350371565809601e-02
2.739130434782608379e-08 1.146273704960512618e-02
2.749163879598661854e-08 8.099741226209992290e-03
2.759197324414715330e-08 8.944435845442832642e-03
2.769230769230768805e-08 8.828567884911755689e-03
2.779264214046822281e-08 5.948619389225849076e-03
2.789297658862875756e-08 1.173906051425266384e-02
2.799331103678929231e-08 5.186756580783690937e-03
2.809364548494983038e-08 4.918592400441491874e-03
2.819397993311036513e-08 9.364413258788797934e-03
2.829431438127089988e-08 1.580771461082146117e-03
2.839464882943143464e-08 8.908011901381338027e-03
2.849498327759196939e-08 9.070984145594403539e-03
2.859531772575250415e-08 1.887493573477142797e-03
2.869565217391303890e-08 1.222051916276325687e-02
2.879598662207357365e-08 5.524481460146935669e-03
2.889632107023410841e-08 8.201605849991137204e-03
2.899665551839464316e-08 1.293307507329176376e-02
2.909698996655518122e-08 9.179757224651528477e-03
2.919732441471571598e-08 1.321619175311662328e-02
2.929765886287625073e-08 1.028190713579944619e-02
2.939799331103678549e-08 1.687383513025435267e-02
2.949832775919732024e-08 4.326332534865464860e-03
2.959866220735785499e-08 4.461814464471506106e-03
2.969899665551838975e-08 1.238728643554308506e-03
2.979933110367892450e-08 1.065499054119903831e-02
2.989966555183946256e-08 1.473854737265263559e-02
2.999999999999999732e-08 1.250597541985024388e-02
