0.000000000000000000e+00 9.999999999999995559e-01
1.003344481605351029e-10 1.202564827461432423e-02
2.006688963210702059e-10 3.597671166980744104e-03
3.010033444816052959e-10 7.153571235249311412e-03
4.013377926421404118e-10 8.505982425830359295e-03
5.016722408026755277e-10 1.497944722493939687e-02
6.020066889632105918e-10 6.335046437173660547e-03
7.023411371237457594e-10 1.199400924889313692e-02
8.026755852842808236e-10 1.149943959785798206e-02
9.030100334448158877e-10 1.089828034918351564e-03
1.003344481605351055e-09 1.156722904296024132e-02
1.103678929765886223e-09 2.479436625835787066e-03
1.204013377926421184e-09 5.931038283142818675e-03
1.304347826086956351e-09 1.203196876650003064e-02
1.404682274247491519e-09 4.774364697184947486e-03
1.505016722408026480e-09 7.754907731777154617e-03
1.605351170568561647e-09 4.595945372550894366e-03
1.705685618729096815e-09 8.480769599791115193e-03
1.806020066889631775e-09 6.988403869269108754e-03
1.906354515050166943e-09 1.285531626318115600e-02
2.006688963210702111e-09 5.939187822063227672e-03
2.107023411371237278e-09 9.153805574204910284e-03
2.207357859531772446e-09 1.252598928680775069e-02
2.307692307692307200e-09 6.013627997432401985e-03
2.408026755852842367e-09 9.598078640754934693e-03
2.508361204013377535e-09 1.171476045922469240e-02
2.608695652173912702e-09 8.290778917758236111e-03
2.709030100334447870e-09 7.103272730940248317e-03
2.809364548494983038e-09 8.001986899982851259e-03
2.909698996655517792e-09 6.128804810453416900e-03
3.010033444816052959e-09 8.706277433051358774e-03
3.110367892976588127e-09 7.236611803017315402e-03
3.210702341137123294e-09 1.092384179495680362e-02
3.311036789297658462e-09 1.462197974859469340e-03
3.411371237458193629e-09 1.067385226427925056e-02
3.511705685618728797e-09 1.098407281267143286e-02
3.612040133779263551e-09 7.409752236862171722e-03
3.712374581939798719e-09 1.384249389923139159e-02
3.812709030100333886e-09 4.327302820108307538e-03
3.913043478260868640e-09 9.076048983776242515e-03
4.013377926421404221e-09 3.406010639506399772e-03
4.113712374581938975e-09 6.019240726389517467e-03
4.214046822742474556e-09 1.174632388873784496e-02
4.314381270903009310e-09 1.360811531435939491e-02
4.414715719063544892e-09 7.882476348164971919e-03
4.515050167224079646e-09 1.355652497438652147e-02
4.615384615384614399e-09 7.831975645282557991e-03
4.715719063545149981e-09 9.543057880396499382e-03
4.816053511705684735e-09 7.031999516594994795e-03
4.916387959866220316e-09 1.056469453583138568e-02
5.016722408026755070e-09 1.177734977356303947e-02
5.117056856187290651e-09 3.858974993470352683e-03
5.217391304347825405e-09 1.170100591252816978e-02
5.317725752508360159e-09 6.377359067850994767e-03
5.418060200668895740e-09 8.196869219826768624e-03
5.518394648829430494e-09 5.582271331342369101e-03
5.618729096989966075e-09 9.628450100533758604e-03
5.719063545150500829e-09 3.930324673148513290e-03
5.819397993311035583e-09 9.654396772351032940e-03
5.919732441471571164e-09 5.456853560968714413e-03
6.020066889632105918e-09 9.399966479712236131e-03
6.120401337792641499e-09 1.118798276227172747e-02
6.220735785953176253e-09 5.891876919483600254e-03
6.321070234113711835e-09 3.202095140635918564e-03
6.421404682274246589e-09 1.340529089511015293e-02
6.521739130434781343e-09 7.198664906035786779e-03
6.622073578595316924e-09 8.573238725295466434e-03
6.722408026755851678e-09 4.265700732348855044e-03
6.822742474916387259e-09 6.548964207409230416e-03
6.923076923076922013e-09 1.436705011200374062e-02
7.023411371237457594e-09 4.430499586710202192e-03
7.123745819397992348e-09 8.312737490018561048e-03
7.224080267558527102e-09 6.260723135796156594e-03
7.324414715719062683e-09 5.332086628128024190e-03
7.424749163879597437e-09 9.571366675779043390e-03
7.525083612040133018e-09 8.592500398803422021e-03
7.625418060200667772e-09 9.763609620379068779e-03
7.725752508361202526e-09 5.743214851916665642e-03
7.826086956521737280e-09 9.220545599981503845e-03
7.926421404682273689e-09 8.783152237401217408e-03
8.026755852842808442e-09 1.205145940206416889e-02
8.127090301003343196e-09 1.435961643305868479e-02
8.227424749163877950e-09 8.875338488824659547e-03
8.327759197324414359e-09 7.128287957325305478e-03
8.428093645484949113e-09 8.869773355456973818e-03
8.528428093645483867e-09 6.088175541063723696e-03
8.628762541806018621e-09 1.487445159754615005e-02
8.729096989966553375e-09 8.234227473652010187e-03
8.829431438127089783e-09 5.607682121065552666e-03
8.929765886287624537e-09 1.564697964350812405e-03
9.030100334448159291e-09 5.377815110984578498e-03
9.130434782608694045e-09 1.031323372200450283e-02
9.230769230769228799e-09 9.808291916309297767e-03
9.331103678929765207e-09 5.483021109398754193e-03
9.431438127090299961e-09 1.048601025478536689e-02
9.531772575250834715e-09 1.142549315089419135e-02
9.632107023411369469e-09 7.361522436935658345e-03
9.732441471571904223e-09 1.055963982608658196e-02
9.832775919732440632e-09 1.149775321901209957e-02
9.933110367892975386e-09 1.146901764806776934e-02
1.003344481605351014e-08 1.371226162383608858e-03
1.013377926421404489e-08 9.662334467325220042e-03
1.023411371237458130e-08 9.241282350873994758e-03
1.033444816053511606e-08 1.489202002936800169e-02
1.043478260869565081e-08 1.272819553564692556e-02
1.053511705685618556e-08 7.801956344245409604e-03
1.063545150501672032e-08 6.479566655692798639e-03
1.073578595317725673e-08 2.559627476222153808e-03
1.083612040133779148e-08 8.608052869591846165e-03
1.093645484949832623e-08 3.076477238865930278e-03
1.103678929765886099e-08 7.260042825431079795e-03
1.113712374581939574e-08 1.460111082443777374e-02
1.123745819397993215e-08 8.010917545960951139e-03
1.133779264214046690e-08 9.537349529432311013e-03
1.143812709030100166e-08 2.446714227949708595e-03
1.153846153846153641e-08 -4.170627346141019703e-04
1.163879598662207117e-08 1.279125541955158755e-02
1.173913043478260757e-08 7.947126306665544190e-03
1.183946488294314233e-08 5.038396377034815368e-03
1.193979933110367708e-08 7.002803234653647360e-03
1.204013377926421184e-08 9.970420250697069678e-03
1.214046822742474824e-08 4.092086570016882641e-03
1.224080267558528300e-08 3.295378318647155386e-03
1.234113712374581775e-08 1.493230120468350824e-02
1.244147157190635251e-08 7.296782581542519790e-03
1.254180602006688726e-08 9.125419580424454224e-03
1.264214046822742367e-08 4.441814803231128837e-03
1.274247491638795842e-08 9.047715623774512522e-03
1.284280936454849318e-08 1.070056975719448945e-02
1.294314381270902793e-08 1.334038952514070807e-02
1.304347826086956269e-08 9.772134925131877384e-03
1.314381270903009909e-08 9.027894688463818790e-03
1.324414715719063385e-08 5.179541786627727545e-03
1.334448160535116860e-08 3.814018510140885880e-03
1.344481605351170336e-08 6.688592314388707057e-03
1.354515050167223811e-08 9.846604103545092759e-03
1.364548494983277452e-08 1.442996425082980093e-03
1.374581939799330927e-08 9.565308256127398601e-03
1.384615384615384403e-08 7.251898835637426120e-03
1.394648829431437878e-08 7.821474484213417760e-03
1.404682274247491519e-08 4.840016685797193276e-03
1.414715719063544994e-08 4.198191207703205752e-03
1.424749163879598470e-08 4.990223464353121287e-03
1.434782608695651945e-08 3.708897150319272716e-03
1.444816053511705420e-08 8.821234290299212466e-03
1.454849498327759061e-08 4.309176843583854312e-03
1.464882943143812537e-08 6.134464600112343562e-03
1.474916387959866012e-08 9.170370588133972684e-03
1.484949832775919487e-08 1.356870280567260868e-02
1.494983277591973128e-08 5.695614592053231846e-03
1.505016722408026604e-08 8.915048264886427098e-03
1.515050167224080079e-08 6.578998166333432235e-03
1.525083612040133554e-08 7.544986991362544193e-03
1.535117056856187030e-08 7.452851640228011151e-03
1.545150501672240505e-08 9.813595964541059480e-03
1.555183946488293981e-08 9.047704188678453233e-03
1.565217391304347456e-08 8.441744833214148008e-03
1.575250836120401262e-08 7.611635536393907865e-03
1.585284280936454738e-08 9.795431079535550298e-03
1.595317725752508213e-08 8.092292952955215668e-03
1.605351170568561688e-08 1.049882145520418877e-02
1.615384615384615164e-08 7.169868703639076940e-03
1.625418060200668639e-08 1.044227214294510611e-02
1.635451505016722115e-08 5.161251389376939058e-03
1.645484949832775590e-08 4.442625869821152131e-03
1.655518394648829065e-08 8.663578197040099418e-03
1.665551839464882872e-08 1.522180207496149837e-02
1.675585284280936347e-08 1.293039464485626778e-03
1.685618729096989823e-08 1.007204197866263390e-02
1.695652173913043298e-08 -2.753128709328308416e-04
1.705685618729096773e-08 2.526616749760537267e-03
1.715719063545150249e-08 -7.188843009924214544e-04
1.725752508361203724e-08 8.633466186767054310e-03
1.735785953177257200e-08 9.703103159305309644e-03
1.745819397993310675e-08 9.783566001941676471e-03
1.755852842809364150e-08 4.432562601235256160e-03
1.765886287625417957e-08 8.464864292491521350e-03
1.775919732441471432e-08 7.043283712229284239e-03
1.785953177257524907e-08 7.333501467743835933e-03
1.795986622073578383e-08 1.204131267855754368e-02
1.806020066889631858e-08 6.715269701646633428e-03
1.816053511705685334e-08 2.043129188834905477e-03
1.826086956521738809e-08 4.476224649539124745e-03
1.836120401337792284e-08 1.654405871058837758e-03
1.846153846153845760e-08 8.101267666258470806e-03
1.856187290969899566e-08 6.152144993030439143e-03
1.866220735785953041e-08 8.571662779040677312e-04
1.876254180602006517e-08 3.782501288050834124e-04
1.886287625418059992e-08 6.949042739414122705e-03
1.896321070234113468e-08 6.547700907996605035e-03
1.906354515050166943e-08 4.878657858828029312e-03
1.916387959866220418e-08 6.472274215562938242e-03
1.926421404682273894e-08 6.369053040852419925e-03
1.936454849498327369e-08 9.577736963798752501e-03
1.946488294314380845e-08 1.026516897142345716e-02
1.956521739130434651e-08 7.807688620670221076e-03
1.966555183946488126e-08 9.861444493304316258e-03
1.976588628762541602e-08 1.119056621201618834e-02
1.986622073578595077e-08 1.002016150692404232e-02
1.996655518394648553e-08 5.844937801947526317e-03
2.006688963210702028e-08 8.447356057536600099e-03
2.016722408026755503e-08 8.773333796275296914e-03
2.026755852842808979e-08 6.908809407082432998e-03
2.036789297658862454e-08 1.381926885536283005e-02
2.046822742474916260e-08 6.935468334777748246e-03
2.056856187290969736e-08 2.990234174022344746e-03
2.066889632107023211e-08 9.967870998687820144e-03
2.076923076923076687e-08 7.766297512077201953e-03
2.086956521739130162e-08 6.206820802544534346e-03
2.096989966555183637e-08 8.799813737785766588e-03
2.107023411371237113e-08 2.745692088665538984e-03
2.117056856187290588e-08 5.207894215677772755e-03
2.127090301003344064e-08 -1.586113013434067875e-04
2.137123745819397539e-08 8.764756964434686909e-03
2.147157190635451345e-08 7.440623978807603053e-03
2.157190635451504821e-08 9.749324257220682438e-03
2.167224080267558296e-08 5.042479776187092783e-03
2.177257525083611771e-08 6.547537917546386067e-03
2.187290969899665247e-08 1.412320579148984047e-02
2.197324414715718722e-08 7.195457380323149431e-03
2.207357859531772198e-08 1.035841568761797747e-02
2.217391304347825673e-08 1.023113871111544677e-02
2.227424749163879148e-08 9.523689929509313382e-03
2.237458193979932955e-08 1.074533776589820314e-02
2.247491638795986430e-08 8.183856740215898762e-03
2.257525083612039905e-08 7.256332570330190947e-03
2.267558528428093381e-08 3.844850275815804574e-03
2.277591973244146856e-08 9.306402810925039001e-03
2.287625418060200332e-08 1.240635768560395362e-02
2.297658862876253807e-08 1.251449737465504643e-03
2.307692307692307282e-08 9.471497554928409376e-03
2.317725752508360758e-08 3.755437604947152192e-03
2.327759197324414233e-08 7.393854981182107836e-03
2.337792642140468040e-08 1.042790978791618452e-02
2.347826086956521515e-08 8.368048141237859408e-03
2.357859531772574990e-08 5.306971386447168057e-04
2.367892976588628466e-08 3.146422446219745463e-03
2.377926421404681941e-08 6.881977783105256916e-03
2.387959866220735417e-08 7.489501560177908371e-03
2.397993311036788892e-08 5.439187722807551501e-03
2.408026755852842367e-08 5.037185498278053813e-03
2.418060200668895843e-08 8.648492811052810661e-03
2.428093645484949649e-08 1.105237344403279046e-02
2.438127090301003124e-08 7.955607705222045647e-03
2.448160535117056600e-08 1.121126932055521372e-03
2.458193979933110075e-08 7.081631195648593370e-03
2.468227424749163551e-08 8.198933016035589785e-03
2.478260869565217026e-08 1.056865117056987428e-02
2.488294314381270501e-08 1.343141438499098096e-04
2.498327759197323977e-08 8.704661601391137232e-03
2.508361204013377452e-08 7.816827825844722619e-03
2.518394648829430928e-08 8.448149228873083963e-03
2.528428093645484734e-08 1.061834442398187917e-02
2.538461538461538209e-08 1.853774013115652361e-02
2.548494983277591685e-08 6.850756972605016870e-03
2.558528428093645160e-08 8.588723636352255109e-03
2.568561872909698635e-08 8.325690107051577846e-03
2.578595317725752111e-08 6.651842990949338903e-03
2.588628762541805586e-08 4.016022912792675814e-03
2.598662207357859062e-08 5.937433762255125112e-03
2.608695652173912537e-08 6.414795121666767852e-03
2.618729096989966343e-08 3.591116234544763919e-03
2.628762541806019819e-08 8.827534144713539491e-03
2.638795986622073294e-08 1.064633021985611321e-02
2.648829431438126769e-08 8.369137649748770863e-03
2.658862876254180245e-08 6.588705023839916408e-03
2.668896321070233720e-08 9.324020314074192572e-03
2.678929765886287196e-08 7.812079101569833692e-03
2.688963210702340671e-08 4.943613312175737864e-03
2.698996655518394146e-08 8.434712545523716937e-03
2.709030100334447622e-08 8.758458872521581243e-03
2.719063545150501428e-08 4.828153124855984885e-03
2.729096989966554904e-08 5.231202530613505292e-03
2.739130434782608379e-08 1.104116102789107212e-02
2.749163879598661854e-08 5.729195254049173486e-03
2.759197324414715330e-08 5.887402984306555447e-03
2.769230769230768805e-08 1.031954806041780227e-02
2.779264214046822281e-08 7.919134378307447417e-03
2.789297658862875756e-08 1.070048838353489934e-02
2.799331103678929231e-08 8.474778026369696009e-04
2.809364548494983038e-08 9.354308735320573942e-03
2.819397993311036513e-08 3.709070197310800586e-03
2.829431438127089988e-08 3.921216508909980934e-03
2.839464882943143464e-08 1.025677917719847350e-02
2.849498327759196939e-08 4.201319232232480008e-03
2.859531772575250415e-08 5.083801245572581139e-03
2.869565217391303890e-08 2.817549737902451303e-03
2.879598662207357365e-08 3.616603826651226122e-03
2.889632107023410841e-08 1.935386272438659834e-03
2.899665551839464316e-08 5.979238772038849951e-03
2.909698996655518122e-08 7.430262493419139726e-03
2.919732441471571598e-08 1.066492481146072598e-02
2.929765886287625073e-08 5.514579507540742428e-03
2.939799331103678549e-08 8.044620908917670885e-03
2.949832775919732024e-08 8.658396453082238889e-03
2.959866220735785499e-08 1.630246932375316316e-02
2.969899665551838975e-08 7.918271779698636548e-03
2.979933110367892450e-08 1.225742887722879038e-02
2.989966555183946256e-08 6.153735071542003679e-03
2.999999999999999732e-08 -6.484478216941711674e-04
