0.000000000000000000e+00 9.999999999999995559e-01
1.003344481605351029e-10 9.023223901793081536e-01
2.006688963210702059e-10 7.102961583025504400e-01
3.010033444816052959e-10 5.673505918203061160e-01
4.013377926421404118e-10 4.922461000311397217e-01
5.016722408026755277e-10 4.405442224024658238e-01
6.020066889632105918e-10 3.818378106964656071e-01
7.023411371237457594e-10 3.189460821736503915e-01
8.026755852842808236e-10 2.780825334152428607e-01
9.030100334448158877e-10 2.558679248986208687e-01
1.003344481605351055e-09 2.199771879493141458e-01
1.103678929765886223e-09 1.649587395031172354e-01
1.204013377926421184e-09 1.147850354832794101e-01
1.304347826086956351e-09 8.681897167533342285e-02
1.404682274247491519e-09 7.378180430899702880e-02
1.505016722408026480e-09 5.829193095127542523e-02
1.605351170568561647e-09 4.015261554925075166e-02
1.705685618729096815e-09 2.945205607709141388e-02
1.806020066889631775e-09 2.317613536172517461e-02
1.906354515050166943e-09 1.057913872426515661e-02
2.006688963210702111e-09 -8.220751912840947029e-03
2.107023411371237278e-09 -2.025904560446840919e-02
2.207357859531772446e-09 -1.866840747015965224e-02
2.307692307692307200e-09 -1.322673235628387713e-02
2.408026755852842367e-09 -1.270874193327141237e-02
2.508361204013377535e-09 -1.362641605320349253e-02
2.608695652173912702e-09 -1.082741467073310496e-02
2.709030100334447870e-09 -6.046840085768481234e-03
2.809364548494983038e-09 -5.636388814062223002e-03
2.909698996655517792e-09 -9.522929934748160241e-03
3.010033444816052959e-09 -8.634863311613290293e-03
3.110367892976588127e-09 -6.280976559362499642e-04
3.210702341137123294e-09 6.244532677497332228e-03
3.311036789297658462e-09 8.325608840809269398e-03
3.411371237458193629e-09 1.077667167038703737e-02
3.511705685618728797e-09 1.702892798467462235e-02
3.612040133779263551e-09 2.304659044049620423e-02
3.712374581939798719e-09 2.364454799081771447e-02
3.812709030100333886e-09 2.015732412380859262e-02
3.913043478260868640e-09 1.828762429076834228e-02
4.013377926421404221e-09 1.994740982839238869e-02
4.113712374581938975e-09 2.058926839753336124e-02
4.214046822742474556e-09 1.784352873078127663e-02
4.314381270903009310e-09 1.735626334360164044e-02
4.414715719063544892e-09 2.200043926253051479e-02
4.515050167224079646e-09 2.556279553184679157e-02
4.615384615384614399e-09 2.390501150382295589e-02
4.715719063545149981e-09 2.041351254422648503e-02
4.816053511705684735e-09 1.921555831558447239e-02
4.916387959866220316e-09 2.023634998876079269e-02
5.016722408026755070e-09 2.025365929797111331e-02
5.117056856187290651e-09 1.854581455666239401e-02
5.217391304347825405e-09 1.890182196023807923e-02
5.317725752508360159e-09 2.298122543059411688e-02
5.418060200668895740e-09 2.701811241447229020e-02
5.518394648829430494e-09 2.806541529709673591e-02
5.618729096989966075e-09 2.864814240245996957e-02
5.719063545150500829e-09 3.172655289562327507e-02
5.819397993311035583e-09 3.478849773588939959e-02
5.919732441471571164e-09 3.415263870278139463e-02
6.020066889632105918e-09 3.168451252633891491e-02
6.120401337792641499e-09 3.169877083326073930e-02
6.220735785953176253e-09 3.375567486746804818e-02
6.321070234113711835e-09 3.368976426663705670e-02
6.421404682274246589e-09 3.117260265816704581e-02
6.521739130434781343e-09 2.988917293845254688e-02
6.622073578595316924e-09 3.022173354297754896e-02
6.722408026755851678e-09 2.922311770794527863e-02
6.822742474916387259e-09 2.584150509649220731e-02
6.923076923076922013e-09 2.152071783112813330e-02
7.023411371237457594e-09 1.915023173392425143e-02
7.123745819397992348e-09 1.981148968599898141e-02
7.224080267558527102e-09 1.940206779146445848e-02
7.324414715719062683e-09 1.490302083303585157e-02
7.424749163879597437e-09 9.985200785364021711e-03
7.525083612040133018e-09 7.440117086470217703e-03
7.625418060200667772e-09 3.988468546098198134e-03
7.725752508361202526e-09 -2.048942100573505030e-03
7.826086956521737280e-09 -6.480410149318206053e-03
7.926421404682273689e-09 -6.667486993114103352e-03
8.026755852842808442e-09 -5.885361760585672980e-03
8.127090301003343196e-09 -7.320055372697659851e-03
8.227424749163877950e-09 -9.633392426561275187e-03
8.327759197324414359e-09 -1.035860792493261719e-02
8.428093645484949113e-09 -9.872541202814454769e-03
8.528428093645483867e-09 -1.004667944032859583e-02
8.628762541806018621e-09 -9.918567968764004442e-03
8.729096989966553375e-09 -6.538945153832203053e-03
8.829431438127089783e-09 -6.796753207521030737e-04
8.929765886287624537e-09 3.888439224508283536e-03
9.030100334448159291e-09 5.950698111451324657e-03
9.130434782608694045e-09 6.821037746296844916e-03
9.230769230769228799e-09 7.581979294142782155e-03
9.331103678929765207e-09 8.248680512939175064e-03
9.431438127090299961e-09 8.135355973897135176e-03
9.531772575250834715e-09 7.792594811087809673e-03
9.632107023411369469e-09 8.453436490130406683e-03
9.732441471571904223e-09 9.077560665665134268e-03
9.832775919732440632e-09 8.092002818726788671e-03
9.933110367892975386e-09 6.391193905116623018e-03
1.003344481605351014e-08 5.866695705913041459e-03
1.013377926421404489e-08 6.933286486549507591e-03
1.023411371237458130e-08 7.700137542557048027e-03
1.033444816053511606e-08 6.169192133182186191e-03
1.043478260869565081e-08 3.712265023500750574e-03
1.053511705685618556e-08 3.248457649061297064e-03
1.063545150501672032e-08 4.497956795390537291e-03
1.073578595317725673e-08 4.793179417602162762e-03
1.083612040133779148e-08 4.159693286659426996e-03
1.093645484949832623e-08 5.659315277968306190e-03
1.103678929765886099e-08 9.835848268099805711e-03
1.113712374581939574e-08 1.360356466168764072e-02
1.123745819397993215e-08 1.484626709680488856e-02
1.133779264214046690e-08 1.379854908120915422e-02
1.143812709030100166e-08 1.233290960669604711e-02
1.153846153846153641e-08 1.223958680612609491e-02
1.163879598662207117e-08 1.208496184974892224e-02
1.173913043478260757e-08 1.074409074341156796e-02
1.183946488294314233e-08 1.091204769448425246e-02
1.193979933110367708e-08 1.308216863223363689e-02
1.204013377926421184e-08 1.396071357130591363e-02
1.214046822742474824e-08 1.243669847791808655e-02
1.224080267558528300e-08 1.041277614207886115e-02
1.234113712374581775e-08 9.909954949635989968e-03
1.244147157190635251e-08 1.095989578744091704e-02
1.254180602006688726e-08 1.167681244201743476e-02
1.264214046822742367e-08 1.105279779333143662e-02
1.274247491638795842e-08 9.266255758321498628e-03
1.284280936454849318e-08 6.752076303284474876e-03
1.294314381270902793e-08 4.540198464226215258e-03
1.304347826086956269e-08 2.937205888866407585e-03
1.314381270903009909e-08 1.914696769929095108e-03
1.324414715719063385e-08 2.179724212549333240e-03
1.334448160535116860e-08 2.966313222118591685e-03
1.344481605351170336e-08 2.611685227640226856e-03
1.354515050167223811e-08 1.382000201147788728e-03
1.364548494983277452e-08 5.698945482175287076e-04
1.374581939799330927e-08 2.691007858187763509e-04
1.384615384615384403e-08 -6.158365218497325114e-04
1.394648829431437878e-08 -1.655579964727924187e-03
1.404682274247491519e-08 -9.855185594750974411e-04
1.414715719063544994e-08 3.555009614424002162e-04
1.424749163879598470e-08 3.169536433987483678e-04
1.434782608695651945e-08 2.323630540631358831e-04
1.444816053511705420e-08 1.115952830949227311e-03
1.454849498327759061e-08 1.695688106556945225e-03
1.464882943143812537e-08 1.757030766189807266e-03
1.474916387959866012e-08 1.303245271106868693e-03
1.484949832775919487e-08 -1.109707019626793387e-04
1.494983277591973128e-08 -1.101916643640439650e-03
1.505016722408026604e-08 -4.865270195108977250e-04
1.515050167224080079e-08 3.625681300049900246e-04
1.525083612040133554e-08 1.509720105846035915e-04
1.535117056856187030e-08 -3.611428395842729332e-04
1.545150501672240505e-08 6.013443102401015879e-04
1.555183946488293981e-08 3.394390588716310678e-03
1.565217391304347456e-08 5.434271688686131627e-03
1.575250836120401262e-08 5.387532348460392917e-03
1.585284280936454738e-08 5.860960004219085279e-03
1.595317725752508213e-08 7.332442250281259039e-03
1.605351170568561688e-08 7.512818438279860421e-03
1.615384615384615164e-08 7.618240271969321277e-03
1.625418060200668639e-08 9.794885692158498622e-03
1.635451505016722115e-08 1.271847134664586682e-02
1.645484949832775590e-08 1.393415250652261898e-02
1.655518394648829065e-08 1.238995339293481705e-02
1.665551839464882872e-08 1.054059518204879427e-02
1.675585284280936347e-08 1.128994706144547527e-02
1.685618729096989823e-08 1.231713329741591749e-02
1.695652173913043298e-08 1.138789133239286218e-02
1.705685618729096773e-08 1.079971272722787465e-02
1.715719063545150249e-08 1.144013664644218976e-02
1.725752508361203724e-08 1.200882938494786563e-02
1.735785953177257200e-08 1.295307035776443669e-02
1.745819397993310675e-08 1.480727942369318602e-02
1.755852842809364150e-08 1.548228032505199504e-02
1.765886287625417957e-08 1.396809828606313322e-02
1.775919732441471432e-08 1.380491432824203571e-02
1.785953177257524907e-08 1.516255374363387892e-02
1.795986622073578383e-08 1.370363692119922101e-02
1.806020066889631858e-08 1.250989857837636436e-02
1.816053511705685334e-08 1.503356219719152731e-02
1.826086956521738809e-08 1.593088302502668890e-02
1.836120401337792284e-08 1.461961556059548743e-02
1.846153846153845760e-08 1.432266385197880805e-02
1.856187290969899566e-08 1.313251388430621176e-02
1.866220735785953041e-08 1.201840192555150150e-02
1.876254180602006517e-08 1.093333724561426981e-02
1.886287625418059992e-08 6.829122330656071070e-03
1.896321070234113468e-08 5.021606280598901392e-03
1.906354515050166943e-08 7.734531090492981383e-03
1.916387959866220418e-08 8.330505993950574825e-03
1.926421404682273894e-08 7.185325394970811484e-03
1.936454849498327369e-08 6.297272749293072493e-03
1.946488294314380845e-08 3.718020490873715639e-03
1.956521739130434651e-08 2.094395180030476401e-03
1.966555183946488126e-08 1.620091458666437015e-03
1.976588628762541602e-08 -3.609565279568513647e-04
1.986622073578595077e-08 -8.349241575989241630e-04
1.996655518394648553e-08 3.046223178852919267e-04
2.006688963210702028e-08 -5.110799781351269347e-05
2.016722408026755503e-08 -1.232993540064529492e-04
2.026755852842808979e-08 3.386033061484005052e-04
2.036789297658862454e-08 -5.715018435313670188e-04
2.046822742474916260e-08 -1.240864496294162827e-03
2.056856187290969736e-08 -8.680685676505666857e-04
2.066889632107023211e-08 -7.579067385858700122e-04
2.076923076923076687e-08 -5.731758057933912000e-04
2.086956521739130162e-08 9.218778073815760751e-04
2.096989966555183637e-08 3.747671978307011952e-03
2.107023411371237113e-08 6.675190807527407039e-03
2.117056856187290588e-08 8.844130852750549387e-03
2.127090301003344064e-08 9.383190141887310515e-03
2.137123745819397539e-08 7.591165027713323368e-03
2.147157190635451345e-08 5.928812536731613465e-03
2.157190635451504821e-08 6.359206021696929903e-03
2.167224080267558296e-08 6.867929547541559016e-03
2.177257525083611771e-08 6.534106683503410583e-03
2.187290969899665247e-08 5.450767673703384338e-03
2.197324414715718722e-08 3.436865885240469355e-03
2.207357859531772198e-08 3.401688849645509698e-03
2.217391304347825673e-08 6.358995328517205725e-03
2.227424749163879148e-08 9.401495194843562456e-03
2.237458193979932955e-08 1.266244147532895499e-02
2.247491638795986430e-08 1.619173149961404892e-02
2.257525083612039905e-08 1.645386188911287725e-02
2.267558528428093381e-08 1.302233962771977803e-02
2.277591973244146856e-08 9.480022416191660403e-03
2.287625418060200332e-08 8.760529098603701131e-03
2.297658862876253807e-08 1.089484883977400072e-02
2.307692307692307282e-08 1.333483153489050353e-02
2.317725752508360758e-08 1.419443636034046358e-02
2.327759197324414233e-08 1.280958587396169822e-02
2.337792642140468040e-08 9.849598118518853793e-03
2.347826086956521515e-08 8.206595084844956270e-03
2.357859531772574990e-08 7.635892777160091516e-03
2.367892976588628466e-08 5.523966684000404005e-03
2.377926421404681941e-08 3.843766615652258970e-03
2.387959866220735417e-08 3.924822565985737997e-03
2.397993311036788892e-08 3.361085984405946716e-03
2.408026755852842367e-08 2.785935943862920781e-03
2.418060200668895843e-08 3.967424628784901527e-03
2.428093645484949649e-08 6.108796928949659054e-03
2.438127090301003124e-08 8.294358308874429445e-03
2.448160535117056600e-08 9.335418640423191750e-03
2.458193979933110075e-08 8.169685955893100232e-03
2.468227424749163551e-08 5.450955340791987895e-03
2.478260869565217026e-08 2.928984518337983140e-03
2.488294314381270501e-08 2.456661309447654741e-03
2.498327759197323977e-08 3.853715632291326246e-03
2.508361204013377452e-08 5.460011893080234623e-03
2.518394648829430928e-08 6.331331458197857198e-03
2.528428093645484734e-08 5.421581121528688992e-03
2.538461538461538209e-08 3.146940442887393406e-03
2.548494983277591685e-08 1.852447859451841414e-03
2.558528428093645160e-08 2.315852120818908885e-03
2.568561872909698635e-08 3.325806524870623254e-03
2.578595317725752111e-08 2.354398428266373921e-03
2.588628762541805586e-08 -4.639725052574001501e-04
2.598662207357859062e-08 -8.540422544906119129e-05
2.608695652173912537e-08 3.350001106962870439e-03
2.618729096989966343e-08 4.392520383880105239e-03
2.628762541806019819e-08 4.115828805315270393e-03
2.638795986622073294e-08 5.486246069976462303e-03
2.648829431438126769e-08 7.851531428342741620e-03
2.658862876254180245e-08 1.179320728124852447e-02
2.668896321070233720e-08 1.530086110747205276e-02
2.678929765886287196e-08 1.385460161458145802e-02
2.688963210702340671e-08 8.457660458028716174e-03
2.698996655518394146e-08 3.239786922681147339e-03
2.709030100334447622e-08 1.072859589132844731e-03
2.719063545150501428e-08 2.483006433785534244e-03
2.729096989966554904e-08 4.622970225691364586e-03
2.739130434782608379e-08 5.651328757233235918e-03
2.749163879598661854e-08 5.865544468133333626e-03
2.759197324414715330e-08 4.749660408304070408e-03
2.769230769230768805e-08 3.317820136842688193e-03
2.779264214046822281e-08 3.593971282553614678e-03
2.789297658862875756e-08 5.019033613826824440e-03
2.799331103678929231e-08 5.577803243620695767e-03
2.809364548494983038e-08 4.170865539959491344e-03
2.819397993311036513e-08 3.008428846092247103e-03
2.829431438127089988e-08 5.614804694131044459e-03
2.839464882943143464e-08 9.879320853135784702e-03
2.849498327759196939e-08 1.057377122964838108e-02
2.859531772575250415e-08 8.381079141015757711e-03
2.869565217391303890e-08 7.955073725796473275e-03
2.879598662207357365e-08 9.406989386199219455e-03
2.889632107023410841e-08 9.049483057112138462e-03
2.899665551839464316e-08 6.724676085967171493e-03
2.909698996655518122e-08 4.988114687636221491e-03
2.919732441471571598e-08 3.717947356945305870e-03
2.929765886287625073e-08 2.812174198428516857e-03
2.939799331103678549e-08 4.322942921793448620e-03
2.949832775919732024e-08 7.588485908787951859e-03
2.959866220735785499e-08 9.817993687585723286e-03
2.969899665551838975e-08 1.089972790608700198e-02
2.979933110367892450e-08 1.140965430088217679e-02
2.989966555183946256e-08 1.024043308764619256e-02
2.999999999999999732e-08 8.405370886890948384e-03
