0.000000000000000000e+00 9.999999999999995559e-01
1.003344481605351029e-10 2.243047495916047906e-01
2.006688963210702059e-10 -4.827402640640077180e-03
3.010033444816052959e-10 -9.766266884065247234e-03
4.013377926421404118e-10 1.913159691619197716e-02
5.016722408026755277e-10 2.054753757096354147e-02
6.020066889632105918e-10 3.297261664782340923e-02
7.023411371237457594e-10 2.029658804406743108e-02
8.026755852842808236e-10 -6.354633495437123775e-03
9.030100334448158877e-10 4.401444549266575815e-03
1.003344481605351055e-09 6.284787526951021025e-03
1.103678929765886223e-09 5.626158355734462747e-03
1.204013377926421184e-09 1.286335780461599770e-02
1.304347826086956351e-09 4.912375058917637337e-03
1.404682274247491519e-09 -1.472075699427037761e-03
1.505016722408026480e-09 -9.086359642382991000e-04
1.605351170568561647e-09 6.686429945320050347e-03
1.705685618729096815e-09 1.207291774289485052e-02
1.806020066889631775e-09 1.503596415325112769e-02
1.906354515050166943e-09 5.833037775812266110e-03
2.006688963210702111e-09 -6.503636669646836168e-04
2.107023411371237278e-09 1.088759501999027757e-03
2.207357859531772446e-09 5.487081755941477373e-03
2.307692307692307200e-09 8.668634705034285876e-03
2.408026755852842367e-09 3.889402253684741753e-03
2.508361204013377535e-09 2.337997196568260445e-03
2.608695652173912702e-09 5.542737344821293969e-04
2.709030100334447870e-09 1.126828925696427702e-02
2.809364548494983038e-09 4.177669325199348527e-03
2.909698996655517792e-09 9.616693459666153174e-03
3.010033444816052959e-09 1.131039361211801271e-02
3.110367892976588127e-09 6.640376012046973579e-03
3.210702341137123294e-09 8.023282509444682256e-03
3.311036789297658462e-09 3.759865598213465998e-03
3.411371237458193629e-09 1.982698858837813119e-04
3.511705685618728797e-09 1.074554269642842216e-02
3.612040133779263551e-09 5.603829721991129484e-03
3.712374581939798719e-09 3.664379851140178897e-03
3.812709030100333886e-09 6.297087379670861847e-04
3.913043478260868640e-09 2.484028544995731808e-03
4.013377926421404221e-09 8.499373868125830941e-03
4.113712374581938975e-09 1.554920741347944925e-02
4.214046822742474556e-09 8.177482673914913264e-03
4.314381270903009310e-09 3.980978254444858880e-03
4.414715719063544892e-09 8.334097447535063208e-03
4.515050167224079646e-09 8.857795931290388461e-03
4.615384615384614399e-09 9.545511493132818881e-03
4.715719063545149981e-09 8.779475752466134666e-03
4.816053511705684735e-09 8.668696243207008392e-03
4.916387959866220316e-09 4.892056273684398590e-03
5.016722408026755070e-09 2.731031791305607928e-03
5.117056856187290651e-09 8.616152699359036146e-03
5.217391304347825405e-09 5.872544499571239786e-03
5.317725752508360159e-09 8.715033909508024951e-03
5.418060200668895740e-09 9.147049638569351021e-03
5.518394648829430494e-09 5.191641646921598199e-03
5.618729096989966075e-09 8.688098482125108935e-03
5.719063545150500829e-09 8.671703937374939178e-03
5.819397993311035583e-09 6.199004386134238445e-03
5.919732441471571164e-09 5.554270363666564785e-03
6.020066889632105918e-09 7.187841837372347178e-03
6.120401337792641499e-09 6.305747711367142710e-03
6.220735785953176253e-09 1.149992696386904246e-02
6.321070234113711835e-09 1.284418268270143271e-02
6.421404682274246589e-09 1.609092908551149753e-02
6.521739130434781343e-09 7.625450984801479710e-03
6.622073578595316924e-09 1.004837758379834543e-02
6.722408026755851678e-09 7.841426636955440080e-03
6.822742474916387259e-09 -3.363503170301976840e-03
6.923076923076922013e-09 6.589216045454057355e-04
7.023411371237457594e-09 6.059101892887091417e-03
7.123745819397992348e-09 2.711436375780027549e-03
7.224080267558527102e-09 6.718019621951914003e-03
7.324414715719062683e-09 9.254480917979169066e-03
7.424749163879597437e-09 1.440800727009811794e-02
7.525083612040133018e-09 1.157322016933384073e-02
7.625418060200667772e-09 3.377565704191460259e-03
7.725752508361202526e-09 2.104311225794516099e-03
7.826086956521737280e-09 2.243346820949854332e-03
7.926421404682273689e-09 5.078202488994904007e-03
8.026755852842808442e-09 4.210100016687895463e-03
8.127090301003343196e-09 1.613690600525101784e-02
8.227424749163877950e-09 9.964749753346484329e-03
8.327759197324414359e-09 9.367467447258305893e-03
8.428093645484949113e-09 4.787975202368668567e-03
8.528428093645483867e-09 6.259830981097933011e-03
8.628762541806018621e-09 7.379210572784815000e-03
8.729096989966553375e-09 5.525580789296451537e-03
8.829431438127089783e-09 4.309924551218145480e-03
8.929765886287624537e-09 6.464850391770953636e-03
9.030100334448159291e-09 2.737925243027912459e-03
9.130434782608694045e-09 2.068658524654656654e-03
9.230769230769228799e-09 8.023211021952700653e-03
9.331103678929765207e-09 6.670608530970238877e-03
9.431438127090299961e-09 7.866658030384198960e-03
9.531772575250834715e-09 8.475639425023087994e-03
9.632107023411369469e-09 5.728443900611825297e-03
9.732441471571904223e-09 5.191385178324277837e-03
9.832775919732440632e-09 1.090890561912238703e-02
9.933110367892975386e-09 9.543102239736691791e-03
1.003344481605351014e-08 6.165282675349094584e-03
1.013377926421404489e-08 5.495490625828535272e-03
1.023411371237458130e-08 8.709580648221257673e-03
1.033444816053511606e-08 1.029924364005206129e-02
1.043478260869565081e-08 8.595004211916718387e-03
1.053511705685618556e-08 4.477882330910985115e-03
1.063545150501672032e-08 4.270473120399445946e-03
1.073578595317725673e-08 7.381107440226353233e-03
1.083612040133779148e-08 9.712539314206845506e-03
1.093645484949832623e-08 8.440714850400005825e-03
1.103678929765886099e-08 -4.272753446694390039e-05
1.113712374581939574e-08 1.575973681295228610e-03
1.123745819397993215e-08 1.113783349778698153e-02
1.133779264214046690e-08 1.262938123731244949e-02
1.143812709030100166e-08 1.162618523926798632e-02
1.153846153846153641e-08 7.116414704492621951e-03
1.163879598662207117e-08 1.783313607527826569e-03
1.173913043478260757e-08 4.545846114585949324e-03
1.183946488294314233e-08 5.347655708672221370e-03
1.193979933110367708e-08 4.776659814744233824e-03
1.204013377926421184e-08 3.530752425776102158e-03
1.214046822742474824e-08 6.227338914487688497e-03
1.224080267558528300e-08 5.940100303364309609e-03
1.234113712374581775e-08 8.224290453940163656e-03
1.244147157190635251e-08 8.803007659406163199e-03
1.254180602006688726e-08 1.324751992082666245e-02
1.264214046822742367e-08 9.759259266936744573e-03
1.274247491638795842e-08 3.579925554429063284e-03
1.284280936454849318e-08 5.081061930861880196e-03
1.294314381270902793e-08 1.559895231777594024e-02
1.304347826086956269e-08 1.239916528251621027e-02
1.314381270903009909e-08 9.880209814550032499e-03
1.324414715719063385e-08 1.179151859138112546e-02
1.334448160535116860e-08 6.144905176352432642e-03
1.344481605351170336e-08 7.994367035006777478e-03
1.354515050167223811e-08 7.944327984759039230e-03
1.364548494983277452e-08 1.013394177453116884e-02
1.374581939799330927e-08 6.231292159724962677e-03
1.384615384615384403e-08 1.414332943137622603e-02
1.394648829431437878e-08 9.231936340368944449e-03
1.404682274247491519e-08 6.844100831101294219e-03
1.414715719063544994e-08 5.787981492327485405e-03
1.424749163879598470e-08 7.301279916906800414e-03
1.434782608695651945e-08 1.299694126904429869e-02
1.444816053511705420e-08 1.042137914722193748e-02
1.454849498327759061e-08 8.451832382721395642e-03
1.464882943143812537e-08 1.256421335552753739e-02
1.474916387959866012e-08 1.019232644787463130e-02
1.484949832775919487e-08 7.322480330066011116e-03
1.494983277591973128e-08 1.048416684202128565e-02
1.505016722408026604e-08 5.638857369073854535e-03
1.515050167224080079e-08 8.246917173114340013e-03
1.525083612040133554e-08 5.531484131022139025e-03
1.535117056856187030e-08 1.348480152881883012e-02
1.545150501672240505e-08 5.387590996055663557e-03
1.555183946488293981e-08 5.482065698779940537e-03
1.565217391304347456e-08 7.812631256615149705e-03
1.575250836120401262e-08 3.848609054507140352e-03
1.585284280936454738e-08 7.430267489569469981e-03
1.595317725752508213e-08 7.784657623543174941e-03
1.605351170568561688e-08 6.954089479930151280e-03
1.615384615384615164e-08 7.656984090037691204e-03
1.625418060200668639e-08 6.460286464583575583e-03
1.635451505016722115e-08 2.026386108344172205e-04
1.645484949832775590e-08 8.686055057158333439e-03
1.655518394648829065e-08 8.533366080830008180e-03
1.665551839464882872e-08 1.008689305949051450e-02
1.675585284280936347e-08 1.039958214464725521e-02
1.685618729096989823e-08 4.538005608475552399e-03
1.695652173913043298e-08 9.653398165419961249e-03
1.705685618729096773e-08 7.117096085274683855e-03
1.715719063545150249e-08 9.644717470854409849e-03
1.725752508361203724e-08 6.559940493229094935e-03
1.735785953177257200e-08 2.740502296887062372e-03
1.745819397993310675e-08 1.120526830696685211e-02
1.755852842809364150e-08 6.416746842913961801e-03
1.765886287625417957e-08 1.727355149561354700e-03
1.775919732441471432e-08 4.137823023916371162e-03
1.785953177257524907e-08 2.435410045563862411e-03
1.795986622073578383e-08 8.896466408749340374e-03
1.806020066889631858e-08 4.941492764490441024e-03
1.816053511705685334e-08 9.374842790098290163e-03
1.826086956521738809e-08 9.044564004413332275e-03
1.836120401337792284e-08 6.173522731744143441e-03
1.846153846153845760e-08 9.401401801349917181e-03
1.856187290969899566e-08 1.139700090706669174e-02
1.866220735785953041e-08 1.388134390769618469e-02
1.876254180602006517e-08 1.458616126875900663e-02
1.886287625418059992e-08 1.371399510395218332e-02
1.896321070234113468e-08 1.222987762795686197e-02
1.906354515050166943e-08 6.218563952605221136e-03
1.916387959866220418e-08 9.368435028782054474e-03
1.926421404682273894e-08 6.441598269150861089e-03
1.936454849498327369e-08 5.376456025756988499e-03
1.946488294314380845e-08 3.758218972309985365e-03
1.956521739130434651e-08 9.143169957918848012e-03
1.966555183946488126e-08 7.123780698397081182e-03
1.976588628762541602e-08 6.753503116622640474e-03
1.986622073578595077e-08 1.274681255796040677e-02
1.996655518394648553e-08 8.496649331567858454e-03
2.006688963210702028e-08 4.555385057103560065e-03
2.016722408026755503e-08 8.400947621649609148e-03
2.026755852842808979e-08 4.749352624856102711e-03
2.036789297658862454e-08 3.949861976726610872e-03
2.046822742474916260e-08 8.973317852475777220e-03
2.056856187290969736e-08 1.215111683943586804e-02
2.066889632107023211e-08 6.658249331969177606e-03
2.076923076923076687e-08 1.189581079755803843e-03
2.086956521739130162e-08 7.436587699540793059e-03
2.096989966555183637e-08 9.664037737837380057e-03
2.107023411371237113e-08 1.103127799580294523e-03
2.117056856187290588e-08 3.670234949205216247e-03
2.127090301003344064e-08 7.091832667182230640e-03
2.137123745819397539e-08 8.809330787081003436e-03
2.147157190635451345e-08 2.005895636082024019e-03
2.157190635451504821e-08 1.238432369530458130e-03
2.167224080267558296e-08 8.391767289158962029e-03
2.177257525083611771e-08 5.816159517436431808e-03
2.187290969899665247e-08 9.023879780802965961e-03
2.197324414715718722e-08 1.158287736180542427e-02
2.207357859531772198e-08 2.335503918780027811e-03
2.217391304347825673e-08 8.149873984951063605e-03
2.227424749163879148e-08 9.639946111193760728e-03
2.237458193979932955e-08 4.079149632810025530e-03
2.247491638795986430e-08 6.514965466485216072e-03
2.257525083612039905e-08 6.200925318884908423e-03
2.267558528428093381e-08 2.524478816449687510e-03
2.277591973244146856e-08 -4.436987850141920278e-03
2.287625418060200332e-08 6.600357413626035605e-03
2.297658862876253807e-08 1.344228821210374618e-02
2.307692307692307282e-08 9.039167512395359511e-03
2.317725752508360758e-08 6.561938889381856155e-03
2.327759197324414233e-08 3.268093422278620184e-03
2.337792642140468040e-08 1.403664274512603401e-03
2.347826086956521515e-08 -8.704811761404236334e-05
2.357859531772574990e-08 5.766999064122974375e-03
2.367892976588628466e-08 1.168249999864846324e-02
2.377926421404681941e-08 8.793454765129975897e-03
2.387959866220735417e-08 6.541048087920636744e-03
2.397993311036788892e-08 9.047684191447314880e-03
2.408026755852842367e-08 7.432925144815692373e-03
2.418060200668895843e-08 5.881017985905089007e-03
2.428093645484949649e-08 1.264452003695634187e-02
2.438127090301003124e-08 8.730787643443926882e-03
2.448160535117056600e-08 1.274663750392666245e-02
2.458193979933110075e-08 8.845421277074034735e-03
2.468227424749163551e-08 1.014229035978132798e-02
2.478260869565217026e-08 7.274608503646590695e-03
2.488294314381270501e-08 1.282806147730695782e-02
2.498327759197323977e-08 1.252763725774001281e-02
2.508361204013377452e-08 7.854501727675293130e-03
2.518394648829430928e-08 1.023802919840418463e-02
2.528428093645484734e-08 3.253814718793796891e-03
2.538461538461538209e-08 9.179496033250948966e-04
2.548494983277591685e-08 7.582124197814853021e-03
2.558528428093645160e-08 8.522986513781600354e-03
2.568561872909698635e-08 9.419211811450320382e-03
2.578595317725752111e-08 4.849860988024067183e-03
2.588628762541805586e-08 3.669352958890329842e-03
2.598662207357859062e-08 3.078450953969154909e-03
2.608695652173912537e-08 1.158276430944105151e-02
2.618729096989966343e-08 1.395725578159675954e-03
2.628762541806019819e-08 3.784395044093440998e-03
2.638795986622073294e-08 1.176247214556094822e-02
2.648829431438126769e-08 7.487198457239511475e-03
2.658862876254180245e-08 5.813226089147100623e-03
2.668896321070233720e-08 7.090194480907311553e-03
2.678929765886287196e-08 7.947093732462580731e-03
2.688963210702340671e-08 4.091897528723674807e-03
2.698996655518394146e-08 8.733013812385588895e-03
2.709030100334447622e-08 8.211902121336574559e-03
2.719063545150501428e-08 1.289772827990286370e-02
2.729096989966554904e-08 1.175345816733888542e-02
2.739130434782608379e-08 6.741585381714616104e-03
2.749163879598661854e-08 1.123623940959958371e-02
2.759197324414715330e-08 -6.234442750208385843e-04
2.769230769230768805e-08 6.831692548569426315e-03
2.779264214046822281e-08 6.577289313127810191e-03
2.789297658862875756e-08 6.363601211681101447e-03
2.799331103678929231e-08 2.174991897614653863e-03
2.809364548494983038e-08 9.205767019273607132e-03
2.819397993311036513e-08 5.418967897732513556e-03
2.829431438127089988e-08 7.247144342581073387e-03
2.839464882943143464e-08 6.606273427839497517e-03
2.849498327759196939e-08 8.599624245851414037e-03
2.859531772575250415e-08 8.715194480862366311e-03
2.869565217391303890e-08 8.157882667232472379e-03
2.879598662207357365e-08 6.613892585245637230e-03
2.889632107023410841e-08 5.797557228840346036e-03
2.899665551839464316e-08 4.308448342242315529e-03
2.909698996655518122e-08 2.566307562968913117e-03
2.919732441471571598e-08 1.291154269269134333e-02
2.929765886287625073e-08 1.648285946432363411e-02
2.939799331103678549e-08 8.701868010884397306e-03
2.949832775919732024e-08 4.985225500153083258e-03
2.959866220735785499e-08 3.444160878058010345e-03
2.969899665551838975e-08 2.947124687274420719e-03
2.979933110367892450e-08 9.845217370043998772e-03
2.989966555183946256e-08 8.117728496386762693e-03
2.999999999999999732e-08 6.081704240013051377e-03
