0.000000000000000000e+00 9.999999999999995559e-01
1.003344481605351029e-10 1.281206985247863687e-02
2.006688963210702059e-10 6.877148768275539135e-03
3.010033444816052959e-10 1.559102151261961434e-03
4.013377926421404118e-10 6.503941265515927016e-03
5.016722408026755277e-10 1.260901461094860766e-02
6.020066889632105918e-10 1.181547756619121155e-02
7.023411371237457594e-10 1.078493196925684426e-02
8.026755852842808236e-10 8.625022005000359052e-03
9.030100334448158877e-10 8.144697067840676874e-03
1.003344481605351055e-09 7.217667829190178852e-03
1.103678929765886223e-09 6.835293287322430703e-03
1.204013377926421184e-09 6.042282174301118192e-03
1.304347826086956351e-09 6.582331610508087953e-03
1.404682274247491519e-09 5.434933267101459305e-03
1.505016722408026480e-09 1.319344373376982529e-02
1.605351170568561647e-09 1.462193029005693333e-02
1.705685618729096815e-09 7.073562948261889402e-03
1.806020066889631775e-09 3.979121644918280631e-03
1.906354515050166943e-09 5.894694494655585391e-03
2.006688963210702111e-09 1.361955228650986102e-02
2.107023411371237278e-09 1.098172810274057783e-02
2.207357859531772446e-09 1.004735472941945158e-02
2.307692307692307200e-09 7.259432159262399833e-03
2.408026755852842367e-09 3.944886354619493371e-03
2.508361204013377535e-09 1.084331446370364639e-02
2.608695652173912702e-09 3.587473487383157581e-03
2.709030100334447870e-09 8.176389705069489824e-03
2.809364548494983038e-09 1.416457787381004974e-02
2.909698996655517792e-09 4.456654530666662520e-03
3.010033444816052959e-09 1.182234798197108472e-02
3.110367892976588127e-09 1.121499721021334064e-02
3.210702341137123294e-09 5.979504553617503472e-03
3.311036789297658462e-09 2.081052530297965164e-03
3.411371237458193629e-09 8.315827246720957494e-03
3.511705685618728797e-09 6.494105350155167031e-03
3.612040133779263551e-09 6.551653259818217018e-04
3.712374581939798719e-09 2.928936451519800754e-03
3.812709030100333886e-09 6.430974658950195516e-03
3.913043478260868640e-09 7.415761419401558502e-03
4.013377926421404221e-09 4.872502899076317645e-03
4.113712374581938975e-09 1.222182750209514258e-02
4.214046822742474556e-09 4.311211255605467904e-03
4.314381270903009310e-09 1.440638111740848680e-02
4.414715719063544892e-09 1.290301162772876029e-02
4.515050167224079646e-09 4.475216275482172407e-03
4.615384615384614399e-09 4.436157342670532175e-03
4.715719063545149981e-09 1.090765991117744610e-02
4.816053511705684735e-09 7.719537793925813386e-03
4.916387959866220316e-09 1.366751580787127843e-02
5.016722408026755070e-09 7.054253959348293426e-03
5.117056856187290651e-09 4.452349665745699214e-04
5.217391304347825405e-09 7.410101379083631774e-04
5.317725752508360159e-09 7.247701717458164550e-03
5.418060200668895740e-09 4.175396255357454421e-03
5.518394648829430494e-09 3.117906322134918282e-03
5.618729096989966075e-09 1.032748852692743149e-02
5.719063545150500829e-09 7.076807607747051532e-03
5.819397993311035583e-09 5.392113936464942511e-04
5.919732441471571164e-09 1.325068109430816050e-02
6.020066889632105918e-09 6.932556277795291419e-03
6.120401337792641499e-09 5.939341215228145093e-03
6.220735785953176253e-09 2.604798944275130493e-03
6.321070234113711835e-09 1.410661918264758015e-02
6.421404682274246589e-09 6.771148612012717685e-03
6.521739130434781343e-09 2.079532810338436365e-03
6.622073578595316924e-09 5.157708349224996575e-03
6.722408026755851678e-09 9.282708156748498488e-03
6.822742474916387259e-09 3.382335349634649994e-03
6.923076923076922013e-09 8.434141196838980045e-03
7.023411371237457594e-09 4.517726733390503395e-03
7.123745819397992348e-09 6.091042243791670516e-03
7.224080267558527102e-09 3.711839773167112128e-03
7.324414715719062683e-09 7.012884283003360808e-03
7.424749163879597437e-09 9.333339340880058080e-03
7.525083612040133018e-09 1.463842222567070250e-02
7.625418060200667772e-09 1.181321608384271020e-02
7.725752508361202526e-09 7.506475586941826171e-03
7.826086956521737280e-09 9.178131270111042003e-03
7.926421404682273689e-09 8.425654533851081917e-04
8.026755852842808442e-09 7.818682208370633657e-03
8.127090301003343196e-09 9.707055705620590627e-03
8.227424749163877950e-09 9.049719576569107901e-03
8.327759197324414359e-09 5.815312513885546528e-03
8.428093645484949113e-09 9.741300861036694680e-03
8.528428093645483867e-09 1.935145008122309777e-03
8.628762541806018621e-09 1.151592634245600204e-02
8.729096989966553375e-09 5.466862037629418095e-03
8.829431438127089783e-09 7.738696279428265018e-03
8.929765886287624537e-09 8.594260534127616535e-03
9.030100334448159291e-09 1.146001752355045415e-02
9.130434782608694045e-09 1.118707086757765069e-02
9.230769230769228799e-09 1.033825602963263715e-02
9.331103678929765207e-09 1.427661181140352405e-02
9.431438127090299961e-09 1.211137298553909697e-02
9.531772575250834715e-09 5.690096618996031905e-03
9.632107023411369469e-09 5.027265717634437497e-03
9.732441471571904223e-09 9.634113301425616810e-03
9.832775919732440632e-09 6.124357543368089650e-03
9.933110367892975386e-09 5.210817965718001626e-03
1.003344481605351014e-08 7.818964287866629267e-03
1.013377926421404489e-08 9.638279702321003901e-04
1.023411371237458130e-08 2.357385625618572608e-03
1.033444816053511606e-08 -2.027037025573343986e-04
1.043478260869565081e-08 9.374396975029848644e-03
1.053511705685618556e-08 9.754713308553548956e-03
1.063545150501672032e-08 1.292661121275796680e-02
1.073578595317725673e-08 8.839555841420754928e-03
1.083612040133779148e-08 1.226394458610793360e-02
1.093645484949832623e-08 9.607549296957361429e-03
1.103678929765886099e-08 1.271348370163612532e-02
1.113712374581939574e-08 4.809607898573959629e-03
1.123745819397993215e-08 3.551041990638753761e-03
1.133779264214046690e-08 7.778600913462079512e-03
1.143812709030100166e-08 7.932555934140671922e-03
1.153846153846153641e-08 7.006133411075997353e-03
1.163879598662207117e-08 7.784571243360021917e-03
1.173913043478260757e-08 7.223664309951646247e-03
1.183946488294314233e-08 2.520482639914068887e-03
1.193979933110367708e-08 9.246236160013718980e-03
1.204013377926421184e-08 9.372265203523449245e-03
1.214046822742474824e-08 8.048757510094496290e-03
1.224080267558528300e-08 3.913451845347566335e-03
1.234113712374581775e-08 9.746633605408535142e-03
1.244147157190635251e-08 1.401588274700286615e-02
1.254180602006688726e-08 2.264191362205584136e-03
1.264214046822742367e-08 8.597664698855613657e-03
1.274247491638795842e-08 1.417970733254900889e-02
1.284280936454849318e-08 4.143273580949938598e-03
1.294314381270902793e-08 1.474620024381114759e-02
1.304347826086956269e-08 5.988664267698010774e-03
1.314381270903009909e-08 5.147988605829476906e-03
1.324414715719063385e-08 5.551438366427665673e-03
1.334448160535116860e-08 9.556558306228665409e-03
1.344481605351170336e-08 4.781050338703764918e-03
1.354515050167223811e-08 8.017633145780380527e-03
1.364548494983277452e-08 1.244909348885197935e-02
1.374581939799330927e-08 1.185823198894798980e-02
1.384615384615384403e-08 6.074024734591289623e-03
1.394648829431437878e-08 6.115235651580731326e-03
1.404682274247491519e-08 6.681191124144726136e-03
1.414715719063544994e-08 9.100568368017770840e-04
1.424749163879598470e-08 5.723969706177417516e-03
1.434782608695651945e-08 6.635954885319926208e-03
1.444816053511705420e-08 5.239051593353055702e-03
1.454849498327759061e-08 5.607006827234615326e-03
1.464882943143812537e-08 2.234968025111762433e-03
1.474916387959866012e-08 7.449147105387413786e-03
1.484949832775919487e-08 1.038866722220366592e-02
1.494983277591973128e-08 8.824079389574539592e-03
1.505016722408026604e-08 7.708910670978315685e-03
1.515050167224080079e-08 1.402937439815276147e-02
1.525083612040133554e-08 1.246825069820659167e-02
1.535117056856187030e-08 2.684076756643196532e-03
1.545150501672240505e-08 2.108854104352369477e-03
1.555183946488293981e-08 6.066569580371368106e-03
1.565217391304347456e-08 8.192291929726723543e-03
1.575250836120401262e-08 3.139790937094683043e-03
1.585284280936454738e-08 6.785956122071727832e-03
1.595317725752508213e-08 3.080186300504000971e-03
1.605351170568561688e-08 5.375040816222172516e-03
1.615384615384615164e-08 1.230372552835340069e-02
1.625418060200668639e-08 5.123447387801237894e-03
1.635451505016722115e-08 8.131215829385468954e-03
1.645484949832775590e-08 1.111897219465285934e-02
1.655518394648829065e-08 2.627114853530037285e-03
1.665551839464882872e-08 1.612585376908271667e-02
1.675585284280936347e-08 1.051070281600646750e-02
1.685618729096989823e-08 1.262667906943035212e-02
1.695652173913043298e-08 1.146239839733757641e-02
1.705685618729096773e-08 6.856738079011874543e-03
1.715719063545150249e-08 3.171026540988398142e-03
1.725752508361203724e-08 8.798827022890443397e-03
1.735785953177257200e-08 1.094381827391078914e-02
1.745819397993310675e-08 7.150096912633551079e-03
1.755852842809364150e-08 5.427279607730581268e-03
1.765886287625417957e-08 1.385533920408937641e-03
1.775919732441471432e-08 5.192443853214560347e-03
1.785953177257524907e-08 7.180953033030361768e-03
1.795986622073578383e-08 8.962478664101575232e-03
1.806020066889631858e-08 3.702515308738855634e-03
1.816053511705685334e-08 2.334015097982763444e-03
1.826086956521738809e-08 3.398493940354603907e-03
1.836120401337792284e-08 1.141245236481284661e-02
1.846153846153845760e-08 9.315141716334336339e-03
1.856187290969899566e-08 1.495392946476057500e-02
1.866220735785953041e-08 1.083357598381845359e-02
1.876254180602006517e-08 1.507575000560321815e-02
1.886287625418059992e-08 4.930403640661109102e-03
1.896321070234113468e-08 1.028519718613532877e-02
1.906354515050166943e-08 1.339567158341760768e-03
1.916387959866220418e-08 1.180272991103586272e-02
1.926421404682273894e-08 8.105230097530039327e-03
1.936454849498327369e-08 1.821708465333193167e-02
1.946488294314380845e-08 1.254637533816030728e-02
1.956521739130434651e-08 1.189583427606361044e-02
1.966555183946488126e-08 1.100037043324188918e-02
1.976588628762541602e-08 7.864411675176964656e-03
1.986622073578595077e-08 1.267583647811936637e-02
1.996655518394648553e-08 8.823750015948563646e-03
2.006688963210702028e-08 1.327642919495799698e-02
2.016722408026755503e-08 1.010553767396813081e-02
2.026755852842808979e-08 9.767760927468166834e-03
2.036789297658862454e-08 3.675023377525075356e-03
2.046822742474916260e-08 5.824769108249155773e-03
2.056856187290969736e-08 5.659376566053228412e-03
2.066889632107023211e-08 1.538779565094803257e-02
2.076923076923076687e-08 5.442717072542663410e-03
2.086956521739130162e-08 8.359589634666170915e-03
2.096989966555183637e-08 5.738984449373145391e-03
2.107023411371237113e-08 7.734105409319410630e-03
2.117056856187290588e-08 7.812475565709479410e-03
2.127090301003344064e-08 5.244359356719497343e-03
2.137123745819397539e-08 1.278817566343463247e-02
2.147157190635451345e-08 1.214963625819872814e-03
2.157190635451504821e-08 1.536297794430974313e-02
2.167224080267558296e-08 1.141459235276886218e-02
2.177257525083611771e-08 7.592001503085833540e-03
2.187290969899665247e-08 1.120546723441203860e-02
2.197324414715718722e-08 1.531444129494088707e-03
2.207357859531772198e-08 5.270920800339771138e-03
2.217391304347825673e-08 6.151705845239284313e-03
2.227424749163879148e-08 1.183415384359607844e-02
2.237458193979932955e-08 7.538054749131968893e-03
2.247491638795986430e-08 4.178223068968795091e-03
2.257525083612039905e-08 8.081440402307977361e-03
2.267558528428093381e-08 2.449333247517697463e-03
2.277591973244146856e-08 4.886999701084773946e-03
2.287625418060200332e-08 3.559852033200166209e-03
2.297658862876253807e-08 9.017980243441614183e-03
2.307692307692307282e-08 5.364942634691620589e-03
2.317725752508360758e-08 7.222904878986083181e-03
2.327759197324414233e-08 9.450309885185562489e-03
2.337792642140468040e-08 5.155277570817203177e-03
2.347826086956521515e-08 1.196005841124662961e-02
2.357859531772574990e-08 8.814372492294457809e-03
2.367892976588628466e-08 9.780797644228979987e-03
2.377926421404681941e-08 1.207278476491639718e-02
2.387959866220735417e-08 5.144412877117674615e-03
2.397993311036788892e-08 6.643786686242051515e-03
2.408026755852842367e-08 5.946465865743556442e-03
2.418060200668895843e-08 1.090618011211023572e-02
2.428093645484949649e-08 7.404524247894018682e-03
2.438127090301003124e-08 9.080355080337620260e-03
2.448160535117056600e-08 9.115120761346446818e-03
2.458193979933110075e-08 1.030707958277741684e-02
2.468227424749163551e-08 6.307026122137193887e-03
2.478260869565217026e-08 2.270051654022543948e-03
2.488294314381270501e-08 3.456545801241993864e-03
2.498327759197323977e-08 6.319677091032920892e-03
2.508361204013377452e-08 7.869708524107732472e-03
2.518394648829430928e-08 6.934232841487776404e-03
2.528428093645484734e-08 6.850115619351259885e-03
2.538461538461538209e-08 3.173929188732715900e-03
2.548494983277591685e-08 7.608356359177574114e-03
2.558528428093645160e-08 3.819354333455723168e-03
2.568561872909698635e-08 1.230316522148935943e-02
2.578595317725752111e-08 9.726775273851110196e-03
2.588628762541805586e-08 -4.606402154015595525e-05
2.598662207357859062e-08 1.741516645867422983e-02
2.608695652173912537e-08 9.814040556556312758e-03
2.618729096989966343e-08 1.173596423972874357e-02
2.628762541806019819e-08 8.413827535700208610e-03
2.638795986622073294e-08 5.313023470922008037e-03
2.648829431438126769e-08 8.520718830554323275e-03
2.658862876254180245e-08 1.501181926562345642e-02
2.668896321070233720e-08 8.956689270171971917e-03
2.678929765886287196e-08 8.981327367296749326e-03
2.688963210702340671e-08 7.467752487203140922e-03
2.698996655518394146e-08 7.539080647081355599e-03
2.709030100334447622e-08 5.952531968211179254e-03
2.719063545150501428e-08 5.596369410369129646e-03
2.729096989966554904e-08 1.119925673702628667e-02
2.739130434782608379e-08 1.012045347789301136e-02
2.749163879598661854e-08 7.960391415829682141e-03
2.759197324414715330e-08 5.580752845345020134e-03
2.769230769230768805e-08 9.001323538664184748e-03
2.779264214046822281e-08 1.497936618079584101e-02
2.789297658862875756e-08 6.842826144096579057e-03
2.799331103678929231e-08 5.441753729665663522e-03
2.809364548494983038e-08 7.780639195879426179e-03
2.819397993311036513e-08 7.705165784787551715e-03
2.829431438127089988e-08 7.861181726106709552e-03
2.839464882943143464e-08 4.048830764743717794e-03
2.849498327759196939e-08 1.310511425666265051e-02
2.859531772575250415e-08 1.219493648194168445e-02
2.869565217391303890e-08 1.319022206437860979e-02
2.879598662207357365e-08 8.876269972598875568e-03
2.889632107023410841e-08 1.106721533047680221e-02
2.899665551839464316e-08 6.637058525576964262e-03
2.909698996655518122e-08 4.857392750310698427e-03
2.919732441471571598e-08 9.311794840775848223e-03
2.929765886287625073e-08 1.282914124688686215e-02
2.939799331103678549e-08 7.792982531368291763e-03
2.949832775919732024e-08 1.146382796338755658e-02
2.959866220735785499e-08 1.762300142446066725e-03
2.969899665551838975e-08 9.014067144569183621e-03
2.979933110367892450e-08 6.731367301480788504e-03
2.989966555183946256e-08 5.216733694914355533e-03
2.999999999999999732e-08 8.828831293905674629e-03
