0.000000000000000000e+00 9.999999999999995559e-01
1.003344481605351029e-10 9.078205057084139940e-01
2.006688963210702059e-10 7.219912886516628436e-01
3.010033444816052959e-10 5.774859198232918933e-01
4.013377926421404118e-10 4.995749267509445590e-01
5.016722408026755277e-10 4.487701364528653425e-01
6.020066889632105918e-10 3.939922188539730086e-01
7.023411371237457594e-10 3.318842176803232791e-01
8.026755852842808236e-10 2.856746987652349912e-01
9.030100334448158877e-10 2.622964419333088659e-01
1.003344481605351055e-09 2.340854878881414858e-01
1.103678929765886223e-09 1.850727386349907966e-01
1.204013377926421184e-09 1.317553038306753799e-01
1.304347826086956351e-09 9.559894249629230512e-02
1.404682274247491519e-09 7.901050302302198292e-02
1.505016722408026480e-09 6.654653673923349722e-02
1.605351170568561647e-09 4.896646239782316556e-02
1.705685618729096815e-09 3.408601077563240545e-02
1.806020066889631775e-09 2.691075637376666788e-02
1.906354515050166943e-09 1.931580521751428969e-02
2.006688963210702111e-09 3.914800936397443490e-03
2.107023411371237278e-09 -1.366663224337661374e-02
2.207357859531772446e-09 -2.101669307110835133e-02
2.307692307692307200e-09 -1.700218768762065680e-02
2.408026755852842367e-09 -1.262420296076332236e-02
2.508361204013377535e-09 -1.301507499824021072e-02
2.608695652173912702e-09 -1.346082196281256881e-02
2.709030100334447870e-09 -1.013623749327501392e-02
2.809364548494983038e-09 -5.687469629454254896e-03
2.909698996655517792e-09 -5.873055817660290459e-03
3.010033444816052959e-09 -9.658798232684846774e-03
3.110367892976588127e-09 -8.555996426528187510e-03
3.210702341137123294e-09 -7.815328774405461490e-04
3.311036789297658462e-09 6.036461102417348817e-03
3.411371237458193629e-09 8.234189907624455892e-03
3.511705685618728797e-09 1.030673058568436044e-02
3.612040133779263551e-09 1.598470507048586550e-02
3.712374581939798719e-09 2.229448348128938023e-02
3.812709030100333886e-09 2.401310700982221130e-02
3.913043478260868640e-09 2.105773522946218640e-02
4.013377926421404221e-09 1.838791322620511592e-02
4.113712374581938975e-09 1.927102950785822624e-02
4.214046822742474556e-09 2.081412881042131111e-02
4.314381270903009310e-09 1.899463413509300952e-02
4.414715719063544892e-09 1.685824624022467730e-02
4.515050167224079646e-09 1.965268364739485019e-02
4.615384615384614399e-09 2.451621340980893529e-02
4.715719063545149981e-09 2.528183726605780571e-02
4.816053511705684735e-09 2.215301490947832810e-02
4.916387959866220316e-09 1.949254938836131323e-02
5.016722408026755070e-09 1.952643946147018111e-02
5.117056856187290651e-09 2.052098794508875473e-02
5.217391304347825405e-09 1.971755159635407359e-02
5.317725752508360159e-09 1.823824893263773644e-02
5.418060200668895740e-09 1.977041813959895880e-02
5.518394648829430494e-09 2.419837820098938788e-02
5.618729096989966075e-09 2.749712136554987793e-02
5.719063545150500829e-09 2.807262085065241261e-02
5.819397993311035583e-09 2.895897117934482026e-02
5.919732441471571164e-09 3.221170967265529761e-02
6.020066889632105918e-09 3.490510471730768477e-02
6.120401337792641499e-09 3.400558724995888377e-02
6.220735785953176253e-09 3.163554468710820522e-02
6.321070234113711835e-09 3.169476483849999887e-02
6.421404682274246589e-09 3.369954839782551143e-02
6.521739130434781343e-09 3.380143108162815546e-02
6.622073578595316924e-09 3.141931686689513475e-02
6.722408026755851678e-09 2.991541579260566242e-02
6.822742474916387259e-09 3.018470717739168974e-02
6.923076923076922013e-09 2.961307026143773433e-02
7.023411371237457594e-09 2.676391246378156952e-02
7.123745819397992348e-09 2.257146356972125623e-02
7.224080267558527102e-09 1.947551553042062289e-02
7.324414715719062683e-09 1.943963450667298212e-02
7.424749163879597437e-09 2.000076410450263645e-02
7.525083612040133018e-09 1.698666826516679815e-02
7.625418060200667772e-09 1.174949404694446489e-02
7.725752508361202526e-09 8.406698730251863094e-03
7.826086956521737280e-09 6.018573841499567229e-03
7.926421404682273689e-09 1.184809847987043424e-03
8.026755852842808442e-09 -4.578819206986499586e-03
8.127090301003343196e-09 -6.989121250588618481e-03
8.227424749163877950e-09 -6.208776916058802650e-03
8.327759197324414359e-09 -6.130194146713801966e-03
8.428093645484949113e-09 -8.138797980014298578e-03
8.528428093645483867e-09 -1.006612045152660041e-02
8.628762541806018621e-09 -1.026064272332258970e-02
8.729096989966553375e-09 -9.819592322657067981e-03
8.829431438127089783e-09 -1.014803979378972945e-02
8.929765886287624537e-09 -9.620717092963332329e-03
9.030100334448159291e-09 -5.789183817829889576e-03
9.130434782608694045e-09 -7.006531336025464268e-05
9.230769230769228799e-09 4.122729579742688208e-03
9.331103678929765207e-09 6.002908131959435942e-03
9.431438127090299961e-09 6.829787027682029769e-03
9.531772575250834715e-09 7.566099273932383462e-03
9.632107023411369469e-09 8.229111407869931297e-03
9.732441471571904223e-09 8.174565391016949678e-03
9.832775919732440632e-09 7.790638696717810084e-03
9.933110367892975386e-09 8.306269914683146738e-03
1.003344481605351014e-08 9.065825775305463505e-03
1.013377926421404489e-08 8.424125112167418772e-03
1.023411371237458130e-08 6.755680249170593031e-03
1.033444816053511606e-08 5.827026045340319080e-03
1.043478260869565081e-08 6.513547777986974929e-03
1.053511705685618556e-08 7.645508630295367626e-03
1.063545150501672032e-08 7.000523542831490510e-03
1.073578595317725673e-08 4.590057506888243002e-03
1.083612040133779148e-08 3.120599745827885504e-03
1.093645484949832623e-08 3.879213806130356323e-03
1.103678929765886099e-08 4.874676383909082138e-03
1.113712374581939574e-08 4.438218286860126649e-03
1.123745819397993215e-08 4.407620125185151422e-03
1.133779264214046690e-08 7.180947017549094147e-03
1.143812709030100166e-08 1.147756831666293768e-02
1.153846153846153641e-08 1.434322951014692371e-02
1.163879598662207117e-08 1.470734666298459219e-02
1.173913043478260757e-08 1.331637558311193556e-02
1.183946488294314233e-08 1.217552351948513953e-02
1.193979933110367708e-08 1.230769347090517052e-02
1.204013377926421184e-08 1.188112158098221169e-02
1.214046822742474824e-08 1.059477790197108950e-02
1.224080267558528300e-08 1.112196596868683315e-02
1.234113712374581775e-08 1.326187501475220749e-02
1.244147157190635251e-08 1.392758467059675848e-02
1.254180602006688726e-08 1.237771471753798015e-02
1.264214046822742367e-08 1.042006286707145880e-02
1.274247491638795842e-08 9.892821762752926351e-03
1.284280936454849318e-08 1.087585349275860605e-02
1.294314381270902793e-08 1.166398517581424855e-02
1.304347826086956269e-08 1.120705194550481766e-02
1.314381270903009909e-08 9.628448429613297582e-03
1.324414715719063385e-08 7.253576585322747163e-03
1.334448160535116860e-08 4.978613710115483565e-03
1.344481605351170336e-08 3.314083378114575026e-03
1.354515050167223811e-08 2.106602033485601832e-03
1.364548494983277452e-08 1.951055051758266660e-03
1.374581939799330927e-08 2.755832461870986062e-03
1.384615384615384403e-08 2.917535511515526297e-03
1.394648829431437878e-08 1.910897094115403564e-03
1.404682274247491519e-08 8.343404780456935635e-04
1.414715719063544994e-08 4.157136070170653654e-04
1.424749163879598470e-08 -4.544943307365563630e-05
1.434782608695651945e-08 -1.198822561359396029e-03
1.444816053511705420e-08 -1.616180570733574814e-03
1.454849498327759061e-08 -3.748264860248694177e-04
1.464882943143812537e-08 4.991005095517815626e-04
1.474916387959866012e-08 1.797247921638510382e-04
1.484949832775919487e-08 4.358772397784246421e-04
1.494983277591973128e-08 1.341867284819030833e-03
1.505016722408026604e-08 1.736378362828462380e-03
1.515050167224080079e-08 1.731232719414795397e-03
1.525083612040133554e-08 1.121996056278964666e-03
1.535117056856187030e-08 -3.209507367603018236e-04
1.545150501672240505e-08 -1.107502505995276937e-03
1.555183946488293981e-08 -4.065403527462284339e-04
1.565217391304347456e-08 3.765033299491726219e-04
1.575250836120401262e-08 1.447430760828833946e-04
1.585284280936454738e-08 -3.595492260205280545e-04
1.595317725752508213e-08 4.921924399923587566e-04
1.605351170568561688e-08 3.137179114440552443e-03
1.615384615384615164e-08 5.322247409102989768e-03
1.625418060200668639e-08 5.438716988679728921e-03
1.635451505016722115e-08 5.642713091561054467e-03
1.645484949832775590e-08 7.073927240252374238e-03
1.655518394648829065e-08 7.596007096626784805e-03
1.665551839464882872e-08 7.414799886918710045e-03
1.675585284280936347e-08 8.926945641783414973e-03
1.685618729096989823e-08 1.180470701450363376e-02
1.695652173913043298e-08 1.380452246024261795e-02
1.705685618729096773e-08 1.327656603849119120e-02
1.715719063545150249e-08 1.110775364310244775e-02
1.725752508361203724e-08 1.064609735688854496e-02
1.735785953177257200e-08 1.203099243989593295e-02
1.745819397993310675e-08 1.204146045380258788e-02
1.755852842809364150e-08 1.093753829407602407e-02
1.765886287625417957e-08 1.099241389140521649e-02
1.775919732441471432e-08 1.168745764151193391e-02
1.785953177257524907e-08 1.222084675095362616e-02
1.795986622073578383e-08 1.347939975223033833e-02
1.806020066889631858e-08 1.523879734653542720e-02
1.816053511705685334e-08 1.523054209892677792e-02
1.826086956521738809e-08 1.368411420255953061e-02
1.836120401337792284e-08 1.407689490277509205e-02
1.846153846153845760e-08 1.516731621001038248e-02
1.856187290969899566e-08 1.340194818724401403e-02
1.866220735785953041e-08 1.261821101366973966e-02
1.876254180602006517e-08 1.518312380296805639e-02
1.886287625418059992e-08 1.590623543989820934e-02
1.896321070234113468e-08 1.462574457484539306e-02
1.906354515050166943e-08 1.433647447373631763e-02
1.916387959866220418e-08 1.325287876542864673e-02
1.926421404682273894e-08 1.206672504400865646e-02
1.936454849498327369e-08 1.124975952135705455e-02
1.946488294314380845e-08 7.582158422573421000e-03
1.956521739130434651e-08 4.885384665009653675e-03
1.966555183946488126e-08 7.078791359941164624e-03
1.976588628762541602e-08 8.531655129993560155e-03
1.986622073578595077e-08 7.444526350384865140e-03
1.996655518394648553e-08 6.722751035426973755e-03
2.006688963210702028e-08 4.754788954615034834e-03
2.016722408026755503e-08 2.416183110290193777e-03
2.026755852842808979e-08 1.951355793637826568e-03
2.036789297658862454e-08 6.214064261539087308e-04
2.046822742474916260e-08 -9.980391396190472705e-04
2.056856187290969736e-08 -2.158541392614640383e-04
2.066889632107023211e-08 3.165334158146122616e-04
2.076923076923076687e-08 -2.627257409516282893e-04
2.086956521739130162e-08 1.457598245429314078e-04
2.096989966555183637e-08 1.552085960586715996e-04
2.107023411371237113e-08 -9.316530952667302200e-04
2.117056856187290588e-08 -1.181109831581758380e-03
2.127090301003344064e-08 -7.856488530229949153e-04
2.137123745819397539e-08 -7.726127664805010255e-04
2.147157190635451345e-08 -4.066419695909026955e-04
2.157190635451504821e-08 1.324482546669968064e-03
2.167224080267558296e-08 4.164338262584822009e-03
2.177257525083611771e-08 6.940787948775032842e-03
2.187290969899665247e-08 8.952577340838605360e-03
2.197324414715718722e-08 9.352811517355834325e-03
2.207357859531772198e-08 7.573751368954163322e-03
2.217391304347825673e-08 5.942552650763085163e-03
2.227424749163879148e-08 6.308462142000003693e-03
2.237458193979932955e-08 6.865076974111729985e-03
2.247491638795986430e-08 6.600044579600849309e-03
2.257525083612039905e-08 5.698757506133039601e-03
2.267558528428093381e-08 3.773581351924753906e-03
2.277591973244146856e-08 3.093447064959410284e-03
2.287625418060200332e-08 5.517708058026095722e-03
2.297658862876253807e-08 8.614739949173198102e-03
2.307692307692307282e-08 1.152669636541830273e-02
2.317725752508360758e-08 1.516184220400316508e-02
2.327759197324414233e-08 1.689845828487039278e-02
2.337792642140468040e-08 1.465915518954004522e-02
2.347826086956521515e-08 1.080352147631989668e-02
2.357859531772574990e-08 8.663115280273791033e-03
2.367892976588628466e-08 9.600100663549670371e-03
2.377926421404681941e-08 1.215874102523274887e-02
2.387959866220735417e-08 1.395032688763311705e-02
2.397993311036788892e-08 1.392844173526716980e-02
2.408026755852842367e-08 1.175619937690921928e-02
2.418060200668895843e-08 9.029596792078811371e-03
2.428093645484949649e-08 8.076292373259456869e-03
2.438127090301003124e-08 7.217466962929571656e-03
2.448160535117056600e-08 4.931961768297402592e-03
2.458193979933110075e-08 3.780544511768627741e-03
2.468227424749163551e-08 3.918959502768526101e-03
2.478260869565217026e-08 3.208834075033654889e-03
2.488294314381270501e-08 2.831030496444432443e-03
2.498327759197323977e-08 4.131392950318871563e-03
2.508361204013377452e-08 6.231672932240469448e-03
2.518394648829430928e-08 8.335620653871826657e-03
2.528428093645484734e-08 9.335529329645981048e-03
2.538461538461538209e-08 8.258495320294967010e-03
2.548494983277591685e-08 5.668979330396883669e-03
2.558528428093645160e-08 3.120960370435248762e-03
2.568561872909698635e-08 2.377131121214624485e-03
2.578595317725752111e-08 3.564369744943585074e-03
2.588628762541805586e-08 5.172162903796515172e-03
2.598662207357859062e-08 6.247690360568419060e-03
2.608695652173912537e-08 5.867468367978970895e-03
2.618729096989966343e-08 3.820570779445083259e-03
2.628762541806019819e-08 2.068356004395245380e-03
2.638795986622073294e-08 1.990902261796678643e-03
2.648829431438126769e-08 3.012233663873077182e-03
2.658862876254180245e-08 3.144982745846218713e-03
2.668896321070233720e-08 7.567566478833373956e-04
2.678929765886287196e-08 -9.094772409757804609e-04
2.688963210702340671e-08 1.566736444389519971e-03
2.698996655518394146e-08 4.250706904408513287e-03
2.709030100334447622e-08 4.165295288129479759e-03
2.719063545150501428e-08 4.460282669360235083e-03
2.729096989966554904e-08 6.220168204882656725e-03
2.739130434782608379e-08 8.925262571381337856e-03
2.749163879598661854e-08 1.309438665768615159e-02
2.759197324414715330e-08 1.548675191871511092e-02
2.769230769230768805e-08 1.282184401633070653e-02
2.779264214046822281e-08 7.311170051716205619e-03
2.789297658862875756e-08 2.620733783129472819e-03
2.799331103678929231e-08 1.088702722343201298e-03
2.809364548494983038e-08 2.722758818616865736e-03
2.819397993311036513e-08 4.728038969178192941e-03
2.829431438127089988e-08 5.673848772636754488e-03
2.839464882943143464e-08 5.863715517162753840e-03
2.849498327759196939e-08 4.794713485175545499e-03
2.859531772575250415e-08 3.365041547384326273e-03
2.869565217391303890e-08 3.494385813917172401e-03
2.879598662207357365e-08 4.851270873079189215e-03
2.889632107023410841e-08 5.618687120582344270e-03
2.899665551839464316e-08 4.535680459967115011e-03
2.909698996655518122e-08 3.015314104924041519e-03
2.919732441471571598e-08 4.600592274624067980e-03
2.929765886287625073e-08 8.868273359412858284e-03
2.939799331103678549e-08 1.085771439077833772e-02
2.949832775919732024e-08 9.145637936857738820e-03
2.959866220735785499e-08 7.748476103341497487e-03
2.969899665551838975e-08 8.833265641833178486e-03
2.979933110367892450e-08 9.572581728452872821e-03
2.989966555183946256e-08 7.880796667492306895e-03
2.999999999999999732e-08 5.721998631892726353e-03
