0.000000000000000000e+00 9.999999999999995559e-01
1.003344481605351029e-10 8.904245483672471734e-03
2.006688963210702059e-10 5.148885657313264329e-03
3.010033444816052959e-10 9.546170620609140123e-03
4.013377926421404118e-10 9.416940221531002256e-03
5.016722408026755277e-10 2.378292418694184090e-03
6.020066889632105918e-10 6.637793122318864578e-03
7.023411371237457594e-10 8.450392167525074688e-03
8.026755852842808236e-10 5.026691426884721814e-03
9.030100334448158877e-10 1.077361885787832957e-02
1.003344481605351055e-09 6.986728668086512320e-04
1.103678929765886223e-09 9.424700993722841258e-03
1.204013377926421184e-09 9.468992299256460618e-03
1.304347826086956351e-09 6.809770988062258459e-03
1.404682274247491519e-09 9.771116513614138896e-03
1.505016722408026480e-09 9.517394788982282486e-03
1.605351170568561647e-09 6.370385629784206666e-03
1.705685618729096815e-09 9.182393227271759203e-03
1.806020066889631775e-09 5.386883334998113747e-03
1.906354515050166943e-09 1.487425364014812942e-02
2.006688963210702111e-09 3.574543954028270784e-03
2.107023411371237278e-09 4.964819282515990292e-03
2.207357859531772446e-09 5.183806009384419461e-03
2.307692307692307200e-09 1.039491796014638085e-02
2.408026755852842367e-09 8.932482867025755280e-03
2.508361204013377535e-09 8.291692621717774297e-03
2.608695652173912702e-09 4.013649752494963252e-03
2.709030100334447870e-09 5.124044751678135876e-03
2.809364548494983038e-09 5.176193907023048622e-03
2.909698996655517792e-09 1.388358577052276055e-02
3.010033444816052959e-09 1.916542534278000993e-03
3.110367892976588127e-09 6.910310091115561514e-03
3.210702341137123294e-09 9.259936545188855728e-03
3.311036789297658462e-09 8.008715182204395253e-03
3.411371237458193629e-09 4.455042391509355520e-03
3.511705685618728797e-09 6.648102288916712954e-03
3.612040133779263551e-09 5.509792694175758010e-03
3.712374581939798719e-09 4.081631383299545376e-03
3.812709030100333886e-09 4.472686884384072942e-03
3.913043478260868640e-09 9.550762063519489115e-03
4.013377926421404221e-09 9.287402808977307175e-03
4.113712374581938975e-09 6.649901913460049517e-03
4.214046822742474556e-09 6.596520722801506829e-03
4.314381270903009310e-09 1.062620927563615383e-02
4.414715719063544892e-09 5.699027439261514921e-03
4.515050167224079646e-09 9.377233786810337812e-03
4.615384615384614399e-09 8.702896466853024884e-03
4.715719063545149981e-09 1.003781249584957853e-02
4.816053511705684735e-09 9.737852105264560923e-03
4.916387959866220316e-09 6.068145608073013432e-03
5.016722408026755070e-09 8.667770294917533092e-03
5.117056856187290651e-09 1.502086438701208393e-02
5.217391304347825405e-09 6.228370166952221579e-03
5.317725752508360159e-09 1.170266314485914755e-02
5.418060200668895740e-09 1.193942958209400634e-03
5.518394648829430494e-09 5.187144494539950093e-03
5.618729096989966075e-09 6.949340846114463247e-03
5.719063545150500829e-09 9.064144517995479516e-03
5.819397993311035583e-09 6.993143560198004580e-03
5.919732441471571164e-09 6.919536534494073569e-03
6.020066889632105918e-09 6.950469744100528507e-03
6.120401337792641499e-09 1.280306550244284143e-02
6.220735785953176253e-09 2.841138010151962167e-03
6.321070234113711835e-09 8.299417359357097804e-03
6.421404682274246589e-09 1.123065250612353787e-02
6.521739130434781343e-09 5.359243167917852879e-03
6.622073578595316924e-09 4.506173600777441286e-03
6.722408026755851678e-09 5.701906969072242232e-03
6.822742474916387259e-09 7.214448011908945226e-03
6.923076923076922013e-09 7.200161366350966118e-03
7.023411371237457594e-09 6.892628536904518710e-03
7.123745819397992348e-09 8.745154895537756573e-03
7.224080267558527102e-09 5.713576197327886394e-03
7.324414715719062683e-09 4.157817013853417829e-03
7.424749163879597437e-09 8.424175571656282099e-03
7.525083612040133018e-09 1.000869919223061448e-02
7.625418060200667772e-09 1.530926356791172463e-02
7.725752508361202526e-09 7.773511982439868483e-03
7.826086956521737280e-09 1.078230170471160092e-02
7.926421404682273689e-09 6.993789259953282246e-03
8.026755852842808442e-09 6.544177430079286401e-03
8.127090301003343196e-09 4.704568105831720241e-03
8.227424749163877950e-09 7.498104230826828365e-03
8.327759197324414359e-09 3.834986707699704041e-04
8.428093645484949113e-09 1.276592461651899005e-02
8.528428093645483867e-09 1.076862717745580983e-02
8.628762541806018621e-09 4.002742890734533113e-03
8.729096989966553375e-09 1.117180930796721552e-02
8.829431438127089783e-09 6.358408910136681587e-03
8.929765886287624537e-09 2.435912892786072648e-03
9.030100334448159291e-09 5.252623241699103107e-03
9.130434782608694045e-09 1.716030742206088242e-02
9.230769230769228799e-09 1.029178175523524225e-02
9.331103678929765207e-09 5.575164718788149301e-03
9.431438127090299961e-09 7.884885023105997481e-03
9.531772575250834715e-09 4.123159299636406337e-03
9.632107023411369469e-09 -3.593019455819288052e-04
9.732441471571904223e-09 1.264164483024533651e-02
9.832775919732440632e-09 6.502734402937535366e-03
9.933110367892975386e-09 4.680577918100254677e-03
1.003344481605351014e-08 8.751081961811126367e-03
1.013377926421404489e-08 1.012200292437233709e-02
1.023411371237458130e-08 5.526214642094242138e-03
1.033444816053511606e-08 6.230580244723980983e-03
1.043478260869565081e-08 4.480206188014998134e-03
1.053511705685618556e-08 1.135247189960600367e-02
1.063545150501672032e-08 5.750243728500425283e-03
1.073578595317725673e-08 8.625786057669048660e-04
1.083612040133779148e-08 4.999493594179992353e-03
1.093645484949832623e-08 5.048518575421392061e-03
1.103678929765886099e-08 7.070491305529029739e-04
1.113712374581939574e-08 6.224511835855154468e-03
1.123745819397993215e-08 8.240540130527084992e-03
1.133779264214046690e-08 1.084282304267147716e-02
1.143812709030100166e-08 3.878381347531870225e-03
1.153846153846153641e-08 7.223263832342336280e-03
1.163879598662207117e-08 5.584317159101801278e-03
1.173913043478260757e-08 8.550351020919335146e-03
1.183946488294314233e-08 6.592165670593081589e-03
1.193979933110367708e-08 1.041100755560629004e-02
1.204013377926421184e-08 6.903533564552723906e-03
1.214046822742474824e-08 1.239809094117950115e-02
1.224080267558528300e-08 1.383969944305177974e-02
1.234113712374581775e-08 3.986651936172346151e-03
1.244147157190635251e-08 3.716472969415039740e-03
1.254180602006688726e-08 5.565292561088950804e-03
1.264214046822742367e-08 5.399836991320913250e-03
1.274247491638795842e-08 8.183176472187804820e-03
1.284280936454849318e-08 6.611623351383868682e-03
1.294314381270902793e-08 1.745269341385414022e-02
1.304347826086956269e-08 9.112254084599568857e-03
1.314381270903009909e-08 4.573561822348466525e-03
1.324414715719063385e-08 9.920930706851863179e-03
1.334448160535116860e-08 8.198469245313737969e-03
1.344481605351170336e-08 9.059911561324993784e-03
1.354515050167223811e-08 8.181883824193422533e-04
1.364548494983277452e-08 5.999126391342405121e-03
1.374581939799330927e-08 6.078357777778445326e-03
1.384615384615384403e-08 9.424653913904719113e-03
1.394648829431437878e-08 5.114649356589306452e-03
1.404682274247491519e-08 1.199544544774772299e-02
1.414715719063544994e-08 7.768928978602623880e-03
1.424749163879598470e-08 5.807370075106575540e-03
1.434782608695651945e-08 4.641515253490368156e-03
1.444816053511705420e-08 9.156031613089891594e-03
1.454849498327759061e-08 8.985591974014429245e-03
1.464882943143812537e-08 1.071926108666860188e-02
1.474916387959866012e-08 9.306062005428213796e-03
1.484949832775919487e-08 6.296247313916827903e-03
1.494983277591973128e-08 5.815051932595582257e-03
1.505016722408026604e-08 4.551076605021265112e-03
1.515050167224080079e-08 6.348473194822555100e-03
1.525083612040133554e-08 7.882884007497353157e-03
1.535117056856187030e-08 7.019935588858055783e-03
1.545150501672240505e-08 1.018649010330322999e-02
1.555183946488293981e-08 1.458138009730971553e-02
1.565217391304347456e-08 2.272281994154812853e-03
1.575250836120401262e-08 6.288591950785548008e-03
1.585284280936454738e-08 8.897066433446306974e-03
1.595317725752508213e-08 4.186767143042412209e-03
1.605351170568561688e-08 1.060306807783615614e-02
1.615384615384615164e-08 7.826879788825858927e-04
1.625418060200668639e-08 5.790552721290581108e-03
1.635451505016722115e-08 9.832127718014591761e-03
1.645484949832775590e-08 2.541350299710151174e-03
1.655518394648829065e-08 1.082667193802604871e-02
1.665551839464882872e-08 6.046323662339978151e-03
1.675585284280936347e-08 8.958082817422254041e-03
1.685618729096989823e-08 1.108386459950666189e-02
1.695652173913043298e-08 7.117934215881353832e-03
1.705685618729096773e-08 7.212794553165037884e-03
1.715719063545150249e-08 1.444086036457059748e-02
1.725752508361203724e-08 1.056278700074035626e-02
1.735785953177257200e-08 2.425728017507409844e-03
1.745819397993310675e-08 4.956810891847756965e-03
1.755852842809364150e-08 6.065388407694536667e-03
1.765886287625417957e-08 8.174293000671319781e-03
1.775919732441471432e-08 8.343735870762569382e-03
1.785953177257524907e-08 1.039462622763119917e-02
1.795986622073578383e-08 8.389458550807103732e-03
1.806020066889631858e-08 2.780863705818738697e-03
1.816053511705685334e-08 9.924106791903211655e-03
1.826086956521738809e-08 6.797040461992299304e-03
1.836120401337792284e-08 6.549245866259474289e-03
1.846153846153845760e-08 9.479080443106293816e-03
1.856187290969899566e-08 1.002002078167050017e-02
1.866220735785953041e-08 1.011853985957555935e-02
1.876254180602006517e-08 3.886439738173584971e-03
1.886287625418059992e-08 6.808175178371543741e-03
1.896321070234113468e-08 9.262479723347351313e-03
1.906354515050166943e-08 -5.251520775577181444e-04
1.916387959866220418e-08 1.136533519268617155e-03
1.926421404682273894e-08 5.896722322499173274e-03
1.936454849498327369e-08 6.656764129341958929e-03
1.946488294314380845e-08 9.373212730455632302e-03
1.956521739130434651e-08 4.871180403775447233e-03
1.966555183946488126e-08 3.946333680911105930e-03
1.976588628762541602e-08 1.125406292415443051e-02
1.986622073578595077e-08 6.222813423615346576e-03
1.996655518394648553e-08 6.851763898210560914e-03
2.006688963210702028e-08 5.253681094006049102e-03
2.016722408026755503e-08 7.823480135924348877e-03
2.026755852842808979e-08 8.870824583312625009e-03
2.036789297658862454e-08 1.098669706027960956e-02
2.046822742474916260e-08 8.256841086025959800e-03
2.056856187290969736e-08 8.479791455554858137e-03
2.066889632107023211e-08 8.090478962699458251e-03
2.076923076923076687e-08 1.018480946067154211e-02
2.086956521739130162e-08 9.999897192321360873e-03
2.096989966555183637e-08 1.492912841182976805e-02
2.107023411371237113e-08 8.044143360818156729e-03
2.117056856187290588e-08 4.956274083961919978e-03
2.127090301003344064e-08 2.885167096806701657e-03
2.137123745819397539e-08 1.210506121798534708e-02
2.147157190635451345e-08 6.018365495739298916e-03
2.157190635451504821e-08 4.944327457053612936e-03
2.167224080267558296e-08 1.107580549380716289e-02
2.177257525083611771e-08 1.102109856804790039e-02
2.187290969899665247e-08 9.835295338980335964e-03
2.197324414715718722e-08 5.173036605156249544e-03
2.207357859531772198e-08 9.374714185065488245e-03
2.217391304347825673e-08 5.278799439251458808e-03
2.227424749163879148e-08 1.137505058133158643e-02
2.237458193979932955e-08 3.056379249604600570e-03
2.247491638795986430e-08 8.638126888496938660e-03
2.257525083612039905e-08 1.058407814521323403e-02
2.267558528428093381e-08 9.661752414142289053e-03
2.277591973244146856e-08 4.668293418431172966e-03
2.287625418060200332e-08 5.620797801888432685e-03
2.297658862876253807e-08 7.187478959982817814e-03
2.307692307692307282e-08 8.857847302563465891e-03
2.317725752508360758e-08 7.475514880373182285e-03
2.327759197324414233e-08 2.758642473477045283e-03
2.337792642140468040e-08 6.312820716876884480e-03
2.347826086956521515e-08 4.298729516284019274e-03
2.357859531772574990e-08 1.068704154554477384e-02
2.367892976588628466e-08 5.774102935767973233e-03
2.377926421404681941e-08 1.109102976471481282e-02
2.387959866220735417e-08 1.031740471749752544e-02
2.397993311036788892e-08 1.190076646833443386e-02
2.408026755852842367e-08 8.298024046557174113e-03
2.418060200668895843e-08 5.011383680386037771e-03
2.428093645484949649e-08 1.145469697784603363e-02
2.438127090301003124e-08 3.930593938834516660e-03
2.448160535117056600e-08 5.285587329415532623e-03
2.458193979933110075e-08 6.637758871002081770e-03
2.468227424749163551e-08 3.285754168840424819e-03
2.478260869565217026e-08 1.130984407272370498e-02
2.488294314381270501e-08 8.413623236807962411e-03
2.498327759197323977e-08 1.439261098212169139e-02
2.508361204013377452e-08 1.148220613096636103e-03
2.518394648829430928e-08 3.855046146852294207e-03
2.528428093645484734e-08 9.395630005455572059e-03
2.538461538461538209e-08 9.753935617750141007e-03
2.548494983277591685e-08 8.227093742532744919e-03
2.558528428093645160e-08 9.984211782943940364e-03
2.568561872909698635e-08 -2.822979329495327707e-04
2.578595317725752111e-08 8.557078204651232672e-03
2.588628762541805586e-08 7.313965640050004713e-03
2.598662207357859062e-08 6.025333186304250577e-03
2.608695652173912537e-08 9.255748532633225126e-03
2.618729096989966343e-08 1.588877328167044231e-02
2.628762541806019819e-08 7.218898015017911896e-03
2.638795986622073294e-08 7.288305479256666601e-03
2.648829431438126769e-08 7.387143964168450469e-03
2.658862876254180245e-08 7.190942390786559009e-03
2.668896321070233720e-08 1.685818176250414302e-02
2.678929765886287196e-08 1.157214782408377655e-02
2.688963210702340671e-08 8.206404058641442872e-03
2.698996655518394146e-08 2.348037747951934630e-03
2.709030100334447622e-08 1.114953751389709431e-02
2.719063545150501428e-08 8.858951250420550941e-03
2.729096989966554904e-08 1.159882197197591863e-02
2.739130434782608379e-08 1.157064417083057163e-02
2.749163879598661854e-08 1.066544751971759512e-02
2.759197324414715330e-08 4.082775854051231938e-03
2.769230769230768805e-08 6.163198916275601340e-03
2.779264214046822281e-08 2.738739895613249813e-03
2.789297658862875756e-08 2.925603074454367729e-03
2.799331103678929231e-08 5.685344941679162760e-03
2.809364548494983038e-08 7.129961612114011152e-03
2.819397993311036513e-08 1.273094207128482383e-02
2.829431438127089988e-08 6.523135600909548033e-03
2.839464882943143464e-08 2.437476560478326996e-03
2.849498327759196939e-08 1.058415648797189461e-02
2.859531772575250415e-08 1.068734668544123363e-02
2.869565217391303890e-08 6.922482973030352239e-03
2.879598662207357365e-08 -4.431043854766723508e-03
2.889632107023410841e-08 3.288830412101388461e-04
2.899665551839464316e-08 9.923021125252545066e-03
2.909698996655518122e-08 1.148823432566209966e-02
2.919732441471571598e-08 6.962290209568823551e-03
2.929765886287625073e-08 4.830204355320523273e-03
2.939799331103678549e-08 2.314736880055850640e-04
2.949832775919732024e-08 -8.589926583014904048e-04
2.959866220735785499e-08 3.738733741562332968e-03
2.969899665551838975e-08 3.240672929994982496e-03
2.979933110367892450e-08 4.376213485780819541e-03
2.989966555183946256e-08 1.351295241057263660e-02
2.999999999999999732e-08 6.310738998954020830e-03
