0.000000000000000000e+00 9.999999999999995559e-01
1.003344481605351029e-10 2.480072515081837570e-01
2.006688963210702059e-10 1.706812548875118532e-02
3.010033444816052959e-10 -5.307082029203794189e-03
4.013377926421404118e-10 2.324549872040024279e-02
5.016722408026755277e-10 2.227526190552858720e-02
6.020066889632105918e-10 2.828765689455611104e-02
7.023411371237457594e-10 2.988827947159720944e-02
8.026755852842808236e-10 9.019229978760577929e-03
9.030100334448158877e-10 -1.007471228144692782e-02
1.003344481605351055e-09 8.200658626743927149e-03
1.103678929765886223e-09 7.615278258938222057e-03
1.204013377926421184e-09 1.451547102116897137e-02
1.304347826086956351e-09 1.296531398524348490e-02
1.404682274247491519e-09 2.886879260777429346e-03
1.505016722408026480e-09 -1.660948121852473189e-03
1.605351170568561647e-09 -9.005211610030483971e-04
1.705685618729096815e-09 5.735026832000313969e-03
1.806020066889631775e-09 1.159520131341833411e-02
1.906354515050166943e-09 1.350627207018259557e-02
2.006688963210702111e-09 1.214600378259145588e-02
2.107023411371237278e-09 2.074210957389761162e-03
2.207357859531772446e-09 -1.163367196558565434e-03
2.307692307692307200e-09 6.303128996449906818e-03
2.408026755852842367e-09 1.235626883936290915e-02
2.508361204013377535e-09 1.224545171838180638e-02
2.608695652173912702e-09 4.981307154644718828e-03
2.709030100334447870e-09 6.256471201490004796e-03
2.809364548494983038e-09 3.545375008309321462e-03
2.909698996655517792e-09 2.004195415567771449e-03
3.010033444816052959e-09 5.594519225534329981e-03
3.110367892976588127e-09 9.156309308358860644e-03
3.210702341137123294e-09 1.132242690502863192e-02
3.311036789297658462e-09 6.473233303028468749e-03
3.411371237458193629e-09 6.989753272190254302e-03
3.511705685618728797e-09 3.349535372112228022e-03
3.612040133779263551e-09 1.797026163107605726e-04
3.712374581939798719e-09 7.494906147364967415e-03
3.812709030100333886e-09 1.038975931866729409e-02
3.913043478260868640e-09 9.405366840140254314e-03
4.013377926421404221e-09 4.162132713435385233e-03
4.113712374581938975e-09 3.982579527567278038e-03
4.214046822742474556e-09 5.197864989456411726e-03
4.314381270903009310e-09 1.029831751668029878e-02
4.414715719063544892e-09 1.406106238845869494e-02
4.515050167224079646e-09 5.987177472479097290e-03
4.615384615384614399e-09 4.617014706048648380e-03
4.715719063545149981e-09 8.339095316334336691e-03
4.816053511705684735e-09 8.876636867773660469e-03
4.916387959866220316e-09 1.077725391364046589e-02
5.016722408026755070e-09 6.691820255925752178e-03
5.117056856187290651e-09 9.853908727032706372e-03
5.217391304347825405e-09 1.261780999280961903e-03
5.317725752508360159e-09 -2.594389980182010540e-03
5.418060200668895740e-09 4.173039546436997128e-03
5.518394648829430494e-09 1.167869578443910678e-02
5.618729096989966075e-09 1.016305406484126553e-02
5.719063545150500829e-09 7.101220765027105135e-03
5.819397993311035583e-09 1.260578956058612012e-02
5.919732441471571164e-09 5.663641705170156283e-03
6.020066889632105918e-09 9.189635453096272125e-03
6.120401337792641499e-09 9.952575927589673438e-03
6.220735785953176253e-09 3.777031477472083711e-03
6.321070234113711835e-09 5.858512102818643971e-03
6.421404682274246589e-09 7.163081150879506767e-03
6.521739130434781343e-09 6.920314045290304819e-03
6.622073578595316924e-09 1.289646757792354756e-02
6.722408026755851678e-09 8.942540282993613476e-03
6.822742474916387259e-09 1.457917025185328716e-02
6.923076923076922013e-09 7.663904464711606898e-03
7.023411371237457594e-09 9.417356412519575781e-03
7.123745819397992348e-09 8.993938402123567016e-03
7.224080267558527102e-09 -4.276746929532148408e-04
7.324414715719062683e-09 -6.887837062716157307e-04
7.424749163879597437e-09 1.309657100193947592e-02
7.525083612040133018e-09 1.328276237241119567e-02
7.625418060200667772e-09 3.570694671224079048e-03
7.725752508361202526e-09 5.698570954725456703e-03
7.826086956521737280e-09 9.533543662244558028e-03
7.926421404682273689e-09 1.491359423059952262e-02
8.026755852842808442e-09 1.159346113763854921e-02
8.127090301003343196e-09 5.298607124816221911e-03
8.227424749163877950e-09 3.241907444975700853e-03
8.327759197324414359e-09 1.148368218353377785e-03
8.428093645484949113e-09 4.808005190259087742e-03
8.528428093645483867e-09 5.358105975151670509e-03
8.628762541806018621e-09 8.902956496653917709e-03
8.729096989966553375e-09 5.778079507373957285e-03
8.829431438127089783e-09 3.805528839407395017e-03
8.929765886287624537e-09 6.159377593855024785e-03
9.030100334448159291e-09 7.998069637027446430e-03
9.130434782608694045e-09 6.329423714507481646e-03
9.230769230769228799e-09 6.395960963101418942e-03
9.331103678929765207e-09 3.272735220983951331e-03
9.431438127090299961e-09 6.268515169405955087e-03
9.531772575250834715e-09 5.799770331316888086e-03
9.632107023411369469e-09 2.690509039109419045e-03
9.732441471571904223e-09 2.293926188951964269e-03
9.832775919732440632e-09 7.096000231415203717e-03
9.933110367892975386e-09 7.722073174551560143e-03
1.003344481605351014e-08 1.030355213736413450e-02
1.013377926421404489e-08 8.554101263972442581e-03
1.023411371237458130e-08 8.806062158799294812e-03
1.033444816053511606e-08 4.596726362370484945e-03
1.043478260869565081e-08 7.294400331852188453e-03
1.053511705685618556e-08 1.229702667761360148e-02
1.063545150501672032e-08 7.146417082679718501e-03
1.073578595317725673e-08 3.913048395850909043e-03
1.083612040133779148e-08 9.028632708677561056e-03
1.093645484949832623e-08 9.452769270793304202e-03
1.103678929765886099e-08 1.155739464472042149e-02
1.113712374581939574e-08 8.406112170726148802e-03
1.123745819397993215e-08 4.561837253562711636e-03
1.133779264214046690e-08 3.561876552402207588e-03
1.143812709030100166e-08 7.769507626265905603e-03
1.153846153846153641e-08 8.798435823915318199e-03
1.163879598662207117e-08 1.244987702297748432e-02
1.173913043478260757e-08 4.475770843765510161e-03
1.183946488294314233e-08 -1.590875371640360037e-03
1.193979933110367708e-08 5.262432854464147922e-03
1.204013377926421184e-08 1.180355054428285436e-02
1.214046822742474824e-08 1.356390369933571823e-02
1.224080267558528300e-08 8.316844986019906669e-03
1.234113712374581775e-08 5.100423757046729754e-03
1.244147157190635251e-08 6.551014463110580235e-03
1.254180602006688726e-08 6.859908222181698885e-03
1.264214046822742367e-08 5.480189027053140871e-03
1.274247491638795842e-08 6.060362429646736285e-03
1.284280936454849318e-08 3.538074155668943007e-03
1.294314381270902793e-08 5.003106369302508065e-03
1.304347826086956269e-08 4.980991898841828809e-03
1.314381270903009909e-08 4.690812340003487971e-03
1.324414715719063385e-08 9.661261029051662966e-03
1.334448160535116860e-08 1.041483183909854178e-02
1.344481605351170336e-08 1.285920551905667814e-02
1.354515050167223811e-08 2.715832519111063869e-04
1.364548494983277452e-08 -1.645453491635618781e-04
1.374581939799330927e-08 1.063258007143133739e-02
1.384615384615384403e-08 8.243650606047052756e-03
1.394648829431437878e-08 1.115082012981562058e-02
1.404682274247491519e-08 1.069834086078821911e-02
1.414715719063544994e-08 9.439687774420829972e-03
1.424749163879598470e-08 4.489607798255152576e-03
1.434782608695651945e-08 1.012044218658978909e-02
1.444816053511705420e-08 8.077423178293866024e-03
1.454849498327759061e-08 1.103615500670209262e-02
1.464882943143812537e-08 4.818674023405754119e-03
1.474916387959866012e-08 1.238143034664944929e-02
1.484949832775919487e-08 1.041272125255211616e-02
1.494983277591973128e-08 5.298741227908168941e-03
1.505016722408026604e-08 1.093573028633835521e-02
1.515050167224080079e-08 7.254186426715675956e-03
1.525083612040133554e-08 8.557979295970918193e-03
1.535117056856187030e-08 1.293829059289644881e-02
1.545150501672240505e-08 1.711176005238102329e-02
1.555183946488293981e-08 6.320874945063294746e-03
1.565217391304347456e-08 9.809690583609934067e-03
1.575250836120401262e-08 9.288785725630195611e-03
1.585284280936454738e-08 9.129878321429408389e-03
1.595317725752508213e-08 1.162581961929011129e-02
1.605351170568561688e-08 5.888264592522701735e-03
1.615384615384615164e-08 7.424437431954536253e-03
1.625418060200668639e-08 1.969713432139465377e-03
1.635451505016722115e-08 6.482083325264577887e-03
1.645484949832775590e-08 9.843567818235499436e-03
1.655518394648829065e-08 6.707360823905807179e-03
1.665551839464882872e-08 1.118832783051131388e-02
1.675585284280936347e-08 6.734833254582985734e-03
1.685618729096989823e-08 3.355407731026889551e-03
1.695652173913043298e-08 1.274897974452712844e-03
1.705685618729096773e-08 9.547477372205371085e-03
1.715719063545150249e-08 4.667770440775814191e-03
1.725752508361203724e-08 4.913018689704259749e-03
1.735785953177257200e-08 6.106031651171606699e-03
1.745819397993310675e-08 -2.237559065949680254e-03
1.755852842809364150e-08 8.709904929665092388e-03
1.765886287625417957e-08 8.561933080621851946e-03
1.775919732441471432e-08 9.783641383128984306e-03
1.785953177257524907e-08 9.997390562597758407e-03
1.795986622073578383e-08 4.413818238964517353e-03
1.806020066889631858e-08 8.677596862666158220e-03
1.816053511705685334e-08 1.055162445138914731e-02
1.826086956521738809e-08 1.355328485609449268e-02
1.836120401337792284e-08 1.015566498840642096e-02
1.846153846153845760e-08 3.592913586873611436e-03
1.856187290969899566e-08 7.333479463640941998e-03
1.866220735785953041e-08 1.369217058505859015e-02
1.876254180602006517e-08 4.668589197485279764e-03
1.886287625418059992e-08 8.204820734081420472e-03
1.896321070234113468e-08 1.794701993930000478e-03
1.906354515050166943e-08 5.699501290038998941e-03
1.916387959866220418e-08 9.320415374432755931e-03
1.926421404682273894e-08 4.621261381285033699e-03
1.936454849498327369e-08 9.311694701720926726e-03
1.946488294314380845e-08 5.762949634861912890e-03
1.956521739130434651e-08 7.063324351569969482e-03
1.966555183946488126e-08 1.332052760493768716e-02
1.976588628762541602e-08 1.265502134418600155e-02
1.986622073578595077e-08 1.475082916675812469e-02
1.996655518394648553e-08 1.501870263071935184e-02
2.006688963210702028e-08 1.514100831447286535e-02
2.016722408026755503e-08 1.890459679820325964e-02
2.026755852842808979e-08 4.498736144170103514e-03
2.036789297658862454e-08 6.060933635276049766e-03
2.046822742474916260e-08 9.357513971286136184e-03
2.056856187290969736e-08 7.314488147230324352e-03
2.066889632107023211e-08 3.433588893125353626e-03
2.076923076923076687e-08 4.525328947909286123e-03
2.086956521739130162e-08 8.953839704602678182e-03
2.096989966555183637e-08 5.475595155939040962e-03
2.107023411371237113e-08 8.180749888209496584e-03
2.117056856187290588e-08 8.160520568407577183e-03
2.127090301003344064e-08 1.218561220545172873e-02
2.137123745819397539e-08 5.844319172011446482e-03
2.147157190635451345e-08 5.992409908613323226e-03
2.157190635451504821e-08 9.448280044664020619e-03
2.167224080267558296e-08 6.268211204853235165e-03
2.177257525083611771e-08 3.358701958343540770e-03
2.187290969899665247e-08 7.053914165919036861e-03
2.197324414715718722e-08 1.011181221983240182e-02
2.207357859531772198e-08 9.179280101921084151e-03
2.217391304347825673e-08 5.653228039782404526e-03
2.227424749163879148e-08 1.034950625559624172e-02
2.237458193979932955e-08 1.063438553940443225e-02
2.247491638795986430e-08 7.815230609434153583e-04
2.257525083612039905e-08 2.402750490451402952e-03
2.267558528428093381e-08 5.550894184993147330e-03
2.277591973244146856e-08 9.856858737275746990e-03
2.287625418060200332e-08 -1.200359818662593029e-04
2.297658862876253807e-08 5.840435807494707109e-03
2.307692307692307282e-08 3.447726048148683307e-03
2.317725752508360758e-08 8.055574647410898570e-03
2.327759197324414233e-08 8.141487096242315535e-03
2.337792642140468040e-08 8.377072150572305656e-03
2.347826086956521515e-08 1.062578267376708060e-02
2.357859531772574990e-08 9.086792965813373507e-03
2.367892976588628466e-08 4.777869032748892700e-03
2.377926421404681941e-08 1.238263450335829255e-02
2.387959866220735417e-08 -8.751581565473171139e-04
2.397993311036788892e-08 6.165673603234696556e-03
2.408026755852842367e-08 5.933574503149415848e-03
2.418060200668895843e-08 3.581615468187545823e-03
2.428093645484949649e-08 -3.494513681600144254e-03
2.438127090301003124e-08 5.087061197546077947e-03
2.448160535117056600e-08 1.641181093522321374e-02
2.458193979933110075e-08 8.635541915516910597e-03
2.468227424749163551e-08 7.835477942404078799e-03
2.478260869565217026e-08 -2.101021857807888261e-04
2.488294314381270501e-08 7.660523444384051070e-03
2.498327759197323977e-08 3.213934895261446462e-03
2.508361204013377452e-08 2.201453978043217512e-03
2.518394648829430928e-08 8.925573822427451676e-03
2.528428093645484734e-08 1.104171569692061206e-02
2.538461538461538209e-08 7.190092134780266299e-03
2.548494983277591685e-08 4.411627654979913618e-03
2.558528428093645160e-08 8.530932184392096829e-03
2.568561872909698635e-08 7.452537341449965921e-03
2.578595317725752111e-08 5.808441948464890953e-03
2.588628762541805586e-08 1.252439049593698055e-02
2.598662207357859062e-08 1.408598724677640086e-02
2.608695652173912537e-08 1.310863754291985601e-02
2.618729096989966343e-08 8.967975437347754791e-03
2.628762541806019819e-08 9.846084267315157595e-03
2.638795986622073294e-08 7.351498636987474633e-03
2.648829431438126769e-08 8.627459342597031122e-03
2.658862876254180245e-08 6.858605724663842211e-03
2.668896321070233720e-08 1.187811445839530647e-02
2.678929765886287196e-08 1.137280326100142090e-02
2.688963210702340671e-08 9.177706159889633536e-03
2.698996655518394146e-08 2.351351259882821215e-03
2.709030100334447622e-08 5.573561856387379511e-04
2.719063545150501428e-08 8.922093782036082457e-03
2.729096989966554904e-08 8.732693879548326238e-03
2.739130434782608379e-08 8.617824133969545150e-03
2.749163879598661854e-08 4.339485859153808557e-03
2.759197324414715330e-08 9.141523902557019063e-03
2.769230769230768805e-08 1.060116293596518461e-02
2.779264214046822281e-08 1.452093049989806352e-02
2.789297658862875756e-08 6.086084833459185633e-03
2.799331103678929231e-08 6.552378092977222471e-03
2.809364548494983038e-08 1.043084895019946289e-03
2.819397993311036513e-08 3.704599033813973149e-03
2.829431438127089988e-08 8.530746227579750693e-03
2.839464882943143464e-08 5.775120015870390845e-03
2.849498327759196939e-08 4.461726617190911286e-03
2.859531772575250415e-08 7.413808591232536917e-03
2.869565217391303890e-08 5.820563157956161124e-03
2.879598662207357365e-08 9.209114556470809551e-03
2.889632107023410841e-08 8.000445640370765221e-03
2.899665551839464316e-08 1.096622255722798020e-02
2.909698996655518122e-08 9.698839081828856956e-03
2.919732441471571598e-08 5.501909210717652668e-03
2.929765886287625073e-08 7.280201076268779520e-03
2.939799331103678549e-08 2.597017952132264166e-03
2.949832775919732024e-08 7.578815248035080353e-03
2.959866220735785499e-08 9.694000218183373638e-03
2.969899665551838975e-08 6.548823283672211212e-03
2.979933110367892450e-08 4.357751800275276588e-03
2.989966555183946256e-08 5.714404439162473932e-03
2.999999999999999732e-08 8.553166258395972221e-03
