0.000000000000000000e+00 9.999999999999995559e-01
1.003344481605351029e-10 9.990871200724975587e-01
2.006688963210702059e-10 9.963586428923395522e-01
3.010033444816052959e-10 9.918448654943577969e-01
4.013377926421404118e-10 9.855956517821981011e-01
5.016722408026755277e-10 9.776795022911112243e-01
6.020066889632105918e-10 9.681822843418277369e-01
7.023411371237457594e-10 9.572056539150581855e-01
8.026755852842808236e-10 9.448652079182050523e-01
9.030100334448158877e-10 9.312884117241856385e-01
1.003344481605351055e-09 9.166123517631060702e-01
1.103678929765886223e-09 9.009813664096859576e-01
1.204013377926421184e-09 8.845446103481946487e-01
1.304347826086956351e-09 8.674536079766270724e-01
1.404682274247491519e-09 8.498598502469808524e-01
1.505016722408026480e-09 8.319124866915937888e-01
1.605351170568561647e-09 8.137561603653770126e-01
1.705685618729096815e-09 7.955290281911079342e-01
1.806020066889631775e-09 7.773610029166164725e-01
1.906354515050166943e-09 7.593722457950484728e-01
2.006688963210702111e-09 7.416719314205395541e-01
2.107023411371237278e-09 7.243572981430173030e-01
2.207357859531772446e-09 7.075129894036915612e-01
2.307692307692307200e-09 6.912106834291656954e-01
2.408026755852842367e-09 6.755090012367191976e-01
2.508361204013377535e-09 6.604536760554347019e-01
2.608695652173912702e-09 6.460779612494247370e-01
2.709030100334447870e-09 6.324032487991406715e-01
2.809364548494983038e-09 6.194398664752918116e-01
2.909698996655517792e-09 6.071880191069261024e-01
3.010033444816052959e-09 5.956388378374218862e-01
3.110367892976588127e-09 5.847755009734110221e-01
3.210702341137123294e-09 5.745743909141993733e-01
3.311036789297658462e-09 5.650062536167169691e-01
3.411371237458193629e-09 5.560373299824836746e-01
3.511705685618728797e-09 5.476304322984569817e-01
3.612040133779263551e-09 5.397459432499716048e-01
3.712374581939798719e-09 5.323427198623155165e-01
3.812709030100333886e-09 5.253788898202927937e-01
3.913043478260868640e-09 5.188125327636651241e-01
4.013377926421404221e-09 5.126022441681614694e-01
4.113712374581938975e-09 5.067075841173579454e-01
4.214046822742474556e-09 5.010894174901191489e-01
4.314381270903009310e-09 4.957101556960516464e-01
4.414715719063544892e-09 4.905339129811668863e-01
4.515050167224079646e-09 4.855265924233605479e-01
4.615384615384614399e-09 4.806559180018813993e-01
4.715719063545149981e-09 4.758914295505249914e-01
4.816053511705684735e-09 4.712044570180954906e-01
4.916387959866220316e-09 4.665680893203012491e-01
5.016722408026755070e-09 4.619571512613132036e-01
5.117056856187290651e-09 4.573481996411173922e-01
5.217391304347825405e-09 4.527195468756449181e-01
5.317725752508360159e-09 4.480513173826231599e-01
5.418060200668895740e-09 4.433255387763348487e-01
5.518394648829430494e-09 4.385262667190090724e-01
5.618729096989966075e-09 4.336397392403146811e-01
5.719063545150500829e-09 4.286545535933532491e-01
5.819397993311035583e-09 4.235618563837956208e-01
5.919732441471571164e-09 4.183555358860914786e-01
6.020066889632105918e-09 4.130324042210469226e-01
6.120401337792641499e-09 4.075923564603082250e-01
6.220735785953176253e-09 4.020384937657047741e-01
6.321070234113711835e-09 3.963771983575134494e-01
6.421404682274246589e-09 3.906181494012235800e-01
6.521739130434781343e-09 3.847742707480373836e-01
6.622073578595316924e-09 3.788616037789127589e-01
6.722408026755851678e-09 3.728991012858330345e-01
6.822742474916387259e-09 3.669083412636269248e-01
6.923076923076922013e-09 3.609131625583341663e-01
7.023411371237457594e-09 3.549392273970423117e-01
7.123745819397992348e-09 3.490135187835787800e-01
7.224080267558527102e-09 3.431637834647713881e-01
7.324414715719062683e-09 3.374179335442675787e-01
7.424749163879597437e-09 3.318034217510394956e-01
7.525083612040133018e-09 3.263466067819689176e-01
7.625418060200667772e-09 3.210721259775525249e-01
7.725752508361202526e-09 3.160022928248847340e-01
7.826086956521737280e-09 3.111565364043766824e-01
7.926421404682273689e-09 3.065508989214912328e-01
8.026755852842808442e-09 3.021976059300031103e-01
8.127090301003343196e-09 2.981047218175130742e-01
8.227424749163877950e-09 2.942759006638194785e-01
8.327759197324414359e-09 2.907102397896673129e-01
8.428093645484949113e-09 2.874022402897512540e-01
8.528428093645483867e-09 2.843418756988081442e-01
8.628762541806018621e-09 2.815147667849259294e-01
8.729096989966553375e-09 2.789024574096853892e-01
8.829431438127089783e-09 2.764827835444044757e-01
8.929765886287624537e-09 2.742303249797545250e-01
9.030100334448159291e-09 2.721169270934688522e-01
9.130434782608694045e-09 2.701122783130504024e-01
9.230769230769228799e-09 2.681845276746900875e-01
9.331103678929765207e-09 2.663009261642638181e-01
9.431438127090299961e-09 2.644284753397823651e-01
9.531772575250834715e-09 2.625345670661231035e-01
9.632107023411369469e-09 2.605875990129322695e-01
9.732441471571904223e-09 2.585575518292033137e-01
9.832775919732440632e-09 2.564165155527659556e-01
9.933110367892975386e-09 2.541391547676972174e-01
1.003344481605351014e-08 2.517031042070114744e-01
1.013377926421404489e-08 2.490892888263688543e-01
1.023411371237458130e-08 2.462821647598737174e-01
1.033444816053511606e-08 2.432698799261246991e-01
1.043478260869565081e-08 2.400443553013835718e-01
1.053511705685618556e-08 2.366012899449879969e-01
1.063545150501672032e-08 2.329400946883090906e-01
1.073578595317725673e-08 2.290637609335401392e-01
1.083612040133779148e-08 2.249786722170972197e-01
1.093645484949832623e-08 2.206943670537787339e-01
1.103678929765886099e-08 2.162232620861867516e-01
1.113712374581939574e-08 2.115803447276810023e-01
1.123745819397993215e-08 2.067828443280031459e-01
1.133779264214046690e-08 2.018498904420658324e-01
1.143812709030100166e-08 1.968021660873428003e-01
1.153846153846153641e-08 1.916615629843544666e-01
1.163879598662207117e-08 1.864508447432821625e-01
1.173913043478260757e-08 1.811933228453915246e-01
1.183946488294314233e-08 1.759125491279004416e-01
1.193979933110367708e-08 1.706320273694908185e-01
1.204013377926421184e-08 1.653749455399499413e-01
1.214046822742474824e-08 1.601639293633773109e-01
1.224080267558528300e-08 1.550208170832591270e-01
1.234113712374581775e-08 1.499664547328727615e-01
1.244147157190635251e-08 1.450205108188779568e-01
1.254180602006688726e-08 1.402013091218913543e-01
1.264214046822742367e-08 1.355256782973981444e-01
1.274247491638795842e-08 1.310088171061660756e-01
1.284280936454849318e-08 1.266641743898020145e-01
1.294314381270902793e-08 1.225033433020138174e-01
1.304347826086956269e-08 1.185359697724477218e-01
1.314381270903009909e-08 1.147696756778154165e-01
1.324414715719063385e-08 1.112099976838045734e-01
1.334448160535116860e-08 1.078603431617287944e-01
1.344481605351170336e-08 1.047219649400552566e-01
1.354515050167223811e-08 1.017939568919347948e-01
1.364548494983277452e-08 9.907327246128427856e-02
1.374581939799330927e-08 9.655476817515371013e-02
1.384615384615384403e-08 9.423127397083912171e-02
1.394648829431437878e-08 9.209369178310161663e-02
1.404682274247491519e-08 9.013112329931048661e-02
1.414715719063544994e-08 8.833102711605830826e-02
1.424749163879598470e-08 8.667940474497359826e-02
1.434782608695651945e-08 8.516101404953965726e-02
1.444816053511705420e-08 8.375960778500124437e-02
1.454849498327759061e-08 8.245819399932891036e-02
1.464882943143812537e-08 8.123931417548366229e-02
1.474916387959866012e-08 8.008533419412702803e-02
1.484949832775919487e-08 7.897874250936159912e-02
1.494983277591973128e-08 7.790244939190529849e-02
1.505016722408026604e-08 7.684008073257025950e-02
1.515050167224080079e-08 7.577625973544052651e-02
1.525083612040133554e-08 7.469686987831708480e-02
1.535117056856187030e-08 7.358929278297583754e-02
1.545150501672240505e-08 7.244261511602070880e-02
1.555183946488293981e-08 7.124779932050473441e-02
1.565217391304347456e-08 6.999781383884191854e-02
1.575250836120401262e-08 6.868771950140047100e-02
1.585284280936454738e-08 6.731470988899142249e-02
1.595317725752508213e-08 6.587810469293757520e-02
1.605351170568561688e-08 6.437929635204721335e-02
1.615384615384615164e-08 6.282165149864671339e-02
1.625418060200668639e-08 6.121036995310946000e-02
1.635451505016722115e-08 5.955230512724149494e-02
1.645484949832775590e-08 5.785575069416903915e-02
1.655518394648829065e-08 5.613019922368848308e-02
1.665551839464882872e-08 5.438607914121511983e-02
1.675585284280936347e-08 5.263447682642143077e-02
1.685618729096989823e-08 5.088685091300600150e-02
1.695652173913043298e-08 4.915474588041675308e-02
1.705685618729096773e-08 4.744951184634441793e-02
1.715719063545150249e-08 4.578203708760006374e-02
1.725752508361203724e-08 4.416249925569649959e-02
1.735785953177257200e-08 4.260014053716998372e-02
1.745819397993310675e-08 4.110307116732279942e-02
1.755852842809364150e-08 3.967810477305357131e-02
1.765886287625417957e-08 3.833062803123092610e-02
1.775919732441471432e-08 3.706450611968997721e-02
1.785953177257524907e-08 3.588202444352009413e-02
1.795986622073578383e-08 3.478386617272648251e-02
1.806020066889631858e-08 3.376912425791889910e-02
1.816053511705685334e-08 3.283534582318368977e-02
1.826086956521738809e-08 3.197860618910981778e-02
1.836120401337792284e-08 3.119360926750463711e-02
1.846153846153845760e-08 3.047381069986243932e-02
1.856187290969899566e-08 2.981155988512743799e-02
1.866220735785953041e-08 2.919825695376227284e-02
1.876254180602006517e-08 2.862452078421618556e-02
1.886287625418059992e-08 2.808036430954553159e-02
1.896321070234113468e-08 2.755537360740068636e-02
1.906354515050166943e-08 2.703888758443750984e-02
1.916387959866220418e-08 2.652017543350823625e-02
1.926421404682273894e-08 2.598860943548729138e-02
1.936454849498327369e-08 2.543383107487064490e-02
1.946488294314380845e-08 2.484590881883053104e-02
1.956521739130434651e-08 2.421548625552618142e-02
1.966555183946488126e-08 2.353391958508996296e-02
1.976588628762541602e-08 2.279340369591962082e-02
1.986622073578595077e-08 2.198708623432165526e-02
1.996655518394648553e-08 2.110916918638344048e-02
2.006688963210702028e-08 2.015499754090168891e-02
2.016722408026755503e-08 1.912113459906988888e-02
2.026755852842808979e-08 1.800542345178271150e-02
2.036789297658862454e-08 1.680703407300734864e-02
2.046822742474916260e-08 1.552649539378041926e-02
2.056856187290969736e-08 1.416571164304947748e-02
2.066889632107023211e-08 1.272796218576246682e-02
2.076923076923076687e-08 1.121788407123327537e-02
2.086956521739130162e-08 9.641436539769432032e-03
2.096989966555183637e-08 8.005846833888774494e-03
2.107023411371237113e-08 6.319536829655307726e-03
2.117056856187290588e-08 4.592030247137852267e-03
2.127090301003344064e-08 2.833840515744265667e-03
2.137123745819397539e-08 1.056339754718398777e-03
2.147157190635451345e-08 -7.283902284546950323e-04
2.157190635451504821e-08 -2.507723532487684051e-03
2.167224080267558296e-08 -4.268670447137353635e-03
2.177257525083611771e-08 -5.998070006225200354e-03
2.187290969899665247e-08 -7.682791882147347803e-03
2.197324414715718722e-08 -9.309944228882167244e-03
2.207357859531772198e-08 -1.086708367497350898e-02
2.217391304347825673e-08 -1.234242334459013414e-02
2.227424749163879148e-08 -1.372503456263736259e-02
2.237458193979932955e-08 -1.500503779490505556e-02
2.247491638795986430e-08 -1.617377839820481611e-02
2.257525083612039905e-08 -1.722398291551258120e-02
2.267558528428093381e-08 -1.814989194925183819e-02
2.277591973244146856e-08 -1.894736607859599797e-02
2.287625418060200332e-08 -1.961396184517245900e-02
2.297658862876253807e-08 -2.014897550177089172e-02
2.307692307692307282e-08 -2.055345298179237293e-02
2.317725752508360758e-08 -2.083016538033972964e-02
2.327759197324414233e-08 -2.098355011490325717e-02
2.337792642140468040e-08 -2.101961882613828658e-02
2.347826086956521515e-08 -2.094583395768664924e-02
2.357859531772574990e-08 -2.077095678876706916e-02
2.367892976588628466e-08 -2.050487045589682866e-02
2.377926421404681941e-08 -2.015838216442387282e-02
2.387959866220735417e-08 -1.974300933366715874e-02
2.397993311036788892e-08 -1.927075482272718951e-02
2.408026755852842367e-08 -1.875387663374038574e-02
2.418060200668895843e-08 -1.820465757732356304e-02
2.428093645484949649e-08 -1.763518030882561816e-02
2.438127090301003124e-08 -1.705711290733131352e-02
2.448160535117056600e-08 -1.648150978146732670e-02
2.458193979933110075e-08 -1.591863216165385897e-02
2.468227424749163551e-08 -1.537779179701768972e-02
2.478260869565217026e-08 -1.486722074023519996e-02
2.488294314381270501e-08 -1.439396930166234913e-02
2.498327759197323977e-08 -1.396383341379466361e-02
2.508361204013377452e-08 -1.358131179781888603e-02
2.518394648829430928e-08 -1.324959249492561192e-02
2.528428093645484734e-08 -1.297056754389731489e-02
2.538461538461538209e-08 -1.274487387855068043e-02
2.548494983277591685e-08 -1.257195790576653635e-02
2.558528428093645160e-08 -1.245016072474985913e-02
2.568561872909698635e-08 -1.237682057367680416e-02
2.578595317725752111e-08 -1.234838884863828298e-02
2.588628762541805586e-08 -1.236055593400973290e-02
2.598662207357859062e-08 -1.240838310994025161e-02
2.608695652173912537e-08 -1.248643695333959830e-02
2.618729096989966343e-08 -1.258892291070955356e-02
2.628762541806019819e-08 -1.270981507761021964e-02
2.638795986622073294e-08 -1.284297965050945449e-02
2.648829431438126769e-08 -1.298229000004692477e-02
2.658862876254180245e-08 -1.312173182693853607e-02
2.668896321070233720e-08 -1.325549737925058556e-02
2.678929765886287196e-08 -1.337806820982165995e-02
2.688963210702340671e-08 -1.348428641423872129e-02
2.698996655518394146e-08 -1.356941469469571254e-02
2.709030100334447622e-08 -1.362918592839555687e-02
2.719063545150501428e-08 -1.365984317000591003e-02
2.729096989966554904e-08 -1.365817117951695532e-02
2.739130434782608379e-08 -1.362152063770776661e-02
2.749163879598661854e-08 -1.354782619387318379e-02
2.759197324414715330e-08 -1.343561939137746450e-02
2.769230769230768805e-08 -1.328403734677126823e-02
2.779264214046822281e-08 -1.309282783173709545e-02
2.789297658862875756e-08 -1.286235114071861661e-02
2.799331103678929231e-08 -1.259357883920127208e-02
2.809364548494983038e-08 -1.228808919756574011e-02
2.819397993311036513e-08 -1.194805884247334901e-02
2.829431438127089988e-08 -1.157624992010316232e-02
2.839464882943143464e-08 -1.117599187961207732e-02
2.849498327759196939e-08 -1.075115686464392893e-02
2.859531772575250415e-08 -1.030612765597506419e-02
2.869565217391303890e-08 -9.845757146038207688e-03
2.879598662207357365e-08 -9.375318448556220485e-03
2.889632107023410841e-08 -8.900444951996138582e-03
2.899665551839464316e-08 -8.427059907937880026e-03
2.909698996655518122e-08 -7.961295494661750974e-03
2.919732441471571598e-08 -7.509401698638178309e-03
2.929765886287625073e-08 -7.077645795499364761e-03
2.939799331103678549e-08 -6.672203668556118267e-03
2.949832775919732024e-08 -6.299044656596984419e-03
2.959866220735785499e-08 -5.963812052606059892e-03
2.969899665551838975e-08 -5.671701760531501837e-03
2.979933110367892450e-08 -5.427341938950752676e-03
2.989966555183946256e-08 -5.234676701137828091e-03
2.999999999999999732e-08 -5.096857086249740633e-03
