0.000000000000000000e+00 9.999999999999995559e-01
1.003344481605351029e-10 9.180026106887251292e-01
2.006688963210702059e-10 7.448977450580939186e-01
3.010033444816052959e-10 5.987523710599470528e-01
4.013377926421404118e-10 5.148454398492775530e-01
5.016722408026755277e-10 4.640734120018324971e-01
6.020066889632105918e-10 4.159809388099647287e-01
7.023411371237457594e-10 3.587769146767362805e-01
8.026755852842808236e-10 3.053718849859142215e-01
9.030100334448158877e-10 2.738550894127415036e-01
1.003344481605351055e-09 2.539471535183533968e-01
1.103678929765886223e-09 2.207403369488354083e-01
1.204013377926421184e-09 1.711718587698193295e-01
1.304347826086956351e-09 1.232966134272376058e-01
1.404682274247491519e-09 9.268684658796914888e-02
1.505016722408026480e-09 7.830673401322779670e-02
1.605351170568561647e-09 6.656092271703432928e-02
1.705685618729096815e-09 5.012504379025878309e-02
1.806020066889631775e-09 3.549202503002693576e-02
1.906354515050166943e-09 2.794530598995690479e-02
2.006688963210702111e-09 2.184923653556838929e-02
2.107023411371237278e-09 9.527380454292029566e-03
2.207357859531772446e-09 -7.647967454925599234e-03
2.307692307692307200e-09 -1.954531994346524887e-02
2.408026755852842367e-09 -1.983307355904018882e-02
2.508361204013377535e-09 -1.453006818292900716e-02
2.608695652173912702e-09 -1.235131012114079260e-02
2.709030100334447870e-09 -1.343561934806369526e-02
2.809364548494983038e-09 -1.299898788420738444e-02
2.909698996655517792e-09 -9.215985447082318538e-03
3.010033444816052959e-09 -5.375409094324717571e-03
3.110367892976588127e-09 -6.070209723528079485e-03
3.210702341137123294e-09 -9.653680731861284670e-03
3.311036789297658462e-09 -8.878881793163751618e-03
3.411371237458193629e-09 -1.894580034515192662e-03
3.511705685618728797e-09 5.129168166988114230e-03
3.612040133779263551e-09 7.940945715554094744e-03
3.712374581939798719e-09 9.319713469210609905e-03
3.812709030100333886e-09 1.347089133814366804e-02
3.913043478260868640e-09 1.983033225838196079e-02
4.013377926421404221e-09 2.389749917633274268e-02
4.113712374581938975e-09 2.306396396937060791e-02
4.214046822742474556e-09 1.974058986721472300e-02
4.314381270903009310e-09 1.829581003724975452e-02
4.414715719063544892e-09 1.980820895487714686e-02
4.515050167224079646e-09 2.075739009245744504e-02
4.615384615384614399e-09 1.861186200843279598e-02
4.715719063545149981e-09 1.686689339159518769e-02
4.816053511705684735e-09 1.963844791667137060e-02
4.916387959866220316e-09 2.427993818057055941e-02
5.016722408026755070e-09 2.547774011694674962e-02
5.117056856187290651e-09 2.284459964284683148e-02
5.217391304347825405e-09 1.992775424319260039e-02
5.317725752508360159e-09 1.926255448870255182e-02
5.418060200668895740e-09 2.024993519386768942e-02
5.518394648829430494e-09 2.034281140732262932e-02
5.618729096989966075e-09 1.881874441278883966e-02
5.719063545150500829e-09 1.840148549769735076e-02
5.819397993311035583e-09 2.126475439323437591e-02
5.919732441471571164e-09 2.551735916069099164e-02
6.020066889632105918e-09 2.783038125432723761e-02
6.120401337792641499e-09 2.809309306274717158e-02
6.220735785953176253e-09 2.924242643603108122e-02
6.321070234113711835e-09 3.243075875998575192e-02
6.421404682274246589e-09 3.490122695291921623e-02
6.521739130434781343e-09 3.415989838059944189e-02
6.622073578595316924e-09 3.186121793542381203e-02
6.722408026755851678e-09 3.143692861775225500e-02
6.822742474916387259e-09 3.322391441148427049e-02
6.923076923076922013e-09 3.413019974065731321e-02
7.023411371237457594e-09 3.241810513408273364e-02
7.123745819397992348e-09 3.029346933861929922e-02
7.224080267558527102e-09 2.996381063942957224e-02
7.324414715719062683e-09 3.019063663922828128e-02
7.424749163879597437e-09 2.881182809649284263e-02
7.525083612040133018e-09 2.552761387894704470e-02
7.625418060200667772e-09 2.159461218559164189e-02
7.725752508361202526e-09 1.923868830656729964e-02
7.826086956521737280e-09 1.957525449592456904e-02
7.926421404682273689e-09 1.994499388683802082e-02
8.026755852842808442e-09 1.700980213841878780e-02
8.127090301003343196e-09 1.207143004018993750e-02
8.227424749163877950e-09 8.705101090948077006e-03
8.327759197324414359e-09 6.602704193444663971e-03
8.428093645484949113e-09 2.674135254324510897e-03
8.528428093645483867e-09 -2.945202086978460088e-03
8.628762541806018621e-09 -6.597933241937560533e-03
8.729096989966553375e-09 -6.706027867267992486e-03
8.829431438127089783e-09 -5.884175894818593523e-03
8.929765886287624537e-09 -6.825898457554803456e-03
9.030100334448159291e-09 -9.003608565902588429e-03
9.130434782608694045e-09 -1.030893352377942884e-02
9.230769230769228799e-09 -1.012890985195842759e-02
9.331103678929765207e-09 -9.821703483687596256e-03
9.431438127090299961e-09 -1.019329830190723353e-02
9.531772575250834715e-09 -9.500420837106728425e-03
9.632107023411369469e-09 -5.819642713385276070e-03
9.732441471571904223e-09 -4.419446706085687800e-04
9.832775919732440632e-09 3.722551896069837413e-03
9.933110367892975386e-09 5.764988435738035467e-03
1.003344481605351014e-08 6.650513044811612144e-03
1.013377926421404489e-08 7.318834744037178847e-03
1.023411371237458130e-08 8.026989014333997530e-03
1.033444816053511606e-08 8.306330308095322482e-03
1.043478260869565081e-08 7.935365242679168207e-03
1.053511705685618556e-08 7.879546969848622712e-03
1.063545150501672032e-08 8.663342833596572937e-03
1.073578595317725673e-08 9.052466360748190333e-03
1.083612040133779148e-08 8.048730944948935540e-03
1.093645484949832623e-08 6.485009473376548809e-03
1.103678929765886099e-08 5.826341021378965944e-03
1.113712374581939574e-08 6.585978010792714957e-03
1.123745819397993215e-08 7.641885240953856864e-03
1.133779264214046690e-08 7.123077552056602917e-03
1.143812709030100166e-08 4.918698723395956846e-03
1.153846153846153641e-08 3.218856068469705140e-03
1.163879598662207117e-08 3.546144595400928419e-03
1.173913043478260757e-08 4.694374935895266956e-03
1.183946488294314233e-08 4.729370863540971470e-03
1.193979933110367708e-08 4.159213508641824986e-03
1.204013377926421184e-08 5.407651834299764988e-03
1.214046822742474824e-08 9.034500031980108661e-03
1.224080267558528300e-08 1.280645622769585948e-02
1.234113712374581775e-08 1.471270596153963738e-02
1.244147157190635251e-08 1.447159566658507215e-02
1.254180602006688726e-08 1.302640509257013170e-02
1.264214046822742367e-08 1.214002237573532511e-02
1.274247491638795842e-08 1.232000568309439374e-02
1.284280936454849318e-08 1.189012568907302746e-02
1.294314381270902793e-08 1.065453182917593805e-02
1.304347826086956269e-08 1.090233178731222705e-02
1.314381270903009909e-08 1.287174271186877945e-02
1.324414715719063385e-08 1.400336781700166344e-02
1.334448160535116860e-08 1.302624425158025422e-02
1.344481605351170336e-08 1.107831928451291463e-02
1.354515050167223811e-08 9.889129580932040295e-03
1.364548494983277452e-08 1.027597445905466776e-02
1.374581939799330927e-08 1.133985972624643873e-02
1.384615384615384403e-08 1.164393081860485429e-02
1.394648829431437878e-08 1.083546081921369503e-02
1.404682274247491519e-08 9.103935342668467018e-03
1.414715719063544994e-08 6.808175717880009421e-03
1.424749163879598470e-08 4.756294331390043331e-03
1.434782608695651945e-08 3.235955649713113599e-03
1.444816053511705420e-08 2.113634463652575186e-03
1.454849498327759061e-08 1.916984148911905425e-03
1.464882943143812537e-08 2.648989510063453744e-03
1.474916387959866012e-08 2.993805684454447537e-03
1.484949832775919487e-08 2.232434976122789089e-03
1.494983277591973128e-08 1.115936929888929410e-03
1.505016722408026604e-08 5.153134124398230619e-04
1.515050167224080079e-08 2.446265456192216366e-04
1.525083612040133554e-08 -5.674019464629313954e-04
1.535117056856187030e-08 -1.590520238094368871e-03
1.545150501672240505e-08 -1.291532893769204446e-03
1.555183946488293981e-08 4.075287142512652207e-05
1.565217391304347456e-08 4.786995263567849455e-04
1.575250836120401262e-08 1.394860899480419338e-04
1.585284280936454738e-08 5.342828164374530901e-04
1.595317725752508213e-08 1.380176423205154183e-03
1.605351170568561688e-08 1.735188224242261833e-03
1.615384615384615164e-08 1.742537063404412962e-03
1.625418060200668639e-08 1.264930968307481770e-03
1.635451505016722115e-08 -2.568286045976243132e-05
1.645484949832775590e-08 -1.059018697576644130e-03
1.655518394648829065e-08 -7.343113816978697871e-04
1.665551839464882872e-08 1.758620871803440438e-04
1.675585284280936347e-08 3.639501584176527312e-04
1.685618729096989823e-08 -1.673574688392538007e-04
1.695652173913043298e-08 -2.440517271543704743e-04
1.705685618729096773e-08 1.317632125147437990e-03
1.715719063545150249e-08 3.986769239085691599e-03
1.725752508361203724e-08 5.509485126768126975e-03
1.735785953177257200e-08 5.381041682982331750e-03
1.745819397993310675e-08 5.770609728740399083e-03
1.755852842809364150e-08 7.141530531441777838e-03
1.765886287625417957e-08 7.598450783485181763e-03
1.775919732441471432e-08 7.390702332571913447e-03
1.785953177257524907e-08 8.599564555978199756e-03
1.795986622073578383e-08 1.123206288273618722e-02
1.806020066889631858e-08 1.348516669401120596e-02
1.816053511705685334e-08 1.374635300540778989e-02
1.826086956521738809e-08 1.192733443335316015e-02
1.836120401337792284e-08 1.049256660498831643e-02
1.846153846153845760e-08 1.130065146339016662e-02
1.856187290969899566e-08 1.231224239894525285e-02
1.866220735785953041e-08 1.161660629200233011e-02
1.876254180602006517e-08 1.079783406805627163e-02
1.886287625418059992e-08 1.116124439367910740e-02
1.896321070234113468e-08 1.178144237251556488e-02
1.906354515050166943e-08 1.230855770436167264e-02
1.916387959866220418e-08 1.357197883669871916e-02
1.926421404682273894e-08 1.522449791345418732e-02
1.936454849498327369e-08 1.531892501505425878e-02
1.946488294314380845e-08 1.384646633029132379e-02
1.956521739130434651e-08 1.379281198281999236e-02
1.966555183946488126e-08 1.510982905299937049e-02
1.976588628762541602e-08 1.419059582420334649e-02
1.986622073578595077e-08 1.242708831183185481e-02
1.996655518394648553e-08 1.390327038522514054e-02
2.006688963210702028e-08 1.600763366137103114e-02
2.016722408026755503e-08 1.533677736183283735e-02
2.026755852842808979e-08 1.443669254955678299e-02
2.036789297658862454e-08 1.417417480538836483e-02
2.046822742474916260e-08 1.286729692496029268e-02
2.056856187290969736e-08 1.199079466555624286e-02
2.066889632107023211e-08 1.099845405349690608e-02
2.076923076923076687e-08 7.356877301161762576e-03
2.086956521739130162e-08 4.885170460982763557e-03
2.096989966555183637e-08 6.851357392083401096e-03
2.107023411371237113e-08 8.552765158360760636e-03
2.117056856187290588e-08 7.670524566636344362e-03
2.127090301003344064e-08 6.922128398731778980e-03
2.137123745819397539e-08 5.611700396942244547e-03
2.147157190635451345e-08 3.108752853273203613e-03
2.157190635451504821e-08 2.049042021433177332e-03
2.167224080267558296e-08 1.552456130125321344e-03
2.177257525083611771e-08 -2.803835778915388099e-04
2.187290969899665247e-08 -9.467279617549459372e-04
2.197324414715718722e-08 1.321599620944342510e-04
2.207357859531772198e-08 1.847959551586663210e-04
2.217391304347825673e-08 -2.752582866873052019e-04
2.227424749163879148e-08 2.148718646115894059e-04
2.237458193979932955e-08 1.142135880069582816e-04
2.247491638795986430e-08 -9.194162652505758924e-04
2.257525083612039905e-08 -1.204179724596549095e-03
2.267558528428093381e-08 -8.227729100454190571e-04
2.277591973244146856e-08 -7.606440445163520749e-04
2.287625418060200332e-08 -6.103933586836217395e-04
2.297658862876253807e-08 5.946158077389215911e-04
2.307692307692307282e-08 3.002736262818577438e-03
2.317725752508360758e-08 5.757441753285162840e-03
2.327759197324414233e-08 8.044812649913959599e-03
2.337792642140468040e-08 9.395689385152382680e-03
2.347826086956521515e-08 8.905306073302520289e-03
2.357859531772574990e-08 6.915895571764842098e-03
2.367892976588628466e-08 5.873401702657566129e-03
2.377926421404681941e-08 6.458256761464658581e-03
2.387959866220735417e-08 6.867544556624752966e-03
2.397993311036788892e-08 6.575160420341521171e-03
2.408026755852842367e-08 5.719584723035405632e-03
2.418060200668895843e-08 3.924402820193588839e-03
2.428093645484949649e-08 2.991435554092293503e-03
2.438127090301003124e-08 4.868856129874528198e-03
2.448160535117056600e-08 7.862198747959656814e-03
2.458193979933110075e-08 1.049114645929415633e-02
2.468227424749163551e-08 1.375144171170112305e-02
2.478260869565217026e-08 1.658677045975756603e-02
2.488294314381270501e-08 1.624273329592995641e-02
2.498327759197323977e-08 1.300778473159851581e-02
2.508361204013377452e-08 9.706941435115128136e-03
2.518394648829430928e-08 8.633398982971548369e-03
2.528428093645484734e-08 1.015606409903477975e-02
2.538461538461538209e-08 1.256953143377811076e-02
2.548494983277591685e-08 1.404674010647186458e-02
2.558528428093645160e-08 1.387285438553089757e-02
2.568561872909698635e-08 1.180089555181649229e-02
2.578595317725752111e-08 9.189155457192389048e-03
2.588628762541805586e-08 8.124869971298957771e-03
2.598662207357859062e-08 7.532294300072873809e-03
2.608695652173912537e-08 5.555396026714573034e-03
2.618729096989966343e-08 3.911279898685096970e-03
2.628762541806019819e-08 3.891273859091588880e-03
2.638795986622073294e-08 3.640084911930711962e-03
2.648829431438126769e-08 2.834261844343736233e-03
2.658862876254180245e-08 3.202981343479968570e-03
2.668896321070233720e-08 4.847252686893812473e-03
2.678929765886287196e-08 6.888204986338439945e-03
2.688963210702340671e-08 8.723522934445048296e-03
2.698996655518394146e-08 9.302366003794476298e-03
2.709030100334447622e-08 8.027273150312990921e-03
2.719063545150501428e-08 5.535102244483488219e-03
2.729096989966554904e-08 3.151417382506995803e-03
2.739130434782608379e-08 2.350948305509612674e-03
2.749163879598661854e-08 3.336325633352419349e-03
2.759197324414715330e-08 4.867704045469634609e-03
2.769230769230768805e-08 6.055651819046077057e-03
2.779264214046822281e-08 6.214019819011048530e-03
2.789297658862875756e-08 4.724312866842826295e-03
2.799331103678929231e-08 2.686287001345597988e-03
2.809364548494983038e-08 1.823228992007383227e-03
2.819397993311036513e-08 2.368080556059119161e-03
2.829431438127089988e-08 3.303344723682915401e-03
2.839464882943143464e-08 2.668916767085625398e-03
2.849498327759196939e-08 9.149113277685241505e-05
2.859531772575250415e-08 -7.617465252125644060e-04
2.869565217391303890e-08 1.958897854452495112e-03
2.879598662207357365e-08 4.297241564758117263e-03
2.889632107023410841e-08 4.174009923633223082e-03
2.899665551839464316e-08 4.367888805657411770e-03
2.909698996655518122e-08 5.926049303894643031e-03
2.919732441471571598e-08 8.240710063987903566e-03
2.929765886287625073e-08 1.194020154313349229e-02
2.939799331103678549e-08 1.520207673684140746e-02
2.949832775919732024e-08 1.442911564759189781e-02
2.959866220735785499e-08 9.907671262531791284e-03
2.969899665551838975e-08 4.771323465448862669e-03
2.979933110367892450e-08 1.512011238607952144e-03
2.989966555183946256e-08 1.423796164912596775e-03
2.999999999999999732e-08 3.403958433661054446e-03
