0.000000000000000000e+00 9.999999999999995559e-01
1.003344481605351029e-10 5.273025168020620615e-03
2.006688963210702059e-10 3.938147485362125839e-03
3.010033444816052959e-10 1.269602601538872243e-02
4.013377926421404118e-10 1.062954758542685937e-02
5.016722408026755277e-10 2.585260416473504370e-03
6.020066889632105918e-10 1.369551207215703205e-02
7.023411371237457594e-10 7.529334240408747971e-03
8.026755852842808236e-10 1.152989658004830928e-02
9.030100334448158877e-10 9.879788670753076804e-03
1.003344481605351055e-09 4.789696996458620883e-03
1.103678929765886223e-09 8.592190302485969849e-03
1.204013377926421184e-09 4.300276820941239912e-03
1.304347826086956351e-09 7.033526450618865153e-03
1.404682274247491519e-09 1.170212881606612354e-02
1.505016722408026480e-09 3.329452991291378516e-03
1.605351170568561647e-09 1.227922735193969633e-02
1.705685618729096815e-09 9.014802034273817002e-03
1.806020066889631775e-09 1.075331162390430126e-02
1.906354515050166943e-09 3.952036132521785129e-03
2.006688963210702111e-09 8.758947963335900200e-03
2.107023411371237278e-09 3.981722666818568283e-03
2.207357859531772446e-09 1.040231287684673100e-02
2.307692307692307200e-09 1.009209078420432275e-02
2.408026755852842367e-09 1.143314105174988819e-02
2.508361204013377535e-09 8.001253687851324348e-03
2.608695652173912702e-09 8.611624737143100047e-03
2.709030100334447870e-09 1.202970426890436970e-02
2.809364548494983038e-09 9.003017726778451968e-03
2.909698996655517792e-09 3.716975038844477514e-03
3.010033444816052959e-09 8.355495036438087900e-03
3.110367892976588127e-09 1.037966766774523798e-02
3.210702341137123294e-09 7.587779494570029253e-03
3.311036789297658462e-09 1.131758956336442051e-02
3.411371237458193629e-09 2.898212376179499714e-03
3.511705685618728797e-09 4.143270298554548384e-03
3.612040133779263551e-09 1.035302387297868700e-02
3.712374581939798719e-09 2.160641349022793777e-03
3.812709030100333886e-09 4.018743170486152073e-03
3.913043478260868640e-09 4.432236280223688860e-03
4.013377926421404221e-09 3.876285495332643972e-03
4.113712374581938975e-09 6.021012841928007411e-03
4.214046822742474556e-09 3.100888100339760367e-03
4.314381270903009310e-09 7.474949762232332637e-03
4.414715719063544892e-09 7.201695566401323557e-03
4.515050167224079646e-09 7.179376455331151589e-03
4.615384615384614399e-09 1.005439901874026834e-02
4.715719063545149981e-09 7.329861166927985339e-03
4.816053511705684735e-09 3.918909425788460847e-03
4.916387959866220316e-09 3.554342822346618583e-03
5.016722408026755070e-09 5.229735459852957041e-03
5.117056856187290651e-09 7.663649935721457591e-03
5.217391304347825405e-09 6.746242034363351958e-03
5.317725752508360159e-09 6.024380368996213111e-03
5.418060200668895740e-09 8.385552134860058127e-03
5.518394648829430494e-09 8.778715861823360375e-03
5.618729096989966075e-09 7.635333869365851234e-03
5.719063545150500829e-09 4.478785639377473593e-03
5.819397993311035583e-09 9.269088392033605212e-03
5.919732441471571164e-09 5.725005713251303530e-03
6.020066889632105918e-09 5.305838380559125232e-03
6.120401337792641499e-09 9.168859465332286282e-03
6.220735785953176253e-09 6.711903483376093459e-03
6.321070234113711835e-09 3.996755498576659398e-03
6.421404682274246589e-09 8.701586768602944180e-03
6.521739130434781343e-09 6.068855107919340734e-03
6.622073578595316924e-09 1.157163684526672266e-02
6.722408026755851678e-09 1.194133457347436658e-02
6.822742474916387259e-09 -5.731345653584496089e-05
6.923076923076922013e-09 1.235817783766188400e-02
7.023411371237457594e-09 2.568971372784857859e-03
7.123745819397992348e-09 1.107875589853143071e-02
7.224080267558527102e-09 2.734430936951635568e-03
7.324414715719062683e-09 9.072297944527629721e-03
7.424749163879597437e-09 1.104268935281787524e-02
7.525083612040133018e-09 6.544738282835377979e-03
7.625418060200667772e-09 9.843638162053901589e-03
7.725752508361202526e-09 1.223102327695744541e-02
7.826086956521737280e-09 1.784311252848349693e-03
7.926421404682273689e-09 1.028219049141604335e-02
8.026755852842808442e-09 7.260266168465465131e-03
8.127090301003343196e-09 8.236868460122028640e-03
8.227424749163877950e-09 1.174893738949196915e-02
8.327759197324414359e-09 2.111366765644286190e-03
8.428093645484949113e-09 3.891374034277332670e-03
8.528428093645483867e-09 8.012268114275761938e-03
8.628762541806018621e-09 4.415664464489754519e-03
8.729096989966553375e-09 1.414569537803431719e-02
8.829431438127089783e-09 7.745200532127302986e-03
8.929765886287624537e-09 7.191376373685694559e-03
9.030100334448159291e-09 -4.097527498329300573e-04
9.130434782608694045e-09 1.221841273446263275e-02
9.230769230769228799e-09 9.085367026797724205e-03
9.331103678929765207e-09 3.080531952151396857e-03
9.431438127090299961e-09 7.770371237798635693e-03
9.531772575250834715e-09 1.522282296286781196e-02
9.632107023411369469e-09 6.016156758337871599e-03
9.732441471571904223e-09 9.292553071655157773e-03
9.832775919732440632e-09 1.099953057563154979e-02
9.933110367892975386e-09 9.483547604209989490e-03
1.003344481605351014e-08 7.663514119552313104e-03
1.013377926421404489e-08 8.591562313049638799e-03
1.023411371237458130e-08 2.688857978131503970e-03
1.033444816053511606e-08 1.209190914570941119e-02
1.043478260869565081e-08 8.737973003157751412e-03
1.053511705685618556e-08 5.470841199885195794e-03
1.063545150501672032e-08 9.785501059797531778e-03
1.073578595317725673e-08 7.286437078743553987e-03
1.083612040133779148e-08 1.192513058803237706e-02
1.093645484949832623e-08 2.309911852685181573e-03
1.103678929765886099e-08 -1.000120997297017497e-03
1.113712374581939574e-08 8.416980438402756060e-03
1.123745819397993215e-08 2.756115576267355836e-03
1.133779264214046690e-08 2.677180467229378375e-03
1.143812709030100166e-08 7.811971043609608131e-03
1.153846153846153641e-08 3.332412440475432912e-03
1.163879598662207117e-08 3.704281422013189825e-03
1.173913043478260757e-08 6.795704764697714506e-03
1.183946488294314233e-08 1.691987029079807664e-02
1.193979933110367708e-08 6.577515395789376891e-03
1.204013377926421184e-08 7.898727083454125039e-03
1.214046822742474824e-08 5.490559736853635291e-03
1.224080267558528300e-08 5.864885151486764342e-03
1.234113712374581775e-08 4.626946784938421389e-03
1.244147157190635251e-08 4.769214628926788171e-03
1.254180602006688726e-08 5.649082642572786361e-03
1.264214046822742367e-08 8.047945231326906340e-03
1.274247491638795842e-08 8.275007249998803799e-03
1.284280936454849318e-08 1.420464597382944949e-02
1.294314381270902793e-08 7.908456364881145603e-03
1.304347826086956269e-08 1.032175476527574538e-03
1.314381270903009909e-08 9.633271696023341935e-03
1.324414715719063385e-08 5.563456931814887881e-03
1.334448160535116860e-08 1.057375469802259577e-02
1.344481605351170336e-08 6.646329755486966688e-03
1.354515050167223811e-08 7.725197728830384553e-03
1.364548494983277452e-08 8.899744573179321078e-03
1.374581939799330927e-08 4.559606599382167932e-03
1.384615384615384403e-08 9.940012740078064610e-03
1.394648829431437878e-08 7.056599874260666670e-03
1.404682274247491519e-08 6.839099389555046600e-03
1.414715719063544994e-08 8.906600845221905247e-03
1.424749163879598470e-08 8.423397192796098316e-04
1.434782608695651945e-08 -3.779503005972901673e-04
1.444816053511705420e-08 9.097842342450103079e-03
1.454849498327759061e-08 5.365583755853596884e-03
1.464882943143812537e-08 5.102814451112220283e-03
1.474916387959866012e-08 1.025325938017937477e-02
1.484949832775919487e-08 2.692034929345751230e-03
1.494983277591973128e-08 6.911711322374238485e-03
1.505016722408026604e-08 1.414195828905813121e-02
1.515050167224080079e-08 1.133015492866977156e-02
1.525083612040133554e-08 7.666177708671602017e-03
1.535117056856187030e-08 7.582077662481687998e-03
1.545150501672240505e-08 1.628764601645672772e-02
1.555183946488293981e-08 1.041641316154261893e-02
1.565217391304347456e-08 1.175646301937022763e-02
1.575250836120401262e-08 4.600954620618865308e-03
1.585284280936454738e-08 7.002746784525381955e-03
1.595317725752508213e-08 1.557207803445939892e-03
1.605351170568561688e-08 5.750907396332979871e-03
1.615384615384615164e-08 7.741641519150617955e-03
1.625418060200668639e-08 3.552483404572885119e-03
1.635451505016722115e-08 5.150351472872170301e-03
1.645484949832775590e-08 4.476872886186489438e-03
1.655518394648829065e-08 1.039081253317314033e-02
1.665551839464882872e-08 9.667881820347045199e-03
1.675585284280936347e-08 2.182617868511136251e-03
1.685618729096989823e-08 7.353936162771025978e-03
1.695652173913043298e-08 1.136329405225616242e-02
1.705685618729096773e-08 1.101573162596027576e-02
1.715719063545150249e-08 9.410490240218078589e-03
1.725752508361203724e-08 5.906781172938727412e-03
1.735785953177257200e-08 6.250240948603901815e-03
1.745819397993310675e-08 7.520286999944895273e-03
1.755852842809364150e-08 6.231311364704593576e-03
1.765886287625417957e-08 1.198643612526549204e-02
1.775919732441471432e-08 1.145876575260652147e-02
1.785953177257524907e-08 9.488890727438581418e-03
1.795986622073578383e-08 8.393530609131264267e-03
1.806020066889631858e-08 1.235356815633642698e-02
1.816053511705685334e-08 6.347112497207086507e-03
1.826086956521738809e-08 8.609066395304502961e-03
1.836120401337792284e-08 5.169728948096652572e-03
1.846153846153845760e-08 8.264601655257967569e-03
1.856187290969899566e-08 3.927214014591538099e-03
1.866220735785953041e-08 1.128806905582293088e-02
1.876254180602006517e-08 4.983317458232712320e-03
1.886287625418059992e-08 2.421999093274177211e-03
1.896321070234113468e-08 2.527077843092726244e-03
1.906354515050166943e-08 1.473561318101707096e-02
1.916387959866220418e-08 1.097300947581129199e-02
1.926421404682273894e-08 8.935427585249483551e-03
1.936454849498327369e-08 1.361485082936092321e-02
1.946488294314380845e-08 3.643811851693096529e-03
1.956521739130434651e-08 1.153142130096908736e-03
1.966555183946488126e-08 1.807423783934422861e-03
1.976588628762541602e-08 1.112365438289836424e-02
1.986622073578595077e-08 8.499672561503933410e-03
1.996655518394648553e-08 1.190532460897058588e-02
2.006688963210702028e-08 5.227010615054419537e-03
2.016722408026755503e-08 2.062873889558228951e-03
2.026755852842808979e-08 5.112592042631354181e-03
2.036789297658862454e-08 1.205389239533169975e-02
2.046822742474916260e-08 7.252750920761603763e-03
2.056856187290969736e-08 3.922348176252300929e-03
2.066889632107023211e-08 7.378527094677344265e-03
2.076923076923076687e-08 8.686947574732277813e-03
2.086956521739130162e-08 1.051902296582440770e-02
2.096989966555183637e-08 9.279946417169813305e-03
2.107023411371237113e-08 5.519900112244765025e-03
2.117056856187290588e-08 5.382062126154863639e-04
2.127090301003344064e-08 8.306764270978867284e-03
2.137123745819397539e-08 5.856585928500421603e-03
2.147157190635451345e-08 1.605921205596781741e-03
2.157190635451504821e-08 -6.093637964865953466e-04
2.167224080267558296e-08 1.434072234452071250e-03
2.177257525083611771e-08 1.228827839176553985e-02
2.187290969899665247e-08 5.510386650790056323e-03
2.197324414715718722e-08 7.107260831423157545e-03
2.207357859531772198e-08 7.884927045854889238e-03
2.217391304347825673e-08 7.192050668847601615e-03
2.227424749163879148e-08 1.064822670154613564e-02
2.237458193979932955e-08 7.575989390219072320e-03
2.247491638795986430e-08 -6.083913113456877395e-04
2.257525083612039905e-08 6.025881551342902182e-03
2.267558528428093381e-08 1.106936043955930073e-02
2.277591973244146856e-08 7.477511522032154537e-03
2.287625418060200332e-08 1.070036397978144441e-02
2.297658862876253807e-08 3.640644019266187775e-03
2.307692307692307282e-08 1.177557309542124481e-02
2.317725752508360758e-08 5.024779073032330234e-03
2.327759197324414233e-08 1.232188769576086397e-02
2.337792642140468040e-08 1.132901905359609725e-02
2.347826086956521515e-08 7.604295105907632121e-03
2.357859531772574990e-08 1.162409088656221438e-02
2.367892976588628466e-08 9.136301055012171352e-03
2.377926421404681941e-08 1.112300612411616825e-02
2.387959866220735417e-08 6.873809002174099264e-03
2.397993311036788892e-08 1.163061667955736858e-02
2.408026755852842367e-08 -6.065115452159766489e-05
2.418060200668895843e-08 4.857171271630700976e-03
2.428093645484949649e-08 9.897599385565974961e-03
2.438127090301003124e-08 1.063463438806396683e-02
2.448160535117056600e-08 1.076914468322607427e-02
2.458193979933110075e-08 1.099902354437574080e-02
2.468227424749163551e-08 9.718425637268098688e-03
2.478260869565217026e-08 4.168939614711034657e-03
2.488294314381270501e-08 9.797565487395316214e-03
2.498327759197323977e-08 1.184890692934852802e-02
2.508361204013377452e-08 6.413470876357250765e-03
2.518394648829430928e-08 1.279753195398238355e-02
2.528428093645484734e-08 5.824098341355953695e-03
2.538461538461538209e-08 1.383165659521398520e-02
2.548494983277591685e-08 7.608632736473656955e-03
2.558528428093645160e-08 7.675096365618420263e-03
2.568561872909698635e-08 6.617413641090021288e-03
2.578595317725752111e-08 4.872774721129783347e-03
2.588628762541805586e-08 5.231259423005344550e-03
2.598662207357859062e-08 5.457946743860184365e-03
2.608695652173912537e-08 1.322340399809133170e-02
2.618729096989966343e-08 1.851560148502060183e-03
2.628762541806019819e-08 8.083709867081309217e-03
2.638795986622073294e-08 3.627444907894732552e-03
2.648829431438126769e-08 4.486123617617473504e-03
2.658862876254180245e-08 5.263450208550147884e-03
2.668896321070233720e-08 1.116230211855906256e-02
2.678929765886287196e-08 8.257994584863643031e-03
2.688963210702340671e-08 3.791002661553766976e-03
2.698996655518394146e-08 8.818378265327950563e-03
2.709030100334447622e-08 -2.088557027335550490e-03
2.719063545150501428e-08 9.520388260774004241e-03
2.729096989966554904e-08 5.548273419240776910e-03
2.739130434782608379e-08 9.204453775284535816e-03
2.749163879598661854e-08 7.782948404127465469e-03
2.759197324414715330e-08 2.568742239846317447e-03
2.769230769230768805e-08 4.551977640939837248e-03
2.779264214046822281e-08 1.350775310051975653e-03
2.789297658862875756e-08 7.842913252299613461e-03
2.799331103678929231e-08 1.244619219002842704e-02
2.809364548494983038e-08 3.117739101386687254e-03
2.819397993311036513e-08 8.550074277870291835e-04
2.829431438127089988e-08 8.175641496493503413e-03
2.839464882943143464e-08 1.071128135499564878e-02
2.849498327759196939e-08 1.007731801079851143e-02
2.859531772575250415e-08 4.046717227092607762e-03
2.869565217391303890e-08 1.338233472646383707e-03
2.879598662207357365e-08 7.147533426593686776e-03
2.889632107023410841e-08 7.356708708692007853e-03
2.899665551839464316e-08 1.009753028244857534e-02
2.909698996655518122e-08 1.166721679567189057e-02
2.919732441471571598e-08 9.735480920083618150e-03
2.929765886287625073e-08 7.699880475117053431e-03
2.939799331103678549e-08 4.302506050302925232e-03
2.949832775919732024e-08 6.660385431333807650e-03
2.959866220735785499e-08 4.458923802666671030e-03
2.969899665551838975e-08 6.039871586778364221e-03
2.979933110367892450e-08 8.796426298786529790e-03
2.989966555183946256e-08 9.974718951127626784e-03
2.999999999999999732e-08 1.137459040102781725e-02
