0.000000000000000000e+00 9.999999999999995559e-01
1.003344481605351029e-10 9.991441792771450503e-01
2.006688963210702059e-10 9.965856497093711353e-01
3.010033444816052959e-10 9.923510518758916765e-01
4.013377926421404118e-10 9.864842663377791920e-01
5.016722408026755277e-10 9.790456457845565508e-01
6.020066889632105918e-10 9.701109651808969003e-01
7.023411371237457594e-10 9.597701142157222254e-01
8.026755852842808236e-10 9.481255621297797198e-01
9.030100334448158877e-10 9.352906299441668958e-01
1.003344481605351055e-09 9.213876091007923153e-01
1.103678929765886223e-09 9.065457684552369333e-01
1.204013377926421184e-09 8.908992933638466560e-01
1.304347826086956351e-09 8.745852012453100288e-01
1.404682274247491519e-09 8.577412774722990019e-01
1.505016722408026480e-09 8.405040737954692087e-01
1.605351170568561647e-09 8.230070087877109364e-01
1.705685618729096815e-09 8.053786061190341128e-01
1.806020066889631775e-09 7.877409019570427162e-01
1.906354515050166943e-09 7.702080475824907291e-01
2.006688963210702111e-09 7.528851275796991649e-01
2.107023411371237278e-09 7.358672078857029231e-01
2.207357859531772446e-09 7.192386217444775021e-01
2.307692307692307200e-09 7.030724953985968417e-01
2.408026755852842367e-09 6.874305093400319144e-01
2.508361204013377535e-09 6.723628853034171460e-01
2.608695652173912702e-09 6.579085840718271738e-01
2.709030100334447870e-09 6.440956947091520668e-01
2.809364548494983038e-09 6.309419921423844446e-01
2.909698996655517792e-09 6.184556371720905110e-01
3.010033444816052959e-09 6.066359910413851031e-01
3.110367892976588127e-09 5.954745156640617321e-01
3.210702341137123294e-09 5.849557304922680112e-01
3.311036789297658462e-09 5.750581977554872770e-01
3.411371237458193629e-09 5.657555093608346297e-01
3.511705685618728797e-09 5.570172510211469641e-01
3.612040133779263551e-09 5.488099220629303332e-01
3.712374581939798719e-09 5.410977927358986417e-01
3.812709030100333886e-09 5.338436845630037952e-01
3.913043478260868640e-09 5.270096631917647878e-01
4.013377926421404221e-09 5.205576371900838550e-01
4.113712374581938975e-09 5.144498601321999542e-01
4.214046822742474556e-09 5.086493370109077539e-01
4.314381270903009310e-09 5.031201393714384018e-01
4.414715719063544892e-09 4.978276364877570748e-01
4.515050167224079646e-09 4.927386523104432814e-01
4.615384615384614399e-09 4.878215597457017383e-01
4.715719063545149981e-09 4.830463250397921127e-01
4.816053511705684735e-09 4.783845156287042655e-01
4.916387959866220316e-09 4.738092847795077889e-01
5.016722408026755070e-09 4.692953457303980502e-01
5.117056856187290651e-09 4.648189468847990224e-01
5.217391304347825405e-09 4.603578580029109579e-01
5.317725752508360159e-09 4.558913753487301435e-01
5.418060200668895740e-09 4.514003514901316350e-01
5.518394648829430494e-09 4.468672530197270731e-01
5.618729096989966075e-09 4.422762469737808178e-01
5.719063545150500829e-09 4.376133142833863454e-01
5.819397993311035583e-09 4.328663862993257783e-01
5.919732441471571164e-09 4.280254983837583627e-01
6.020066889632105918e-09 4.230829528402356154e-01
6.120401337792641499e-09 4.180334821257903899e-01
6.220735785953176253e-09 4.128744024051261285e-01
6.321070234113711835e-09 4.076057470988306841e-01
6.421404682274246589e-09 4.022303701572186863e-01
6.521739130434781343e-09 3.967540093515947164e-01
6.622073578595316924e-09 3.911853008894088379e-01
6.722408026755851678e-09 3.855357380854971816e-01
6.822742474916387259e-09 3.798195685995050530e-01
6.923076923076922013e-09 3.740536268079083237e-01
7.023411371237457594e-09 3.682571001360234186e-01
7.123745819397992348e-09 3.624512305426050851e-01
7.224080267558527102e-09 3.566589547353199441e-01
7.324414715719062683e-09 3.509044890081048362e-01
7.424749163879597437e-09 3.452128667433043696e-01
7.525083612040133018e-09 3.396094385315777120e-01
7.625418060200667772e-09 3.341193464596728946e-01
7.725752508361202526e-09 3.287669853413384136e-01
7.826086956521737280e-09 3.235754644751638875e-01
7.926421404682273689e-09 3.185660838759674651e-01
8.026755852842808442e-09 3.137578388308635002e-01
8.127090301003343196e-09 3.091669660814339027e-01
8.227424749163877950e-09 3.048065439497451012e-01
8.327759197324414359e-09 3.006861573437984436e-01
8.428093645484949113e-09 2.968116368465223420e-01
8.528428093645483867e-09 2.931848790723481368e-01
8.628762541806018621e-09 2.898037532367725988e-01
8.729096989966553375e-09 2.866620965035723279e-01
8.829431438127089783e-09 2.837497982316824485e-01
8.929765886287624537e-09 2.810529708200127930e-01
9.030100334448159291e-09 2.785542025223355922e-01
9.130434782608694045e-09 2.762328854495096353e-01
9.230769230769228799e-09 2.740656100589571875e-01
9.331103678929765207e-09 2.720266158080653085e-01
9.431438127090299961e-09 2.700882863642002363e-01
9.531772575250834715e-09 2.682216768517617367e-01
9.632107023411369469e-09 2.663970600950659740e-01
9.732441471571904223e-09 2.645844786899068102e-01
9.832775919732440632e-09 2.627542899978814739e-01
9.933110367892975386e-09 2.608776917845532228e-01
1.003344481605351014e-08 2.589272171820896085e-01
1.013377926421404489e-08 2.568771889058492075e-01
1.023411371237458130e-08 2.547041241408632417e-01
1.033444816053511606e-08 2.523870831805290482e-01
1.043478260869565081e-08 2.499079566844827904e-01
1.053511705685618556e-08 2.472516882624622714e-01
1.063545150501672032e-08 2.444064309237678478e-01
1.073578595317725673e-08 2.413636376985234533e-01
1.083612040133779148e-08 2.381180883833141082e-01
1.093645484949832623e-08 2.346678558427860717e-01
1.103678929765886099e-08 2.310142165716729257e-01
1.113712374581939574e-08 2.271615112590910091e-01
1.123745819397993215e-08 2.231169618795983411e-01
1.133779264214046690e-08 2.188904523545612824e-01
1.143812709030100166e-08 2.144942800841993236e-01
1.153846153846153641e-08 2.099428856563627377e-01
1.163879598662207117e-08 2.052525678125233788e-01
1.173913043478260757e-08 2.004411903221332003e-01
1.183946488294314233e-08 1.955278868170878537e-01
1.193979933110367708e-08 1.905327689066799723e-01
1.204013377926421184e-08 1.854766420710764196e-01
1.214046822742474824e-08 1.803807329598561549e-01
1.224080267558528300e-08 1.752664308425646023e-01
1.234113712374581775e-08 1.701550451091313199e-01
1.244147157190635251e-08 1.650675799339328953e-01
1.254180602006688726e-08 1.600245265275728745e-01
1.264214046822742367e-08 1.550456728281144891e-01
1.274247491638795842e-08 1.501499300445885421e-01
1.284280936454849318e-08 1.453551751687623406e-01
1.294314381270902793e-08 1.406781084176297048e-01
1.304347826086956269e-08 1.361341245529131827e-01
1.314381270903009909e-08 1.317371971324900748e-01
1.324414715719063385e-08 1.274997749637230005e-01
1.334448160535116860e-08 1.234326903271000947e-01
1.344481605351170336e-08 1.195450788938132447e-01
1.354515050167223811e-08 1.158443116441951193e-01
1.364548494983277452e-08 1.123359394758629282e-01
1.374581939799330927e-08 1.090236515422131208e-01
1.384615384615384403e-08 1.059092486568452424e-01
1.394648829431437878e-08 1.029926333140991357e-01
1.404682274247491519e-08 1.002718179910205704e-01
1.414715719063544994e-08 9.774295339776652158e-02
1.424749163879598470e-08 9.540037822354774377e-02
1.434782608695651945e-08 9.323669168164909482e-02
1.444816053511705420e-08 9.124284979404173601e-02
1.454849498327759061e-08 8.940828588379082231e-02
1.464882943143812537e-08 8.772105517760665772e-02
1.474916387959866012e-08 8.616800278206551700e-02
1.484949832775919487e-08 8.473495360978157420e-02
1.494983277591973128e-08 8.340692212355577118e-02
1.505016722408026604e-08 8.216833906638074114e-02
1.515050167224080079e-08 8.100329168271377944e-02
1.525083612040133554e-08 7.989577334039853207e-02
1.535117056856187030e-08 7.882993795974954643e-02
1.545150501672240505e-08 7.779035427017774729e-02
1.555183946488293981e-08 7.676225466473471370e-02
1.565217391304347456e-08 7.573177332352418190e-02
1.575250836120401262e-08 7.468616833691069101e-02
1.585284280936454738e-08 7.361402278172914093e-02
1.595317725752508213e-08 7.250542008503271796e-02
1.605351170568561688e-08 7.135208954109338586e-02
1.615384615384615164e-08 7.014751851351948286e-02
1.625418060200668639e-08 6.888702863554492517e-02
1.635451505016722115e-08 6.756781419353456719e-02
1.645484949832775590e-08 6.618894181393696063e-02
1.655518394648829065e-08 6.475131154238407405e-02
1.665551839464882872e-08 6.325758037430641301e-02
1.675585284280936347e-08 6.171205023821964980e-02
1.685618729096989823e-08 6.012052331583023213e-02
1.695652173913043298e-08 5.849012837964945311e-02
1.705685618729096773e-08 5.682912251450248503e-02
1.715719063545150249e-08 5.514667314390167552e-02
1.725752508361203724e-08 5.345262569024884780e-02
1.735785953177257200e-08 5.175726244906603962e-02
1.745819397993310675e-08 5.007105834731975791e-02
1.755852842809364150e-08 4.840443918542147728e-02
1.765886287625417957e-08 4.676754773814301158e-02
1.775919732441471432e-08 4.517002272306204491e-02
1.785953177257524907e-08 4.362079515237433924e-02
1.795986622073578383e-08 4.212790598492262284e-02
1.806020066889631858e-08 4.069834831301342992e-02
1.816053511705685334e-08 3.933793657797264587e-02
1.826086956521738809e-08 3.805120453540950659e-02
1.836120401337792284e-08 3.684133291182334347e-02
1.846153846153845760e-08 3.571010693355024246e-02
1.856187290969899566e-08 3.465790319029073835e-02
1.866220735785953041e-08 3.368370463909295398e-02
1.876254180602006517e-08 3.278514197783639894e-02
1.886287625418059992e-08 3.195855913325215680e-02
1.896321070234113468e-08 3.119910022637796196e-02
1.906354515050166943e-08 3.050081510276251434e-02
1.916387959866220418e-08 2.985678034601897679e-02
1.926421404682273894e-08 2.925923262765236718e-02
1.936454849498327369e-08 2.869971127582994497e-02
1.946488294314380845e-08 2.816920706004567149e-02
1.956521739130434651e-08 2.765831437393156955e-02
1.966555183946488126e-08 2.715738423936791407e-02
1.976588628762541602e-08 2.665667583499099075e-02
1.986622073578595077e-08 2.614650455432148551e-02
1.996655518394648553e-08 2.561738490662713794e-02
2.006688963210702028e-08 2.506016687208805632e-02
2.016722408026755503e-08 2.446616459850392555e-02
2.026755852842808979e-08 2.382727656874088912e-02
2.036789297658862454e-08 2.313609656826077360e-02
2.046822742474916260e-08 2.238601493542369258e-02
2.056856187290969736e-08 2.157130968205067667e-02
2.066889632107023211e-08 2.068722712942008823e-02
2.076923076923076687e-08 1.973005171990464129e-02
2.086956521739130162e-08 1.869716464396316627e-02
2.096989966555183637e-08 1.758709087554327991e-02
2.107023411371237113e-08 1.639953414714966085e-02
2.117056856187290588e-08 1.513539933095230453e-02
2.127090301003344064e-08 1.379680163677234929e-02
2.137123745819397539e-08 1.238706200368270074e-02
2.147157190635451345e-08 1.091068806039103591e-02
2.157190635451504821e-08 9.373340070000572150e-03
2.167224080267558296e-08 7.781781364466414282e-03
2.177257525083611771e-08 6.143812917772707022e-03
2.187290969899665247e-08 4.468191906294617308e-03
2.197324414715718722e-08 2.764534358621745930e-03
2.207357859531772198e-08 1.043202300789509637e-03
2.217391304347825673e-08 -6.848238511648549465e-04
2.227424749163879148e-08 -2.408086521472634425e-03
2.237458193979932955e-08 -4.114804300723829203e-03
2.247491638795986430e-08 -5.793035439012121993e-03
2.257525083612039905e-08 -7.430849186922931782e-03
2.267558528428093381e-08 -9.016502302541090294e-03
2.277591973244146856e-08 -1.053861772431209307e-02
2.287625418060200332e-08 -1.198636215111883313e-02
2.297658862876253807e-08 -1.334961908641879580e-02
2.307692307692307282e-08 -1.461915380462997655e-02
2.317725752508360758e-08 -1.578676669431101562e-02
2.327759197324414233e-08 -1.684543152999044141e-02
2.337792642140468040e-08 -1.778941542513571422e-02
2.347826086956521515e-08 -1.861437752132610174e-02
2.357859531772574990e-08 -1.931744386799819080e-02
2.367892976588628466e-08 -1.989725643424815685e-02
2.377926421404681941e-08 -2.035399475671892042e-02
2.387959866220735417e-08 -2.068936935012335998e-02
2.397993311036788892e-08 -2.090658667146439581e-02
2.408026755852842367e-08 -2.101028611560160422e-02
2.418060200668895843e-08 -2.100645020737254565e-02
2.428093645484949649e-08 -2.090228982245953548e-02
2.438127090301003124e-08 -2.070610689440811544e-02
2.448160535117056600e-08 -2.042713762859952806e-02
2.458193979933110075e-08 -2.007537972738629092e-02
2.468227424749163551e-08 -1.966140751840896039e-02
2.478260869565217026e-08 -1.919617915785839374e-02
2.488294314381270501e-08 -1.869084024327569149e-02
2.498327759197323977e-08 -1.815652821147470397e-02
2.508361204013377452e-08 -1.760418181553093445e-02
2.518394648829430928e-08 -1.704435977385491616e-02
2.528428093645484734e-08 -1.648707237151508798e-02
2.538461538461538209e-08 -1.594162938028997889e-02
2.548494983277591685e-08 -1.541650716380934920e-02
2.558528428093645160e-08 -1.491923726475983050e-02
2.568561872909698635e-08 -1.445631815176609547e-02
2.578595317725752111e-08 -1.403315115490503043e-02
2.588628762541805586e-08 -1.365400096218905186e-02
2.598662207357859062e-08 -1.332198040593739370e-02
2.608695652173912537e-08 -1.303905865799637534e-02
2.618729096989966343e-08 -1.280609139487843239e-02
2.628762541806019819e-08 -1.262287100437480339e-02
2.638795986622073294e-08 -1.248819449750935943e-02
2.648829431438126769e-08 -1.239994647399536923e-02
2.658862876254180245e-08 -1.235519427217794328e-02
2.668896321070233720e-08 -1.235029231857109888e-02
2.678929765886287196e-08 -1.238099267651850480e-02
2.688963210702340671e-08 -1.244255887355611052e-02
2.698996655518394146e-08 -1.252988025468644226e-02
2.709030100334447622e-08 -1.263758435295256333e-02
2.719063545150501428e-08 -1.276014507591979874e-02
2.729096989966554904e-08 -1.289198486154553500e-02
2.739130434782608379e-08 -1.302756934284144547e-02
2.749163879598661854e-08 -1.316149346058060818e-02
2.759197324414715330e-08 -1.328855836013506826e-02
2.769230769230768805e-08 -1.340383878627178157e-02
2.779264214046822281e-08 -1.350274103381301702e-02
2.789297658862875756e-08 -1.358105180997091002e-02
2.799331103678929231e-08 -1.363497860591574191e-02
2.809364548494983038e-08 -1.366118235363596341e-02
2.819397993311036513e-08 -1.365680325541240685e-02
2.829431438127089988e-08 -1.361948071648306363e-02
2.839464882943143464e-08 -1.354736828910736886e-02
2.849498327759196939e-08 -1.343914445363592405e-02
2.859531772575250415e-08 -1.329401992743271636e-02
2.869565217391303890e-08 -1.311174201595523975e-02
2.879598662207357365e-08 -1.289259631413766129e-02
2.889632107023410841e-08 -1.263740584383092960e-02
2.899665551839464316e-08 -1.234752748842836770e-02
2.909698996655518122e-08 -1.202484537291522576e-02
2.919732441471571598e-08 -1.167176064974036198e-02
2.929765886287625073e-08 -1.129117700017882517e-02
2.939799331103678549e-08 -1.088648105750734778e-02
2.949832775919732024e-08 -1.046151691036606782e-02
2.959866220735785499e-08 -1.002055385753301484e-02
2.969899665551838975e-08 -9.568246661526513125e-03
2.979933110367892450e-08 -9.109587687513593518e-03
2.989966555183946256e-08 -8.649850512479947962e-03
2.999999999999999732e-08 -8.194524841173110238e-03
