0.000000000000000000e+00 9.999999999999995559e-01
1.003344481605351029e-10 9.227059530240216967e-01
2.006688963210702059e-10 7.560476148409542851e-01
3.010033444816052959e-10 6.098271746217331923e-01
4.013377926421404118e-10 5.228864640384707219e-01
5.016722408026755277e-10 4.713626147872626015e-01
6.020066889632105918e-10 4.258201348764225624e-01
7.023411371237457594e-10 3.719869699574699928e-01
8.026755852842808236e-10 3.172711419935209665e-01
9.030100334448158877e-10 2.806064666210404956e-01
1.003344481605351055e-09 2.607221096953112327e-01
1.103678929765886223e-09 2.347051369778726804e-01
1.204013377926421184e-09 1.910472335084239526e-01
1.304347826086956351e-09 1.415765563843842112e-01
1.404682274247491519e-09 1.038069246301615289e-01
1.505016722408026480e-09 8.389748804666657955e-02
1.605351170568561647e-09 7.303136403070377425e-02
1.705685618729096815e-09 5.941020682332030789e-02
1.806020066889631775e-09 4.309681448997414871e-02
1.906354515050166943e-09 3.175905366328902329e-02
2.006688963210702111e-09 2.606193742031069974e-02
2.107023411371237278e-09 1.862104747636485896e-02
2.207357859531772446e-09 4.503695606798618564e-03
2.307692307692307200e-09 -1.182702000479533312e-02
2.408026755852842367e-09 -2.063045565475352117e-02
2.508361204013377535e-09 -1.884423877274696985e-02
2.608695652173912702e-09 -1.379582919954463333e-02
2.709030100334447870e-09 -1.240945129137141674e-02
2.809364548494983038e-09 -1.353899550971620312e-02
2.909698996655517792e-09 -1.281082662494583899e-02
3.010033444816052959e-09 -8.997259765297244485e-03
3.110367892976588127e-09 -5.345961631135661730e-03
3.210702341137123294e-09 -6.016571036112710116e-03
3.311036789297658462e-09 -9.523688619256008223e-03
3.411371237458193629e-09 -9.215058392308857205e-03
3.511705685618728797e-09 -2.822294582479250961e-03
3.612040133779263551e-09 4.358686398805164744e-03
3.712374581939798719e-09 7.695539831726026098e-03
3.812709030100333886e-09 8.896975798956032952e-03
3.913043478260868640e-09 1.215521708414859375e-02
4.013377926421404221e-09 1.812473615354251791e-02
4.113712374581938975e-09 2.315854330987054607e-02
4.214046822742474556e-09 2.383194140510605172e-02
4.314381270903009310e-09 2.095010659228425595e-02
4.414715719063544892e-09 1.845641099122364778e-02
4.515050167224079646e-09 1.895233410306297953e-02
4.615384615384614399e-09 2.067061100042744820e-02
4.715719063545149981e-09 1.997216245238378485e-02
4.816053511705684735e-09 1.737237527627160522e-02
4.916387959866220316e-09 1.752181192270477889e-02
5.016722408026755070e-09 2.167052254710716622e-02
5.117056856187290651e-09 2.530153165015723918e-02
5.217391304347825405e-09 2.484572278842879164e-02
5.317725752508360159e-09 2.178034676675208448e-02
5.418060200668895740e-09 1.947569758897716927e-02
5.518394648829430494e-09 1.944543203650209856e-02
5.618729096989966075e-09 2.042958304358766242e-02
5.719063545150500829e-09 2.013382064727944551e-02
5.819397993311035583e-09 1.858908542779426007e-02
5.919732441471571164e-09 1.857748580450908557e-02
6.020066889632105918e-09 2.165863940309309746e-02
6.120401337792641499e-09 2.573788680919022673e-02
6.220735785953176253e-09 2.785671693922550304e-02
6.321070234113711835e-09 2.809264092841273763e-02
6.421404682274246589e-09 2.916338402594223500e-02
6.521739130434781343e-09 3.220009285197740490e-02
6.622073578595316924e-09 3.478922092454268117e-02
6.722408026755851678e-09 3.441889015183921541e-02
6.822742474916387259e-09 3.217828088653737484e-02
6.923076923076922013e-09 3.129095583607494069e-02
7.023411371237457594e-09 3.276930326415720268e-02
7.123745819397992348e-09 3.415158060726359440e-02
7.224080267558527102e-09 3.310441196384128482e-02
7.324414715719062683e-09 3.082134797821519528e-02
7.424749163879597437e-09 2.988802574491838601e-02
7.525083612040133018e-09 3.020529759859870433e-02
7.625418060200667772e-09 2.964509183718008756e-02
7.725752508361202526e-09 2.717947623234901605e-02
7.826086956521737280e-09 2.343331433806826805e-02
7.926421404682273689e-09 2.010554926987098007e-02
8.026755852842808442e-09 1.912893948889710788e-02
8.127090301003343196e-09 1.998406778512465051e-02
8.227424749163877950e-09 1.923650008734228978e-02
8.327759197324414359e-09 1.524075063037815154e-02
8.428093645484949113e-09 1.068923705884372230e-02
8.528428093645483867e-09 8.087560207301299972e-03
8.628762541806018621e-09 5.823367170378483323e-03
8.729096989966553375e-09 1.395292160170706576e-03
8.829431438127089783e-09 -3.963700905276094227e-03
8.929765886287624537e-09 -6.836736981992357597e-03
9.030100334448159291e-09 -6.561653891354051957e-03
9.130434782608694045e-09 -5.881238248917378467e-03
9.230769230769228799e-09 -6.973570483032420601e-03
9.331103678929765207e-09 -9.092574850580714338e-03
9.431438127090299961e-09 -1.031437992707736305e-02
9.531772575250834715e-09 -1.013940643039136676e-02
9.632107023411369469e-09 -9.817561852589657551e-03
9.732441471571904223e-09 -1.016527949442136078e-02
9.832775919732440632e-09 -9.717970607978193218e-03
9.933110367892975386e-09 -6.535074523299970288e-03
1.003344481605351014e-08 -1.384086092882801794e-03
1.013377926421404489e-08 3.034736703646363082e-03
1.023411371237458130e-08 5.423649646209017725e-03
1.033444816053511606e-08 6.458280404892986597e-03
1.043478260869565081e-08 7.106817762389720447e-03
1.053511705685618556e-08 7.801792922239095956e-03
1.063545150501672032e-08 8.292188527919307911e-03
1.073578595317725673e-08 8.120019574603259960e-03
1.083612040133779148e-08 7.789678834633861557e-03
1.093645484949832623e-08 8.243625943174692078e-03
1.103678929765886099e-08 9.010934799322859595e-03
1.113712374581939574e-08 8.739843158910413218e-03
1.123745819397993215e-08 7.335314854692148549e-03
1.133779264214046690e-08 6.044519382705709071e-03
1.143812709030100166e-08 5.969420707832783293e-03
1.153846153846153641e-08 7.017546312243448485e-03
1.163879598662207117e-08 7.711210322481313814e-03
1.173913043478260757e-08 6.605595645287704043e-03
1.183946488294314233e-08 4.348115594953062997e-03
1.193979933110367708e-08 3.118277973375508695e-03
1.204013377926421184e-08 3.767947085805993610e-03
1.214046822742474824e-08 4.797799669877764531e-03
1.224080267558528300e-08 4.648412238127720870e-03
1.234113712374581775e-08 4.164688130059990279e-03
1.244147157190635251e-08 5.567411167305526612e-03
1.254180602006688726e-08 9.146633840901086110e-03
1.264214046822742367e-08 1.279172439190986305e-02
1.274247491638795842e-08 1.468313491460844500e-02
1.284280936454849318e-08 1.454346820532197854e-02
1.294314381270902793e-08 1.317550045746646026e-02
1.304347826086956269e-08 1.217801161285269121e-02
1.314381270903009909e-08 1.228041880445902324e-02
1.324414715719063385e-08 1.208401900664598204e-02
1.334448160535116860e-08 1.089061327899680173e-02
1.344481605351170336e-08 1.060908221900503344e-02
1.354515050167223811e-08 1.226033621348379156e-02
1.364548494983277452e-08 1.386770795026109893e-02
1.374581939799330927e-08 1.357447421290197166e-02
1.384615384615384403e-08 1.182874618981062317e-02
1.394648829431437878e-08 1.020583425903143215e-02
1.404682274247491519e-08 9.926501995694289940e-03
1.414715719063544994e-08 1.084923561553341291e-02
1.424749163879598470e-08 1.163274715475737763e-02
1.434782608695651945e-08 1.140184452644425230e-02
1.444816053511705420e-08 1.020616097202262096e-02
1.454849498327759061e-08 8.232679616242256568e-03
1.464882943143812537e-08 6.005129572795715048e-03
1.474916387959866012e-08 4.212461718895337166e-03
1.484949832775919487e-08 2.851507976734604308e-03
1.494983277591973128e-08 1.944487263269798708e-03
1.505016722408026604e-08 2.039228203808069080e-03
1.515050167224080079e-08 2.795558444464004734e-03
1.525083612040133554e-08 2.936482920839229328e-03
1.535117056856187030e-08 2.074685141784612854e-03
1.545150501672240505e-08 1.021105760553477635e-03
1.555183946488293981e-08 4.943131408011041967e-04
1.565217391304347456e-08 2.262347552283736161e-04
1.575250836120401262e-08 -5.786829387679126493e-04
1.585284280936454738e-08 -1.577688159804494774e-03
1.595317725752508213e-08 -1.349764324851344868e-03
1.605351170568561688e-08 -6.015842151180510362e-05
1.615384615384615164e-08 4.974277806980014101e-04
1.625418060200668639e-08 1.685122345414557035e-04
1.635451505016722115e-08 3.934148344879359171e-04
1.645484949832775590e-08 1.226290875544107156e-03
1.655518394648829065e-08 1.695971775131836648e-03
1.665551839464882872e-08 1.764134039075236204e-03
1.675585284280936347e-08 1.503224060640218811e-03
1.685618729096989823e-08 4.670650740222774717e-04
1.695652173913043298e-08 -8.086895682469526616e-04
1.705685618729096773e-08 -1.019635907449971141e-03
1.715719063545150249e-08 -1.896209070184367478e-04
1.725752508361203724e-08 4.028871825721819754e-04
1.735785953177257200e-08 1.307629657551093259e-04
1.745819397993310675e-08 -3.500667563597800432e-04
1.755852842809364150e-08 2.108787943649653631e-04
1.765886287625417957e-08 2.383010550854259418e-03
1.775919732441471432e-08 4.796948882743523775e-03
1.785953177257524907e-08 5.566047248573225553e-03
1.795986622073578383e-08 5.349292106451373173e-03
1.806020066889631858e-08 6.127074182770900559e-03
1.816053511705685334e-08 7.393532265682217081e-03
1.826086956521738809e-08 7.535936365254600894e-03
1.836120401337792284e-08 7.464948427238784177e-03
1.846153846153845760e-08 8.943666159701985433e-03
1.856187290969899566e-08 1.156027633140884435e-02
1.866220735785953041e-08 1.360507096830995688e-02
1.876254180602006517e-08 1.368720570564857172e-02
1.886287625418059992e-08 1.187415165262429607e-02
1.896321070234113468e-08 1.049478265613365373e-02
1.906354515050166943e-08 1.124332139066154361e-02
1.916387959866220418e-08 1.229613044261908955e-02
1.926421404682273894e-08 1.173674513666230455e-02
1.936454849498327369e-08 1.083809536749189006e-02
1.946488294314380845e-08 1.104835312160224771e-02
1.956521739130434651e-08 1.168219679433398460e-02
1.966555183946488126e-08 1.215176546885889108e-02
1.976588628762541602e-08 1.314861438908794013e-02
1.986622073578595077e-08 1.480990580820261589e-02
1.996655518394648553e-08 1.554529632162868213e-02
2.006688963210702028e-08 1.437704258186738894e-02
2.016722408026755503e-08 1.350661449944421354e-02
2.026755852842808979e-08 1.463896032161332572e-02
2.036789297658862454e-08 1.497887029860666200e-02
2.046822742474916260e-08 1.304102047909577212e-02
2.056856187290969736e-08 1.272150740697325019e-02
2.066889632107023211e-08 1.511923604889410001e-02
2.076923076923076687e-08 1.600656979802100519e-02
2.086956521739130162e-08 1.483533560936573306e-02
2.096989966555183637e-08 1.438968538675390423e-02
2.107023411371237113e-08 1.385237226019074216e-02
2.117056856187290588e-08 1.247896520337141504e-02
2.127090301003344064e-08 1.189180736997419441e-02
2.137123745819397539e-08 1.037912346472739770e-02
2.147157190635451345e-08 6.563660480563703221e-03
2.157190635451504821e-08 4.955677268978459643e-03
2.167224080267558296e-08 7.230297855685473979e-03
2.177257525083611771e-08 8.544657740534387924e-03
2.187290969899665247e-08 7.591032467458382060e-03
2.197324414715718722e-08 6.898675929211105576e-03
2.207357859531772198e-08 5.595176761429419832e-03
2.217391304347825673e-08 3.161200941049503374e-03
2.227424749163879148e-08 2.062303224094165673e-03
2.237458193979932955e-08 1.655151595068284250e-03
2.247491638795986430e-08 -5.421481147277668923e-05
2.257525083612039905e-08 -1.012708347404443722e-03
2.267558528428093381e-08 -5.485215860600721645e-05
2.277591973244146856e-08 3.012367898531976857e-04
2.287625418060200332e-08 -2.484727995550296224e-04
2.297658862876253807e-08 4.403133037338992622e-05
2.307692307692307282e-08 3.016953041543718721e-04
2.317725752508360758e-08 -5.736268967853626983e-04
2.327759197324414233e-08 -1.235565404467777080e-03
2.337792642140468040e-08 -9.734166636787967668e-04
2.347826086956521515e-08 -7.410592850316066824e-04
2.357859531772574990e-08 -7.614441392251882455e-04
2.367892976588628466e-08 -1.785359878423577835e-04
2.377926421404681941e-08 1.605970172574011472e-03
2.387959866220735417e-08 4.222425095649312392e-03
2.397993311036788892e-08 6.759070935267202061e-03
2.408026755852842367e-08 8.696874655322983649e-03
2.418060200668895843e-08 9.474620567130548690e-03
2.428093645484949649e-08 8.357213121107678194e-03
2.438127090301003124e-08 6.434864521306707212e-03
2.448160535117056600e-08 5.921856598214357038e-03
2.458193979933110075e-08 6.614154688509885083e-03
2.468227424749163551e-08 6.851039490538928661e-03
2.478260869565217026e-08 6.496483376803229189e-03
2.488294314381270501e-08 5.550804823142226584e-03
2.498327759197323977e-08 3.766849515436533798e-03
2.508361204013377452e-08 3.020068806305832316e-03
2.518394648829430928e-08 4.933562436445211412e-03
2.528428093645484734e-08 7.835313853666167269e-03
2.538461538461538209e-08 1.037587643603625313e-02
2.548494983277591685e-08 1.349163255592314772e-02
2.558528428093645160e-08 1.640427266695353853e-02
2.568561872909698635e-08 1.650925967183353160e-02
2.578595317725752111e-08 1.364078377979217535e-02
2.588628762541805586e-08 1.024128852002992654e-02
2.598662207357859062e-08 8.626272499841944677e-03
2.608695652173912537e-08 9.573070619613863186e-03
2.618729096989966343e-08 1.189500962718579094e-02
2.628762541806019819e-08 1.372304176995651527e-02
2.638795986622073294e-08 1.415473302077666258e-02
2.648829431438126769e-08 1.280453556371314097e-02
2.658862876254180245e-08 1.018861781094120358e-02
2.668896321070233720e-08 8.394415297702653017e-03
2.678929765886287196e-08 7.943300139521937767e-03
2.688963210702340671e-08 6.722800923451674633e-03
2.698996655518394146e-08 4.608581374741782359e-03
2.709030100334447622e-08 3.777839834846091413e-03
2.719063545150501428e-08 3.922601781378341756e-03
2.729096989966554904e-08 3.327905308275432451e-03
2.739130434782608379e-08 2.771031620754009148e-03
2.749163879598661854e-08 3.594381312688006355e-03
2.759197324414715330e-08 5.361657691702654063e-03
2.769230769230768805e-08 7.353032161355502541e-03
2.779264214046822281e-08 8.971750388133492918e-03
2.789297658862875756e-08 9.216469026267840037e-03
2.799331103678929231e-08 7.744154281545011752e-03
2.809364548494983038e-08 5.265058757030061445e-03
2.819397993311036513e-08 3.032857814618948166e-03
2.829431438127089988e-08 2.360755937197555211e-03
2.839464882943143464e-08 3.343648559115900126e-03
2.849498327759196939e-08 4.828829433824599268e-03
2.859531772575250415e-08 6.005249136467903648e-03
2.869565217391303890e-08 6.266817106855113347e-03
2.879598662207357365e-08 4.975941544646542494e-03
2.889632107023410841e-08 2.953560242015914293e-03
2.899665551839464316e-08 1.862756427694888754e-03
2.909698996655518122e-08 2.165140959945098965e-03
2.919732441471571598e-08 3.132458073171884641e-03
2.929765886287625073e-08 3.105977451142305154e-03
2.939799331103678549e-08 9.370612046673562970e-04
2.949832775919732024e-08 -9.173259100791537239e-04
2.959866220735785499e-08 6.958181544357193785e-04
2.969899665551838975e-08 3.672963560000214178e-03
2.979933110367892450e-08 4.391612792461431145e-03
2.989966555183946256e-08 4.073481115539884408e-03
2.999999999999999732e-08 5.036717842963897920e-03
