0.000000000000000000e+00 9.999999999999995559e-01
1.003344481605351029e-10 -9.390203648948110271e-03
2.006688963210702059e-10 1.239170307670353632e-02
3.010033444816052959e-10 -5.290390330190456424e-04
4.013377926421404118e-10 8.565391568661442911e-03
5.016722408026755277e-10 6.535671186707222441e-03
6.020066889632105918e-10 6.864149688025476814e-03
7.023411371237457594e-10 6.736754377379046595e-03
8.026755852842808236e-10 1.039934510083092775e-02
9.030100334448158877e-10 5.212072865317616925e-03
1.003344481605351055e-09 4.751470096054904307e-03
1.103678929765886223e-09 5.746829648406073798e-03
1.204013377926421184e-09 2.254029659193997406e-03
1.304347826086956351e-09 1.384494814042876859e-02
1.404682274247491519e-09 5.206013821108252358e-03
1.505016722408026480e-09 1.293432882349259544e-02
1.605351170568561647e-09 9.144704174207334349e-03
1.705685618729096815e-09 7.788875549819356502e-03
1.806020066889631775e-09 7.174164249924164065e-03
1.906354515050166943e-09 9.357299637930716410e-03
2.006688963210702111e-09 1.127132536914193794e-02
2.107023411371237278e-09 6.384596102118755487e-03
2.207357859531772446e-09 5.319613063442221908e-03
2.307692307692307200e-09 2.920602122290778639e-03
2.408026755852842367e-09 9.250965621919774243e-03
2.508361204013377535e-09 6.682489040416739190e-03
2.608695652173912702e-09 6.885641045800279872e-03
2.709030100334447870e-09 7.503930879748975727e-03
2.809364548494983038e-09 1.096357135396448801e-02
2.909698996655517792e-09 2.112286293579596509e-03
3.010033444816052959e-09 1.330950251092768663e-04
3.110367892976588127e-09 7.198990647926979160e-03
3.210702341137123294e-09 5.929525310250398883e-03
3.311036789297658462e-09 7.877957220214660411e-03
3.411371237458193629e-09 2.713601791964264515e-03
3.511705685618728797e-09 6.320286459692124256e-03
3.612040133779263551e-09 6.945913933577003638e-03
3.712374581939798719e-09 7.130432537217234155e-03
3.812709030100333886e-09 1.100373689535705420e-02
3.913043478260868640e-09 5.137692765246070631e-03
4.013377926421404221e-09 1.226834892344005890e-02
4.113712374581938975e-09 4.648704828266934236e-03
4.214046822742474556e-09 1.019107556395905043e-02
4.314381270903009310e-09 9.530187432506059472e-03
4.414715719063544892e-09 9.421395399756095357e-03
4.515050167224079646e-09 9.723000808140657564e-03
4.615384615384614399e-09 8.381309315905914256e-03
4.715719063545149981e-09 7.858654471953475940e-03
4.816053511705684735e-09 1.077207487173029339e-02
4.916387959866220316e-09 8.793337210328665970e-03
5.016722408026755070e-09 1.334976884709404392e-02
5.117056856187290651e-09 6.574678013969593310e-03
5.217391304347825405e-09 5.395992450419776626e-03
5.317725752508360159e-09 1.028163342510112974e-02
5.418060200668895740e-09 8.433410732422553721e-03
5.518394648829430494e-09 2.981798328359516140e-03
5.618729096989966075e-09 6.093822253174764614e-03
5.719063545150500829e-09 5.563419680298162424e-03
5.819397993311035583e-09 6.657501696935147310e-03
5.919732441471571164e-09 4.847437722122135972e-03
6.020066889632105918e-09 3.793299765495878901e-03
6.120401337792641499e-09 9.715062266880937492e-03
6.220735785953176253e-09 1.121293118103439124e-02
6.321070234113711835e-09 1.191807758237997325e-02
6.421404682274246589e-09 9.525324393174872811e-03
6.521739130434781343e-09 -8.446765334139776354e-04
6.622073578595316924e-09 6.381895670731566918e-03
6.722408026755851678e-09 7.722786462572050689e-03
6.822742474916387259e-09 1.268063472448695272e-02
6.923076923076922013e-09 1.758265037041025587e-03
7.023411371237457594e-09 9.869471242146678897e-03
7.123745819397992348e-09 1.204296953684349039e-02
7.224080267558527102e-09 4.918287293060228348e-03
7.324414715719062683e-09 6.883441139963317537e-03
7.424749163879597437e-09 3.412888324427311611e-03
7.525083612040133018e-09 1.043255662736902387e-02
7.625418060200667772e-09 7.968639059923733961e-03
7.725752508361202526e-09 1.253943854021854175e-02
7.826086956521737280e-09 1.136258564937605436e-02
7.926421404682273689e-09 1.094146214710105952e-02
8.026755852842808442e-09 1.317677774545641077e-02
8.127090301003343196e-09 5.866828805290597373e-03
8.227424749163877950e-09 6.330684435289079572e-03
8.327759197324414359e-09 4.277357783072204271e-04
8.428093645484949113e-09 6.467857677716051280e-03
8.528428093645483867e-09 7.712515180084093119e-03
8.628762541806018621e-09 6.848022688808439590e-03
8.729096989966553375e-09 7.391266683920261205e-03
8.829431438127089783e-09 7.092206152730292160e-03
8.929765886287624537e-09 3.254964740263833253e-03
9.030100334448159291e-09 1.770828803075696206e-02
9.130434782608694045e-09 3.964809372955637422e-03
9.230769230769228799e-09 9.378096371595793027e-03
9.331103678929765207e-09 8.734422371621069353e-03
9.431438127090299961e-09 5.198880860352229037e-03
9.531772575250834715e-09 9.462040021409956828e-03
9.632107023411369469e-09 8.259934146551248593e-03
9.732441471571904223e-09 7.832389777546432119e-03
9.832775919732440632e-09 1.125216296797808269e-02
9.933110367892975386e-09 5.628237886686059122e-03
1.003344481605351014e-08 1.867957481357272048e-02
1.013377926421404489e-08 -1.166824932532901059e-04
1.023411371237458130e-08 7.315915379729190024e-03
1.033444816053511606e-08 8.633003146610404577e-03
1.043478260869565081e-08 9.800049366443349536e-03
1.053511705685618556e-08 3.452196280244796377e-03
1.063545150501672032e-08 7.378615441042897342e-03
1.073578595317725673e-08 8.075870299294502994e-03
1.083612040133779148e-08 7.210766161278322692e-03
1.093645484949832623e-08 -2.132795012364013180e-04
1.103678929765886099e-08 1.172129778518441953e-02
1.113712374581939574e-08 1.735894524054455192e-03
1.123745819397993215e-08 5.907665749327297572e-03
1.133779264214046690e-08 2.948409834626484604e-03
1.143812709030100166e-08 7.793901374957378295e-03
1.153846153846153641e-08 1.198439975634908033e-02
1.163879598662207117e-08 4.754230705306615110e-03
1.173913043478260757e-08 1.053236361656904353e-02
1.183946488294314233e-08 6.733057800428400401e-03
1.193979933110367708e-08 1.122823969111902756e-02
1.204013377926421184e-08 9.230864618809158512e-03
1.214046822742474824e-08 7.669870273693885770e-03
1.224080267558528300e-08 9.319544133830461388e-03
1.234113712374581775e-08 6.963987998323523283e-03
1.244147157190635251e-08 6.304555021714911868e-03
1.254180602006688726e-08 1.288668829908687537e-02
1.264214046822742367e-08 8.088255009151702757e-03
1.274247491638795842e-08 4.052593808642906276e-03
1.284280936454849318e-08 1.116650865924966908e-02
1.294314381270902793e-08 8.236069563649642961e-03
1.304347826086956269e-08 7.867628590051865215e-04
1.314381270903009909e-08 1.085593458448446715e-02
1.324414715719063385e-08 1.173904248211141491e-02
1.334448160535116860e-08 6.347977495605263733e-03
1.344481605351170336e-08 9.493183418016814396e-03
1.354515050167223811e-08 1.216001039371343573e-02
1.364548494983277452e-08 -1.383869331399450011e-03
1.374581939799330927e-08 8.375264048024255031e-03
1.384615384615384403e-08 7.488436049538838533e-03
1.394648829431437878e-08 5.944183440122020011e-03
1.404682274247491519e-08 9.010420836371966363e-03
1.414715719063544994e-08 1.452769299374583522e-03
1.424749163879598470e-08 1.288849249228724361e-03
1.434782608695651945e-08 9.901895589988034957e-03
1.444816053511705420e-08 9.401879249638188732e-03
1.454849498327759061e-08 1.092303841833592443e-02
1.464882943143812537e-08 4.313511286938508452e-03
1.474916387959866012e-08 7.148280282353610023e-03
1.484949832775919487e-08 1.157188493939678882e-02
1.494983277591973128e-08 7.637896242452721883e-05
1.505016722408026604e-08 8.475620459710751786e-03
1.515050167224080079e-08 8.421420032348841261e-03
1.525083612040133554e-08 1.513806460732318535e-03
1.535117056856187030e-08 7.061070603084624794e-03
1.545150501672240505e-08 1.277288324587341935e-02
1.555183946488293981e-08 9.173095400739485900e-03
1.565217391304347456e-08 2.175761993488008889e-03
1.575250836120401262e-08 7.848983872312999960e-03
1.585284280936454738e-08 1.500723140706490370e-02
1.595317725752508213e-08 9.403579658465574184e-03
1.605351170568561688e-08 3.589495233773480447e-03
1.615384615384615164e-08 9.805924914267127868e-03
1.625418060200668639e-08 7.758565558788755104e-03
1.635451505016722115e-08 2.000557790377994853e-03
1.645484949832775590e-08 6.424105329300678138e-03
1.655518394648829065e-08 4.340537116347855176e-03
1.665551839464882872e-08 8.356356688351888190e-03
1.675585284280936347e-08 8.053353218325412510e-03
1.685618729096989823e-08 1.126534847672280328e-02
1.695652173913043298e-08 1.242559594031149468e-02
1.705685618729096773e-08 3.131671894959911669e-03
1.715719063545150249e-08 7.883572619462070330e-03
1.725752508361203724e-08 1.088585720048812315e-02
1.735785953177257200e-08 5.140961632403045177e-03
1.745819397993310675e-08 9.334015627851646735e-03
1.755852842809364150e-08 9.615104994073800024e-03
1.765886287625417957e-08 8.824802633461479098e-03
1.775919732441471432e-08 4.457505510784111682e-03
1.785953177257524907e-08 1.085299255875481206e-02
1.795986622073578383e-08 8.860298253223531512e-03
1.806020066889631858e-08 8.218929342647325262e-03
1.816053511705685334e-08 1.546499891121404756e-02
1.826086956521738809e-08 1.069861959412992704e-02
1.836120401337792284e-08 1.007435625883238567e-02
1.846153846153845760e-08 1.215284199410546738e-02
1.856187290969899566e-08 1.148204063397495304e-02
1.866220735785953041e-08 2.399167813565392365e-03
1.876254180602006517e-08 1.071239062206800520e-02
1.886287625418059992e-08 1.066615215242999737e-02
1.896321070234113468e-08 1.158252166706811789e-02
1.906354515050166943e-08 9.181050350794224893e-03
1.916387959866220418e-08 2.125997472281573788e-03
1.926421404682273894e-08 3.999664449631658292e-03
1.936454849498327369e-08 3.534168574473679856e-03
1.946488294314380845e-08 1.256779606533075556e-02
1.956521739130434651e-08 9.887132855550430713e-03
1.966555183946488126e-08 6.711605920710786953e-03
1.976588628762541602e-08 1.427020894061414337e-02
1.986622073578595077e-08 9.086321983937503590e-04
1.996655518394648553e-08 9.645012308014438290e-03
2.006688963210702028e-08 1.392112563193169741e-02
2.016722408026755503e-08 7.481524846199880813e-03
2.026755852842808979e-08 8.743468600152804956e-03
2.036789297658862454e-08 6.320168255005869859e-03
2.046822742474916260e-08 7.173237488636392475e-03
2.056856187290969736e-08 6.750726058841310592e-03
2.066889632107023211e-08 1.283633776548259893e-02
2.076923076923076687e-08 7.679557397730927236e-03
2.086956521739130162e-08 9.054055648072141180e-03
2.096989966555183637e-08 5.632017913664912404e-03
2.107023411371237113e-08 1.601728156553385712e-02
2.117056856187290588e-08 8.788073765476312957e-03
2.127090301003344064e-08 3.577996884669451799e-03
2.137123745819397539e-08 3.961732976604824714e-03
2.147157190635451345e-08 -8.677926361466921151e-04
2.157190635451504821e-08 8.575424412797620632e-03
2.167224080267558296e-08 7.823741018451478568e-03
2.177257525083611771e-08 1.076681783876476915e-02
2.187290969899665247e-08 7.105809559285275467e-03
2.197324414715718722e-08 8.253191169997059831e-03
2.207357859531772198e-08 1.135033877781202634e-02
2.217391304347825673e-08 3.752022891493104421e-03
2.227424749163879148e-08 7.063611883424240900e-03
2.237458193979932955e-08 7.931453034732196053e-03
2.247491638795986430e-08 7.686374553819027254e-03
2.257525083612039905e-08 8.489978742266483108e-03
2.267558528428093381e-08 1.134391210711867444e-02
2.277591973244146856e-08 2.654258342706986538e-03
2.287625418060200332e-08 4.795927229233871644e-03
2.297658862876253807e-08 1.561825869118195313e-02
2.307692307692307282e-08 6.715824652778898222e-03
2.317725752508360758e-08 4.952381271606621366e-03
2.327759197324414233e-08 1.046118256904237688e-02
2.337792642140468040e-08 9.963584623743340987e-03
2.347826086956521515e-08 4.465486279634737522e-03
2.357859531772574990e-08 1.099351404465229859e-02
2.367892976588628466e-08 -1.033209532757850172e-04
2.377926421404681941e-08 8.360756018515911464e-03
2.387959866220735417e-08 1.681899799140286001e-03
2.397993311036788892e-08 1.232633777930614884e-02
2.408026755852842367e-08 8.843777828711511454e-03
2.418060200668895843e-08 1.049939123103456329e-02
2.428093645484949649e-08 1.267517581034378893e-02
2.438127090301003124e-08 5.399434379152094100e-03
2.448160535117056600e-08 1.169026844582125510e-02
2.458193979933110075e-08 1.072615795883927192e-02
2.468227424749163551e-08 4.879442848151684629e-03
2.478260869565217026e-08 6.135294761442310583e-03
2.488294314381270501e-08 7.943311794153666214e-03
2.498327759197323977e-08 7.069933011001861348e-03
2.508361204013377452e-08 3.763164864431606856e-03
2.518394648829430928e-08 8.298526920423932030e-03
2.528428093645484734e-08 5.771199568447260911e-03
2.538461538461538209e-08 1.191202492016673643e-02
2.548494983277591685e-08 1.455076535044437167e-02
2.558528428093645160e-08 4.963605128552841389e-03
2.568561872909698635e-08 6.806898066435591865e-03
2.578595317725752111e-08 6.778963151635805304e-03
2.588628762541805586e-08 8.312567470812369866e-03
2.598662207357859062e-08 3.671055686585854468e-03
2.608695652173912537e-08 2.819735995135495572e-03
2.618729096989966343e-08 1.286140739866236879e-02
2.628762541806019819e-08 8.701198162810314107e-03
2.638795986622073294e-08 2.703484924296204600e-03
2.648829431438126769e-08 9.872689370083786997e-03
2.658862876254180245e-08 1.211355409413109215e-02
2.668896321070233720e-08 7.915445792242599768e-03
2.678929765886287196e-08 9.664426031292186123e-03
2.688963210702340671e-08 5.507840260615822284e-03
2.698996655518394146e-08 5.828851238204745336e-03
2.709030100334447622e-08 3.673069798472846162e-03
2.719063545150501428e-08 2.418943038263043563e-03
2.729096989966554904e-08 7.232850302916604864e-03
2.739130434782608379e-08 1.935969215028369300e-03
2.749163879598661854e-08 1.116924446980957497e-02
2.759197324414715330e-08 1.199843891475560476e-02
2.769230769230768805e-08 1.249777232177070804e-02
2.779264214046822281e-08 8.208829258964803546e-03
2.789297658862875756e-08 6.371776119844871876e-03
2.799331103678929231e-08 3.281993751997516317e-03
2.809364548494983038e-08 5.247636961846841724e-03
2.819397993311036513e-08 7.587922394542234369e-03
2.829431438127089988e-08 6.566259183017631069e-03
2.839464882943143464e-08 4.149468095239549660e-03
2.849498327759196939e-08 5.625895425365020665e-03
2.859531772575250415e-08 3.237424478322158388e-03
2.869565217391303890e-08 4.609664989268129516e-03
2.879598662207357365e-08 1.059266739920611267e-02
2.889632107023410841e-08 5.905454141525668874e-03
2.899665551839464316e-08 9.883829054642523371e-03
2.909698996655518122e-08 7.994154788299649358e-03
2.919732441471571598e-08 1.139968187388096590e-02
2.929765886287625073e-08 7.370763623639520895e-03
2.939799331103678549e-08 1.546420531053418427e-03
2.949832775919732024e-08 1.353335398740889220e-02
2.959866220735785499e-08 7.382831503810808466e-03
2.969899665551838975e-08 1.140794991875691486e-03
2.979933110367892450e-08 4.347409437550089038e-03
2.989966555183946256e-08 4.201956798035855027e-03
2.999999999999999732e-08 9.422586833653296724e-04
