0.000000000000000000e+00 9.999999999999995559e-01
1.003344481605351029e-10 9.271639477443670563e-01
2.006688963210702059e-10 7.669598146942386840e-01
3.010033444816052959e-10 6.211498502640018238e-01
4.013377926421404118e-10 5.312486280624618695e-01
5.016722408026755277e-10 4.785412289666682306e-01
6.020066889632105918e-10 4.349696028947674931e-01
7.023411371237457594e-10 3.846681289036878448e-01
8.026755852842808236e-10 3.301138579174128784e-01
9.030100334448158877e-10 2.887126911794791750e-01
1.003344481605351055e-09 2.665202432362830942e-01
1.103678929765886223e-09 2.457812451282755661e-01
1.204013377926421184e-09 2.093939404061905540e-01
1.304347826086956351e-09 1.614725923560749454e-01
1.404682274247491519e-09 1.183965014183913922e-01
1.505016722408026480e-09 9.143846357338983322e-02
1.605351170568561647e-09 7.831679209617305182e-02
1.705685618729096815e-09 6.745352379781793806e-02
1.806020066889631775e-09 5.230306355336129115e-02
1.906354515050166943e-09 3.771566137699362831e-02
2.006688963210702111e-09 2.933796002282949150e-02
2.107023411371237278e-09 2.417997166544592555e-02
2.207357859531772446e-09 1.506942074402646374e-02
2.307692307692307200e-09 -6.927583895718902873e-05
2.408026755852842367e-09 -1.490540838882823543e-02
2.508361204013377535e-09 -2.100044051092840591e-02
2.608695652173912702e-09 -1.792421838580745413e-02
2.709030100334447870e-09 -1.331686212199621570e-02
2.809364548494983038e-09 -1.249308764253622903e-02
2.909698996655517792e-09 -1.359409123086169693e-02
3.010033444816052959e-09 -1.269225751299918499e-02
3.110367892976588127e-09 -8.930352838255346121e-03
3.210702341137123294e-09 -5.379286703398918588e-03
3.311036789297658462e-09 -5.873829974539087131e-03
3.411371237458193629e-09 -9.293745030364732387e-03
3.511705685618728797e-09 -9.592694692453813607e-03
3.612040133779263551e-09 -3.960231275491355243e-03
3.712374581939798719e-09 3.320147166003841604e-03
3.812709030100333886e-09 7.318138673742027520e-03
3.913043478260868640e-09 8.554373900590533236e-03
4.013377926421404221e-09 1.093262203055605716e-02
4.113712374581938975e-09 1.619840016826686740e-02
4.214046822742474556e-09 2.185508220268457535e-02
4.314381270903009310e-09 2.414403491705323021e-02
4.414715719063544892e-09 2.229510319959866066e-02
4.515050167224079646e-09 1.922947709362043262e-02
4.615384615384614399e-09 1.835926326216744467e-02
4.715719063545149981e-09 1.992704590731877307e-02
4.816053511705684735e-09 2.075924233023911450e-02
4.916387959866220316e-09 1.880401540603138938e-02
5.016722408026755070e-09 1.687072603156181821e-02
5.117056856187290651e-09 1.878932516826426619e-02
5.217391304347825405e-09 2.327025243574852575e-02
5.317725752508360159e-09 2.562063390421858225e-02
5.418060200668895740e-09 2.408774277969391933e-02
5.518394648829430494e-09 2.102028970789373424e-02
5.618729096989966075e-09 1.927791175049567429e-02
5.719063545150500829e-09 1.962786576041357714e-02
5.819397993311035583e-09 2.050952025250309119e-02
5.919732441471571164e-09 1.996822520677498866e-02
6.020066889632105918e-09 1.847571759367305083e-02
6.120401337792641499e-09 1.868121525540413289e-02
6.220735785953176253e-09 2.178124275020642750e-02
6.321070234113711835e-09 2.572954433958825685e-02
6.421404682274246589e-09 2.782683843276424762e-02
6.521739130434781343e-09 2.808288433182372715e-02
6.622073578595316924e-09 2.896004427811143742e-02
6.722408026755851678e-09 3.175708013069814678e-02
6.822742474916387259e-09 3.454028829496831599e-02
6.923076923076922013e-09 3.472495656289469740e-02
7.023411371237457594e-09 3.267274177776589850e-02
7.123745819397992348e-09 3.126270484957451024e-02
7.224080267558527102e-09 3.220203605598270791e-02
7.324414715719062683e-09 3.391889783652780876e-02
7.424749163879597437e-09 3.375251805769181185e-02
7.525083612040133018e-09 3.165031186175937955e-02
7.625418060200667772e-09 3.003707963326514643e-02
7.725752508361202526e-09 3.004135246324313169e-02
7.826086956521737280e-09 3.013543628415268211e-02
7.926421404682273689e-09 2.866732344430228396e-02
8.026755852842808442e-09 2.554613023976821246e-02
8.127090301003343196e-09 2.183676690750887064e-02
8.227424749163877950e-09 1.938302650022174015e-02
8.327759197324414359e-09 1.937596346482102841e-02
8.428093645484949113e-09 2.008711758124725327e-02
8.528428093645483867e-09 1.832896293069916777e-02
8.628762541806018621e-09 1.392073420903231634e-02
8.729096989966553375e-09 9.895781927454633253e-03
8.829431438127089783e-09 7.709318920960839434e-03
8.929765886287624537e-09 5.243118087929874924e-03
9.030100334448159291e-09 6.261439195649635752e-04
9.130434782608694045e-09 -4.440979068037451821e-03
9.230769230769228799e-09 -6.905155587727716815e-03
9.331103678929765207e-09 -6.515634288175670141e-03
9.431438127090299961e-09 -5.882461633463707124e-03
9.531772575250834715e-09 -6.936016501701579295e-03
9.632107023411369469e-09 -8.991989582148467164e-03
9.732441471571904223e-09 -1.027389271931655051e-02
9.832775919732440632e-09 -1.019784621652318479e-02
9.933110367892975386e-09 -9.819525767675547218e-03
1.003344481605351014e-08 -1.009172943498191574e-02
1.013377926421404489e-08 -1.000034932188027456e-02
1.023411371237458130e-08 -7.571493208967012417e-03
1.033444816053511606e-08 -2.834307065950597733e-03
1.043478260869565081e-08 1.890085050288832242e-03
1.053511705685618556e-08 4.824962038552475796e-03
1.063545150501672032e-08 6.163538518548812919e-03
1.073578595317725673e-08 6.851311225384744408e-03
1.083612040133779148e-08 7.495357482755211041e-03
1.093645484949832623e-08 8.129061314795191576e-03
1.103678929765886099e-08 8.287389244491081067e-03
1.113712374581939574e-08 7.911929219333537280e-03
1.123745819397993215e-08 7.876658283699197738e-03
1.133779264214046690e-08 8.601978001751069483e-03
1.143812709030100166e-08 9.077718084379373525e-03
1.153846153846153641e-08 8.334832306174459401e-03
1.163879598662207117e-08 6.851456482805115891e-03
1.173913043478260757e-08 5.876825880887299319e-03
1.183946488294314233e-08 6.163401394110944176e-03
1.193979933110367708e-08 7.265786974427886243e-03
1.204013377926421184e-08 7.658323736502065798e-03
1.214046822742474824e-08 6.283278538147748365e-03
1.224080267558528300e-08 4.101859593320735659e-03
1.234113712374581775e-08 3.108276068945691265e-03
1.244147157190635251e-08 3.839417785567565342e-03
1.254180602006688726e-08 4.811804765640385548e-03
1.264214046822742367e-08 4.651708621391533773e-03
1.274247491638795842e-08 4.160457539119217368e-03
1.284280936454849318e-08 5.387719836840568211e-03
1.294314381270902793e-08 8.742778739625721440e-03
1.304347826086956269e-08 1.238833081885891939e-02
1.314381270903009909e-08 1.452023530872884223e-02
1.324414715719063385e-08 1.470659346267321442e-02
1.334448160535116860e-08 1.351642422407488796e-02
1.344481605351170336e-08 1.231975344829453964e-02
1.354515050167223811e-08 1.219404826404048812e-02
1.364548494983277452e-08 1.228212458293051305e-02
1.374581939799330927e-08 1.134019078246684478e-02
1.384615384615384403e-08 1.047122554842730424e-02
1.394648829431437878e-08 1.141605813868800529e-02
1.404682274247491519e-08 1.331882269113554909e-02
1.414715719063544994e-08 1.397339071673332940e-02
1.424749163879598470e-08 1.281430571415847174e-02
1.434782608695651945e-08 1.098104281001884529e-02
1.444816053511705420e-08 9.892584143868080049e-03
1.454849498327759061e-08 1.020698742088801611e-02
1.464882943143812537e-08 1.121856187049247167e-02
1.474916387959866012e-08 1.167672989797339037e-02
1.484949832775919487e-08 1.113972155975474256e-02
1.494983277591973128e-08 9.749958808152653714e-03
1.505016722408026604e-08 7.707299892439346302e-03
1.515050167224080079e-08 5.599472563667794167e-03
1.525083612040133554e-08 3.960573131823342391e-03
1.535117056856187030e-08 2.689854373916365955e-03
1.545150501672240505e-08 1.900431517042310611e-03
1.555183946488293981e-08 2.086205981997288003e-03
1.565217391304347456e-08 2.821657301398886736e-03
1.575250836120401262e-08 2.932224090972938152e-03
1.585284280936454738e-08 2.099512502402056582e-03
1.595317725752508213e-08 1.067161483994466097e-03
1.605351170568561688e-08 5.181756028732236244e-04
1.615384615384615164e-08 2.737955014802189672e-04
1.625418060200668639e-08 -4.167179266378065678e-04
1.635451505016722115e-08 -1.451065599715092988e-03
1.645484949832775590e-08 -1.534596708942336093e-03
1.655518394648829065e-08 -3.729750546204004327e-04
1.665551839464882872e-08 4.779435584466164115e-04
1.675585284280936347e-08 2.729374030387703327e-04
1.685618729096989823e-08 2.057821511923453757e-04
1.695652173913043298e-08 9.169622360129883482e-04
1.705685618729096773e-08 1.576455174200028361e-03
1.715719063545150249e-08 1.759965697575910284e-03
1.725752508361203724e-08 1.697020136785887343e-03
1.735785953177257200e-08 1.085594473822598183e-03
1.745819397993310675e-08 -1.892171043519645570e-04
1.755852842809364150e-08 -1.077392004498381201e-03
1.765886287625417957e-08 -7.434302979351716531e-04
1.775919732441471432e-08 1.236742605320033557e-04
1.785953177257524907e-08 3.966555578408799236e-04
1.795986622073578383e-08 -5.175412397793923563e-05
1.806020066889631858e-08 -3.494968137311464055e-04
1.816053511705685334e-08 6.144054383336379922e-04
1.826086956521738809e-08 2.962419751869806855e-03
1.836120401337792284e-08 5.086662253162829717e-03
1.846153846153845760e-08 5.540808991368301184e-03
1.856187290969899566e-08 5.368488206363384099e-03
1.866220735785953041e-08 6.248729872471160164e-03
1.876254180602006517e-08 7.437193311063358160e-03
1.886287625418059992e-08 7.527658740546993091e-03
1.896321070234113468e-08 7.460932394711725091e-03
1.906354515050166943e-08 8.854670301147348627e-03
1.916387959866220418e-08 1.137324655524562210e-02
1.926421404682273894e-08 1.346850607087306598e-02
1.936454849498327369e-08 1.381265477802750934e-02
1.946488294314380845e-08 1.222689721080357297e-02
1.956521739130434651e-08 1.060419798649605595e-02
1.966555183946488126e-08 1.093339863509857311e-02
1.976588628762541602e-08 1.215313282590536198e-02
1.986622073578595077e-08 1.203996953839039930e-02
1.996655518394648553e-08 1.103273701714114867e-02
2.006688963210702028e-08 1.085896766612193601e-02
2.016722408026755503e-08 1.145731374078783060e-02
2.026755852842808979e-08 1.194498314341603876e-02
2.036789297658862454e-08 1.258301261232423751e-02
2.046822742474916260e-08 1.399188780843712426e-02
2.056856187290969736e-08 1.540479390114177921e-02
2.066889632107023211e-08 1.518901996177873283e-02
2.076923076923076687e-08 1.378571046559484703e-02
2.086956521739130162e-08 1.377854674436268870e-02
2.096989966555183637e-08 1.505446638220932221e-02
2.107023411371237113e-08 1.447824325759259831e-02
2.117056856187290588e-08 1.258532242796527902e-02
2.127090301003344064e-08 1.322434217661421808e-02
2.137123745819397539e-08 1.559293496514938676e-02
2.147157190635451345e-08 1.583928477036547142e-02
2.157190635451504821e-08 1.467708207534687732e-02
2.167224080267558296e-08 1.437603130957988695e-02
2.177257525083611771e-08 1.372461045975562760e-02
2.187290969899665247e-08 1.240305288615815502e-02
2.197324414715718722e-08 1.187405873439822956e-02
2.207357859531772198e-08 1.035703418718543663e-02
2.217391304347825673e-08 6.653902132636038171e-03
2.227424749163879148e-08 4.916663822622947995e-03
2.237458193979932955e-08 6.992524877741894754e-03
2.247491638795986430e-08 8.551405134723985210e-03
2.257525083612039905e-08 7.759230879970028909e-03
2.267558528428093381e-08 6.999194992067418047e-03
2.277591973244146856e-08 6.024426323286697152e-03
2.287625418060200332e-08 3.726933661750043199e-03
2.297658862876253807e-08 2.178762899163195176e-03
2.307692307692307282e-08 1.894300823977412363e-03
2.317725752508360758e-08 6.176628959910618853e-04
2.327759197324414233e-08 -9.264220197946753266e-04
2.337792642140468040e-08 -5.353057680835505636e-04
2.347826086956521515e-08 3.460681172145034512e-04
2.357859531772574990e-08 -1.667741282922793195e-05
2.367892976588628466e-08 -2.245172549851151946e-04
2.377926421404681941e-08 2.947605081354622318e-04
2.387959866220735417e-08 1.736826034141902321e-05
2.397993311036788892e-08 -9.604677955100071563e-04
2.408026755852842367e-08 -1.207742717813883350e-03
2.418060200668895843e-08 -8.463696258420559410e-04
2.428093645484949649e-08 -7.510086764756563650e-04
2.438127090301003124e-08 -7.006399974484025985e-04
2.448160535117056600e-08 1.435233091897775148e-04
2.458193979933110075e-08 2.123030340024956251e-03
2.468227424749163551e-08 4.710461743430312959e-03
2.478260869565217026e-08 7.093268696664696213e-03
2.488294314381270501e-08 8.866271125556504651e-03
2.498327759197323977e-08 9.455819778939623596e-03
2.508361204013377452e-08 8.252790354270978304e-03
2.518394648829430928e-08 6.402872311456723683e-03
2.528428093645484734e-08 5.918177860319426969e-03
2.538461538461538209e-08 6.586759622401305164e-03
2.548494983277591685e-08 6.860198081712866151e-03
2.558528428093645160e-08 6.551288244471969308e-03
2.568561872909698635e-08 5.740132539232552927e-03
2.578595317725752111e-08 4.072551488130102086e-03
2.588628762541805586e-08 2.961076754269277231e-03
2.598662207357859062e-08 4.302477377605970661e-03
2.608695652173912537e-08 7.105384593550330592e-03
2.618729096989966343e-08 9.614634254702447008e-03
2.628762541806019819e-08 1.238299683019897929e-02
2.638795986622073294e-08 1.555855286753651812e-02
2.648829431438126769e-08 1.689782653013601268e-02
2.658862876254180245e-08 1.508450295311165000e-02
2.668896321070233720e-08 1.167837295458336658e-02
2.678929765886287196e-08 9.094945736139826292e-03
2.688963210702340671e-08 8.793225494042421556e-03
2.698996655518394146e-08 1.057111610602584802e-02
2.709030100334447622e-08 1.279626573893911240e-02
2.719063545150501428e-08 1.407872467409024796e-02
2.729096989966554904e-08 1.389109513557004738e-02
2.739130434782608379e-08 1.201587303060844270e-02
2.749163879598661854e-08 9.490971053794589399e-03
2.759197324414715330e-08 8.213998287991849251e-03
2.769230769230768805e-08 7.803552625008623907e-03
2.779264214046822281e-08 6.313622133717836787e-03
2.789297658862875756e-08 4.344789526760636789e-03
2.799331103678929231e-08 3.787333642200524896e-03
2.809364548494983038e-08 3.907113072132118239e-03
2.819397993311036513e-08 3.266227463140971773e-03
2.829431438127089988e-08 2.774535684672774921e-03
2.839464882943143464e-08 3.601590536262791985e-03
2.849498327759196939e-08 5.309301711285510303e-03
2.859531772575250415e-08 7.238131627549959993e-03
2.869565217391303890e-08 8.867436623718215338e-03
2.879598662207357365e-08 9.283796448612595398e-03
2.889632107023410841e-08 8.062227766232920798e-03
2.899665551839464316e-08 5.750008476253740466e-03
2.909698996655518122e-08 3.422456876146960907e-03
2.919732441471571598e-08 2.345531104224141562e-03
2.929765886287625073e-08 2.961461772146171088e-03
2.939799331103678549e-08 4.374633130782524734e-03
2.949832775919732024e-08 5.663097466855571312e-03
2.959866220735785499e-08 6.332005979433373739e-03
2.969899665551838975e-08 5.681841113695774992e-03
2.979933110367892450e-08 3.815424979119201934e-03
2.989966555183946256e-08 2.194747100419907997e-03
2.999999999999999732e-08 1.864203295625108418e-03
