0.000000000000000000e+00 9.999999999999995559e-01
1.003344481605351029e-10 -1.011292411271024795e-02
2.006688963210702059e-10 1.138812387223550257e-02
3.010033444816052959e-10 6.125582480170832858e-03
4.013377926421404118e-10 2.397610876142346713e-05
5.016722408026755277e-10 6.303438970638987338e-03
6.020066889632105918e-10 3.429893088187724749e-03
7.023411371237457594e-10 5.611965838411106175e-03
8.026755852842808236e-10 -2.680649424659680476e-04
9.030100334448158877e-10 6.862470583163015128e-03
1.003344481605351055e-09 7.942874068188289158e-03
1.103678929765886223e-09 4.844225392204901115e-03
1.204013377926421184e-09 8.454806444192086365e-03
1.304347826086956351e-09 4.875955888453045901e-03
1.404682274247491519e-09 5.124393787694330425e-03
1.505016722408026480e-09 1.407294309422169216e-03
1.605351170568561647e-09 9.542459293448567192e-03
1.705685618729096815e-09 1.216810921133092832e-02
1.806020066889631775e-09 3.376148162468433495e-03
1.906354515050166943e-09 5.630534526232362780e-03
2.006688963210702111e-09 4.354095508322949372e-03
2.107023411371237278e-09 3.059220084263401893e-03
2.207357859531772446e-09 1.494515446679837989e-02
2.307692307692307200e-09 1.000446356432961809e-03
2.408026755852842367e-09 8.265227179042466607e-03
2.508361204013377535e-09 4.516820722937099457e-03
2.608695652173912702e-09 1.514313807506534326e-02
2.709030100334447870e-09 3.098859089271811112e-03
2.809364548494983038e-09 1.097547660356842231e-02
2.909698996655517792e-09 1.201645309632274998e-02
3.010033444816052959e-09 2.438184067942499207e-03
3.110367892976588127e-09 -1.034223376133914293e-03
3.210702341137123294e-09 6.278754805893597621e-03
3.311036789297658462e-09 8.380575412572694241e-03
3.411371237458193629e-09 1.024740664981391332e-02
3.511705685618728797e-09 4.351371753800545132e-03
3.612040133779263551e-09 7.133819043451624688e-04
3.712374581939798719e-09 4.311288522385070023e-03
3.812709030100333886e-09 8.875284045019742052e-03
3.913043478260868640e-09 7.918110762271548739e-03
4.013377926421404221e-09 1.090140886969582015e-02
4.113712374581938975e-09 3.876892878978271083e-03
4.214046822742474556e-09 1.077635316178118634e-02
4.314381270903009310e-09 7.756556953273969698e-03
4.414715719063544892e-09 9.447929115828052754e-03
4.515050167224079646e-09 7.843098102992567336e-03
4.615384615384614399e-09 5.762051584626917428e-04
4.715719063545149981e-09 8.803980027964423624e-03
4.816053511705684735e-09 5.932868323439958839e-03
4.916387959866220316e-09 1.194173152154194735e-02
5.016722408026755070e-09 5.259407390918642740e-03
5.117056856187290651e-09 4.482799159647624966e-03
5.217391304347825405e-09 1.089009359492234402e-02
5.317725752508360159e-09 5.128028044796734651e-03
5.418060200668895740e-09 7.753901026239454729e-03
5.518394648829430494e-09 6.975035426247886035e-03
5.618729096989966075e-09 9.523328079172770078e-03
5.719063545150500829e-09 1.077539738626881200e-03
5.819397993311035583e-09 7.819160266710516866e-03
5.919732441471571164e-09 6.628707927412161131e-03
6.020066889632105918e-09 1.181820864426062073e-02
6.120401337792641499e-09 9.072655602558179350e-03
6.220735785953176253e-09 1.618989047192440859e-03
6.321070234113711835e-09 9.461300386150965983e-03
6.421404682274246589e-09 5.622330082962002755e-03
6.521739130434781343e-09 5.717369027575574560e-03
6.622073578595316924e-09 5.757096760904405197e-03
6.722408026755851678e-09 7.146788644235587892e-03
6.822742474916387259e-09 7.509478457936957438e-03
6.923076923076922013e-09 2.492693997468599506e-04
7.023411371237457594e-09 1.095836412329191482e-02
7.123745819397992348e-09 5.574276932132506135e-03
7.224080267558527102e-09 6.609327637881328397e-03
7.324414715719062683e-09 8.418504364580791169e-03
7.424749163879597437e-09 1.243372570771670779e-02
7.525083612040133018e-09 9.979871896434450509e-03
7.625418060200667772e-09 8.091208708782172618e-03
7.725752508361202526e-09 6.936245253317975708e-03
7.826086956521737280e-09 5.573406290375864346e-03
7.926421404682273689e-09 4.735838215116199186e-03
8.026755852842808442e-09 9.287788499626421779e-03
8.127090301003343196e-09 1.517671727680431140e-02
8.227424749163877950e-09 3.541272035383345382e-03
8.327759197324414359e-09 1.595498029869606670e-03
8.428093645484949113e-09 2.341435825728935965e-03
8.528428093645483867e-09 8.532225593904282576e-03
8.628762541806018621e-09 9.218439953580626067e-03
8.729096989966553375e-09 6.397106208559552067e-03
8.829431438127089783e-09 1.795205156219921439e-02
8.929765886287624537e-09 6.809056506671404448e-03
9.030100334448159291e-09 5.534340040322591192e-04
9.130434782608694045e-09 2.526336968564527313e-03
9.230769230769228799e-09 2.983927561161542081e-03
9.331103678929765207e-09 1.546825093794259101e-02
9.431438127090299961e-09 8.081186714108764060e-03
9.531772575250834715e-09 1.094749266514749228e-02
9.632107023411369469e-09 7.267271476405576074e-03
9.732441471571904223e-09 9.815575832702530187e-03
9.832775919732440632e-09 3.423632582479635943e-03
9.933110367892975386e-09 1.306985076316857612e-02
1.003344481605351014e-08 1.079629099882313190e-02
1.013377926421404489e-08 1.130646561284065488e-02
1.023411371237458130e-08 7.565287201849089926e-03
1.033444816053511606e-08 6.056888781502589060e-03
1.043478260869565081e-08 1.020306817069707370e-02
1.053511705685618556e-08 1.790390166824554164e-03
1.063545150501672032e-08 9.114068626904153064e-03
1.073578595317725673e-08 8.058287134428384138e-03
1.083612040133779148e-08 4.683163276287120522e-03
1.093645484949832623e-08 6.230880012126176204e-03
1.103678929765886099e-08 1.390319151066345300e-02
1.113712374581939574e-08 1.139834622004020498e-02
1.123745819397993215e-08 5.384364126350083164e-03
1.133779264214046690e-08 5.565922785611722434e-03
1.143812709030100166e-08 9.276601592298610102e-03
1.153846153846153641e-08 1.753303250242800593e-02
1.163879598662207117e-08 1.042100640567324502e-02
1.173913043478260757e-08 1.004350671996629731e-02
1.183946488294314233e-08 6.179610034300659846e-03
1.193979933110367708e-08 2.443106875289798984e-03
1.204013377926421184e-08 -9.262450313643150277e-04
1.214046822742474824e-08 7.946102131900670967e-03
1.224080267558528300e-08 7.373165691161377364e-03
1.234113712374581775e-08 1.384472277608192643e-02
1.244147157190635251e-08 5.049503754085473209e-03
1.254180602006688726e-08 7.346654188302604617e-03
1.264214046822742367e-08 8.355177188830859025e-03
1.274247491638795842e-08 8.589970064793272034e-03
1.284280936454849318e-08 1.849545893029422294e-03
1.294314381270902793e-08 1.123683248997979327e-02
1.304347826086956269e-08 7.148615898543933360e-03
1.314381270903009909e-08 2.962310856503079515e-03
1.324414715719063385e-08 3.046513942779624159e-03
1.334448160535116860e-08 3.745329169069165284e-03
1.344481605351170336e-08 6.391138038181606515e-03
1.354515050167223811e-08 6.608001486671255878e-03
1.364548494983277452e-08 1.266000452407699782e-02
1.374581939799330927e-08 1.388164006015673267e-02
1.384615384615384403e-08 1.026151904443344150e-02
1.394648829431437878e-08 8.244221240180451410e-03
1.404682274247491519e-08 3.278546448084876733e-03
1.414715719063544994e-08 4.721601853980270797e-03
1.424749163879598470e-08 4.624867553415685194e-03
1.434782608695651945e-08 7.018103304932581284e-03
1.444816053511705420e-08 5.228361324782066638e-03
1.454849498327759061e-08 5.038416602989270049e-03
1.464882943143812537e-08 1.013738668376309646e-02
1.474916387959866012e-08 2.721547394198936022e-03
1.484949832775919487e-08 1.010030514515122130e-02
1.494983277591973128e-08 1.169566052363000055e-02
1.505016722408026604e-08 4.274413139431168344e-03
1.515050167224080079e-08 7.670336656026122135e-03
1.525083612040133554e-08 1.302786840452037354e-02
1.535117056856187030e-08 7.847300865956908372e-03
1.545150501672240505e-08 1.762252223859637167e-03
1.555183946488293981e-08 3.235582952134405041e-03
1.565217391304347456e-08 4.827556960856262819e-03
1.575250836120401262e-08 3.938166111518474032e-03
1.585284280936454738e-08 6.235530327990974203e-03
1.595317725752508213e-08 1.102917617621168751e-02
1.605351170568561688e-08 8.465712232950768287e-03
1.615384615384615164e-08 5.785632953109736722e-03
1.625418060200668639e-08 9.753542236545190147e-03
1.635451505016722115e-08 6.891659956610755519e-03
1.645484949832775590e-08 5.771949492067217011e-03
1.655518394648829065e-08 9.807431922253180209e-03
1.665551839464882872e-08 9.075576437507937994e-03
1.675585284280936347e-08 5.420686132582984602e-03
1.685618729096989823e-08 5.663350965736908132e-03
1.695652173913043298e-08 1.147425237546965959e-02
1.705685618729096773e-08 7.631848624931705447e-03
1.715719063545150249e-08 3.910551206572381554e-03
1.725752508361203724e-08 1.384072366290085322e-02
1.735785953177257200e-08 4.308941311288786574e-03
1.745819397993310675e-08 1.529476713497063441e-02
1.755852842809364150e-08 7.289312537400546854e-03
1.765886287625417957e-08 1.007357396126181380e-02
1.775919732441471432e-08 -2.451199161720196522e-03
1.785953177257524907e-08 1.495923330467100951e-02
1.795986622073578383e-08 6.235614446218467992e-03
1.806020066889631858e-08 2.932005390762361385e-03
1.816053511705685334e-08 8.112033697181620859e-03
1.826086956521738809e-08 6.608876871717061889e-03
1.836120401337792284e-08 7.472629654062718646e-03
1.846153846153845760e-08 8.644988704592616174e-03
1.856187290969899566e-08 1.189145394750394831e-02
1.866220735785953041e-08 1.011920746556510542e-02
1.876254180602006517e-08 1.086916449241516654e-02
1.886287625418059992e-08 1.252792292810428650e-02
1.896321070234113468e-08 8.917722486822312819e-03
1.906354515050166943e-08 2.090343061287937114e-03
1.916387959866220418e-08 1.386455272431966201e-02
1.926421404682273894e-08 8.303589217276788684e-03
1.936454849498327369e-08 1.010139546209284922e-02
1.946488294314380845e-08 1.092205353585638458e-02
1.956521739130434651e-08 1.227875197641102416e-02
1.966555183946488126e-08 1.088419885452235510e-02
1.976588628762541602e-08 9.428521512906429605e-03
1.986622073578595077e-08 4.296775487671595888e-03
1.996655518394648553e-08 1.136535889039447418e-02
2.006688963210702028e-08 4.510459324606505387e-03
2.016722408026755503e-08 6.815436072069695067e-03
2.026755852842808979e-08 7.965579999821193261e-03
2.036789297658862454e-08 1.059719874250535793e-02
2.046822742474916260e-08 2.040792444507288222e-03
2.056856187290969736e-08 7.322438363541700773e-03
2.066889632107023211e-08 6.041449388649166620e-03
2.076923076923076687e-08 2.822940605051005303e-03
2.086956521739130162e-08 2.687634128112503622e-03
2.096989966555183637e-08 5.105845164495121866e-03
2.107023411371237113e-08 5.407645683427541108e-03
2.117056856187290588e-08 5.950293744755875622e-03
2.127090301003344064e-08 6.446912075534745948e-03
2.137123745819397539e-08 5.721603712988933103e-03
2.147157190635451345e-08 9.519573974909090880e-03
2.157190635451504821e-08 1.097200088698268954e-02
2.167224080267558296e-08 7.598485819683973783e-03
2.177257525083611771e-08 1.209503790368053958e-02
2.187290969899665247e-08 5.871686434585150945e-03
2.197324414715718722e-08 3.991708362626845280e-03
2.207357859531772198e-08 4.181218858348306928e-03
2.217391304347825673e-08 1.853944764582825169e-04
2.227424749163879148e-08 1.802206084550731207e-03
2.237458193979932955e-08 9.966663808909398403e-03
2.247491638795986430e-08 1.301813912060038013e-02
2.257525083612039905e-08 1.000147085418394942e-02
2.267558528428093381e-08 7.268450020176976493e-03
2.277591973244146856e-08 7.334182807118568882e-03
2.287625418060200332e-08 1.020126787559002580e-02
2.297658862876253807e-08 -4.034097983969770623e-03
2.307692307692307282e-08 5.661517894795926181e-03
2.317725752508360758e-08 7.975193022384679392e-03
2.327759197324414233e-08 4.163724416601219391e-03
2.337792642140468040e-08 1.089200972877210453e-02
2.347826086956521515e-08 9.114401423341167083e-03
2.357859531772574990e-08 1.003602454926432255e-02
2.367892976588628466e-08 8.832321941794882281e-03
2.377926421404681941e-08 1.026774161754970272e-02
2.387959866220735417e-08 1.679723360297965444e-03
2.397993311036788892e-08 7.742798879334467609e-03
2.408026755852842367e-08 4.951829467734098454e-03
2.418060200668895843e-08 1.017741356078182870e-02
2.428093645484949649e-08 9.344826843929222165e-03
2.438127090301003124e-08 7.232135807323727614e-03
2.448160535117056600e-08 8.631039832373836596e-03
2.458193979933110075e-08 1.122252588186504335e-02
2.468227424749163551e-08 6.339726725577077109e-03
2.478260869565217026e-08 7.869522264850173365e-03
2.488294314381270501e-08 7.801758658137560726e-03
2.498327759197323977e-08 1.628318953307475794e-02
2.508361204013377452e-08 6.981288792019503357e-03
2.518394648829430928e-08 4.369148739723934666e-03
2.528428093645484734e-08 1.185655307359013109e-02
2.538461538461538209e-08 9.772826304721565771e-03
2.548494983277591685e-08 6.108209390487713206e-03
2.558528428093645160e-08 4.958452530403796750e-03
2.568561872909698635e-08 1.063566772753672153e-02
2.578595317725752111e-08 7.776357831452449659e-03
2.588628762541805586e-08 5.714779419163715582e-03
2.598662207357859062e-08 3.415382187191506446e-03
2.608695652173912537e-08 6.058826958341480620e-03
2.618729096989966343e-08 8.624726033179029930e-03
2.628762541806019819e-08 5.468980763196725457e-03
2.638795986622073294e-08 6.176552617867357188e-03
2.648829431438126769e-08 8.264448918765194760e-03
2.658862876254180245e-08 9.452995819187031204e-03
2.668896321070233720e-08 8.062151977185559940e-03
2.678929765886287196e-08 3.339093981532158945e-03
2.688963210702340671e-08 1.090125362311722933e-02
2.698996655518394146e-08 8.835972676456398806e-03
2.709030100334447622e-08 1.118646679044511122e-02
2.719063545150501428e-08 4.126133151454980212e-03
2.729096989966554904e-08 5.179853786645758837e-03
2.739130434782608379e-08 1.142094134228107370e-02
2.749163879598661854e-08 8.570761782077775462e-03
2.759197324414715330e-08 8.917549781948419518e-03
2.769230769230768805e-08 8.639055591762654154e-03
2.779264214046822281e-08 5.372717128474866106e-03
2.789297658862875756e-08 1.061584089508765469e-02
2.799331103678929231e-08 3.295273957900626913e-03
2.809364548494983038e-08 7.284590433868032289e-03
2.819397993311036513e-08 1.014493785517463394e-02
2.829431438127089988e-08 6.406608748613462287e-03
2.839464882943143464e-08 1.096687276350680022e-02
2.849498327759196939e-08 5.826734924986534496e-03
2.859531772575250415e-08 7.423002872814806266e-03
2.869565217391303890e-08 6.038241670526423195e-03
2.879598662207357365e-08 8.116650148003442394e-03
2.889632107023410841e-08 9.301044145511866076e-03
2.899665551839464316e-08 9.318698236440402238e-03
2.909698996655518122e-08 6.906640951763164289e-03
2.919732441471571598e-08 5.037654093544158447e-03
2.929765886287625073e-08 1.144869064493059599e-02
2.939799331103678549e-08 7.620771485187950722e-03
2.949832775919732024e-08 3.287597026913948676e-03
2.959866220735785499e-08 4.201981061168880323e-03
2.969899665551838975e-08 1.016041274021049073e-02
2.979933110367892450e-08 7.028589174827163180e-04
2.989966555183946256e-08 8.667666377740700784e-03
2.999999999999999732e-08 2.043879598465964467e-03
