0.000000000000000000e+00 9.999999999999995559e-01
1.003344481605351029e-10 4.881699269089980961e-03
2.006688963210702059e-10 9.698341884432339077e-03
3.010033444816052959e-10 6.679449241375519028e-03
4.013377926421404118e-10 9.117090873965663297e-03
5.016722408026755277e-10 1.127339062645642959e-02
6.020066889632105918e-10 3.687424608902934928e-03
7.023411371237457594e-10 3.986916025067654620e-03
8.026755852842808236e-10 4.261317964558019970e-03
9.030100334448158877e-10 9.485402278482437180e-03
1.003344481605351055e-09 8.930698194156892755e-03
1.103678929765886223e-09 6.788614667911405977e-03
1.204013377926421184e-09 4.379865946641098122e-03
1.304347826086956351e-09 5.004045205736660715e-03
1.404682274247491519e-09 4.976714700529515610e-03
1.505016722408026480e-09 2.556057362157615996e-03
1.605351170568561647e-09 1.286068591827155792e-02
1.705685618729096815e-09 9.111469349594442449e-03
1.806020066889631775e-09 6.043935899519991758e-03
1.906354515050166943e-09 7.880921727721113337e-03
2.006688963210702111e-09 1.037260391033721640e-02
2.107023411371237278e-09 5.821273933793286691e-03
2.207357859531772446e-09 2.082777949782853560e-03
2.307692307692307200e-09 1.278988941771955993e-03
2.408026755852842367e-09 6.631206987225677675e-03
2.508361204013377535e-09 7.591321245012989764e-03
2.608695652173912702e-09 1.001745237037986180e-02
2.709030100334447870e-09 -9.674954232641954678e-04
2.809364548494983038e-09 6.177791454956278565e-03
2.909698996655517792e-09 9.462792248121123725e-03
3.010033444816052959e-09 1.081626457341030266e-02
3.110367892976588127e-09 7.541151271119253194e-03
3.210702341137123294e-09 8.907394319365458460e-03
3.311036789297658462e-09 1.361357263441263787e-02
3.411371237458193629e-09 9.119289049727705501e-03
3.511705685618728797e-09 6.080107749681308744e-03
3.612040133779263551e-09 4.904320961787826672e-03
3.712374581939798719e-09 5.866482466005739325e-03
3.812709030100333886e-09 1.101117825715871440e-02
3.913043478260868640e-09 1.030023660235403378e-02
4.013377926421404221e-09 1.187579747937442948e-02
4.113712374581938975e-09 1.312989096184255869e-02
4.214046822742474556e-09 4.659542346549731644e-03
4.314381270903009310e-09 9.868409135947513525e-03
4.414715719063544892e-09 1.183975479938034411e-02
4.515050167224079646e-09 5.122516197534301985e-03
4.615384615384614399e-09 1.270629339829662877e-02
4.715719063545149981e-09 6.248534802033012953e-03
4.816053511705684735e-09 4.439324042744201976e-03
4.916387959866220316e-09 5.386078227143132301e-03
5.016722408026755070e-09 9.564430262745343345e-03
5.117056856187290651e-09 6.734669344203809971e-03
5.217391304347825405e-09 9.553171069798960940e-03
5.317725752508360159e-09 8.847327048848970324e-03
5.418060200668895740e-09 2.668082766865337296e-03
5.518394648829430494e-09 3.447394092673321166e-03
5.618729096989966075e-09 8.515075170964791357e-03
5.719063545150500829e-09 4.491082550836130588e-03
5.819397993311035583e-09 8.542061889557958643e-03
5.919732441471571164e-09 7.539411210416662595e-03
6.020066889632105918e-09 5.483392288707218849e-03
6.120401337792641499e-09 3.099874738298342026e-03
6.220735785953176253e-09 4.440282630148182155e-03
6.321070234113711835e-09 9.942606933961220528e-03
6.421404682274246589e-09 1.908900419249320423e-03
6.521739130434781343e-09 1.020716220853755928e-02
6.622073578595316924e-09 7.712732853962430205e-03
6.722408026755851678e-09 8.593809025549126179e-03
6.822742474916387259e-09 2.874998512031335003e-03
6.923076923076922013e-09 2.235340214842985139e-03
7.023411371237457594e-09 3.677826763836307931e-03
7.123745819397992348e-09 6.485672328353201885e-03
7.224080267558527102e-09 8.929415128127121334e-03
7.324414715719062683e-09 9.479464622196068918e-03
7.424749163879597437e-09 5.347659733027191296e-03
7.525083612040133018e-09 6.938785484090735645e-04
7.625418060200667772e-09 6.938963669369327576e-03
7.725752508361202526e-09 6.347434172077912572e-03
7.826086956521737280e-09 7.844272423056849325e-03
7.926421404682273689e-09 4.389829690511368177e-03
8.026755852842808442e-09 1.305083125501904986e-02
8.127090301003343196e-09 5.697624655088789729e-03
8.227424749163877950e-09 3.505661011117540676e-03
8.327759197324414359e-09 5.805623105734972200e-03
8.428093645484949113e-09 5.712353835735847589e-03
8.528428093645483867e-09 7.006096722881301544e-03
8.628762541806018621e-09 7.823620106808768307e-03
8.729096989966553375e-09 1.801130901179711762e-03
8.829431438127089783e-09 4.606189499087292444e-03
8.929765886287624537e-09 1.503822372204352727e-02
9.030100334448159291e-09 7.500507855229144455e-03
9.130434782608694045e-09 8.009625199112926919e-03
9.230769230769228799e-09 9.297621011397416702e-03
9.331103678929765207e-09 1.112253755988083272e-02
9.431438127090299961e-09 5.130107417600597401e-03
9.531772575250834715e-09 7.600535029235311497e-03
9.632107023411369469e-09 6.709065175919499621e-03
9.732441471571904223e-09 -1.385211334081644634e-04
9.832775919732440632e-09 1.965563883703035693e-03
9.933110367892975386e-09 1.318205672279799089e-02
1.003344481605351014e-08 6.440119989321024634e-03
1.013377926421404489e-08 5.030098991382928215e-03
1.023411371237458130e-08 3.643078552311145284e-03
1.033444816053511606e-08 1.017921138682550096e-02
1.043478260869565081e-08 9.296129739015527790e-03
1.053511705685618556e-08 1.002994749116576517e-02
1.063545150501672032e-08 8.387475699335357124e-03
1.073578595317725673e-08 5.826576422414363014e-03
1.083612040133779148e-08 9.438409768658425139e-03
1.093645484949832623e-08 9.158319319899308267e-03
1.103678929765886099e-08 1.144122098946887857e-02
1.113712374581939574e-08 1.161052570109671715e-02
1.123745819397993215e-08 8.805663469524868670e-03
1.133779264214046690e-08 5.976687523950448624e-03
1.143812709030100166e-08 7.628991523510726853e-03
1.153846153846153641e-08 4.015264912808970063e-03
1.163879598662207117e-08 1.385579713885142471e-03
1.173913043478260757e-08 9.857223492453480798e-03
1.183946488294314233e-08 5.608621644110738103e-03
1.193979933110367708e-08 8.348545091843470947e-03
1.204013377926421184e-08 9.659827868590624075e-03
1.214046822742474824e-08 1.138645513356340878e-02
1.224080267558528300e-08 5.124715614526476753e-03
1.234113712374581775e-08 8.423585014137856611e-03
1.244147157190635251e-08 7.762561173020621555e-03
1.254180602006688726e-08 8.358379722487051938e-03
1.264214046822742367e-08 5.768787759060379702e-03
1.274247491638795842e-08 5.315040884366605163e-03
1.284280936454849318e-08 7.075244039236872930e-03
1.294314381270902793e-08 1.175916751761026634e-02
1.304347826086956269e-08 1.130288124900530322e-02
1.314381270903009909e-08 9.145353670301040530e-03
1.324414715719063385e-08 5.873827911145847874e-03
1.334448160535116860e-08 1.511205546123321926e-02
1.344481605351170336e-08 8.193368461133864952e-03
1.354515050167223811e-08 1.405830341616600039e-02
1.364548494983277452e-08 1.541937367538838291e-03
1.374581939799330927e-08 2.546289555730858224e-03
1.384615384615384403e-08 9.994707683651910500e-04
1.394648829431437878e-08 9.460992134765101522e-03
1.404682274247491519e-08 4.136097142086563906e-03
1.414715719063544994e-08 5.767734865494321232e-03
1.424749163879598470e-08 8.889319287290370006e-03
1.434782608695651945e-08 5.764540034248653681e-03
1.444816053511705420e-08 6.405778175446022286e-03
1.454849498327759061e-08 7.983119339966274208e-03
1.464882943143812537e-08 9.491365028270767543e-03
1.474916387959866012e-08 1.583115406980443313e-02
1.484949832775919487e-08 6.902551437659222057e-03
1.494983277591973128e-08 5.307342233989887845e-03
1.505016722408026604e-08 6.069434787103904910e-03
1.515050167224080079e-08 9.097771439904644986e-03
1.525083612040133554e-08 3.985404281377937993e-03
1.535117056856187030e-08 3.550088257505017164e-03
1.545150501672240505e-08 8.755006322489575915e-03
1.555183946488293981e-08 1.005760208103952981e-02
1.565217391304347456e-08 2.079313569523624176e-03
1.575250836120401262e-08 1.400805136120121704e-02
1.585284280936454738e-08 -9.753036753321097426e-05
1.595317725752508213e-08 4.835266404836231768e-03
1.605351170568561688e-08 6.413906183358843334e-03
1.615384615384615164e-08 1.181283461822183953e-02
1.625418060200668639e-08 6.344497128943696156e-03
1.635451505016722115e-08 1.234817911728401316e-02
1.645484949832775590e-08 6.958637121881500708e-03
1.655518394648829065e-08 8.706957512767990806e-03
1.665551839464882872e-08 8.504621010797776270e-03
1.675585284280936347e-08 1.042833994749688478e-02
1.685618729096989823e-08 9.971127398521585292e-03
1.695652173913043298e-08 1.194286748359901264e-02
1.705685618729096773e-08 8.237948960580478153e-03
1.715719063545150249e-08 8.702874801761243534e-03
1.725752508361203724e-08 6.426880407487804182e-03
1.735785953177257200e-08 3.011824036348630020e-03
1.745819397993310675e-08 6.848845198132982350e-03
1.755852842809364150e-08 3.430013385449522112e-03
1.765886287625417957e-08 4.495952015332121965e-03
1.775919732441471432e-08 9.614987183493491421e-03
1.785953177257524907e-08 1.029076265425001718e-02
1.795986622073578383e-08 1.104156110962687190e-02
1.806020066889631858e-08 1.181457408077295559e-02
1.816053511705685334e-08 8.614459513837092325e-03
1.826086956521738809e-08 -2.989448415495499787e-04
1.836120401337792284e-08 5.893641013169388133e-03
1.846153846153845760e-08 5.128320356259585648e-03
1.856187290969899566e-08 1.361459347511213315e-02
1.866220735785953041e-08 4.265034610624666295e-03
1.876254180602006517e-08 8.031570351724953011e-03
1.886287625418059992e-08 7.856925725769682914e-03
1.896321070234113468e-08 5.885471397490590548e-03
1.906354515050166943e-08 1.106989122276008652e-02
1.916387959866220418e-08 1.100285626706386070e-02
1.926421404682273894e-08 7.223011266270049080e-03
1.936454849498327369e-08 5.198584177645399276e-03
1.946488294314380845e-08 1.202005125230499148e-02
1.956521739130434651e-08 5.061408227952329635e-03
1.966555183946488126e-08 3.575364489498340879e-03
1.976588628762541602e-08 8.636145397631512372e-03
1.986622073578595077e-08 5.179901525541153774e-03
1.996655518394648553e-08 1.092670381936393723e-02
2.006688963210702028e-08 1.255767690864323903e-02
2.016722408026755503e-08 2.284708338065139996e-03
2.026755852842808979e-08 3.156762829711160477e-03
2.036789297658862454e-08 1.103862901003662897e-02
2.046822742474916260e-08 1.047534321034348549e-02
2.056856187290969736e-08 3.258609051436319164e-03
2.066889632107023211e-08 5.663884029572761880e-03
2.076923076923076687e-08 8.160945112873031412e-03
2.086956521739130162e-08 4.725405520471223642e-03
2.096989966555183637e-08 5.924275261775445618e-03
2.107023411371237113e-08 1.397318045023168177e-02
2.117056856187290588e-08 1.478185819446228670e-02
2.127090301003344064e-08 1.232367952080904230e-02
2.137123745819397539e-08 8.767396037576773507e-03
2.147157190635451345e-08 8.060100469224616357e-03
2.157190635451504821e-08 1.815897158258898518e-03
2.167224080267558296e-08 8.223488292962781790e-03
2.177257525083611771e-08 6.695842789775851948e-03
2.187290969899665247e-08 1.544576703513651436e-02
2.197324414715718722e-08 7.316992925148127838e-03
2.207357859531772198e-08 6.218086607283037498e-03
2.217391304347825673e-08 4.514820369627541366e-03
2.227424749163879148e-08 9.557409638628827989e-04
2.237458193979932955e-08 2.713119028763029232e-03
2.247491638795986430e-08 8.052180634558404881e-03
2.257525083612039905e-08 1.513947287914194778e-02
2.267558528428093381e-08 1.041422857879855703e-02
2.277591973244146856e-08 5.896482252794945332e-03
2.287625418060200332e-08 7.874669104187494509e-03
2.297658862876253807e-08 1.568851685905559012e-02
2.307692307692307282e-08 1.454759919854834230e-02
2.317725752508360758e-08 9.575094546211970759e-03
2.327759197324414233e-08 7.471660635572765184e-03
2.337792642140468040e-08 9.511268721667394052e-03
2.347826086956521515e-08 7.221128940706049784e-03
2.357859531772574990e-08 8.507803501474899346e-03
2.367892976588628466e-08 7.299795029550390328e-03
2.377926421404681941e-08 8.952166920312325596e-03
2.387959866220735417e-08 1.274684766617881042e-02
2.397993311036788892e-08 1.280913432632318529e-02
2.408026755852842367e-08 5.842242039218999670e-03
2.418060200668895843e-08 1.105491891927660531e-03
2.428093645484949649e-08 1.142815900468929259e-02
2.438127090301003124e-08 9.189142831208085838e-03
2.448160535117056600e-08 1.309787704797121116e-02
2.458193979933110075e-08 8.702866814285064798e-03
2.468227424749163551e-08 7.354120604960458912e-03
2.478260869565217026e-08 5.664931493123559134e-03
2.488294314381270501e-08 7.403601196587955222e-03
2.498327759197323977e-08 7.681020868104360307e-03
2.508361204013377452e-08 7.691402125747080244e-03
2.518394648829430928e-08 6.974898413492232850e-03
2.528428093645484734e-08 2.073137078997756323e-03
2.538461538461538209e-08 1.423503957238374598e-02
2.548494983277591685e-08 6.555979721924174060e-03
2.558528428093645160e-08 7.203985525346216605e-03
2.568561872909698635e-08 8.723653153137053001e-03
2.578595317725752111e-08 7.920409225615933704e-03
2.588628762541805586e-08 9.638315090339006838e-03
2.598662207357859062e-08 8.398981742196071770e-03
2.608695652173912537e-08 1.295836901120840136e-02
2.618729096989966343e-08 1.347364650977547762e-02
2.628762541806019819e-08 1.033582528275493566e-02
2.638795986622073294e-08 9.466746875744926071e-03
2.648829431438126769e-08 2.450767712667330060e-03
2.658862876254180245e-08 8.451578738822278919e-03
2.668896321070233720e-08 3.162907974448713518e-03
2.678929765886287196e-08 8.131368985429527838e-03
2.688963210702340671e-08 3.679979403995754924e-04
2.698996655518394146e-08 3.730237974101664744e-03
2.709030100334447622e-08 1.057576102234057853e-02
2.719063545150501428e-08 -1.304872192804068390e-03
2.729096989966554904e-08 3.682382477805028718e-03
2.739130434782608379e-08 3.573997582786099091e-03
2.749163879598661854e-08 1.549566486443942730e-02
2.759197324414715330e-08 1.640184555945644381e-03
2.769230769230768805e-08 6.959538214833020653e-03
2.779264214046822281e-08 1.471569976976955761e-02
2.789297658862875756e-08 8.850221193982751866e-03
2.799331103678929231e-08 1.231656759222811426e-02
2.809364548494983038e-08 8.899404086022747601e-03
2.819397993311036513e-08 4.640681742686787736e-03
2.829431438127089988e-08 5.769273832638404514e-03
2.839464882943143464e-08 4.129983401948878093e-03
2.849498327759196939e-08 3.455013704064105462e-03
2.859531772575250415e-08 4.795867708002497440e-03
2.869565217391303890e-08 1.482501121379531557e-02
2.879598662207357365e-08 2.684089006410539380e-03
2.889632107023410841e-08 1.063773395780619538e-02
2.899665551839464316e-08 1.033955681940238597e-02
2.909698996655518122e-08 6.828965720599065002e-03
2.919732441471571598e-08 6.417084877629842046e-03
2.929765886287625073e-08 4.258458553711588421e-03
2.939799331103678549e-08 5.291138656106061759e-03
2.949832775919732024e-08 6.847371917241228817e-03
2.959866220735785499e-08 1.206893431701855021e-02
2.969899665551838975e-08 5.764135983779885772e-03
2.979933110367892450e-08 1.265568656333653993e-02
2.989966555183946256e-08 3.170567370610390037e-03
2.999999999999999732e-08 1.073113255254495488e-04
