0.000000000000000000e+00 9.999999999999995559e-01
1.003344481605351029e-10 9.313864908746838367e-01
2.006688963210702059e-10 7.776119706838009460e-01
3.010033444816052959e-10 6.326804543348276688e-01
4.013377926421404118e-10 5.399579238421943206e-01
5.016722408026755277e-10 4.856977106271963551e-01
6.020066889632105918e-10 4.435234914324339139e-01
7.023411371237457594e-10 3.966543056863133243e-01
8.026755852842808236e-10 3.434857812197551485e-01
9.030100334448158877e-10 2.983524062812855093e-01
1.003344481605351055e-09 2.722595876825158467e-01
1.103678929765886223e-09 2.543181665314546147e-01
1.204013377926421184e-09 2.253262978138878270e-01
1.304347826086956351e-09 1.816685017924948020e-01
1.404682274247491519e-09 1.359727954703451869e-01
1.505016722408026480e-09 1.020887382251172287e-01
1.605351170568561647e-09 8.390982287882398083e-02
1.705685618729096815e-09 7.372167595229761616e-02
1.806020066889631775e-09 6.141416626895586373e-02
1.906354515050166943e-09 4.599916688080125937e-02
2.006688963210702111e-09 3.390492743958489763e-02
2.107023411371237278e-09 2.763102781958749060e-02
2.207357859531772446e-09 2.211457195338633816e-02
2.307692307692307200e-09 1.146330697466048723e-02
2.408026755852842367e-09 -3.977483628171019081e-03
2.508361204013377535e-09 -1.705071280639621628e-02
2.608695652173912702e-09 -2.096687457857069822e-02
2.709030100334447870e-09 -1.716546176338541729e-02
2.809364548494983038e-09 -1.302056608424207590e-02
2.909698996655517792e-09 -1.256664210817752883e-02
3.010033444816052959e-09 -1.361903492101703382e-02
3.110367892976588127e-09 -1.265450738121293509e-02
3.210702341137123294e-09 -9.005886315419190172e-03
3.311036789297658462e-09 -5.478820852696027199e-03
3.411371237458193629e-09 -5.664401503338506623e-03
3.511705685618728797e-09 -8.946121009269019167e-03
3.612040133779263551e-09 -9.936180182969290078e-03
3.712374581939798719e-09 -5.254763921998440238e-03
3.812709030100333886e-09 1.978730511080052136e-03
3.913043478260868640e-09 6.728378025567607196e-03
4.013377926421404221e-09 8.271842406071596224e-03
4.113712374581938975e-09 9.899914661624129725e-03
4.214046822742474556e-09 1.419543745665833787e-02
4.314381270903009310e-09 2.000192936457649562e-02
4.414715719063544892e-09 2.378309410456358811e-02
4.515050167224079646e-09 2.346935179504790886e-02
4.615384615384614399e-09 2.054028011855894842e-02
4.715719063545149981e-09 1.839699549195674202e-02
4.816053511705684735e-09 1.894736896642782234e-02
4.916387959866220316e-09 2.060280356231873611e-02
5.016722408026755070e-09 2.024133294565053087e-02
5.117056856187290651e-09 1.780152940494745401e-02
5.217391304347825405e-09 1.703070365284418616e-02
5.317725752508360159e-09 2.014318967754537976e-02
5.418060200668895740e-09 2.432481728225842701e-02
5.518394648829430494e-09 2.555636099874648154e-02
5.618729096989966075e-09 2.342594044164895972e-02
5.719063545150500829e-09 2.053192152309928770e-02
5.819397993311035583e-09 1.921125241992729590e-02
5.919732441471571164e-09 1.975763180074852771e-02
6.020066889632105918e-09 2.053616336518524627e-02
6.120401337792641499e-09 1.988246356522751709e-02
6.220735785953176253e-09 1.844432204980495787e-02
6.321070234113711835e-09 1.867697425444930087e-02
6.421404682274246589e-09 2.164289893444323876e-02
6.521739130434781343e-09 2.550594306132651992e-02
6.622073578595316924e-09 2.773029143561177648e-02
6.722408026755851678e-09 2.807301032129570426e-02
6.822742474916387259e-09 2.868299805867163127e-02
6.923076923076922013e-09 3.112151365219417709e-02
7.023411371237457594e-09 3.407844341611750844e-02
7.123745819397992348e-09 3.497114510210422994e-02
7.224080267558527102e-09 3.333878775696477031e-02
7.324414715719062683e-09 3.147703918126095596e-02
7.424749163879597437e-09 3.163888224379261815e-02
7.525083612040133018e-09 3.336318358989773941e-02
7.625418060200667772e-09 3.413870657992734009e-02
7.725752508361202526e-09 3.269198046054457713e-02
7.826086956521737280e-09 3.060543516704967992e-02
7.926421404682273689e-09 2.989000080061519557e-02
8.026755852842808442e-09 3.020426471537699178e-02
8.127090301003343196e-09 2.974188143212543045e-02
8.227424749163877950e-09 2.759690898749994625e-02
8.327759197324414359e-09 2.418761484019355673e-02
8.428093645484949113e-09 2.079026625847626986e-02
8.528428093645483867e-09 1.913684243863501486e-02
8.628762541806018621e-09 1.963722756488453861e-02
8.729096989966553375e-09 1.997831858244067740e-02
8.829431438127089783e-09 1.757296397973029736e-02
8.929765886287624537e-09 1.311614491114250665e-02
9.030100334448159291e-09 9.498995615827980285e-03
9.130434782608694045e-09 7.511863634840252983e-03
9.230769230769228799e-09 4.970232393364721647e-03
9.331103678929765207e-09 3.879962550879387717e-04
9.431438127090299961e-09 -4.491418507547679725e-03
9.531772575250834715e-09 -6.889914539140018675e-03
9.632107023411369469e-09 -6.567546996202497725e-03
9.732441471571904223e-09 -5.880077285650486818e-03
9.832775919732440632e-09 -6.731270207419856599e-03
9.933110367892975386e-09 -8.701297838652057720e-03
1.003344481605351014e-08 -1.015357067132407337e-02
1.013377926421404489e-08 -1.028930668249210950e-02
1.023411371237458130e-08 -9.862636344708727854e-03
1.033444816053511606e-08 -9.970445412494808798e-03
1.043478260869565081e-08 -1.019955606942254782e-02
1.053511705685618556e-08 -8.715251437924764408e-03
1.063545150501672032e-08 -4.726697680563955208e-03
1.073578595317725673e-08 1.565299490839447676e-04
1.083612040133779148e-08 3.799324787769798803e-03
1.093645484949832623e-08 5.678256009711725796e-03
1.103678929765886099e-08 6.541205522181238810e-03
1.113712374581939574e-08 7.143550607462925695e-03
1.123745819397993215e-08 7.797223285955440578e-03
1.133779264214046690e-08 8.277507443238900364e-03
1.143812709030100166e-08 8.175267409912504932e-03
1.153846153846153641e-08 7.810678599897724964e-03
1.163879598662207117e-08 8.045949564094862991e-03
1.173913043478260757e-08 8.822895541259690583e-03
1.183946488294314233e-08 9.013966898407714534e-03
1.193979933110367708e-08 8.033732669281867800e-03
1.204013377926421184e-08 6.596848630795072201e-03
1.214046822742474824e-08 5.834023257204053008e-03
1.224080267558528300e-08 6.278098638184002357e-03
1.234113712374581775e-08 7.356306479483464174e-03
1.244147157190635251e-08 7.627746340491108751e-03
1.254180602006688726e-08 6.226240781294072914e-03
1.264214046822742367e-08 4.110987916948721788e-03
1.274247491638795842e-08 3.110158507669016220e-03
1.284280936454849318e-08 3.758820060166155434e-03
1.294314381270902793e-08 4.756480983036786084e-03
1.304347826086956269e-08 4.733187734137864026e-03
1.314381270903009909e-08 4.171974935093360551e-03
1.324414715719063385e-08 4.953001190743417000e-03
1.334448160535116860e-08 7.869715254593664944e-03
1.344481605351170336e-08 1.153947149120111704e-02
1.354515050167223811e-08 1.410498199169648789e-02
1.364548494983277452e-08 1.484109769271885204e-02
1.374581939799330927e-08 1.402362627300498057e-02
1.384615384615384403e-08 1.268167002042978886e-02
1.394648829431437878e-08 1.212481342833148824e-02
1.404682274247491519e-08 1.233120948001715719e-02
1.414715719063544994e-08 1.191441297237143086e-02
1.424749163879598470e-08 1.076425307309713045e-02
1.434782608695651945e-08 1.065586897872372249e-02
1.444816053511705420e-08 1.224252841318852411e-02
1.454849498327759061e-08 1.380747123534020217e-02
1.464882943143812537e-08 1.372731695458425522e-02
1.474916387959866012e-08 1.221312852479766384e-02
1.484949832775919487e-08 1.052905004504263269e-02
1.494983277591973128e-08 9.843626468800876009e-03
1.505016722408026604e-08 1.042933239702961701e-02
1.515050167224080079e-08 1.138477109319988717e-02
1.525083612040133554e-08 1.165379635561163835e-02
1.535117056856187030e-08 1.099659187553138698e-02
1.545150501672240505e-08 9.559843529162795339e-03
1.555183946488293981e-08 7.545322198727716714e-03
1.565217391304347456e-08 5.520791772397026266e-03
1.575250836120401262e-08 3.946726356123148559e-03
1.585284280936454738e-08 2.714464295334226458e-03
1.595317725752508213e-08 1.920683543788655667e-03
1.605351170568561688e-08 2.033463779437653420e-03
1.615384615384615164e-08 2.747477628370920306e-03
1.625418060200668639e-08 2.983858413083840394e-03
1.635451505016722115e-08 2.292897712056617566e-03
1.645484949832775590e-08 1.259100216585492789e-03
1.655518394648829065e-08 6.006852382538538197e-04
1.665551839464882872e-08 3.555956640207567823e-04
1.675585284280936347e-08 -1.303063884788779273e-04
1.685618729096989823e-08 -1.134302717772815369e-03
1.695652173913043298e-08 -1.684074678247252880e-03
1.705685618729096773e-08 -9.112557504634007620e-04
1.715719063545150249e-08 2.487051523547274649e-04
1.725752508361203724e-08 4.478744170588538302e-04
1.735785953177257200e-08 1.368792406303057357e-04
1.745819397993310675e-08 4.774482546837277748e-04
1.755852842809364150e-08 1.265225019038544643e-03
1.765886287625417957e-08 1.693862926781832022e-03
1.775919732441471432e-08 1.765988172040560637e-03
1.785953177257524907e-08 1.577018265692573321e-03
1.795986622073578383e-08 7.313253947718143140e-04
1.806020066889631858e-08 -5.346233501826278163e-04
1.816053511705685334e-08 -1.107191722957953477e-03
1.826086956521738809e-08 -5.565008107564935452e-04
1.836120401337792284e-08 2.392434192299058762e-04
1.846153846153845760e-08 3.619539182661540150e-04
1.856187290969899566e-08 -1.187458027148619900e-04
1.866220735785953041e-08 -3.282798920456011290e-04
1.876254180602006517e-08 7.175227766578900785e-04
1.886287625418059992e-08 3.026035628654008894e-03
1.896321070234113468e-08 5.076755185351945233e-03
1.906354515050166943e-08 5.549087527697055613e-03
1.916387959866220418e-08 5.355103216149716128e-03
1.926421404682273894e-08 6.111705955233939953e-03
1.936454849498327369e-08 7.329325863818920289e-03
1.946488294314380845e-08 7.577773571815790352e-03
1.956521739130434651e-08 7.388515452595958120e-03
1.966555183946488126e-08 8.388890556094933532e-03
1.976588628762541602e-08 1.068955412753527789e-02
1.986622073578595077e-08 1.298755742688333104e-02
1.996655518394648553e-08 1.394212229708738197e-02
2.006688963210702028e-08 1.293633691592259438e-02
2.016722408026755503e-08 1.106550383968438536e-02
2.026755852842808979e-08 1.054726688932721736e-02
2.036789297658862454e-08 1.166683490448132410e-02
2.046822742474916260e-08 1.230963331296933833e-02
2.056856187290969736e-08 1.153751654704921609e-02
2.066889632107023211e-08 1.080337673699896875e-02
2.076923076923076687e-08 1.108053627119499548e-02
2.086956521739130162e-08 1.167584012792425435e-02
2.096989966555183637e-08 1.210976145727900473e-02
2.107023411371237113e-08 1.295601321415922567e-02
2.117056856187290588e-08 1.448415233028131632e-02
2.127090301003344064e-08 1.554781817479723022e-02
2.137123745819397539e-08 1.488621498008158017e-02
2.147157190635451345e-08 1.360619370464315712e-02
2.157190635451504821e-08 1.397819754232506283e-02
2.167224080267558296e-08 1.513862213728031821e-02
2.177257525083611771e-08 1.427975386124741113e-02
2.187290969899665247e-08 1.251577587984312699e-02
2.197324414715718722e-08 1.331192065101936828e-02
2.207357859531772198e-08 1.560541056946693032e-02
2.217391304347825673e-08 1.586333327345302441e-02
2.227424749163879148e-08 1.472470240580656814e-02
2.237458193979932955e-08 1.438534688270523380e-02
2.247491638795986430e-08 1.386795627408305732e-02
2.257525083612039905e-08 1.256703793477461327e-02
2.267558528428093381e-08 1.194530263144137627e-02
2.277591973244146856e-08 1.091517280716063250e-02
2.287625418060200332e-08 7.596589170796915619e-03
2.297658862876253807e-08 4.949555506411480038e-03
2.307692307692307282e-08 6.154050771887699042e-03
2.317725752508360758e-08 8.334516485705640784e-03
2.327759197324414233e-08 8.182354355817178862e-03
2.337792642140468040e-08 7.222815358410581213e-03
2.347826086956521515e-08 6.617978047118609417e-03
2.357859531772574990e-08 4.886757377561149265e-03
2.367892976588628466e-08 2.718434482695370694e-03
2.377926421404681941e-08 2.028599854710849693e-03
2.387959866220735417e-08 1.527752837098734140e-03
2.397993311036788892e-08 -1.446450003164633218e-04
2.408026755852842367e-08 -1.015906754594651101e-03
2.418060200668895843e-08 -1.410155622189666717e-04
2.428093645484949649e-08 3.469821306497588263e-04
2.438127090301003124e-08 -1.720222429455620788e-04
2.448160535117056600e-08 -1.159801691919452957e-04
2.458193979933110075e-08 3.435573081779706413e-04
2.468227424749163551e-08 -1.527431931913178671e-04
2.478260869565217026e-08 -1.064770532767202356e-03
2.488294314381270501e-08 -1.176352867467134449e-03
2.498327759197323977e-08 -8.217622376427734850e-04
2.508361204013377452e-08 -7.544046232550963727e-04
2.518394648829430928e-08 -6.933284418061142623e-04
2.528428093645484734e-08 1.296528527143436457e-04
2.538461538461538209e-08 2.022654350797409815e-03
2.548494983277591685e-08 4.519884558052186113e-03
2.558528428093645160e-08 6.866782035359899998e-03
2.568561872909698635e-08 8.673899938207435892e-03
2.578595317725752111e-08 9.478429526746880510e-03
2.588628762541805586e-08 8.615287601381660734e-03
2.598662207357859062e-08 6.765264189326432136e-03
2.608695652173912537e-08 5.873793795217845982e-03
2.618729096989966343e-08 6.374209960270505945e-03
2.628762541806019819e-08 6.856898345302496825e-03
2.638795986622073294e-08 6.701851901484236207e-03
2.648829431438126769e-08 6.155342423561570644e-03
2.658862876254180245e-08 4.847121396003086467e-03
2.668896321070233720e-08 3.233146285597356204e-03
2.678929765886287196e-08 3.330695875514383050e-03
2.688963210702340671e-08 5.620722287193561338e-03
2.698996655518394146e-08 8.285084964954440856e-03
2.709030100334447622e-08 1.067198974683882667e-02
2.719063545150501428e-08 1.365117281343569342e-02
2.729096989966554904e-08 1.637407202829259389e-02
2.739130434782608379e-08 1.662997856138072328e-02
2.749163879598661854e-08 1.414366637839082307e-02
2.759197324414715330e-08 1.084710680544434709e-02
2.769230769230768805e-08 8.803068833761629880e-03
2.779264214046822281e-08 9.016047811156249064e-03
2.789297658862875756e-08 1.095466139089100281e-02
2.799331103678929231e-08 1.303662539743951493e-02
2.809364548494983038e-08 1.413240500790391256e-02
2.819397993311036513e-08 1.381507463021417956e-02
2.829431438127089988e-08 1.192238058785377412e-02
2.839464882943143464e-08 9.480524005595543716e-03
2.849498327759196939e-08 8.227989712386016286e-03
2.859531772575250415e-08 7.844759978242887496e-03
2.869565217391303890e-08 6.501140635529803133e-03
2.879598662207357365e-08 4.530641140396668431e-03
2.889632107023410841e-08 3.777940873107455289e-03
2.899665551839464316e-08 3.927291377601801678e-03
2.909698996655518122e-08 3.454995645361302794e-03
2.919732441471571598e-08 2.790343388262330523e-03
2.929765886287625073e-08 3.241226880550129603e-03
2.939799331103678549e-08 4.730772522931612351e-03
2.949832775919732024e-08 6.572247021618687554e-03
2.959866220735785499e-08 8.343946651101191714e-03
2.969899665551838975e-08 9.312151225029097201e-03
2.979933110367892450e-08 8.783585506929260725e-03
2.989966555183946256e-08 6.917551973155126877e-03
2.999999999999999732e-08 4.515081657151270682e-03
