0.000000000000000000e+00 9.999999999999995559e-01
1.003344481605351029e-10 2.740034029526483006e-01
2.006688963210702059e-10 3.564547127560774992e-02
3.010033444816052959e-10 -1.341337030968421662e-02
4.013377926421404118e-10 7.906247105726179475e-03
5.016722408026755277e-10 2.077793860411316848e-02
6.020066889632105918e-10 2.020930679851174958e-02
7.023411371237457594e-10 3.226139970783509225e-02
8.026755852842808236e-10 2.994361619580394179e-02
9.030100334448158877e-10 1.235975398127698785e-02
1.003344481605351055e-09 -8.859501657555612919e-03
1.103678929765886223e-09 5.665440771395315565e-03
1.204013377926421184e-09 8.174753588187587058e-03
1.304347826086956351e-09 4.618554512906421737e-03
1.404682274247491519e-09 1.216557673230814381e-02
1.505016722408026480e-09 9.940008608524597208e-03
1.605351170568561647e-09 2.205826540327793933e-03
1.705685618729096815e-09 -1.513492385758063042e-03
1.806020066889631775e-09 1.372766193000099499e-03
1.906354515050166943e-09 3.651402004859453324e-03
2.006688963210702111e-09 1.326370490361965422e-02
2.107023411371237278e-09 1.170962034024503745e-02
2.207357859531772446e-09 1.253405319203971212e-02
2.307692307692307200e-09 8.032331694389703916e-03
2.408026755852842367e-09 1.733850223907106719e-03
2.508361204013377535e-09 -1.236072401287433790e-03
2.608695652173912702e-09 9.152634459852647050e-03
2.709030100334447870e-09 4.343875046400734463e-03
2.809364548494983038e-09 9.718780390335159808e-03
2.909698996655517792e-09 4.093873436732088471e-03
3.010033444816052959e-09 8.427630845248230973e-03
3.110367892976588127e-09 3.067130554028751205e-03
3.210702341137123294e-09 4.289951254469155130e-03
3.311036789297658462e-09 1.997834953552121359e-03
3.411371237458193629e-09 4.325100628305942121e-03
3.511705685618728797e-09 7.753939777750193732e-03
3.612040133779263551e-09 7.115118813333121475e-03
3.712374581939798719e-09 8.595041435577552638e-03
3.812709030100333886e-09 2.442933782145851988e-03
3.913043478260868640e-09 8.480622393635148942e-03
4.013377926421404221e-09 3.716637508511951363e-03
4.113712374581938975e-09 3.063022406693643703e-04
4.214046822742474556e-09 7.207176817858996706e-03
4.314381270903009310e-09 1.230291399233675309e-02
4.414715719063544892e-09 5.494882396238779179e-03
4.515050167224079646e-09 4.447214411057017099e-03
4.615384615384614399e-09 -9.696240493902534823e-04
4.715719063545149981e-09 1.021276688739925116e-02
4.816053511705684735e-09 6.373602900769754706e-03
4.916387959866220316e-09 1.035780955249097565e-02
5.016722408026755070e-09 1.563634870399941215e-02
5.117056856187290651e-09 8.044244144145683978e-03
5.217391304347825405e-09 6.902225833375534927e-03
5.317725752508360159e-09 7.570368397932168182e-03
5.418060200668895740e-09 1.173307965483922667e-02
5.518394648829430494e-09 6.996141219741109848e-03
5.618729096989966075e-09 6.637194816665574482e-03
5.719063545150500829e-09 7.966704598442038779e-03
5.819397993311035583e-09 9.535413320235481757e-03
5.919732441471571164e-09 7.152276764516225446e-03
6.020066889632105918e-09 -3.509904124898817739e-03
6.120401337792641499e-09 4.658296434746853239e-03
6.220735785953176253e-09 7.340301257911440065e-03
6.321070234113711835e-09 6.666037785884187244e-03
6.421404682274246589e-09 1.270014558550989700e-02
6.521739130434781343e-09 6.040919417590448828e-03
6.622073578595316924e-09 1.259843009720294782e-02
6.722408026755851678e-09 5.198462809081740021e-03
6.822742474916387259e-09 8.714569212413713489e-03
6.923076923076922013e-09 6.448633365277550017e-03
7.023411371237457594e-09 9.002228413718074695e-03
7.123745819397992348e-09 3.419881418717430569e-03
7.224080267558527102e-09 6.512984670345174643e-03
7.324414715719062683e-09 6.471532312782013290e-03
7.424749163879597437e-09 6.613266384804836889e-03
7.525083612040133018e-09 1.326121015949978041e-02
7.625418060200667772e-09 7.558348089450425689e-03
7.725752508361202526e-09 1.652231379727220340e-02
7.826086956521737280e-09 1.002540440819978812e-02
7.926421404682273689e-09 3.870645544670387166e-03
8.026755852842808442e-09 1.208735708038154687e-02
8.127090301003343196e-09 1.037517418431285407e-02
8.227424749163877950e-09 1.137957806520374562e-04
8.327759197324414359e-09 -3.743985349475486765e-04
8.428093645484949113e-09 8.424366905982206763e-03
8.528428093645483867e-09 6.171337515079113739e-03
8.628762541806018621e-09 1.822969491074917948e-04
8.729096989966553375e-09 5.321926038950786000e-04
8.829431438127089783e-09 1.629469944310802006e-03
8.929765886287624537e-09 7.941973231967228153e-03
9.030100334448159291e-09 1.268933595284093760e-02
9.130434782608694045e-09 1.174396362076052074e-02
9.230769230769228799e-09 8.385671445870932980e-03
9.331103678929765207e-09 2.146896297672972777e-03
9.431438127090299961e-09 5.025149278506599315e-03
9.531772575250834715e-09 5.342198693362373851e-03
9.632107023411369469e-09 5.721188298964272924e-03
9.732441471571904223e-09 4.963065745111668557e-03
9.832775919732440632e-09 9.771244069931864229e-03
9.933110367892975386e-09 5.786737173564962880e-03
1.003344481605351014e-08 -1.759215032775144965e-04
1.013377926421404489e-08 8.844994005768888959e-03
1.023411371237458130e-08 4.288417867841733469e-03
1.033444816053511606e-08 1.260429743204749542e-02
1.043478260869565081e-08 5.304037093103151218e-03
1.053511705685618556e-08 7.974789194720261973e-03
1.063545150501672032e-08 4.325215010051610028e-03
1.073578595317725673e-08 7.133782414250220902e-03
1.083612040133779148e-08 6.970505110897202983e-03
1.093645484949832623e-08 5.534601752733995031e-03
1.103678929765886099e-08 4.364458176021727455e-03
1.113712374581939574e-08 9.144408882931102933e-03
1.123745819397993215e-08 7.163851037673148181e-03
1.133779264214046690e-08 2.998889596853742887e-03
1.143812709030100166e-08 7.554585968518942943e-03
1.153846153846153641e-08 8.591037329952486493e-03
1.163879598662207117e-08 1.013503838371990554e-02
1.173913043478260757e-08 4.757762695941047427e-03
1.183946488294314233e-08 5.188316651426340929e-03
1.193979933110367708e-08 1.128976862653172097e-02
1.204013377926421184e-08 6.239952252727395433e-03
1.214046822742474824e-08 2.426310343998715462e-03
1.224080267558528300e-08 2.468237598971246595e-03
1.234113712374581775e-08 1.053075150963525726e-02
1.244147157190635251e-08 9.216413343395896476e-03
1.254180602006688726e-08 9.807116412907030886e-03
1.264214046822742367e-08 7.182446539250462308e-03
1.274247491638795842e-08 4.988862174374552282e-03
1.284280936454849318e-08 5.694756863178749434e-03
1.294314381270902793e-08 9.799031533642756434e-03
1.304347826086956269e-08 6.324483029692715835e-03
1.314381270903009909e-08 9.880204948959267139e-03
1.324414715719063385e-08 1.243191965027595422e-02
1.334448160535116860e-08 4.798688439557692934e-03
1.344481605351170336e-08 -2.320183320680500351e-03
1.354515050167223811e-08 4.372034763459312599e-03
1.364548494983277452e-08 1.057588456508100176e-02
1.374581939799330927e-08 1.332844780999126351e-02
1.384615384615384403e-08 1.090157496643770138e-02
1.394648829431437878e-08 2.783409053704291591e-03
1.404682274247491519e-08 5.381590411879555100e-03
1.414715719063544994e-08 3.874024356730980910e-03
1.424749163879598470e-08 4.634828498045851647e-03
1.434782608695651945e-08 8.692096629656987858e-03
1.444816053511705420e-08 7.029277985552720605e-03
1.454849498327759061e-08 6.603819483690710236e-03
1.464882943143812537e-08 3.862334963704782027e-03
1.474916387959866012e-08 9.428334748635783594e-03
1.484949832775919487e-08 5.381844836767101133e-03
1.494983277591973128e-08 4.844861210096500746e-03
1.505016722408026604e-08 1.069181154217668447e-02
1.515050167224080079e-08 1.359660159531517892e-02
1.525083612040133554e-08 1.452460139208440817e-02
1.535117056856187030e-08 9.267012572493084008e-03
1.545150501672240505e-08 4.052254409017392797e-03
1.555183946488293981e-08 2.933073680983285404e-04
1.565217391304347456e-08 1.067303256877023473e-02
1.575250836120401262e-08 7.801584930158747197e-03
1.585284280936454738e-08 1.236036802348546536e-02
1.595317725752508213e-08 9.975114280474439016e-03
1.605351170568561688e-08 6.728131999989529592e-03
1.615384615384615164e-08 7.724280976280636229e-03
1.625418060200668639e-08 6.304815822866527159e-04
1.635451505016722115e-08 8.504709036902990266e-03
1.645484949832775590e-08 6.443994069827379753e-03
1.655518394648829065e-08 1.102903316450831034e-02
1.665551839464882872e-08 3.354798803528682375e-03
1.675585284280936347e-08 8.987829381556511343e-03
1.685618729096989823e-08 9.854179369966154303e-03
1.695652173913043298e-08 9.580132646422470991e-03
1.705685618729096773e-08 9.130460193829710927e-03
1.715719063545150249e-08 8.239351145462630449e-03
1.725752508361203724e-08 5.392120397090046854e-03
1.735785953177257200e-08 8.760995735186840813e-03
1.745819397993310675e-08 1.236884294189965344e-02
1.755852842809364150e-08 1.411963828345820862e-02
1.765886287625417957e-08 8.739947335006891665e-03
1.775919732441471432e-08 6.095319290153210570e-03
1.785953177257524907e-08 1.051018345552321223e-02
1.795986622073578383e-08 7.724425237990206576e-03
1.806020066889631858e-08 8.188124767365084419e-03
1.816053511705685334e-08 1.253723209572310711e-02
1.826086956521738809e-08 7.399009277761909621e-03
1.836120401337792284e-08 7.024325827781010938e-03
1.846153846153845760e-08 4.832876870978370862e-03
1.856187290969899566e-08 1.159494676066601115e-02
1.866220735785953041e-08 1.231527750726688769e-02
1.876254180602006517e-08 4.698339353287047347e-03
1.886287625418059992e-08 7.102671146328056080e-03
1.896321070234113468e-08 9.837381868222612805e-03
1.906354515050166943e-08 6.492555098300782992e-03
1.916387959866220418e-08 3.167838632631609502e-03
1.926421404682273894e-08 7.989790559628767025e-03
1.936454849498327369e-08 7.747117705456402041e-03
1.946488294314380845e-08 9.925055490013429474e-03
1.956521739130434651e-08 7.788311151671112320e-03
1.966555183946488126e-08 7.349362461147340708e-03
1.976588628762541602e-08 5.792995355505790173e-03
1.986622073578595077e-08 -2.251744048316667041e-03
1.996655518394648553e-08 8.018430853974672229e-03
2.006688963210702028e-08 7.578622145983573456e-03
2.016722408026755503e-08 1.162717375801693674e-02
2.026755852842808979e-08 5.136513432315364600e-03
2.036789297658862454e-08 8.294634244394839817e-03
2.046822742474916260e-08 4.108186159690275542e-03
2.056856187290969736e-08 1.104921635757260927e-02
2.066889632107023211e-08 1.067776870728984889e-02
2.076923076923076687e-08 1.069255093680254384e-02
2.086956521739130162e-08 9.820412320158644973e-03
2.096989966555183637e-08 3.021566979563935443e-03
2.107023411371237113e-08 2.757023634124613001e-03
2.117056856187290588e-08 1.039497724846184107e-02
2.127090301003344064e-08 8.585054571120256939e-03
2.137123745819397539e-08 4.185911034049914423e-03
2.147157190635451345e-08 8.679478280313930941e-03
2.157190635451504821e-08 1.775339263559694812e-03
2.167224080267558296e-08 1.348056776382977476e-03
2.177257525083611771e-08 7.604683319407336620e-03
2.187290969899665247e-08 5.685894881158248294e-03
2.197324414715718722e-08 1.160218003925641422e-02
2.207357859531772198e-08 5.027892248700924389e-03
2.217391304347825673e-08 9.997270535918211659e-03
2.227424749163879148e-08 5.990050337742459236e-03
2.237458193979932955e-08 1.346222264063176230e-02
2.247491638795986430e-08 1.395458081771010390e-02
2.257525083612039905e-08 1.379236075497726824e-02
2.267558528428093381e-08 1.479218358675808698e-02
2.277591973244146856e-08 1.445465749564203012e-02
2.287625418060200332e-08 1.605385001905787479e-02
2.297658862876253807e-08 1.062305800770164434e-02
2.307692307692307282e-08 4.506533855073917988e-03
2.317725752508360758e-08 6.113355111466529587e-03
2.327759197324414233e-08 8.371731752876494098e-03
2.337792642140468040e-08 7.777226530836963726e-03
2.347826086956521515e-08 4.778068635936799646e-03
2.357859531772574990e-08 1.808374058395144368e-03
2.367892976588628466e-08 5.067522655247485262e-03
2.377926421404681941e-08 4.892642670531753384e-03
2.387959866220735417e-08 8.799549408748476298e-03
2.397993311036788892e-08 7.935003014473401145e-03
2.408026755852842367e-08 8.131427294146245655e-03
2.418060200668895843e-08 1.042303215262045495e-02
2.428093645484949649e-08 1.037709245874453637e-02
2.438127090301003124e-08 1.212309548511564901e-03
2.448160535117056600e-08 8.425529480750548056e-03
2.458193979933110075e-08 8.440041166134396727e-03
2.468227424749163551e-08 3.049646579903453857e-03
2.478260869565217026e-08 4.493106178214210933e-03
2.488294314381270501e-08 6.921949811285428751e-03
2.498327759197323977e-08 1.082431394883786799e-02
2.508361204013377452e-08 5.921452520912507365e-03
2.518394648829430928e-08 -7.271828388302213663e-04
2.528428093645484734e-08 3.121547506327371213e-03
2.538461538461538209e-08 8.738339015840269550e-03
2.548494983277591685e-08 1.158806146915719246e-02
2.558528428093645160e-08 4.435211547191023930e-03
2.568561872909698635e-08 2.261482017433663009e-03
2.578595317725752111e-08 6.582475747366527997e-03
2.588628762541805586e-08 6.011588653839823430e-03
2.598662207357859062e-08 -6.154102566872216538e-05
2.608695652173912537e-08 3.037496573093635688e-03
2.618729096989966343e-08 1.272940365091929961e-03
2.628762541806019819e-08 4.697962930881814311e-03
2.638795986622073294e-08 8.497012980337705079e-03
2.648829431438126769e-08 8.098007102819937408e-03
2.658862876254180245e-08 6.119199092741049728e-03
2.668896321070233720e-08 1.511271949624922416e-02
2.678929765886287196e-08 2.051158227494611665e-03
2.688963210702340671e-08 7.391343877533684478e-03
2.698996655518394146e-08 3.300571035127767422e-03
2.709030100334447622e-08 8.164446795631967110e-03
2.719063545150501428e-08 -1.897065988805076093e-03
2.729096989966554904e-08 5.653179512487123415e-03
2.739130434782608379e-08 3.776088060558645265e-03
2.749163879598661854e-08 5.658614353667920649e-03
2.759197324414715330e-08 3.778439215765864133e-03
2.769230769230768805e-08 9.294181294532916169e-04
2.779264214046822281e-08 1.311139134659686928e-02
2.789297658862875756e-08 1.271122979767927257e-02
2.799331103678929231e-08 9.481355819383278580e-03
2.809364548494983038e-08 6.593548950454225163e-03
2.819397993311036513e-08 1.097846457550436102e-03
2.829431438127089988e-08 6.553219822830071324e-03
2.839464882943143464e-08 4.373535423789468371e-03
2.849498327759196939e-08 -1.197710883673765072e-03
2.859531772575250415e-08 -2.429890437776291868e-04
2.869565217391303890e-08 4.890797528707669338e-03
2.879598662207357365e-08 1.530255175413215186e-02
2.889632107023410841e-08 9.457181325512318756e-03
2.899665551839464316e-08 4.566202686751485648e-03
2.909698996655518122e-08 9.795259430057365324e-03
2.919732441471571598e-08 9.401291604965320015e-03
2.929765886287625073e-08 -3.540765821720217883e-04
2.939799331103678549e-08 1.135196695402506534e-02
2.949832775919732024e-08 7.071132498184064252e-03
2.959866220735785499e-08 8.384794096598424673e-03
2.969899665551838975e-08 9.957004573750320026e-03
2.979933110367892450e-08 8.914842044646785479e-03
2.989966555183946256e-08 8.243746750146968560e-03
2.999999999999999732e-08 8.005020600012215104e-03
