0.000000000000000000e+00 9.999999999999995559e-01
1.003344481605351029e-10 -7.031393079004496886e-03
2.006688963210702059e-10 9.082342515555244522e-03
3.010033444816052959e-10 7.525383799945205635e-03
4.013377926421404118e-10 3.441137158334462223e-03
5.016722408026755277e-10 1.361185325694901950e-02
6.020066889632105918e-10 4.823002140454345048e-03
7.023411371237457594e-10 1.067277328565547148e-02
8.026755852842808236e-10 2.315751983590430465e-03
9.030100334448158877e-10 9.598442473628085100e-03
1.003344481605351055e-09 6.483135921778780154e-03
1.103678929765886223e-09 5.635714023112487620e-03
1.204013377926421184e-09 1.055719034892275282e-02
1.304347826086956351e-09 6.547915013357440660e-03
1.404682274247491519e-09 1.038903158705779296e-02
1.505016722408026480e-09 3.666756069968381531e-03
1.605351170568561647e-09 1.285667859851340362e-02
1.705685618729096815e-09 1.036229199500524750e-02
1.806020066889631775e-09 1.077854787424801890e-02
1.906354515050166943e-09 4.204645957627254314e-03
2.006688963210702111e-09 1.655349011863457669e-03
2.107023411371237278e-09 9.683204649635434799e-03
2.207357859531772446e-09 5.766578507439495439e-03
2.307692307692307200e-09 1.424683528700840425e-02
2.408026755852842367e-09 5.327057647029254453e-03
2.508361204013377535e-09 9.377154103058792795e-03
2.608695652173912702e-09 4.216049398623732472e-03
2.709030100334447870e-09 1.087433459482014565e-02
2.809364548494983038e-09 1.346972707170221266e-02
2.909698996655517792e-09 8.243913382613744789e-03
3.010033444816052959e-09 7.769492874313920112e-03
3.110367892976588127e-09 5.884301001784534527e-04
3.210702341137123294e-09 5.306587592418262429e-04
3.311036789297658462e-09 1.343634310731229783e-02
3.411371237458193629e-09 7.251318931825825355e-03
3.511705685618728797e-09 6.379673940264257714e-03
3.612040133779263551e-09 6.560502867351677633e-03
3.712374581939798719e-09 4.963531366162472931e-03
3.812709030100333886e-09 7.983922293416869861e-03
3.913043478260868640e-09 1.215786580821553130e-02
4.013377926421404221e-09 1.528675293827451605e-02
4.113712374581938975e-09 4.154197273956844287e-03
4.214046822742474556e-09 8.167313751900157417e-03
4.314381270903009310e-09 3.794507615389790256e-03
4.414715719063544892e-09 8.922233504925051323e-03
4.515050167224079646e-09 6.223512665731826057e-03
4.615384615384614399e-09 7.545016429099075592e-03
4.715719063545149981e-09 6.738708112071704719e-03
4.816053511705684735e-09 9.559056582086913195e-03
4.916387959866220316e-09 1.091553760625697984e-02
5.016722408026755070e-09 1.239037619520105479e-02
5.117056856187290651e-09 1.239736344376305213e-02
5.217391304347825405e-09 5.079458109954534430e-03
5.317725752508360159e-09 7.359245714435152901e-03
5.418060200668895740e-09 1.284278553289518177e-02
5.518394648829430494e-09 3.813930287809001556e-03
5.618729096989966075e-09 9.416514171645091330e-03
5.719063545150500829e-09 1.351310895987659424e-02
5.819397993311035583e-09 5.971195004142094975e-03
5.919732441471571164e-09 3.733201948441491804e-03
6.020066889632105918e-09 5.571439527238148184e-03
6.120401337792641499e-09 1.132288690340197031e-02
6.220735785953176253e-09 1.309202288968475125e-02
6.321070234113711835e-09 8.773412430312585442e-03
6.421404682274246589e-09 2.813218738059093151e-03
6.521739130434781343e-09 5.573740166043091374e-03
6.622073578595316924e-09 4.139366837904310398e-03
6.722408026755851678e-09 8.031401990715308914e-03
6.822742474916387259e-09 5.414561881647832024e-03
6.923076923076922013e-09 -1.311560909036468088e-03
7.023411371237457594e-09 6.200864051234305369e-03
7.123745819397992348e-09 3.749456147487850027e-03
7.224080267558527102e-09 -3.220373685930178224e-05
7.324414715719062683e-09 9.145989548679244602e-03
7.424749163879597437e-09 7.260810880206360410e-03
7.525083612040133018e-09 7.572333805053867856e-03
7.625418060200667772e-09 1.387638083190528317e-02
7.725752508361202526e-09 1.569456679479717606e-02
7.826086956521737280e-09 6.525385578288672890e-03
7.926421404682273689e-09 4.664825009145228026e-03
8.026755852842808442e-09 8.770574817607275017e-03
8.127090301003343196e-09 9.717504124808273164e-03
8.227424749163877950e-09 2.966692246581363341e-03
8.327759197324414359e-09 1.306574174787546172e-02
8.428093645484949113e-09 8.473871836057474127e-03
8.528428093645483867e-09 5.230405219863107358e-03
8.628762541806018621e-09 3.266147790635548845e-03
8.729096989966553375e-09 8.266887547226178107e-03
8.829431438127089783e-09 6.285095843151568620e-03
8.929765886287624537e-09 1.016670212540554848e-02
9.030100334448159291e-09 5.431005433348252281e-03
9.130434782608694045e-09 4.257517659763213405e-03
9.230769230769228799e-09 2.368274839413432933e-03
9.331103678929765207e-09 3.680850047877938427e-03
9.431438127090299961e-09 3.295719104476439558e-03
9.531772575250834715e-09 2.750985817915721325e-03
9.632107023411369469e-09 1.581006839875746459e-02
9.732441471571904223e-09 3.947592173091271986e-03
9.832775919732440632e-09 1.160969532482766103e-02
9.933110367892975386e-09 1.150508179245024638e-02
1.003344481605351014e-08 6.666863192880323995e-03
1.013377926421404489e-08 4.425046092460560229e-03
1.023411371237458130e-08 2.927403157421193999e-03
1.033444816053511606e-08 1.106883467867277385e-02
1.043478260869565081e-08 5.358117093196957011e-03
1.053511705685618556e-08 8.428389907069972625e-03
1.063545150501672032e-08 7.665396225300372644e-03
1.073578595317725673e-08 7.030639364661959469e-03
1.083612040133779148e-08 1.386935958544302343e-02
1.093645484949832623e-08 1.193199881193388046e-02
1.103678929765886099e-08 8.521957410081666684e-03
1.113712374581939574e-08 8.393351739585285659e-03
1.123745819397993215e-08 4.131231595148674232e-03
1.133779264214046690e-08 8.392718425531421264e-03
1.143812709030100166e-08 5.196194190633010579e-03
1.153846153846153641e-08 -2.502045528392189753e-04
1.163879598662207117e-08 1.347759064611795191e-02
1.173913043478260757e-08 1.078789010646422422e-02
1.183946488294314233e-08 4.959279889822343877e-03
1.193979933110367708e-08 9.048082594118310798e-03
1.204013377926421184e-08 6.284394933130771008e-03
1.214046822742474824e-08 1.533390606873401285e-02
1.224080267558528300e-08 5.040095463991230498e-03
1.234113712374581775e-08 4.243154715069033783e-04
1.244147157190635251e-08 5.003074109928850460e-03
1.254180602006688726e-08 5.664521507552569904e-03
1.264214046822742367e-08 7.500107227606673740e-03
1.274247491638795842e-08 4.613936332441564633e-03
1.284280936454849318e-08 9.727421758390291523e-03
1.294314381270902793e-08 3.212056253144316732e-03
1.304347826086956269e-08 1.308655866000740797e-02
1.314381270903009909e-08 3.789668792382661165e-03
1.324414715719063385e-08 1.497976384328112733e-02
1.334448160535116860e-08 3.945084703470236667e-03
1.344481605351170336e-08 1.154473996204166165e-02
1.354515050167223811e-08 3.412887980710990147e-03
1.364548494983277452e-08 5.180018071432120411e-03
1.374581939799330927e-08 7.448383329021287039e-03
1.384615384615384403e-08 8.634056408978230818e-03
1.394648829431437878e-08 5.208192647142524841e-03
1.404682274247491519e-08 6.873618598533246145e-03
1.414715719063544994e-08 1.074044799221778902e-02
1.424749163879598470e-08 1.225128002451088185e-03
1.434782608695651945e-08 1.870575307548082503e-02
1.444816053511705420e-08 1.051218519584833089e-02
1.454849498327759061e-08 5.314641877352675910e-03
1.464882943143812537e-08 1.061076275816338378e-02
1.474916387959866012e-08 9.901123531177322135e-03
1.484949832775919487e-08 4.639778213746351999e-03
1.494983277591973128e-08 1.464189355681852142e-02
1.505016722408026604e-08 5.038352925445863453e-03
1.515050167224080079e-08 5.763087169579989011e-03
1.525083612040133554e-08 1.473852841842587455e-02
1.535117056856187030e-08 9.360133998278620873e-03
1.545150501672240505e-08 6.651022005304268667e-03
1.555183946488293981e-08 8.957854364862967433e-03
1.565217391304347456e-08 1.296929227150082214e-02
1.575250836120401262e-08 1.177782557520867975e-02
1.585284280936454738e-08 1.176227182800622557e-02
1.595317725752508213e-08 7.255558092379823902e-03
1.605351170568561688e-08 1.021661167299999992e-02
1.615384615384615164e-08 1.103176850944439374e-02
1.625418060200668639e-08 3.916801466790871718e-03
1.635451505016722115e-08 8.373429578880623933e-03
1.645484949832775590e-08 9.698839204980373718e-03
1.655518394648829065e-08 3.279189921458451271e-03
1.665551839464882872e-08 9.866689166663914975e-03
1.675585284280936347e-08 8.116961796249089894e-03
1.685618729096989823e-08 6.592573842299557368e-03
1.695652173913043298e-08 5.046892831088454004e-03
1.705685618729096773e-08 7.928255442683995735e-03
1.715719063545150249e-08 1.115984796368290656e-02
1.725752508361203724e-08 1.345106280360295649e-02
1.735785953177257200e-08 1.144406169866427243e-02
1.745819397993310675e-08 6.240364770379931703e-03
1.755852842809364150e-08 2.763638568019774998e-03
1.765886287625417957e-08 4.904715579952768564e-03
1.775919732441471432e-08 4.547543051178199944e-03
1.785953177257524907e-08 1.043607674055510755e-02
1.795986622073578383e-08 7.957018280771086666e-03
1.806020066889631858e-08 9.653889958150628850e-03
1.816053511705685334e-08 5.863252687898828398e-03
1.826086956521738809e-08 5.260280027038954399e-03
1.836120401337792284e-08 9.308266813547511412e-03
1.846153846153845760e-08 8.323799671793075811e-03
1.856187290969899566e-08 1.207550242556184976e-02
1.866220735785953041e-08 7.062254665780007962e-03
1.876254180602006517e-08 1.280490978927580070e-02
1.886287625418059992e-08 8.532329965316078763e-03
1.896321070234113468e-08 5.129157300261736122e-03
1.906354515050166943e-08 1.025349187348963825e-02
1.916387959866220418e-08 1.252112896480266080e-02
1.926421404682273894e-08 7.853654623273129132e-03
1.936454849498327369e-08 7.226475900395535473e-03
1.946488294314380845e-08 4.007736703739213195e-03
1.956521739130434651e-08 9.017735379848502292e-03
1.966555183946488126e-08 1.303420196458148807e-02
1.976588628762541602e-08 2.635263267507562644e-03
1.986622073578595077e-08 5.063244345228856517e-03
1.996655518394648553e-08 -3.889015056993062186e-03
2.006688963210702028e-08 1.011596485003172369e-02
2.016722408026755503e-08 1.422193440305426215e-02
2.026755852842808979e-08 1.413125001176932308e-02
2.036789297658862454e-08 1.090462274645199320e-02
2.046822742474916260e-08 2.710078385305610214e-03
2.056856187290969736e-08 1.078022153890217071e-02
2.066889632107023211e-08 7.046843586066780726e-03
2.076923076923076687e-08 1.006436032739536912e-02
2.086956521739130162e-08 1.137309660772463024e-02
2.096989966555183637e-08 8.132831417359072737e-03
2.107023411371237113e-08 7.348689374517598620e-03
2.117056856187290588e-08 3.800653112453475542e-03
2.127090301003344064e-08 1.449335161941963518e-02
2.137123745819397539e-08 9.155803880076383849e-03
2.147157190635451345e-08 9.888773218347685426e-03
2.157190635451504821e-08 9.405804014618440387e-03
2.167224080267558296e-08 9.000933486689661686e-03
2.177257525083611771e-08 9.364219343494706652e-03
2.187290969899665247e-08 7.416669067778342700e-03
2.197324414715718722e-08 5.829531999205961670e-03
2.207357859531772198e-08 6.628500503302017094e-03
2.217391304347825673e-08 7.160945525606961758e-03
2.227424749163879148e-08 1.131181257508412710e-02
2.237458193979932955e-08 8.199530455635848508e-03
2.247491638795986430e-08 1.519519813715729945e-02
2.257525083612039905e-08 4.636463319029680667e-03
2.267558528428093381e-08 3.945183205671467380e-03
2.277591973244146856e-08 1.180001517166689995e-02
2.287625418060200332e-08 9.307394047796079678e-03
2.297658862876253807e-08 8.831803921176941199e-03
2.307692307692307282e-08 9.343534215686892519e-03
2.317725752508360758e-08 9.700612123199952794e-03
2.327759197324414233e-08 9.665970320964195617e-03
2.337792642140468040e-08 3.978264691711708330e-03
2.347826086956521515e-08 9.531517612917091847e-03
2.357859531772574990e-08 7.466432725135367827e-03
2.367892976588628466e-08 1.155695435879018455e-02
2.377926421404681941e-08 2.031741030415314467e-03
2.387959866220735417e-08 1.144950876113079614e-02
2.397993311036788892e-08 6.185129280739098782e-03
2.408026755852842367e-08 9.659992502211531967e-03
2.418060200668895843e-08 8.334987511387821277e-03
2.428093645484949649e-08 8.509161154084969939e-03
2.438127090301003124e-08 6.199746764608530039e-03
2.448160535117056600e-08 5.821582819428212409e-03
2.458193979933110075e-08 8.921808183829468830e-03
2.468227424749163551e-08 1.092167160591873791e-02
2.478260869565217026e-08 9.944913510934698733e-03
2.488294314381270501e-08 8.657951750245569331e-03
2.498327759197323977e-08 1.326498072158970032e-02
2.508361204013377452e-08 6.018613028320195929e-03
2.518394648829430928e-08 6.916047808131512049e-03
2.528428093645484734e-08 9.171007733497556214e-03
2.538461538461538209e-08 1.887573431347780873e-03
2.548494983277591685e-08 5.914669456311260481e-03
2.558528428093645160e-08 1.346294619393752744e-02
2.568561872909698635e-08 1.219051705638433090e-02
2.578595317725752111e-08 1.442309366475062662e-04
2.588628762541805586e-08 7.294275215233693953e-03
2.598662207357859062e-08 7.679751365801510896e-03
2.608695652173912537e-08 7.652638167543935992e-03
2.618729096989966343e-08 1.210761621159411709e-02
2.628762541806019819e-08 6.518384999372665682e-03
2.638795986622073294e-08 1.156887396970034988e-02
2.648829431438126769e-08 8.291050219528159002e-03
2.658862876254180245e-08 9.537613289220833387e-03
2.668896321070233720e-08 1.047359742066159005e-02
2.678929765886287196e-08 5.074408884276632691e-03
2.688963210702340671e-08 1.630601634269738739e-02
2.698996655518394146e-08 1.143548218061456179e-02
2.709030100334447622e-08 5.906398617185570216e-03
2.719063545150501428e-08 1.268345839005189171e-02
2.729096989966554904e-08 7.412881729617337538e-03
2.739130434782608379e-08 7.630101141101568174e-03
2.749163879598661854e-08 1.048713002076947891e-02
2.759197324414715330e-08 1.480448650777640854e-03
2.769230769230768805e-08 5.819481918133702358e-03
2.779264214046822281e-08 5.836152566573418222e-03
2.789297658862875756e-08 1.137918516137448322e-02
2.799331103678929231e-08 4.205717048717777518e-03
2.809364548494983038e-08 3.695362275691131378e-04
2.819397993311036513e-08 8.951550365119433778e-03
2.829431438127089988e-08 1.057612413063658066e-02
2.839464882943143464e-08 7.999095673812454954e-03
2.849498327759196939e-08 9.128690350259274777e-03
2.859531772575250415e-08 6.446494991836182291e-03
2.869565217391303890e-08 1.224746401551810721e-02
2.879598662207357365e-08 9.892396218826704501e-03
2.889632107023410841e-08 6.902290802980364653e-03
2.899665551839464316e-08 7.178169131044946465e-03
2.909698996655518122e-08 6.258734825756658536e-03
2.919732441471571598e-08 1.244453331570037277e-02
2.929765886287625073e-08 6.609637060534780985e-03
2.939799331103678549e-08 8.960760513897431459e-03
2.949832775919732024e-08 7.830859099307288865e-03
2.959866220735785499e-08 6.831774782193518816e-03
2.969899665551838975e-08 1.237038855797821524e-02
2.979933110367892450e-08 5.656521948749950422e-03
2.989966555183946256e-08 1.051940885508820429e-02
2.999999999999999732e-08 8.828395415593751419e-03
