0.000000000000000000e+00 9.999999999999995559e-01
1.003344481605351029e-10 9.992948506134122777e-01
2.006688963210702059e-10 9.971854679486038542e-01
3.010033444816052959e-10 9.936899604951044962e-01
4.013377926421404118e-10 9.888382174455436768e-01
5.016722408026755277e-10 9.826714771527570447e-01
6.020066889632105918e-10 9.752417346148458677e-01
7.023411371237457594e-10 9.666109993128955136e-01
8.026755852842808236e-10 9.568504175131188338e-01
9.030100334448158877e-10 9.460392756116027257e-01
1.003344481605351055e-09 9.342639031912872705e-01
1.103678929765886223e-09 9.216164961325303828e-01
1.204013377926421184e-09 9.081938813363052976e-01
1.304347826086956351e-09 8.940962453598543247e-01
1.404682274247491519e-09 8.794258495174587242e-01
1.505016722408026480e-09 8.642857537648265254e-01
1.605351170568561647e-09 8.487785709774028353e-01
1.705685618729096815e-09 8.330052720750074080e-01
1.806020066889631775e-09 8.170640608726474907e-01
1.906354515050166943e-09 8.010493355949263039e-01
2.006688963210702111e-09 7.850507517322611317e-01
2.107023411371237278e-09 7.691523984012531567e-01
2.207357859531772446e-09 7.534320976642865375e-01
2.307692307692307200e-09 7.379608334336580366e-01
2.408026755852842367e-09 7.228023137036518886e-01
2.508361204013377535e-09 7.080126669902793157e-01
2.608695652173912702e-09 6.936402710810762873e-01
2.709030100334447870e-09 6.797257095707847085e-01
2.809364548494983038e-09 6.663018492419457983e-01
2.909698996655517792e-09 6.533940291944859702e-01
3.010033444816052959e-09 6.410203507793041933e-01
3.110367892976588127e-09 6.291920558825520038e-01
3.210702341137123294e-09 6.179139799648303288e-01
3.311036789297658462e-09 6.071850654976350681e-01
3.411371237458193629e-09 5.969989210624822018e-01
3.511705685618728797e-09 5.873444113801866706e-01
3.612040133779263551e-09 5.782062639029522666e-01
3.712374581939798719e-09 5.695656783051648020e-01
3.812709030100333886e-09 5.614009262166994585e-01
3.913043478260868640e-09 5.536879298146734074e-01
4.013377926421404221e-09 5.464008093795377219e-01
4.113712374581938975e-09 5.395123915784850732e-01
4.214046822742474556e-09 5.329946720097719082e-01
4.314381270903009310e-09 5.268192273708970363e-01
4.414715719063544892e-09 5.209575744470913428e-01
4.515050167224079646e-09 5.153814749016953911e-01
4.615384615384614399e-09 5.100631865373286278e-01
4.715719063545149981e-09 5.049756632417146118e-01
4.816053511705684735e-09 5.000927071956952075e-01
4.916387959866220316e-09 4.953890780713061659e-01
5.016722408026755070e-09 4.908405648602150451e-01
5.117056856187290651e-09 4.864240266307855443e-01
5.217391304347825405e-09 4.821174089073054225e-01
5.317725752508360159e-09 4.778997424974792962e-01
5.418060200668895740e-09 4.737511314722889777e-01
5.518394648829430494e-09 4.696527366413930649e-01
5.618729096989966075e-09 4.655867602899953495e-01
5.719063545150500829e-09 4.615364371781458530e-01
5.819397993311035583e-09 4.574860358843911845e-01
5.919732441471571164e-09 4.534208735399876122e-01
6.020066889632105918e-09 4.493273458876000936e-01
6.120401337792641499e-09 4.451929734508415226e-01
6.220735785953176253e-09 4.410064634594852429e-01
6.321070234113711835e-09 4.367577860797194345e-01
6.421404682274246589e-09 4.324382624868979286e-01
6.521739130434781343e-09 4.280406614237717844e-01
6.622073578595316924e-09 4.235593001394234447e-01
6.722408026755851678e-09 4.189901450269546412e-01
6.822742474916387259e-09 4.143309068892239155e-01
6.923076923076922013e-09 4.095811255729253086e-01
7.023411371237457594e-09 4.047422387267127220e-01
7.123745819397992348e-09 3.998176296568060062e-01
7.224080267558527102e-09 3.948126496649674300e-01
7.324414715719062683e-09 3.897346108441688273e-01
7.424749163879597437e-09 3.845927460563426381e-01
7.525083612040133018e-09 3.793981336991678610e-01
7.625418060200667772e-09 3.741635858557544325e-01
7.725752508361202526e-09 3.689034994801756451e-01
7.826086956521737280e-09 3.636336713689971578e-01
7.926421404682273689e-09 3.583710787692372390e-01
8.026755852842808442e-09 3.531336285418562038e-01
8.127090301003343196e-09 3.479398788034266388e-01
8.227424749163877950e-09 3.428087378759405168e-01
8.327759197324414359e-09 3.377591461578320353e-01
8.428093645484949113e-09 3.328097471643538530e-01
8.528428093645483867e-09 3.279785544532379249e-01
8.628762541806018621e-09 3.232826214381606666e-01
8.729096989966553375e-09 3.187377211894820150e-01
8.829431438127089783e-09 3.143580432264141966e-01
8.929765886287624537e-09 3.101559140202425624e-01
9.030100334448159291e-09 3.061415474630996836e-01
9.130434782608694045e-09 3.023228309249105239e-01
9.230769230769228799e-09 2.987051517410082013e-01
9.331103678929765207e-09 2.952912680671809786e-01
9.431438127090299961e-09 2.920812270334988692e-01
9.531772575250834715e-09 2.890723320516257466e-01
9.632107023411369469e-09 2.862591600125323210e-01
9.732441471571904223e-09 2.836336279833493457e-01
9.832775919732440632e-09 2.811851079040939005e-01
9.933110367892975386e-09 2.789005867265891281e-01
1.003344481605351014e-08 2.767648684565643946e-01
1.013377926421404489e-08 2.747608136804005063e-01
1.023411371237458130e-08 2.728696114016304630e-01
1.033444816053511606e-08 2.710710773965437914e-01
1.043478260869565081e-08 2.693439728360964569e-01
1.053511705685618556e-08 2.676663366212406192e-01
1.063545150501672032e-08 2.660158247443864532e-01
1.073578595317725673e-08 2.643700500198934988e-01
1.083612040133779148e-08 2.627069157155781376e-01
1.093645484949832623e-08 2.610049369552093212e-01
1.103678929765886099e-08 2.592435442350023433e-01
1.113712374581939574e-08 2.574033639879745872e-01
1.123745819397993215e-08 2.554664718187404371e-01
1.133779264214046690e-08 2.534166147958663018e-01
1.143812709030100166e-08 2.512394000059083865e-01
1.153846153846153641e-08 2.489224474187332337e-01
1.163879598662207117e-08 2.464555059638378620e-01
1.173913043478260757e-08 2.438305325491382514e-01
1.183946488294314233e-08 2.410417345455952709e-01
1.193979933110367708e-08 2.380855769937013089e-01
1.204013377926421184e-08 2.349607564444852192e-01
1.214046822742474824e-08 2.316681439145584220e-01
1.224080267558528300e-08 2.282106999013862048e-01
1.234113712374581775e-08 2.245933647645299847e-01
1.244147157190635251e-08 2.208229280277411999e-01
1.254180602006688726e-08 2.169078802957121743e-01
1.264214046822742367e-08 2.128582515116186624e-01
1.274247491638795842e-08 2.086854392140329584e-01
1.284280936454849318e-08 2.044020302938537037e-01
1.294314381270902793e-08 2.000216195154144727e-01
1.304347826086956269e-08 1.955586277645756099e-01
1.314381270903009909e-08 1.910281226353716111e-01
1.324414715719063385e-08 1.864456435814142998e-01
1.334448160535116860e-08 1.818270334546716605e-01
1.344481605351170336e-08 1.771882778480255993e-01
1.354515050167223811e-08 1.725453532638281107e-01
1.364548494983277452e-08 1.679140847618666443e-01
1.374581939799330927e-08 1.633100134082686727e-01
1.384615384615384403e-08 1.587482735613948426e-01
1.394648829431437878e-08 1.542434797988127271e-01
1.404682274247491519e-08 1.498096231156157976e-01
1.414715719063544994e-08 1.454599759106991186e-01
1.424749163879598470e-08 1.412070052236167050e-01
1.434782608695651945e-08 1.370622936873846787e-01
1.444816053511705420e-08 1.330364677168824339e-01
1.454849498327759061e-08 1.291391325512157850e-01
1.464882943143812537e-08 1.253788139027766368e-01
1.474916387959866012e-08 1.217629061257736872e-01
1.484949832775919487e-08 1.182976269919057688e-01
1.494983277591973128e-08 1.149879793394157218e-01
1.505016722408026604e-08 1.118377200328855292e-01
1.515050167224080079e-08 1.088493368241933296e-01
1.525083612040133554e-08 1.060240338303529428e-01
1.535117056856187030e-08 1.033617264330554952e-01
1.545150501672240505e-08 1.008610464507995186e-01
1.555183946488293981e-08 9.851935843251723168e-02
1.565217391304347456e-08 9.633278786859969522e-02
1.575250836120401262e-08 9.429626201032444144e-02
1.585284280936454738e-08 9.240356383318262812e-02
1.595317725752508213e-08 9.064739947686605015e-02
1.605351170568561688e-08 8.901947925006088724e-02
1.615384615384615164e-08 8.751061200882115365e-02
1.625418060200668639e-08 8.611081241180097712e-02
1.635451505016722115e-08 8.480942023384901995e-02
1.645484949832775590e-08 8.359523059210009766e-02
1.655518394648829065e-08 8.245663361690433457e-02
1.665551839464882872e-08 8.138176179495471008e-02
1.675585284280936347e-08 8.035864293473392317e-02
1.685618729096989823e-08 7.937535646512916543e-02
1.695652173913043298e-08 7.842019058593073522e-02
1.705685618729096773e-08 7.748179765172727440e-02
1.715719063545150249e-08 7.654934509459759839e-02
1.725752508361203724e-08 7.561265918025278365e-02
1.735785953177257200e-08 7.466235894919542870e-02
1.745819397993310675e-08 7.368997781920964829e-02
1.755852842809364150e-08 7.268807051616411885e-02
1.765886287625417957e-08 7.165030325272832290e-02
1.775919732441471432e-08 7.057152538328127778e-02
1.785953177257524907e-08 6.944782112040150113e-02
1.795986622073578383e-08 6.827654029475306585e-02
1.806020066889631858e-08 6.705630756559437244e-02
1.816053511705685334e-08 6.578700993234284922e-02
1.826086956521738809e-08 6.446976284689935610e-02
1.836120401337792284e-08 6.310685566989443496e-02
1.846153846153845760e-08 6.170167763998916921e-02
1.856187290969899566e-08 6.025862592274317669e-02
1.866220735785953041e-08 5.878299766414119693e-02
1.876254180602006517e-08 5.728086828464913627e-02
1.886287625418059992e-08 5.575895850510708546e-02
1.896321070234113468e-08 5.422449278998817818e-02
1.906354515050166943e-08 5.268505202251276553e-02
1.916387959866220418e-08 5.114842328767819912e-02
1.926421404682273894e-08 4.962244963325498914e-02
1.936454849498327369e-08 4.811488260694653241e-02
1.946488294314380845e-08 4.663324023375563232e-02
1.956521739130434651e-08 4.518467290637469269e-02
1.966555183946488126e-08 4.377583941981057908e-02
1.976588628762541602e-08 4.241279509739952214e-02
1.986622073578595077e-08 4.110089363774828419e-02
1.996655518394648553e-08 3.984470397049431900e-02
2.006688963210702028e-08 3.864794305299697197e-02
2.016722408026755503e-08 3.751342518006575699e-02
2.026755852842808979e-08 3.644302802423043941e-02
2.036789297658862454e-08 3.543767528391857102e-02
2.046822742474916260e-08 3.449733549944819511e-02
2.056856187290969736e-08 3.362103630912080532e-02
2.066889632107023211e-08 3.280689316580995274e-02
2.076923076923076687e-08 3.205215132279273793e-02
2.086956521739130162e-08 3.135323972918662577e-02
2.096989966555183637e-08 3.070583535174135903e-02
2.107023411371237113e-08 3.010493636090115499e-02
2.117056856187290588e-08 2.954494258356840652e-02
2.127090301003344064e-08 2.901974163012362856e-02
2.137123745819397539e-08 2.852279914508048034e-02
2.147157190635451345e-08 2.804725170440509202e-02
2.157190635451504821e-08 2.758600098238475629e-02
2.167224080267558296e-08 2.713180793085690629e-02
2.177257525083611771e-08 2.667738584721960141e-02
2.187290969899665247e-08 2.621549134853565222e-02
2.197324414715718722e-08 2.573901241105612525e-02
2.207357859531772198e-08 2.524105277191995844e-02
2.217391304347825673e-08 2.471501211760152375e-02
2.227424749163879148e-08 2.415466159767321042e-02
2.237458193979932955e-08 2.355421429939549144e-02
2.247491638795986430e-08 2.290839039637225516e-02
2.257525083612039905e-08 2.221247674195718502e-02
2.267558528428093381e-08 2.146238071532620764e-02
2.277591973244146856e-08 2.065467814627694812e-02
2.287625418060200332e-08 1.978665514600780329e-02
2.297658862876253807e-08 1.885634365837167772e-02
2.307692307692307282e-08 1.786255052311665203e-02
2.317725752508360758e-08 1.680487981368460754e-02
2.327759197324414233e-08 1.568374818184282288e-02
2.337792642140468040e-08 1.450039291450767355e-02
2.347826086956521515e-08 1.325687238922449579e-02
2.357859531772574990e-08 1.195605860823614926e-02
2.367892976588628466e-08 1.060162150074527888e-02
2.377926421404681941e-08 9.198004712005330638e-03
2.387959866220735417e-08 7.750392648589001995e-03
2.397993311036788892e-08 6.264668622940775498e-03
2.408026755852842367e-08 4.747364037448388585e-03
2.418060200668895843e-08 3.205598668002809792e-03
2.428093645484949649e-08 1.647012247510019206e-03
2.438127090301003124e-08 7.968770817465276046e-05
2.448160535117056600e-08 -1.487933386268524422e-03
2.458193979933110075e-08 -3.047142505547238700e-03
2.468227424749163551e-08 -4.589062016700649199e-03
2.478260869565217026e-08 -6.104748164896213122e-03
2.488294314381270501e-08 -7.585297914048019091e-03
2.498327759197323977e-08 -9.021958229341979496e-03
2.508361204013377452e-08 -1.040623624376449397e-02
2.518394648829430928e-08 -1.173000863724778589e-02
2.528428093645484734e-08 -1.298562847530974201e-02
2.538461538461538209e-08 -1.416602770852275553e-02
2.548494983277591685e-08 -1.526481352827643162e-02
2.558528428093645160e-08 -1.627635681047950172e-02
2.568561872909698635e-08 -1.719587095824005180e-02
2.578595317725752111e-08 -1.801947957703687112e-02
2.588628762541805586e-08 -1.874427158000289279e-02
2.598662207357859062e-08 -1.936834252393077743e-02
2.608695652173912537e-08 -1.989082121448116844e-02
2.618729096989966343e-08 -2.031188088667988667e-02
2.628762541806019819e-08 -2.063273455797735856e-02
2.638795986622073294e-08 -2.085561445892277627e-02
2.648829431438126769e-08 -2.098373576325621853e-02
2.658862876254180245e-08 -2.102124515691690398e-02
2.668896321070233720e-08 -2.097315509591013080e-02
2.678929765886287196e-08 -2.084526489805615945e-02
2.688963210702340671e-08 -2.064407008557601203e-02
2.698996655518394146e-08 -2.037666163703289943e-02
2.709030100334447622e-08 -2.005061701191213769e-02
2.719063545150501428e-08 -1.967388497364226316e-02
2.729096989966554904e-08 -1.925466635284308128e-02
2.739130434782608379e-08 -1.880129295902671638e-02
2.749163879598661854e-08 -1.832210686424661644e-02
2.759197324414715330e-08 -1.782534224608461199e-02
2.769230769230768805e-08 -1.731901189111695327e-02
2.779264214046822281e-08 -1.681080032622907575e-02
2.789297658862875756e-08 -1.630796536778304773e-02
2.799331103678929231e-08 -1.581724966279951169e-02
2.809364548494983038e-08 -1.534480354813546124e-02
2.819397993311036513e-08 -1.489612028009966102e-02
2.829431438127089988e-08 -1.447598439564082295e-02
2.839464882943143464e-08 -1.408843366515807362e-02
2.849498327759196939e-08 -1.373673479423848792e-02
2.859531772575250415e-08 -1.342337273525194725e-02
2.869565217391303890e-08 -1.315005318740745943e-02
2.879598662207357365e-08 -1.291771760271131012e-02
2.889632107023410841e-08 -1.272656978160296992e-02
2.899665551839464316e-08 -1.257611294126156735e-02
2.909698996655518122e-08 -1.246519597595375888e-02
2.919732441471571598e-08 -1.239206750540062206e-02
2.929765886287625073e-08 -1.235443622576015525e-02
2.939799331103678549e-08 -1.234953603892769217e-02
2.949832775919732024e-08 -1.237419443862152954e-02
2.959866220735785499e-08 -1.242490267408029488e-02
2.969899665551838975e-08 -1.249788629093440129e-02
2.979933110367892450e-08 -1.258917475969309127e-02
2.989966555183946256e-08 -1.269466904021885646e-02
2.999999999999999732e-08 -1.281020608977798819e-02
