0.000000000000000000e+00 9.999999999999995559e-01
1.003344481605351029e-10 1.471405461137188266e-02
2.006688963210702059e-10 1.313060788065106019e-03
3.010033444816052959e-10 1.219813599382944640e-02
4.013377926421404118e-10 8.303481750014440887e-03
5.016722408026755277e-10 5.973293268372874450e-03
6.020066889632105918e-10 4.363123186267072080e-03
7.023411371237457594e-10 -1.274762604931017635e-03
8.026755852842808236e-10 2.561942976700978987e-03
9.030100334448158877e-10 1.067547517888509448e-02
1.003344481605351055e-09 1.008130256566139651e-02
1.103678929765886223e-09 1.214039081063217687e-02
1.204013377926421184e-09 9.681951922707165287e-03
1.304347826086956351e-09 6.277068177507833316e-04
1.404682274247491519e-09 1.596859020372019995e-03
1.505016722408026480e-09 4.825512443788252358e-03
1.605351170568561647e-09 9.297801029234945697e-03
1.705685618729096815e-09 9.363283162812489208e-03
1.806020066889631775e-09 9.097962714661289585e-03
1.906354515050166943e-09 4.118735243682412894e-03
2.006688963210702111e-09 1.235913953271896432e-02
2.107023411371237278e-09 6.541157981356883477e-03
2.207357859531772446e-09 7.883704909302855293e-03
2.307692307692307200e-09 1.331544994875466514e-02
2.408026755852842367e-09 6.814477725804049882e-03
2.508361204013377535e-09 9.491592454028495440e-03
2.608695652173912702e-09 8.775409786449590854e-03
2.709030100334447870e-09 1.036916243672564124e-02
2.809364548494983038e-09 1.098711081397796795e-02
2.909698996655517792e-09 1.479846538076995746e-02
3.010033444816052959e-09 9.814920444472083685e-03
3.110367892976588127e-09 3.415022536182889951e-03
3.210702341137123294e-09 8.604947554554057132e-03
3.311036789297658462e-09 3.754021872108599493e-03
3.411371237458193629e-09 1.075855482527404185e-02
3.511705685618728797e-09 1.243002259868586888e-02
3.612040133779263551e-09 8.181116664104204350e-03
3.712374581939798719e-09 1.677554543887857432e-03
3.812709030100333886e-09 7.123506174349385558e-03
3.913043478260868640e-09 -1.050158808131493402e-03
4.013377926421404221e-09 1.073840348634350766e-02
4.113712374581938975e-09 8.572775333462467201e-03
4.214046822742474556e-09 7.066485545497836959e-03
4.314381270903009310e-09 7.550489731586438637e-03
4.414715719063544892e-09 8.917083759601896267e-03
4.515050167224079646e-09 4.160611895449265775e-03
4.615384615384614399e-09 1.046637414692563536e-02
4.715719063545149981e-09 6.671268735958749835e-03
4.816053511705684735e-09 1.074656284773524255e-02
4.916387959866220316e-09 4.599079929359968164e-03
5.016722408026755070e-09 5.900544413712390489e-03
5.117056856187290651e-09 3.076222383145811937e-03
5.217391304347825405e-09 6.606991237584196666e-03
5.317725752508360159e-09 8.136963235878822212e-03
5.418060200668895740e-09 3.266337325452909647e-03
5.518394648829430494e-09 1.121353474603839842e-02
5.618729096989966075e-09 2.660718905992985345e-03
5.719063545150500829e-09 1.585823586196522667e-02
5.819397993311035583e-09 7.339602111576017281e-03
5.919732441471571164e-09 5.829091472449788279e-03
6.020066889632105918e-09 4.857630511246599676e-03
6.120401337792641499e-09 5.964314950333553245e-03
6.220735785953176253e-09 6.102875610439384597e-03
6.321070234113711835e-09 -1.192473788428398624e-03
6.421404682274246589e-09 6.437091823976948124e-03
6.521739130434781343e-09 6.365197341586990853e-03
6.622073578595316924e-09 1.040732841763019820e-02
6.722408026755851678e-09 6.773266754721164046e-03
6.822742474916387259e-09 1.190529539768906374e-02
6.923076923076922013e-09 1.221097048362572088e-02
7.023411371237457594e-09 9.663870794074210652e-03
7.123745819397992348e-09 4.595737850421344368e-03
7.224080267558527102e-09 7.993711711149924237e-03
7.324414715719062683e-09 1.182203470169541568e-02
7.424749163879597437e-09 1.057481132033262147e-02
7.525083612040133018e-09 1.098680592932230540e-02
7.625418060200667772e-09 1.025536793890853733e-02
7.725752508361202526e-09 1.136765058632993250e-02
7.826086956521737280e-09 5.275029428727676280e-03
7.926421404682273689e-09 6.611108768173282017e-03
8.026755852842808442e-09 8.441020599906545047e-03
8.127090301003343196e-09 5.421848408605536504e-03
8.227424749163877950e-09 6.460322466187241701e-03
8.327759197324414359e-09 9.919410520472217441e-03
8.428093645484949113e-09 5.275686992933330960e-03
8.528428093645483867e-09 1.009219327565111408e-02
8.628762541806018621e-09 1.000912229663350993e-02
8.729096989966553375e-09 1.048345301989496263e-02
8.829431438127089783e-09 6.692408154867225331e-03
8.929765886287624537e-09 4.383775818860807631e-03
9.030100334448159291e-09 6.762429159095560867e-03
9.130434782608694045e-09 1.533401628506199724e-02
9.230769230769228799e-09 6.866007828208995668e-03
9.331103678929765207e-09 1.074124182947931369e-02
9.431438127090299961e-09 6.705268796311705283e-03
9.531772575250834715e-09 1.295483658285100093e-02
9.632107023411369469e-09 6.003318414933878598e-03
9.732441471571904223e-09 7.490807608774310844e-03
9.832775919732440632e-09 8.725613453927041907e-03
9.933110367892975386e-09 4.057715125455167889e-03
1.003344481605351014e-08 1.235870362809576503e-02
1.013377926421404489e-08 3.846161009082751762e-06
1.023411371237458130e-08 1.094726536239805717e-02
1.033444816053511606e-08 2.209913021596196167e-02
1.043478260869565081e-08 3.614478657405382697e-03
1.053511705685618556e-08 4.321593634185110985e-03
1.063545150501672032e-08 1.182881313854295020e-02
1.073578595317725673e-08 1.433494437758528126e-02
1.083612040133779148e-08 5.796874913606470461e-03
1.093645484949832623e-08 5.622763774673916401e-03
1.103678929765886099e-08 6.188029363535307165e-03
1.113712374581939574e-08 1.026857921001425762e-02
1.123745819397993215e-08 9.858403823839524335e-03
1.133779264214046690e-08 1.084714831670967328e-02
1.143812709030100166e-08 1.117143359417639009e-02
1.153846153846153641e-08 8.962684828323715450e-03
1.163879598662207117e-08 1.094052840775101322e-02
1.173913043478260757e-08 6.820921866578543921e-03
1.183946488294314233e-08 8.611311700336700056e-03
1.193979933110367708e-08 9.290106610039004786e-03
1.204013377926421184e-08 8.701172396088792046e-03
1.214046822742474824e-08 6.580654619329402884e-03
1.224080267558528300e-08 1.336178056780835260e-02
1.234113712374581775e-08 3.677383727008803199e-03
1.244147157190635251e-08 8.471653626209713420e-03
1.254180602006688726e-08 5.787335610879542486e-03
1.264214046822742367e-08 8.958921174838756218e-03
1.274247491638795842e-08 8.641223505704814789e-03
1.284280936454849318e-08 5.534188540142482605e-03
1.294314381270902793e-08 6.857908197810272735e-03
1.304347826086956269e-08 9.462979705374392411e-03
1.314381270903009909e-08 1.156059384458845048e-02
1.324414715719063385e-08 1.467737029122740018e-02
1.334448160535116860e-08 1.324004289971609724e-02
1.344481605351170336e-08 1.245930687545609115e-02
1.354515050167223811e-08 7.916099177816375565e-03
1.364548494983277452e-08 8.946459419285110459e-03
1.374581939799330927e-08 5.390424180528958532e-03
1.384615384615384403e-08 5.703401785402095227e-03
1.394648829431437878e-08 9.889036652857738710e-03
1.404682274247491519e-08 9.611395479660892610e-03
1.414715719063544994e-08 1.157046631483238559e-02
1.424749163879598470e-08 3.737501218921860519e-03
1.434782608695651945e-08 9.144480156737069473e-03
1.444816053511705420e-08 2.630679955504150978e-03
1.454849498327759061e-08 4.814809257062241041e-03
1.464882943143812537e-08 6.094700604613446752e-03
1.474916387959866012e-08 1.323385885209484372e-02
1.484949832775919487e-08 1.344903398339338842e-02
1.494983277591973128e-08 7.472804633406422356e-03
1.505016722408026604e-08 4.972206752734832647e-03
1.515050167224080079e-08 8.693504942174121175e-03
1.525083612040133554e-08 6.099429105226298123e-03
1.535117056856187030e-08 8.346441802804166477e-03
1.545150501672240505e-08 5.156912673263211282e-03
1.555183946488293981e-08 9.305435269334206769e-03
1.565217391304347456e-08 7.260993321744106492e-03
1.575250836120401262e-08 5.290292809220405353e-03
1.585284280936454738e-08 3.561173765498266280e-03
1.595317725752508213e-08 3.426648296742257631e-04
1.605351170568561688e-08 1.083623917490232104e-02
1.615384615384615164e-08 6.756032409726851762e-03
1.625418060200668639e-08 3.199880331830751243e-03
1.635451505016722115e-08 7.499610575631626003e-03
1.645484949832775590e-08 5.163000217586448913e-03
1.655518394648829065e-08 7.346754079506387196e-03
1.665551839464882872e-08 8.149008553415283337e-03
1.675585284280936347e-08 4.808670948914764605e-03
1.685618729096989823e-08 1.655420396874996954e-03
1.695652173913043298e-08 8.621740110461493384e-03
1.705685618729096773e-08 9.462295117295732930e-03
1.715719063545150249e-08 1.020696913692293109e-02
1.725752508361203724e-08 6.503917774205994137e-03
1.735785953177257200e-08 6.257822631944662088e-03
1.745819397993310675e-08 5.076258088296881250e-03
1.755852842809364150e-08 1.055757965742671473e-02
1.765886287625417957e-08 6.956577368697594403e-03
1.775919732441471432e-08 1.115887346699531366e-02
1.785953177257524907e-08 6.876773102445261779e-04
1.795986622073578383e-08 4.938617620727917164e-03
1.806020066889631858e-08 7.300267566881117609e-03
1.816053511705685334e-08 6.999067426992163291e-03
1.826086956521738809e-08 7.065230771496929310e-03
1.836120401337792284e-08 1.046833002388154396e-02
1.846153846153845760e-08 1.107179255341604607e-02
1.856187290969899566e-08 1.064214419265438125e-02
1.866220735785953041e-08 3.997478467638944551e-03
1.876254180602006517e-08 7.215019242557187476e-03
1.886287625418059992e-08 1.693304103206637974e-03
1.896321070234113468e-08 3.302773428951692042e-03
1.906354515050166943e-08 8.256312865898453660e-03
1.916387959866220418e-08 2.158287764978507675e-03
1.926421404682273894e-08 1.014027960769621831e-02
1.936454849498327369e-08 4.611756690994348387e-03
1.946488294314380845e-08 1.412573477774413389e-02
1.956521739130434651e-08 6.297023097777076917e-03
1.966555183946488126e-08 1.138235190728086564e-02
1.976588628762541602e-08 7.759644971185412909e-03
1.986622073578595077e-08 7.965052444960275466e-03
1.996655518394648553e-08 6.072860750830394623e-03
2.006688963210702028e-08 8.517628395646357001e-03
2.016722408026755503e-08 7.838502849557536095e-03
2.026755852842808979e-08 7.834407265443123908e-03
2.036789297658862454e-08 1.044744904658725590e-02
2.046822742474916260e-08 4.804937932408508486e-03
2.056856187290969736e-08 5.809224245355557904e-03
2.066889632107023211e-08 5.128010055274918877e-03
2.076923076923076687e-08 8.009634594993575094e-03
2.086956521739130162e-08 3.509350302492789120e-03
2.096989966555183637e-08 9.646977476057493062e-03
2.107023411371237113e-08 1.232530092321327576e-02
2.117056856187290588e-08 6.667483151882610745e-03
2.127090301003344064e-08 3.465205696634885042e-03
2.137123745819397539e-08 8.842414530052975299e-03
2.147157190635451345e-08 8.011679218010252929e-03
2.157190635451504821e-08 8.750943673291659147e-03
2.167224080267558296e-08 1.959095604612251431e-03
2.177257525083611771e-08 6.970191343910748551e-03
2.187290969899665247e-08 1.072239057648487724e-02
2.197324414715718722e-08 7.356699664522632631e-03
2.207357859531772198e-08 9.070718307984736856e-03
2.217391304347825673e-08 5.659275312172405183e-03
2.227424749163879148e-08 7.320711162156578675e-03
2.237458193979932955e-08 7.228980051367521649e-03
2.247491638795986430e-08 9.155693264792643879e-03
2.257525083612039905e-08 7.294358769005847634e-03
2.267558528428093381e-08 5.502117318777133108e-03
2.277591973244146856e-08 1.166787496148760650e-02
2.287625418060200332e-08 9.198759868284420854e-03
2.297658862876253807e-08 9.677121237532060327e-03
2.307692307692307282e-08 7.151735199865675435e-03
2.317725752508360758e-08 7.623947399182300771e-03
2.327759197324414233e-08 1.135468809840803860e-02
2.337792642140468040e-08 6.582164034173630662e-03
2.347826086956521515e-08 9.409442564807897133e-03
2.357859531772574990e-08 1.004607793219097073e-02
2.367892976588628466e-08 9.745862886316162058e-03
2.377926421404681941e-08 6.378480974473312547e-03
2.387959866220735417e-08 1.023133026396289350e-02
2.397993311036788892e-08 5.953062926053101674e-03
2.408026755852842367e-08 4.358156925455136319e-03
2.418060200668895843e-08 1.032368071821919940e-02
2.428093645484949649e-08 6.252412196391990071e-03
2.438127090301003124e-08 1.234087263257526400e-02
2.448160535117056600e-08 7.762756427287725164e-03
2.458193979933110075e-08 1.117780720685219650e-02
2.468227424749163551e-08 3.360605369653991027e-03
2.478260869565217026e-08 7.098042558370033089e-03
2.488294314381270501e-08 5.663796220875753906e-03
2.498327759197323977e-08 1.191068169896582381e-02
2.508361204013377452e-08 1.480888185948699837e-02
2.518394648829430928e-08 7.731924750485268810e-03
2.528428093645484734e-08 6.769191315429822810e-03
2.538461538461538209e-08 7.655141146038874425e-03
2.548494983277591685e-08 3.317542030070472735e-03
2.558528428093645160e-08 9.657986814754136035e-03
2.568561872909698635e-08 4.664013520762817257e-03
2.578595317725752111e-08 9.319723156757268867e-03
2.588628762541805586e-08 1.002761595773254272e-02
2.598662207357859062e-08 9.190015975964093559e-03
2.608695652173912537e-08 1.073113621281914475e-02
2.618729096989966343e-08 1.314255893906439952e-02
2.628762541806019819e-08 5.411361470396451774e-03
2.638795986622073294e-08 1.086640321615929376e-02
2.648829431438126769e-08 4.611662859932324013e-03
2.658862876254180245e-08 1.432382022451627983e-02
2.668896321070233720e-08 8.258197867508082837e-03
2.678929765886287196e-08 7.809883130080852442e-03
2.688963210702340671e-08 1.668444804815833599e-02
2.698996655518394146e-08 4.735208140974036563e-03
2.709030100334447622e-08 3.085263143847823825e-03
2.719063545150501428e-08 6.244697498522660227e-03
2.729096989966554904e-08 7.175486309842334098e-03
2.739130434782608379e-08 1.009826643189829648e-02
2.749163879598661854e-08 2.171933300852846565e-03
2.759197324414715330e-08 3.048829281839707250e-03
2.769230769230768805e-08 9.330941784373077488e-03
2.779264214046822281e-08 8.761137044023634135e-03
2.789297658862875756e-08 5.862928308822712084e-03
2.799331103678929231e-08 5.588332523147458188e-03
2.809364548494983038e-08 1.125082049123095514e-02
2.819397993311036513e-08 2.010527819141706522e-03
2.829431438127089988e-08 8.119501230949279988e-03
2.839464882943143464e-08 1.300030598074036065e-02
2.849498327759196939e-08 2.656137631970781083e-03
2.859531772575250415e-08 8.694119946678693922e-03
2.869565217391303890e-08 1.131112223310664494e-02
2.879598662207357365e-08 7.541167658388439783e-03
2.889632107023410841e-08 5.825750279814303004e-03
2.899665551839464316e-08 2.821479224972807745e-03
2.909698996655518122e-08 4.160559875050551422e-03
2.919732441471571598e-08 1.249620206233503610e-02
2.929765886287625073e-08 7.846104862273918512e-03
2.939799331103678549e-08 1.158951261851693705e-02
2.949832775919732024e-08 7.082735233264973902e-03
2.959866220735785499e-08 7.285667965954769308e-03
2.969899665551838975e-08 9.387495206540251089e-03
2.979933110367892450e-08 1.246217571516927084e-03
2.989966555183946256e-08 5.417422346122551489e-03
2.999999999999999732e-08 5.361542845111200162e-03
