0.000000000000000000e+00 9.999999999999995559e-01
1.003344481605351029e-10 9.353834408817554014e-01
2.006688963210702059e-10 7.879850131107872802e-01
3.010033444816052959e-10 6.443763321518582998e-01
4.013377926421404118e-10 5.490306915161801138e-01
5.016722408026755277e-10 4.929120148236164067e-01
6.020066889632105918e-10 4.515878995684591835e-01
7.023411371237457594e-10 4.078639488052060447e-01
8.026755852842808236e-10 3.569794676442585302e-01
9.030100334448158877e-10 3.094468114329078645e-01
1.003344481605351055e-09 2.787214704453647718e-01
1.103678929765886223e-09 2.610230774725078584e-01
1.204013377926421184e-09 2.383959171350606421e-01
1.304347826086956351e-09 2.008793245979970388e-01
1.404682274247491519e-09 1.555256031819480800e-01
1.505016722408026480e-09 1.162203044558341447e-01
1.605351170568561647e-09 9.145597159530710618e-02
1.705685618729096815e-09 7.895390483955525007e-02
1.806020066889631775e-09 6.904750416214641695e-02
1.906354515050166943e-09 5.536918714730307278e-02
2.006688963210702111e-09 4.089256807078604783e-02
2.107023411371237278e-09 3.130571889053429535e-02
2.207357859531772446e-09 2.622531439734356734e-02
2.307692307692307200e-09 1.988770768518442755e-02
2.408026755852842367e-09 8.050055975984829817e-03
2.508361204013377535e-09 -7.150375416967334405e-03
2.608695652173912702e-09 -1.847460810973081125e-02
2.709030100334447870e-09 -2.074941975445825787e-02
2.809364548494983038e-09 -1.659461196704378055e-02
2.909698996655517792e-09 -1.284891579628919672e-02
3.010033444816052959e-09 -1.261377368434330425e-02
3.110367892976588127e-09 -1.362562003927741440e-02
3.210702341137123294e-09 -1.269707391516391656e-02
3.311036789297658462e-09 -9.214817650792940518e-03
3.411371237458193629e-09 -5.659475296641717883e-03
3.511705685618728797e-09 -5.421874065564099426e-03
3.612040133779263551e-09 -8.468852008976783530e-03
3.712374581939798719e-09 -1.016087462297067187e-02
3.812709030100333886e-09 -6.622115278227558646e-03
3.913043478260868640e-09 3.242516263792256243e-04
4.013377926421404221e-09 5.829114717042801694e-03
4.113712374581938975e-09 7.977869904280661048e-03
4.214046822742474556e-09 9.119673705602470565e-03
4.314381270903009310e-09 1.229875956565907105e-02
4.414715719063544892e-09 1.772303834359657479e-02
4.515050167224079646e-09 2.261315326548778495e-02
4.615384615384614399e-09 2.410862399009768356e-02
4.715719063545149981e-09 2.210614918477456572e-02
4.816053511705684735e-09 1.923619384102002658e-02
4.916387959866220316e-09 1.832124778158074341e-02
5.016722408026755070e-09 1.968606536803007429e-02
5.117056856187290651e-09 2.081491850404287858e-02
5.217391304347825405e-09 1.948389871516109997e-02
5.317725752508360159e-09 1.718150019357442271e-02
5.418060200668895740e-09 1.755483267255594088e-02
5.518394648829430494e-09 2.128391672079573207e-02
5.618729096989966075e-09 2.493417365953409792e-02
5.719063545150500829e-09 2.535481098817643497e-02
5.819397993311035583e-09 2.294650698933192387e-02
5.919732441471571164e-09 2.025299665853152672e-02
6.020066889632105918e-09 1.919736960112795876e-02
6.120401337792641499e-09 1.982096705903899775e-02
6.220735785953176253e-09 2.054128991635698759e-02
6.321070234113711835e-09 1.988584763040166306e-02
6.421404682274246589e-09 1.847988257378230595e-02
6.521739130434781343e-09 1.857257011373517758e-02
6.622073578595316924e-09 2.126682663410705415e-02
6.722408026755851678e-09 2.505753871920434958e-02
6.822742474916387259e-09 2.753057569502533747e-02
6.923076923076922013e-09 2.806720335453000148e-02
7.023411371237457594e-09 2.840182846659979055e-02
7.123745819397992348e-09 3.034443650635352749e-02
7.224080267558527102e-09 3.333780804606756298e-02
7.324414715719062683e-09 3.500594598203244506e-02
7.424749163879597437e-09 3.409359835238296582e-02
7.525083612040133018e-09 3.203251322360359254e-02
7.625418060200667772e-09 3.128253511030620188e-02
7.725752508361202526e-09 3.254648537579617196e-02
7.826086956521737280e-09 3.403418590398015614e-02
7.926421404682273689e-09 3.366609841817370247e-02
8.026755852842808442e-09 3.166112377026305408e-02
8.127090301003343196e-09 3.009029913584958249e-02
8.227424749163877950e-09 2.998831464665486363e-02
8.327759197324414359e-09 3.020818154437628772e-02
8.428093645484949113e-09 2.922028057956467875e-02
8.528428093645483867e-09 2.666961110141383151e-02
8.628762541806018621e-09 2.321000747446699125e-02
8.729096989966553375e-09 2.019005002030165724e-02
8.829431438127089783e-09 1.910186739049302140e-02
8.929765886287624537e-09 1.979992392496061557e-02
9.030100334448159291e-09 1.983530813771068255e-02
9.130434782608694045e-09 1.714443383073195951e-02
9.230769230769228799e-09 1.278036880146043303e-02
9.331103678929765207e-09 9.385851484717605206e-03
9.431438127090299961e-09 7.489716101942926751e-03
9.531772575250834715e-09 5.039721358471968733e-03
9.632107023411369469e-09 6.567700212056379284e-04
9.732441471571904223e-09 -4.151932592474612445e-03
9.832775919732440632e-09 -6.779653474582713474e-03
9.933110367892975386e-09 -6.705293958162581586e-03
1.003344481605351014e-08 -5.916255089614618282e-03
1.013377926421404489e-08 -6.412596292437734193e-03
1.023411371237458130e-08 -8.210576889261777742e-03
1.033444816053511606e-08 -9.883088481677158171e-03
1.043478260869565081e-08 -1.036681394266031862e-02
1.053511705685618556e-08 -9.985323849630078907e-03
1.063545150501672032e-08 -9.848553547251179610e-03
1.073578595317725673e-08 -1.020205141441420278e-02
1.083612040133779148e-08 -9.674669616075323025e-03
1.093645484949832623e-08 -6.835003662630531260e-03
1.103678929765886099e-08 -2.222247992866798437e-03
1.113712374581939574e-08 2.107849351808881687e-03
1.123745819397993215e-08 4.811788543322145090e-03
1.133779264214046690e-08 6.101882645071687351e-03
1.143812709030100166e-08 6.771085370427877212e-03
1.153846153846153641e-08 7.362844702593908733e-03
1.163879598662207117e-08 7.989911189379146628e-03
1.173913043478260757e-08 8.313588095614266732e-03
1.183946488294314233e-08 8.074447744650988662e-03
1.193979933110367708e-08 7.789521506303164096e-03
1.204013377926421184e-08 8.175901979709035428e-03
1.214046822742474824e-08 8.920118254525445309e-03
1.224080267558528300e-08 8.953431930659314780e-03
1.234113712374581775e-08 7.904772681641910465e-03
1.244147157190635251e-08 6.524013333278486787e-03
1.254180602006688726e-08 5.830038146601109784e-03
1.264214046822742367e-08 6.273444385215904730e-03
1.274247491638795842e-08 7.321615084850371588e-03
1.284280936454849318e-08 7.661770264238895560e-03
1.294314381270902793e-08 6.428682989454745367e-03
1.304347826086956269e-08 4.361103334831769804e-03
1.314381270903009909e-08 3.148937051394155515e-03
1.324414715719063385e-08 3.547261945821248048e-03
1.334448160535116860e-08 4.590953271780800170e-03
1.344481605351170336e-08 4.849801755636534185e-03
1.354515050167223811e-08 4.283097937201337836e-03
1.364548494983277452e-08 4.458233921290580097e-03
1.374581939799330927e-08 6.642979806572322198e-03
1.384615384615384403e-08 1.016831834598482844e-02
1.394648829431437878e-08 1.324276142858892349e-02
1.404682274247491519e-08 1.473562295702543837e-02
1.414715719063544994e-08 1.456461634350682613e-02
1.424749163879598470e-08 1.334572324269642750e-02
1.434782608695651945e-08 1.228364869549363088e-02
1.444816053511705420e-08 1.219169778871468691e-02
1.454849498327759061e-08 1.230559340102815868e-02
1.464882943143812537e-08 1.151084136189652572e-02
1.474916387959866012e-08 1.052748012766442989e-02
1.484949832775919487e-08 1.099346594611350439e-02
1.494983277591973128e-08 1.275120320410504278e-02
1.505016722408026604e-08 1.395758335901463830e-02
1.515050167224080079e-08 1.350427729232174003e-02
1.525083612040133554e-08 1.190316646509210347e-02
1.535117056856187030e-08 1.035735206934972931e-02
1.545150501672240505e-08 9.852674278333244107e-03
1.555183946488293981e-08 1.050260457819291934e-02
1.565217391304347456e-08 1.141433629192948294e-02
1.575250836120401262e-08 1.165163703401288393e-02
1.585284280936454738e-08 1.101985480578185524e-02
1.595317725752508213e-08 9.654905751979159581e-03
1.605351170568561688e-08 7.728163759148105189e-03
1.615384615384615164e-08 5.737970068903305160e-03
1.625418060200668639e-08 4.154094524917622926e-03
1.635451505016722115e-08 2.917158066290195979e-03
1.645484949832775590e-08 2.025843862340801459e-03
1.655518394648829065e-08 1.917492665977983289e-03
1.665551839464882872e-08 2.551666468470621413e-03
1.675585284280936347e-08 3.013492010169321975e-03
1.685618729096989823e-08 2.609154432940360459e-03
1.695652173913043298e-08 1.628618435645704052e-03
1.705685618729096773e-08 7.984444598957726562e-04
1.715719063545150249e-08 4.452310130263464200e-04
1.725752508361203724e-08 1.709909457654201770e-04
1.735785953177257200e-08 -6.038914498736156367e-04
1.745819397993310675e-08 -1.533761984261691053e-03
1.755852842809364150e-08 -1.496640903360020938e-03
1.765886287625417957e-08 -3.866334745150352796e-04
1.775919732441471432e-08 4.569757347262352366e-04
1.785953177257524907e-08 3.269672996956286132e-04
1.795986622073578383e-08 1.493598325699699476e-04
1.806020066889631858e-08 6.938316798116525054e-04
1.816053511705685334e-08 1.419720784524992029e-03
1.826086956521738809e-08 1.727586382255415177e-03
1.836120401337792284e-08 1.759508393531698453e-03
1.846153846153845760e-08 1.499217515050423923e-03
1.856187290969899566e-08 5.837098289761023535e-04
1.866220735785953041e-08 -6.290062541766328541e-04
1.876254180602006517e-08 -1.102559591640494760e-03
1.886287625418059992e-08 -5.349196999933769755e-04
1.896321070234113468e-08 2.352754768196838476e-04
1.906354515050166943e-08 3.722490078909715741e-04
1.916387959866220418e-08 -8.072389672458650522e-05
1.926421404682273894e-08 -3.514604107695705384e-04
1.936454849498327369e-08 4.865077153088722024e-04
1.946488294314380845e-08 2.606279195652003687e-03
1.956521739130434651e-08 4.780478392056350390e-03
1.966555183946488126e-08 5.568790474123315806e-03
1.976588628762541602e-08 5.356235933554999787e-03
1.986622073578595077e-08 5.772289812990149052e-03
1.996655518394648553e-08 6.991965958962441732e-03
2.006688963210702028e-08 7.619898678396972228e-03
2.016722408026755503e-08 7.396833586946688528e-03
2.026755852842808979e-08 7.767553481504842899e-03
2.036789297658862454e-08 9.558010793777193745e-03
2.046822742474916260e-08 1.196903639297118051e-02
2.056856187290969736e-08 1.368266894577658405e-02
2.066889632107023211e-08 1.371377134127662635e-02
2.076923076923076687e-08 1.212317846476162857e-02
2.086956521739130162e-08 1.061388392353997644e-02
2.096989966555183637e-08 1.084566895908075507e-02
2.107023411371237113e-08 1.203314422984102204e-02
2.117056856187290588e-08 1.219276103290631644e-02
2.127090301003344064e-08 1.126816872488533954e-02
2.137123745819397539e-08 1.078476997071059311e-02
2.147157190635451345e-08 1.120501029032747696e-02
2.157190635451504821e-08 1.175305380235823483e-02
2.167224080267558296e-08 1.218237173340540325e-02
2.177257525083611771e-08 1.308919499431906823e-02
2.187290969899665247e-08 1.459557058960307685e-02
2.197324414715718722e-08 1.555693363619808055e-02
2.207357859531772198e-08 1.487593595833815695e-02
2.217391304347825673e-08 1.362353654363238596e-02
2.227424749163879148e-08 1.390870060764017209e-02
2.237458193979932955e-08 1.509046458928436571e-02
2.247491638795986430e-08 1.450259916085469732e-02
2.257525083612039905e-08 1.267677254256840448e-02
2.267558528428093381e-08 1.294240785769694077e-02
2.277591973244146856e-08 1.520020902723828206e-02
2.287625418060200332e-08 1.603815200443332520e-02
2.297658862876253807e-08 1.500678252922678715e-02
2.307692307692307282e-08 1.441317482925131080e-02
2.317725752508360758e-08 1.417288522239699457e-02
2.327759197324414233e-08 1.304626050583821209e-02
2.337792642140468040e-08 1.209339943350289798e-02
2.347826086956521515e-08 1.161215748756774108e-02
2.357859531772574990e-08 9.370514438320943704e-03
2.367892976588628466e-08 5.877239818629661702e-03
2.377926421404681941e-08 5.076588472414420017e-03
2.387959866220735417e-08 7.281394462355329431e-03
2.397993311036788892e-08 8.553732801859413593e-03
2.408026755852842367e-08 7.775118933001100123e-03
2.418060200668895843e-08 7.037801566700425948e-03
2.428093645484949649e-08 6.250078293399268480e-03
2.438127090301003124e-08 4.220561827590804324e-03
2.448160535117056600e-08 2.401314394752486654e-03
2.458193979933110075e-08 1.997049324855591085e-03
2.468227424749163551e-08 1.290418677856929215e-03
2.478260869565217026e-08 -3.906305519983015520e-04
2.488294314381270501e-08 -9.787574636554753627e-04
2.498327759197323977e-08 -5.103255776540667824e-05
2.508361204013377452e-08 3.333777709969732318e-04
2.518394648829430928e-08 -1.817960281206949195e-04
2.528428093645484734e-08 -1.209833401053853324e-04
2.538461538461538209e-08 3.384453857361966085e-04
2.548494983277591685e-08 -8.337737645073108658e-05
2.558528428093645160e-08 -9.960182740615564252e-04
2.568561872909698635e-08 -1.211149599593269472e-03
2.578595317725752111e-08 -8.712300305224835936e-04
2.588628762541805586e-08 -7.438344478941367847e-04
2.598662207357859062e-08 -7.497779770801760732e-04
2.608695652173912537e-08 -1.927958830321319528e-04
2.618729096989966343e-08 1.365591301697736439e-03
2.628762541806019819e-08 3.685939710068589052e-03
2.638795986622073294e-08 6.073319161426137848e-03
2.648829431438126769e-08 8.048643066044162617e-03
2.658862876254180245e-08 9.312770035251499365e-03
2.668896321070233720e-08 9.220729197238854147e-03
2.678929765886287196e-08 7.666278827724880285e-03
2.688963210702340671e-08 6.125225710725841662e-03
2.698996655518394146e-08 5.997273087215398112e-03
2.709030100334447622e-08 6.654103516191770505e-03
2.719063545150501428e-08 6.854961635723018192e-03
2.729096989966554904e-08 6.558984859225675326e-03
2.739130434782608379e-08 5.836244376458929115e-03
2.749163879598661854e-08 4.331558603197112160e-03
2.759197324414715330e-08 3.019312457794575376e-03
2.769230769230768805e-08 3.706997645017457051e-03
2.779264214046822281e-08 6.170660142120855569e-03
2.789297658862875756e-08 8.674444571299696691e-03
2.799331103678929231e-08 1.102134771919140339e-02
2.809364548494983038e-08 1.397283999981342902e-02
2.819397993311036513e-08 1.648985776766520236e-02
2.829431438127089988e-08 1.657965369900309474e-02
2.839464882943143464e-08 1.412744225519479459e-02
2.849498327759196939e-08 1.092669425298241175e-02
2.859531772575250415e-08 8.863774647967640960e-03
2.869565217391303890e-08 8.906426438736016540e-03
2.879598662207357365e-08 1.067696841498431623e-02
2.889632107023410841e-08 1.276392324459007556e-02
2.899665551839464316e-08 1.402565799537031956e-02
2.909698996655518122e-08 1.402180594205178731e-02
2.919732441471571598e-08 1.251500843893888285e-02
2.929765886287625073e-08 1.010622922580777135e-02
2.939799331103678549e-08 8.451145272198619732e-03
2.949832775919732024e-08 8.006239621802321502e-03
2.959866220735785499e-08 7.170082788467492182e-03
2.969899665551838975e-08 5.275202899903869841e-03
2.979933110367892450e-08 3.909722210776817031e-03
2.989966555183946256e-08 3.862483454634521758e-03
2.999999999999999732e-08 3.801234569454300244e-03
