0.000000000000000000e+00 9.999999999999995559e-01
1.003344481605351029e-10 2.807828269537498977e-01
2.006688963210702059e-10 4.330377444949498611e-02
3.010033444816052959e-10 -1.239721226647191865e-02
4.013377926421404118e-10 4.204087358623861091e-03
5.016722408026755277e-10 1.889250466589861496e-02
6.020066889632105918e-10 1.952681985348519653e-02
7.023411371237457594e-10 2.808509502086837736e-02
8.026755852842808236e-10 3.322122774175487181e-02
9.030100334448158877e-10 1.993854291834049747e-02
1.003344481605351055e-09 -6.632715559372526562e-03
1.103678929765886223e-09 -6.876992863194078889e-03
1.204013377926421184e-09 7.794610184169463961e-03
1.304347826086956351e-09 6.780217468645865879e-03
1.404682274247491519e-09 1.249821455039212652e-02
1.505016722408026480e-09 1.204297062405722957e-02
1.605351170568561647e-09 1.038109633071637727e-02
1.705685618729096815e-09 2.206523341475503854e-03
1.806020066889631775e-09 2.049327328194198473e-04
1.906354515050166943e-09 -3.138718847166942910e-04
2.006688963210702111e-09 5.945810666777438108e-03
2.107023411371237278e-09 1.056569438391605220e-02
2.207357859531772446e-09 1.456390275420977459e-02
2.307692307692307200e-09 1.607286885225995415e-02
2.408026755852842367e-09 6.774511873114483045e-03
2.508361204013377535e-09 -1.017547374127592994e-03
2.608695652173912702e-09 -7.495886230799496484e-04
2.709030100334447870e-09 6.737722844045816555e-03
2.809364548494983038e-09 7.303189801813634446e-03
2.909698996655517792e-09 1.141739114314746506e-02
3.010033444816052959e-09 3.805170203180131654e-03
3.110367892976588127e-09 8.180450998317810932e-03
3.210702341137123294e-09 3.370440904353002361e-03
3.311036789297658462e-09 4.436804227095913176e-03
3.411371237458193629e-09 4.566759236440150541e-03
3.511705685618728797e-09 3.254106680921789539e-03
3.612040133779263551e-09 9.500140393697321939e-03
3.712374581939798719e-09 3.073943597388139812e-03
3.812709030100333886e-09 9.200184994895143839e-03
3.913043478260868640e-09 5.417056959081223248e-03
4.013377926421404221e-09 7.014261766368809492e-03
4.113712374581938975e-09 3.297636568909166795e-03
4.214046822742474556e-09 9.460186047975417678e-04
4.314381270903009310e-09 5.805048320557412364e-03
4.414715719063544892e-09 1.066911059352981112e-02
4.515050167224079646e-09 6.114748464514071884e-03
4.615384615384614399e-09 1.098669128546158301e-02
4.715719063545149981e-09 3.848845999184210241e-03
4.816053511705684735e-09 4.865560000010303934e-03
4.916387959866220316e-09 1.721647279093457741e-03
5.016722408026755070e-09 4.254663995709515381e-03
5.117056856187290651e-09 1.083375787565414410e-02
5.217391304347825405e-09 6.969149948035951829e-03
5.317725752508360159e-09 5.907055597009530819e-03
5.418060200668895740e-09 3.850517317079199184e-03
5.518394648829430494e-09 9.330435805748099956e-03
5.618729096989966075e-09 8.262761232188825869e-03
5.719063545150500829e-09 6.684935478240835310e-03
5.819397993311035583e-09 6.610469036767520346e-03
5.919732441471571164e-09 1.001050349365872200e-02
6.020066889632105918e-09 1.016509400240464545e-02
6.120401337792641499e-09 4.307400051832540287e-03
6.220735785953176253e-09 -3.346618918984992693e-03
6.321070234113711835e-09 4.663802013334118410e-03
6.421404682274246589e-09 7.759238264024178287e-03
6.521739130434781343e-09 7.332192328062405763e-03
6.622073578595316924e-09 1.152022299957094521e-02
6.722408026755851678e-09 6.955874916319632929e-03
6.822742474916387259e-09 1.182168829857665852e-02
6.923076923076922013e-09 4.620509713972350933e-03
7.023411371237457594e-09 8.754737158436543681e-03
7.123745819397992348e-09 1.000320764825494459e-02
7.224080267558527102e-09 8.594247296262003816e-03
7.324414715719062683e-09 4.201225812837747035e-03
7.424749163879597437e-09 5.671193419045263487e-03
7.525083612040133018e-09 4.564319751575728577e-03
7.625418060200667772e-09 8.002373732514788535e-03
7.725752508361202526e-09 1.362586482821794877e-02
7.826086956521737280e-09 9.723897645627969932e-03
7.926421404682273689e-09 1.299280244557183758e-02
8.026755852842808442e-09 1.556541865464414372e-02
8.127090301003343196e-09 1.067965026915656569e-02
8.227424749163877950e-09 5.383044016191739813e-03
8.327759197324414359e-09 6.527802699442066849e-03
8.428093645484949113e-09 7.838976563459052957e-03
8.528428093645483867e-09 2.601159666459147875e-04
8.628762541806018621e-09 1.558683253960946400e-03
8.729096989966553375e-09 1.321711204635446849e-02
8.829431438127089783e-09 9.273180402225342234e-03
8.929765886287624537e-09 2.473512474996380963e-03
9.030100334448159291e-09 3.864250380950055310e-04
9.130434782608694045e-09 3.496615372459581633e-03
9.230769230769228799e-09 8.993103687232660223e-03
9.331103678929765207e-09 1.121409317413326126e-02
9.431438127090299961e-09 1.168174460539073839e-02
9.531772575250834715e-09 8.607854218286718415e-03
9.632107023411369469e-09 2.751703161762616198e-03
9.732441471571904223e-09 4.639995330956277197e-03
9.832775919732440632e-09 3.297763680685144964e-03
9.933110367892975386e-09 4.988274036903982481e-03
1.003344481605351014e-08 5.265399348528315183e-03
1.013377926421404489e-08 9.342748102934877313e-03
1.023411371237458130e-08 6.064551972312446325e-03
1.033444816053511606e-08 5.875900860354014467e-03
1.043478260869565081e-08 8.682557720331766926e-03
1.053511705685618556e-08 6.209853452469424329e-03
1.063545150501672032e-08 9.180627015031346191e-03
1.073578595317725673e-08 6.316466740901479672e-03
1.083612040133779148e-08 5.807750334038954895e-03
1.093645484949832623e-08 6.069526895990370874e-03
1.103678929765886099e-08 7.474777721281107914e-03
1.113712374581939574e-08 3.119364504153071191e-03
1.123745819397993215e-08 9.026721904559227572e-03
1.133779264214046690e-08 5.610464875306142574e-03
1.143812709030100166e-08 2.317309537403533602e-03
1.153846153846153641e-08 8.443153118171699972e-03
1.163879598662207117e-08 3.540312360095860134e-03
1.173913043478260757e-08 1.491766304128123131e-03
1.183946488294314233e-08 9.626428348150112280e-03
1.193979933110367708e-08 8.353911205319239364e-03
1.204013377926421184e-08 6.364739414361545410e-03
1.214046822742474824e-08 4.558758884334977203e-03
1.224080267558528300e-08 6.072333470830334860e-03
1.234113712374581775e-08 1.226334833997471535e-02
1.244147157190635251e-08 7.272842787586887049e-03
1.254180602006688726e-08 2.561642497119207169e-03
1.264214046822742367e-08 2.428703470033982161e-03
1.274247491638795842e-08 9.860512203428577899e-03
1.284280936454849318e-08 8.739641350410842086e-03
1.294314381270902793e-08 8.569731427253609798e-03
1.304347826086956269e-08 1.070254512360347895e-02
1.314381270903009909e-08 2.282146548834890383e-03
1.324414715719063385e-08 7.455272776245467845e-03
1.334448160535116860e-08 5.822265083696125630e-03
1.344481605351170336e-08 7.731962085799170929e-03
1.354515050167223811e-08 8.487590459309400995e-03
1.364548494983277452e-08 1.003066446523273071e-02
1.374581939799330927e-08 6.955926999945361185e-03
1.384615384615384403e-08 1.201109866186610186e-03
1.394648829431437878e-08 9.628730937640320696e-04
1.404682274247491519e-08 6.833852045200612853e-03
1.414715719063544994e-08 1.231720822969991497e-02
1.424749163879598470e-08 1.450581847453611718e-02
1.434782608695651945e-08 1.106321508252676444e-02
1.444816053511705420e-08 9.654744323417410734e-03
1.454849498327759061e-08 6.659192179489538226e-03
1.464882943143812537e-08 7.736643097032522287e-03
1.474916387959866012e-08 8.982288127493232716e-03
1.484949832775919487e-08 5.062022919092379683e-03
1.494983277591973128e-08 3.180682614024125596e-03
1.505016722408026604e-08 2.948471329390175977e-03
1.515050167224080079e-08 7.364149650905853044e-03
1.525083612040133554e-08 9.628616333593104093e-03
1.535117056856187030e-08 6.257128410005266539e-03
1.545150501672240505e-08 4.807637162557504805e-03
1.555183946488293981e-08 1.105778451889288978e-02
1.565217391304347456e-08 1.369092450268300128e-02
1.575250836120401262e-08 1.452887119212226130e-02
1.585284280936454738e-08 9.443457817471152121e-03
1.595317725752508213e-08 3.412646176045038438e-03
1.605351170568561688e-08 -6.614197917985612917e-04
1.615384615384615164e-08 1.056378052454841343e-02
1.625418060200668639e-08 8.382388017089202614e-03
1.635451505016722115e-08 1.247988093809513158e-02
1.645484949832775590e-08 1.289508606164105863e-02
1.655518394648829065e-08 8.730246522762739880e-03
1.665551839464882872e-08 3.902110974432513278e-03
1.675585284280936347e-08 4.336212860926108061e-03
1.685618729096989823e-08 8.096329609899727275e-03
1.695652173913043298e-08 1.008783769373290500e-02
1.705685618729096773e-08 7.314511160938561192e-03
1.715719063545150249e-08 5.955721911240222793e-03
1.725752508361203724e-08 8.101577053306651191e-03
1.735785953177257200e-08 1.407953735968178917e-02
1.745819397993310675e-08 1.030669447347573250e-02
1.755852842809364150e-08 6.562880958551060677e-03
1.765886287625417957e-08 7.195069971302470863e-03
1.775919732441471432e-08 6.111078528598590937e-03
1.785953177257524907e-08 6.941254820631410048e-03
1.795986622073578383e-08 1.056860129452594915e-02
1.806020066889631858e-08 1.114755635424114107e-02
1.816053511705685334e-08 1.721291542023901250e-02
1.826086956521738809e-08 4.306096643977792675e-03
1.836120401337792284e-08 1.140938583493216439e-02
1.846153846153845760e-08 1.107061733456383631e-02
1.856187290969899566e-08 7.514662574820567091e-03
1.866220735785953041e-08 7.379172190215125583e-03
1.876254180602006517e-08 1.292694421211915135e-02
1.886287625418059992e-08 6.866004089120416112e-03
1.896321070234113468e-08 6.952580879006681550e-03
1.906354515050166943e-08 4.639883022795152946e-03
1.916387959866220418e-08 1.141277410384960826e-02
1.926421404682273894e-08 1.541583136352506385e-02
1.936454849498327369e-08 6.406177366030834860e-03
1.946488294314380845e-08 6.448091959785594296e-03
1.956521739130434651e-08 1.294811856639428715e-02
1.966555183946488126e-08 7.271718103004282986e-03
1.976588628762541602e-08 4.367898883647643171e-03
1.986622073578595077e-08 6.867605727717007898e-03
1.996655518394648553e-08 9.028657164358406054e-03
2.006688963210702028e-08 8.543042008645931884e-03
2.016722408026755503e-08 4.534029797672024971e-03
2.026755852842808979e-08 7.064705164232954610e-03
2.036789297658862454e-08 4.726967866851017504e-03
2.046822742474916260e-08 3.305184266976599755e-03
2.056856187290969736e-08 2.227251842776051607e-03
2.066889632107023211e-08 9.799380221860413617e-03
2.076923076923076687e-08 8.558213116200847834e-03
2.086956521739130162e-08 9.838039156489359477e-03
2.096989966555183637e-08 6.347793992225972404e-03
2.107023411371237113e-08 6.651003015238867409e-03
2.117056856187290588e-08 3.413548428363466416e-03
2.127090301003344064e-08 8.624725087080595959e-03
2.137123745819397539e-08 7.542238997080583617e-03
2.147157190635451345e-08 1.628413747588791302e-02
2.157190635451504821e-08 9.818163233587168248e-03
2.167224080267558296e-08 1.936117277553210019e-03
2.177257525083611771e-08 3.758764524863116886e-03
2.187290969899665247e-08 1.025643291983853456e-02
2.197324414715718722e-08 8.626780939818907284e-03
2.207357859531772198e-08 4.250554445450740668e-03
2.217391304347825673e-08 8.706179444555216945e-03
2.227424749163879148e-08 2.307190732669839490e-03
2.237458193979932955e-08 1.775379252920931700e-03
2.247491638795986430e-08 7.645858272751682519e-03
2.257525083612039905e-08 5.796249708948865605e-03
2.267558528428093381e-08 1.057803545024606565e-02
2.277591973244146856e-08 8.813766582962782870e-03
2.287625418060200332e-08 5.731475662773322967e-03
2.297658862876253807e-08 8.419915399033870221e-03
2.307692307692307282e-08 8.894779724375634355e-03
2.317725752508360758e-08 1.520018868517633397e-02
2.327759197324414233e-08 1.020402517899751151e-02
2.337792642140468040e-08 1.236780191246346881e-02
2.347826086956521515e-08 1.320365676265597421e-02
2.357859531772574990e-08 1.567638053016966529e-02
2.367892976588628466e-08 1.298765046991716063e-02
2.377926421404681941e-08 1.040882945705792761e-02
2.387959866220735417e-08 5.298893277065563033e-03
2.397993311036788892e-08 9.677156051237712983e-03
2.408026755852842367e-08 7.392128009150678893e-03
2.418060200668895843e-08 7.422190658705129888e-03
2.428093645484949649e-08 4.905750036594851669e-03
2.438127090301003124e-08 1.487779874158161059e-04
2.448160535117056600e-08 8.226274168217048363e-03
2.458193979933110075e-08 4.378374898083601391e-03
2.468227424749163551e-08 7.916478418771659073e-03
2.478260869565217026e-08 6.529013567239147324e-03
2.488294314381270501e-08 8.260639772143682502e-03
2.498327759197323977e-08 9.791546995092392097e-03
2.508361204013377452e-08 1.093475112717529237e-02
2.518394648829430928e-08 1.561044224304255004e-03
2.528428093645484734e-08 8.406730348034165134e-03
2.538461538461538209e-08 9.846297446987136923e-03
2.548494983277591685e-08 3.837278752375929310e-03
2.558528428093645160e-08 3.019454488857051602e-03
2.568561872909698635e-08 7.992718942654720993e-03
2.578595317725752111e-08 1.211406224182079786e-02
2.588628762541805586e-08 7.614009748280289001e-03
2.598662207357859062e-08 5.006621244895465180e-03
2.608695652173912537e-08 2.215559303007548497e-03
2.618729096989966343e-08 1.165144535551130775e-02
2.628762541806019819e-08 9.341980341179972891e-03
2.638795986622073294e-08 4.969065771271143246e-03
2.648829431438126769e-08 5.046512101024600537e-03
2.658862876254180245e-08 3.905004687017037991e-03
2.668896321070233720e-08 4.937420141144725771e-03
2.678929765886287196e-08 9.358989686131049396e-03
2.688963210702340671e-08 4.486229350285127074e-04
2.698996655518394146e-08 5.431696857390934038e-03
2.709030100334447622e-08 2.828788818348476706e-03
2.719063545150501428e-08 6.819251181742714760e-03
2.729096989966554904e-08 5.549055956292967343e-03
2.739130434782608379e-08 7.740664059530579649e-03
2.749163879598661854e-08 1.038136810776754855e-02
2.759197324414715330e-08 1.097516225655415997e-02
2.769230769230768805e-08 5.255311749499992809e-03
2.779264214046822281e-08 8.818057655536986478e-03
2.789297658862875756e-08 7.650191803707003489e-03
2.799331103678929231e-08 6.614223464149358508e-03
2.809364548494983038e-08 1.091984264409296811e-03
2.819397993311036513e-08 4.374860848210388592e-03
2.829431438127089988e-08 4.655246844028806084e-03
2.839464882943143464e-08 5.592438626935224144e-03
2.849498327759196939e-08 4.496548379532371194e-03
2.859531772575250415e-08 1.296981928232657406e-04
2.869565217391303890e-08 1.107963664490120397e-02
2.879598662207357365e-08 1.515545020499986517e-02
2.889632107023410841e-08 8.236540323954320494e-03
2.899665551839464316e-08 8.039945672945964308e-03
2.909698996655518122e-08 3.516788333710444553e-03
2.919732441471571598e-08 4.882675119345075872e-03
2.929765886287625073e-08 2.749820230920692766e-03
2.939799331103678549e-08 1.018125393663292435e-03
2.949832775919732024e-08 2.099931004538482197e-03
2.959866220735785499e-08 9.001735859960740063e-03
2.969899665551838975e-08 1.003463576800364687e-02
2.979933110367892450e-08 1.153331892598011797e-02
2.989966555183946256e-08 4.929333346305507860e-03
2.999999999999999732e-08 3.855900672676514963e-03
