0.000000000000000000e+00 9.999999999999995559e-01
1.003344481605351029e-10 9.993389344525315243e-01
2.006688963210702059e-10 9.973610689471111845e-01
3.010033444816052959e-10 9.940823243806016229e-01
4.013377926421404118e-10 9.895289951767478609e-01
5.016722408026755277e-10 9.837373932339650295e-01
6.020066889632105918e-10 9.767533584602461350e-01
7.023411371237457594e-10 9.686316446708158612e-01
8.026755852842808236e-10 9.594351918057208994e-01
9.030100334448158877e-10 9.492342973725402810e-01
1.003344481605351055e-09 9.381057016934815085e-01
1.103678929765886223e-09 9.261316029024577734e-01
1.204013377926421184e-09 9.133986186697615750e-01
1.304347826086956351e-09 8.999967123109147149e-01
1.404682274247491519e-09 8.860181012516945565e-01
1.505016722408026480e-09 8.715561657712083132e-01
1.605351170568561647e-09 8.567043755355059353e-01
1.705685618729096815e-09 8.415552506801822208e-01
1.806020066889631775e-09 8.261993731239625216e-01
1.906354515050166943e-09 8.107244624258109766e-01
2.006688963210702111e-09 7.952145288713571292e-01
2.107023411371237278e-09 7.797491146315533861e-01
2.207357859531772446e-09 7.644026318227892247e-01
2.307692307692307200e-09 7.492438041618929567e-01
2.408026755852842367e-09 7.343352167019191468e-01
2.508361204013377535e-09 7.197329759065740351e-01
2.608695652173912702e-09 7.054864801231014448e-01
2.709030100334447870e-09 6.916382983941224971e-01
2.809364548494983038e-09 6.782241535540345367e-01
2.909698996655517792e-09 6.652730037267483576e-01
3.010033444816052959e-09 6.528072147153919369e-01
3.110367892976588127e-09 6.408428143819138167e-01
3.210702341137123294e-09 6.293898189795639198e-01
3.311036789297658462e-09 6.184526205413957145e-01
3.411371237458193629e-09 6.080304238532721062e-01
3.511705685618728797e-09 5.981177212532318155e-01
3.612040133779263551e-09 5.887047934959795947e-01
3.712374581939798719e-09 5.797782251903682571e-01
3.812709030100333886e-09 5.713214238411767898e-01
3.913043478260868640e-09 5.633151322805338701e-01
4.013377926421404221e-09 5.557379252301883898e-01
4.113712374581938975e-09 5.485666818604524320e-01
4.214046822742474556e-09 5.417770274687663257e-01
4.314381270903009310e-09 5.353437387519677237e-01
4.414715719063544892e-09 5.292411085518842206e-01
4.515050167224079646e-09 5.234432673741302722e-01
4.615384615384614399e-09 5.179244603763247801e-01
4.715719063545149981e-09 5.126592798577089827e-01
4.816053511705684735e-09 5.076228545236332046e-01
4.916387959866220316e-09 5.027909979156879317e-01
5.016722408026755070e-09 4.981403193659503237e-01
5.117056856187290651e-09 4.936483016315266203e-01
5.217391304347825405e-09 4.892933499784166695e-01
5.317725752508360159e-09 4.850548179025593876e-01
5.418060200668895740e-09 4.809130148974180008e-01
5.518394648829430494e-09 4.768492017040997233e-01
5.618729096989966075e-09 4.728455783197706430e-01
5.719063545150500829e-09 4.688852697061772767e-01
5.819397993311035583e-09 4.649523136502600185e-01
5.919732441471571164e-09 4.610316546049690323e-01
6.020066889632105918e-09 4.571091466056187436e-01
6.120401337792641499e-09 4.531715675430685319e-01
6.220735785953176253e-09 4.492066462089678303e-01
6.321070234113711835e-09 4.452031026402377134e-01
6.421404682274246589e-09 4.411507014097758028e-01
6.521739130434781343e-09 4.370403166668931361e-01
6.622073578595316924e-09 4.328640069512716959e-01
6.722408026755851678e-09 4.286150971127272724e-01
6.822742474916387259e-09 4.242882640869770627e-01
6.923076923076922013e-09 4.198796228224127569e-01
7.023411371237457594e-09 4.153868083377547649e-01
7.123745819397992348e-09 4.108090497241084771e-01
7.224080267558527102e-09 4.061472318913645352e-01
7.324414715719062683e-09 4.014039409973410577e-01
7.424749163879597437e-09 3.965834897832169470e-01
7.525083612040133018e-09 3.916919194609448929e-01
7.625418060200667772e-09 3.867369753437069346e-01
7.725752508361202526e-09 3.817280540618117057e-01
7.826086956521737280e-09 3.766761209434665858e-01
7.926421404682273689e-09 3.715935969399660754e-01
8.026755852842808442e-09 3.664942153137724645e-01
8.127090301003343196e-09 3.613928491605432058e-01
8.227424749163877950e-09 3.563053116770277251e-01
8.327759197324414359e-09 3.512481318911364614e-01
8.428093645484949113e-09 3.462383093148552193e-01
8.528428093645483867e-09 3.412930516434655170e-01
8.628762541806018621e-09 3.364295001866799417e-01
8.729096989966553375e-09 3.316644481627796792e-01
8.829431438127089783e-09 3.270140573031099507e-01
8.929765886287624537e-09 3.224935783925054755e-01
9.030100334448159291e-09 3.181170814065619190e-01
9.130434782608694045e-09 3.138972007983066304e-01
9.230769230769228799e-09 3.098449012379504985e-01
9.331103678929765207e-09 3.059692687270540445e-01
9.431438127090299961e-09 3.022773315032483143e-01
9.531772575250834715e-09 2.987739145374769256e-01
9.632107023411369469e-09 2.954615307192631768e-01
9.732441471571904223e-09 2.923403110456720966e-01
9.832775919732440632e-09 2.894079752971640551e-01
9.933110367892975386e-09 2.866598438201760080e-01
1.003344481605351014e-08 2.840888901643370823e-01
1.013377926421404489e-08 2.816858334638805417e-01
1.023411371237458130e-08 2.794392686294588923e-01
1.033444816053511606e-08 2.773358316483107711e-01
1.043478260869565081e-08 2.753603965958121846e-01
1.053511705685618556e-08 2.734963003558116834e-01
1.063545150501672032e-08 2.717255905440350561e-01
1.073578595317725673e-08 2.700292917385024305e-01
1.083612040133779148e-08 2.683876848503490842e-01
1.093645484949832623e-08 2.667805943213723552e-01
1.103678929765886099e-08 2.651876778114178324e-01
1.113712374581939574e-08 2.635887131364104685e-01
1.123745819397993215e-08 2.619638774304520190e-01
1.133779264214046690e-08 2.602940138240265600e-01
1.143812709030100166e-08 2.585608813436173770e-01
1.153846153846153641e-08 2.567473842323766409e-01
1.163879598662207117e-08 2.548377774516818461e-01
1.173913043478260757e-08 2.528178457330014783e-01
1.183946488294314233e-08 2.506750541912965979e-01
1.193979933110367708e-08 2.483986691678056191e-01
1.204013377926421184e-08 2.459798486243808813e-01
1.214046822742474824e-08 2.434117020471920079e-01
1.224080267558528300e-08 2.406893204193998326e-01
1.234113712374581775e-08 2.378097773767317569e-01
1.244147157190635251e-08 2.347721031550573378e-01
1.254180602006688726e-08 2.315772333655319870e-01
1.264214046822742367e-08 2.282279349834983040e-01
1.274247491638795842e-08 2.247287122074109189e-01
1.284280936454849318e-08 2.210856950314170621e-01
1.294314381270902793e-08 2.173065134801964449e-01
1.304347826086956269e-08 2.134001604799048712e-01
1.314381270903009909e-08 2.093768462894604609e-01
1.324414715719063385e-08 2.052478472987521452e-01
1.334448160535116860e-08 2.010253518231236436e-01
1.344481605351170336e-08 1.967223052964855445e-01
1.354515050167223811e-08 1.923522569993867393e-01
1.364548494983277452e-08 1.879292101646913293e-01
1.374581939799330927e-08 1.834674769937039429e-01
1.384615384615384403e-08 1.789815398010294323e-01
1.394648829431437878e-08 1.744859191979991619e-01
1.404682274247491519e-08 1.699950499320975195e-01
1.414715719063544994e-08 1.655231647323200106e-01
1.424749163879598470e-08 1.610841862751944964e-01
1.434782608695651945e-08 1.566916271891428958e-01
1.444816053511705420e-08 1.523584978600547590e-01
1.454849498327759061e-08 1.480972216907064931e-01
1.464882943143812537e-08 1.439195574015077195e-01
1.474916387959866012e-08 1.398365279387372151e-01
1.484949832775919487e-08 1.358583555760668748e-01
1.494983277591973128e-08 1.319944028513773682e-01
1.505016722408026604e-08 1.282531190679846167e-01
1.515050167224080079e-08 1.246419922007181297e-01
1.525083612040133554e-08 1.211675061753512972e-01
1.535117056856187030e-08 1.178351036267231700e-01
1.545150501672240505e-08 1.146491543783980938e-01
1.555183946488293981e-08 1.116129300168722249e-01
1.565217391304347456e-08 1.087285850485834038e-01
1.575250836120401262e-08 1.059971452214075877e-01
1.585284280936454738e-08 1.034185036579780836e-01
1.595317725752508213e-08 1.009914254812040030e-01
1.605351170568561688e-08 9.871356160928440593e-02
1.615384615384615164e-08 9.658147235619715665e-02
1.625418060200668639e-08 9.459066139348831781e-02
1.635451505016722115e-08 9.273562051108831528e-02
1.645484949832775590e-08 9.100988546120804268e-02
1.655518394648829065e-08 8.940610298387888233e-02
1.665551839464882872e-08 8.791610890041612336e-02
1.675585284280936347e-08 8.653101692811171475e-02
1.685618729096989823e-08 8.524131762279095470e-02
1.695652173913043298e-08 8.403698660313731195e-02
1.705685618729096773e-08 8.290760095993132683e-02
1.715719063545150249e-08 8.184246251272309092e-02
1.725752508361203724e-08 8.083072635398254324e-02
1.735785953177257200e-08 7.986153292405855086e-02
1.745819397993310675e-08 7.892414169628561571e-02
1.755852842809364150e-08 7.800806442638380522e-02
1.765886287625417957e-08 7.710319583889828354e-02
1.775919732441471432e-08 7.619993958957531344e-02
1.785953177257524907e-08 7.528932735866167292e-02
1.795986622073578383e-08 7.436312899708516500e-02
1.806020066889631858e-08 7.341395176479251217e-02
1.816053511705685334e-08 7.243532686618650573e-02
1.826086956521738809e-08 7.142178169820449785e-02
1.836120401337792284e-08 7.036889647740347808e-02
1.846153846153845760e-08 6.927334419757393003e-02
1.856187290969899566e-08 6.813291318202942259e-02
1.866220735785953041e-08 6.694651182714587978e-02
1.876254180602006517e-08 6.571415547773651333e-02
1.886287625418059992e-08 6.443693572191667995e-02
1.896321070234113468e-08 6.311697273462227309e-02
1.906354515050166943e-08 6.175735162648753052e-02
1.916387959866220418e-08 6.036204406035420439e-02
1.926421404682273894e-08 5.893581667393067713e-02
1.936454849498327369e-08 5.748412808754075481e-02
1.946488294314380845e-08 5.601301647503313663e-02
1.956521739130434651e-08 5.452897982945309474e-02
1.966555183946488126e-08 5.303885115998602934e-02
1.976588628762541602e-08 5.154967091127601181e-02
1.986622073578595077e-08 5.006855890018376692e-02
1.996655518394648553e-08 4.860258801939709022e-02
2.006688963210702028e-08 4.715866186437021185e-02
2.016722408026755503e-08 4.574339830335756585e-02
2.026755852842808979e-08 4.436302083441533151e-02
2.036789297658862454e-08 4.302325936367301651e-02
2.046822742474916260e-08 4.172926180216109115e-02
2.056856187290969736e-08 4.048551762079348471e-02
2.066889632107023211e-08 3.929579423183254122e-02
2.076923076923076687e-08 3.816308678751827166e-02
2.086956521739130162e-08 3.708958170961190737e-02
2.096989966555183637e-08 3.607663399418237216e-02
2.107023411371237113e-08 3.512475808033752034e-02
2.117056856187290588e-08 3.423363183539918780e-02
2.127090301003344064e-08 3.340211299705252157e-02
2.137123745819397539e-08 3.262826722916051247e-02
2.147157190635451345e-08 3.190940679510759909e-02
2.157190635451504821e-08 3.124213873255660134e-02
2.167224080267558296e-08 3.062242132713904885e-02
2.177257525083611771e-08 3.004562762957704858e-02
2.187290969899665247e-08 2.950661473978934135e-02
2.197324414715718722e-08 2.899979759050178019e-02
2.207357859531772198e-08 2.851922599880277881e-02
2.217391304347825673e-08 2.805866381334268939e-02
2.227424749163879148e-08 2.761166906335054197e-02
2.237458193979932955e-08 2.717167410886993720e-02
2.247491638795986430e-08 2.673206489496246507e-02
2.257525083612039905e-08 2.628625852145525729e-02
2.267558528428093381e-08 2.582777844964864733e-02
2.277591973244146856e-08 2.535032677409315358e-02
2.287625418060200332e-08 2.484785308739882737e-02
2.297658862876253807e-08 2.431461955592777516e-02
2.307692307692307282e-08 2.374526190169345269e-02
2.317725752508360758e-08 2.313484604912784126e-02
2.327759197324414233e-08 2.247892024364321270e-02
2.337792642140468040e-08 2.177356248195081584e-02
2.347826086956521515e-08 2.101542311251729939e-02
2.357859531772574990e-08 2.020176246966738642e-02
2.367892976588628466e-08 1.933048339865299156e-02
2.377926421404681941e-08 1.840015851402146060e-02
2.387959866220735417e-08 1.741005201278011602e-02
2.397993311036788892e-08 1.636013584041919738e-02
2.408026755852842367e-08 1.525109998522782007e-02
2.418060200668895843e-08 1.408435665793437118e-02
2.428093645484949649e-08 1.286203810280677449e-02
2.438127090301003124e-08 1.158698778596463537e-02
2.448160535117056600e-08 1.026274471938159322e-02
2.458193979933110075e-08 8.893520706970900469e-03
2.468227424749163551e-08 7.484170343700667812e-03
2.478260869565217026e-08 6.040153660645482259e-03
2.488294314381270501e-08 4.567491388263025809e-03
2.498327759197323977e-08 3.072712906245972375e-03
2.508361204013377452e-08 1.562797059534054220e-03
2.518394648829430928e-08 4.510614425131710681e-05
2.528428093645484734e-08 -1.472686498438628006e-03
2.538461538461538209e-08 -2.982674701765743869e-03
2.548494983277591685e-08 -4.476802783861266039e-03
2.558528428093645160e-08 -5.946953085382898282e-03
2.568561872909698635e-08 -7.385036734750612120e-03
2.578595317725752111e-08 -8.783086516694706830e-03
2.588628762541805586e-08 -1.013335061026824149e-02
2.598662207357859062e-08 -1.142838587239685365e-02
2.608695652173912537e-08 -1.266114927626907534e-02
2.618729096989966343e-08 -1.382508607371435438e-02
2.628762541806019819e-08 -1.491421323982203284e-02
2.638795986622073294e-08 -1.592319677831750824e-02
2.648829431438126769e-08 -1.684742151867717891e-02
2.658862876254180245e-08 -1.768305212079632205e-02
2.668896321070233720e-08 -1.842708411945033140e-02
2.678929765886287196e-08 -1.907738398712868072e-02
2.688963210702340671e-08 -1.963271736748835664e-02
2.698996655518394146e-08 -2.009276482925920204e-02
2.709030100334447622e-08 -2.045812470777140860e-02
2.719063545150501428e-08 -2.073030283356061543e-02
2.729096989966554904e-08 -2.091168918942109406e-02
2.739130434782608379e-08 -2.100552178313687401e-02
2.749163879598661854e-08 -2.101583826703191937e-02
2.759197324414715330e-08 -2.094741607150979457e-02
2.769230769230768805e-08 -2.080570204209175600e-02
2.779264214046822281e-08 -2.059673277259631632e-02
2.789297658862875756e-08 -2.032704700596948272e-02
2.799331103678929231e-08 -2.000359162440713823e-02
2.809364548494983038e-08 -1.963362286807026486e-02
2.819397993311036513e-08 -1.922460450397428522e-02
2.829431438127089988e-08 -1.878410471154873945e-02
2.839464882943143464e-08 -1.831969345790113168e-02
2.849498327759196939e-08 -1.783884210396792167e-02
2.859531772575250415e-08 -1.734882691349388245e-02
2.869565217391303890e-08 -1.685663803211079684e-02
2.879598662207357365e-08 -1.636889536657173266e-02
2.889632107023410841e-08 -1.589177262814563119e-02
2.899665551839464316e-08 -1.543093061372174772e-02
2.909698996655518122e-08 -1.499146058833692764e-02
2.919732441471571598e-08 -1.457783840909075007e-02
2.929765886287625073e-08 -1.419388979851318733e-02
2.939799331103678549e-08 -1.384276694128080097e-02
2.949832775919732024e-08 -1.352693634757921697e-02
2.959866220735785499e-08 -1.324817770501793279e-02
2.969899665551838975e-08 -1.300759323408782510e-02
2.979933110367892450e-08 -1.280562687447511436e-02
2.989966555183946256e-08 -1.264209246523781242e-02
2.999999999999999732e-08 -1.251620994429626307e-02
