0.000000000000000000e+00 9.999999999999995559e-01
1.003344481605351029e-10 5.613907328754999364e-03
2.006688963210702059e-10 7.338609343777886644e-03
3.010033444816052959e-10 2.991758191149731638e-03
4.013377926421404118e-10 7.774644104499018639e-03
5.016722408026755277e-10 7.247216464871944659e-03
6.020066889632105918e-10 6.001159788225626963e-03
7.023411371237457594e-10 6.896301161024184952e-03
8.026755852842808236e-10 9.021014330743591311e-03
9.030100334448158877e-10 6.651266508976736921e-03
1.003344481605351055e-09 1.149789010912594285e-02
1.103678929765886223e-09 1.029001103315889745e-02
1.204013377926421184e-09 3.409328018488606143e-03
1.304347826086956351e-09 -5.012404552477385056e-04
1.404682274247491519e-09 5.643266005130155930e-03
1.505016722408026480e-09 3.575894152766215944e-03
1.605351170568561647e-09 2.651822103139754409e-03
1.705685618729096815e-09 1.157248634095480420e-02
1.806020066889631775e-09 1.251331566915040924e-02
1.906354515050166943e-09 1.138568021209355845e-02
2.006688963210702111e-09 8.024351469362292835e-03
2.107023411371237278e-09 1.418939529405269587e-02
2.207357859531772446e-09 3.414926635306543903e-03
2.307692307692307200e-09 2.903800077639526536e-03
2.408026755852842367e-09 5.297606855622545748e-03
2.508361204013377535e-09 1.853807309686838958e-03
2.608695652173912702e-09 7.235741978141292316e-03
2.709030100334447870e-09 5.711706282910370899e-03
2.809364548494983038e-09 1.211759772417298278e-02
2.909698996655517792e-09 8.952744104099197471e-06
3.010033444816052959e-09 5.850999997581204232e-03
3.110367892976588127e-09 1.204312559916877363e-02
3.210702341137123294e-09 1.085424835059021695e-02
3.311036789297658462e-09 8.120350110663563520e-03
3.411371237458193629e-09 1.109886417710433289e-02
3.511705685618728797e-09 1.334446537851043633e-02
3.612040133779263551e-09 9.367647685982591690e-03
3.712374581939798719e-09 -9.477964522132103359e-04
3.812709030100333886e-09 3.082255244231119160e-03
3.913043478260868640e-09 1.493864868072450336e-02
4.013377926421404221e-09 8.574558491219476039e-03
4.113712374581938975e-09 2.343147442411601129e-03
4.214046822742474556e-09 1.298500146083853349e-02
4.314381270903009310e-09 9.013007832007789016e-03
4.414715719063544892e-09 7.703662675949140420e-03
4.515050167224079646e-09 1.403174914061829093e-02
4.615384615384614399e-09 1.131591168137282416e-02
4.715719063545149981e-09 5.130902150178256668e-03
4.816053511705684735e-09 2.089259565166228481e-03
4.916387959866220316e-09 5.573877564213795127e-03
5.016722408026755070e-09 8.328723882922217658e-03
5.117056856187290651e-09 3.376145486305887154e-03
5.217391304347825405e-09 1.058672204826218918e-02
5.317725752508360159e-09 2.480088702192720720e-03
5.418060200668895740e-09 1.364132674459622155e-03
5.518394648829430494e-09 9.346704947019018059e-04
5.618729096989966075e-09 7.147247332197054388e-03
5.719063545150500829e-09 4.599822224122380315e-03
5.819397993311035583e-09 8.272066401832584362e-03
5.919732441471571164e-09 8.491064174587508936e-03
6.020066889632105918e-09 9.962751685894282935e-03
6.120401337792641499e-09 4.539458711702577635e-03
6.220735785953176253e-09 1.125775607148464356e-02
6.321070234113711835e-09 9.359237328841016335e-03
6.421404682274246589e-09 1.303600239022560670e-02
6.521739130434781343e-09 9.676277437712581947e-03
6.622073578595316924e-09 1.811654264485151660e-03
6.722408026755851678e-09 4.165270042665381207e-03
6.822742474916387259e-09 9.482212700158870397e-03
6.923076923076922013e-09 5.409348685035008340e-03
7.023411371237457594e-09 5.823681898337262908e-03
7.123745819397992348e-09 5.869788304429750421e-03
7.224080267558527102e-09 7.029725030476038916e-03
7.324414715719062683e-09 9.794727292100225552e-04
7.424749163879597437e-09 2.540005360473886978e-03
7.525083612040133018e-09 3.634386744925311840e-03
7.625418060200667772e-09 5.236105071015609638e-03
7.725752508361202526e-09 9.378297962747758967e-03
7.826086956521737280e-09 1.022476863804244740e-02
7.926421404682273689e-09 4.006360784696672700e-03
8.026755852842808442e-09 1.729362623537737632e-03
8.127090301003343196e-09 9.651087867994914693e-03
8.227424749163877950e-09 7.183346473277198857e-03
8.327759197324414359e-09 8.565198394981857546e-03
8.428093645484949113e-09 1.016830783706459441e-02
8.528428093645483867e-09 3.594867954196047984e-03
8.628762541806018621e-09 8.099490827061463574e-03
8.729096989966553375e-09 1.384818505330652483e-02
8.829431438127089783e-09 7.071597302746599270e-03
8.929765886287624537e-09 7.146157126963006284e-03
9.030100334448159291e-09 6.212979776203054506e-03
9.130434782608694045e-09 1.052239952429153032e-02
9.230769230769228799e-09 1.492225601377223515e-02
9.331103678929765207e-09 6.547293272825247673e-03
9.431438127090299961e-09 1.064708531171274473e-02
9.531772575250834715e-09 7.220598665153336870e-03
9.632107023411369469e-09 7.194651087585436991e-03
9.732441471571904223e-09 5.724507504828175129e-03
9.832775919732440632e-09 9.442508688823734661e-03
9.933110367892975386e-09 4.710357109631663208e-03
1.003344481605351014e-08 1.038237758442579935e-02
1.013377926421404489e-08 9.534471570167520060e-03
1.023411371237458130e-08 1.071328930886334893e-02
1.033444816053511606e-08 6.727883146863592942e-03
1.043478260869565081e-08 8.734004485054812361e-03
1.053511705685618556e-08 9.854113814823758227e-03
1.063545150501672032e-08 6.802739146388921306e-03
1.073578595317725673e-08 6.941412579834346439e-03
1.083612040133779148e-08 2.023200816360875339e-03
1.093645484949832623e-08 1.089696493045253477e-02
1.103678929765886099e-08 8.847253818830846245e-03
1.113712374581939574e-08 4.060070605076402869e-03
1.123745819397993215e-08 5.236200491243611643e-03
1.133779264214046690e-08 1.174247606863733882e-02
1.143812709030100166e-08 8.666888021461014585e-03
1.153846153846153641e-08 9.977333847627917196e-03
1.163879598662207117e-08 4.617967705820579666e-03
1.173913043478260757e-08 1.058588208373120038e-02
1.183946488294314233e-08 6.286345449248723766e-03
1.193979933110367708e-08 1.172372856647908856e-02
1.204013377926421184e-08 5.153129883152065584e-03
1.214046822742474824e-08 7.963872817081371625e-03
1.224080267558528300e-08 7.231104925512656448e-03
1.234113712374581775e-08 1.621672443739563541e-03
1.244147157190635251e-08 4.228746149457958403e-03
1.254180602006688726e-08 6.110698023272742585e-03
1.264214046822742367e-08 1.360155247234126098e-02
1.274247491638795842e-08 5.945621993572354491e-03
1.284280936454849318e-08 1.280381606362128617e-02
1.294314381270902793e-08 1.085002399373499564e-02
1.304347826086956269e-08 3.304849022912520733e-03
1.314381270903009909e-08 2.579245629330516928e-03
1.324414715719063385e-08 3.709729560434062157e-03
1.334448160535116860e-08 7.396274370226933736e-03
1.344481605351170336e-08 1.341909656205902100e-02
1.354515050167223811e-08 2.752193829178942088e-03
1.364548494983277452e-08 9.411676974225353931e-03
1.374581939799330927e-08 8.974727561964733480e-03
1.384615384615384403e-08 7.998551998864761314e-03
1.394648829431437878e-08 1.082611405392950622e-02
1.404682274247491519e-08 4.901590579048095003e-03
1.414715719063544994e-08 2.288484150375592972e-03
1.424749163879598470e-08 8.995035700906130194e-03
1.434782608695651945e-08 5.303186757709003711e-03
1.444816053511705420e-08 8.442429180284000828e-03
1.454849498327759061e-08 8.651231076482834501e-03
1.464882943143812537e-08 8.180852696595006246e-03
1.474916387959866012e-08 5.317417056629683211e-03
1.484949832775919487e-08 1.131903146046284170e-02
1.494983277591973128e-08 6.513072127214552219e-03
1.505016722408026604e-08 4.434154531536042658e-03
1.515050167224080079e-08 1.415246097894166770e-02
1.525083612040133554e-08 8.274353334115251007e-03
1.535117056856187030e-08 7.702528569083187844e-03
1.545150501672240505e-08 1.133628036366724282e-02
1.555183946488293981e-08 5.698043887741975275e-03
1.565217391304347456e-08 1.341324125634993022e-02
1.575250836120401262e-08 6.890085617967251809e-03
1.585284280936454738e-08 4.467311291552409670e-03
1.595317725752508213e-08 5.709979514941639252e-03
1.605351170568561688e-08 1.165571404335171216e-02
1.615384615384615164e-08 8.965120636648409372e-03
1.625418060200668639e-08 1.241261157995795367e-02
1.635451505016722115e-08 5.725617865290136971e-03
1.645484949832775590e-08 7.223872295282983934e-03
1.655518394648829065e-08 5.643138554682103000e-03
1.665551839464882872e-08 -1.642874058523618357e-03
1.675585284280936347e-08 1.197861506277009616e-02
1.685618729096989823e-08 8.420281517648984387e-03
1.695652173913043298e-08 7.578852477548483901e-03
1.705685618729096773e-08 2.150055126599314040e-03
1.715719063545150249e-08 8.472691095088439803e-03
1.725752508361203724e-08 5.939856271548416000e-03
1.735785953177257200e-08 9.810466684397211104e-03
1.745819397993310675e-08 1.175874341049012138e-02
1.755852842809364150e-08 6.383498379378742434e-03
1.765886287625417957e-08 1.433163007528487874e-02
1.775919732441471432e-08 5.703056193730129779e-03
1.785953177257524907e-08 4.979803957991428033e-03
1.795986622073578383e-08 2.089448116679526110e-03
1.806020066889631858e-08 1.550360482315994368e-02
1.816053511705685334e-08 1.111066516565151902e-02
1.826086956521738809e-08 4.669270653677537984e-03
1.836120401337792284e-08 3.487935231187971712e-03
1.846153846153845760e-08 5.094399384070513563e-03
1.856187290969899566e-08 7.791703318820610187e-03
1.866220735785953041e-08 1.341755694520431995e-02
1.876254180602006517e-08 1.202385700285201961e-02
1.886287625418059992e-08 1.200256341957758356e-02
1.896321070234113468e-08 1.190524512775400362e-02
1.906354515050166943e-08 7.628109876395323605e-03
1.916387959866220418e-08 7.086216940344191619e-03
1.926421404682273894e-08 7.181243025946700866e-03
1.936454849498327369e-08 8.896377443421967998e-03
1.946488294314380845e-08 1.577040637838973344e-02
1.956521739130434651e-08 3.609336032096809900e-03
1.966555183946488126e-08 1.171974882447041240e-02
1.976588628762541602e-08 1.095175822129710111e-02
1.986622073578595077e-08 4.130974114575299699e-03
1.996655518394648553e-08 1.017194663936962394e-03
2.006688963210702028e-08 -1.099464719806947204e-03
2.016722408026755503e-08 7.754316991047793123e-03
2.026755852842808979e-08 7.035345328243176703e-03
2.036789297658862454e-08 7.308228635973345114e-03
2.046822742474916260e-08 8.438639624829958122e-03
2.056856187290969736e-08 -1.406739688997808951e-04
2.066889632107023211e-08 1.653635144634453200e-02
2.076923076923076687e-08 1.032139274567400733e-02
2.086956521739130162e-08 9.124856936522006412e-03
2.096989966555183637e-08 6.150695288005774905e-03
2.107023411371237113e-08 2.385706267886943122e-03
2.117056856187290588e-08 1.034401667643202599e-02
2.127090301003344064e-08 4.584430185034471701e-03
2.137123745819397539e-08 1.328868650365890025e-02
2.147157190635451345e-08 1.098652159864458439e-02
2.157190635451504821e-08 8.138426806369475353e-03
2.167224080267558296e-08 5.053211635993115972e-03
2.177257525083611771e-08 8.429393151197363959e-03
2.187290969899665247e-08 9.730971796980226324e-03
2.197324414715718722e-08 1.194165767999103706e-02
2.207357859531772198e-08 4.997925061265041068e-03
2.217391304347825673e-08 7.787658422967165886e-03
2.227424749163879148e-08 5.127254823183990950e-03
2.237458193979932955e-08 8.877561392877748522e-03
2.247491638795986430e-08 7.130312864899524157e-03
2.257525083612039905e-08 3.774135550034267775e-03
2.267558528428093381e-08 4.596611641629282270e-03
2.277591973244146856e-08 7.389717439100489116e-03
2.287625418060200332e-08 8.345771290285044358e-03
2.297658862876253807e-08 6.321524321585454687e-03
2.307692307692307282e-08 1.123057854068325659e-02
2.317725752508360758e-08 9.939619160898366043e-03
2.327759197324414233e-08 3.370116843809999561e-03
2.337792642140468040e-08 4.862133092781041784e-03
2.347826086956521515e-08 1.471215786936429064e-02
2.357859531772574990e-08 7.820909402219375015e-03
2.367892976588628466e-08 9.011295372270151233e-03
2.377926421404681941e-08 1.097038048945887453e-02
2.387959866220735417e-08 6.435001117342376356e-03
2.397993311036788892e-08 4.486293327704379830e-03
2.408026755852842367e-08 1.347751626737399636e-02
2.418060200668895843e-08 1.415617169494265502e-03
2.428093645484949649e-08 8.675284822698973303e-03
2.438127090301003124e-08 5.885684276519127442e-03
2.448160535117056600e-08 4.665621779551240404e-03
2.458193979933110075e-08 3.201641823553048102e-03
2.468227424749163551e-08 4.985124238512663244e-03
2.478260869565217026e-08 5.403180258032995627e-03
2.488294314381270501e-08 9.952115787731169450e-03
2.498327759197323977e-08 4.150337303455602696e-04
2.508361204013377452e-08 9.233260350400201988e-03
2.518394648829430928e-08 5.815409111636953704e-03
2.528428093645484734e-08 1.420506109681860321e-02
2.538461538461538209e-08 7.941425959584740013e-03
2.548494983277591685e-08 6.965211595443876295e-03
2.558528428093645160e-08 6.587990726943460454e-03
2.568561872909698635e-08 7.756501075990564383e-03
2.578595317725752111e-08 4.448884026394536034e-03
2.588628762541805586e-08 4.543213198389981465e-03
2.598662207357859062e-08 9.066948734024006529e-03
2.608695652173912537e-08 1.271428824687307647e-02
2.618729096989966343e-08 6.822905924356123530e-03
2.628762541806019819e-08 1.857325898477886440e-04
2.638795986622073294e-08 1.033684662778143991e-02
2.648829431438126769e-08 6.006304601575968363e-03
2.658862876254180245e-08 4.056918772232036632e-03
2.668896321070233720e-08 1.327272629061461602e-02
2.678929765886287196e-08 6.872652338966670632e-03
2.688963210702340671e-08 1.116985391759365426e-03
2.698996655518394146e-08 1.380287114097224384e-02
2.709030100334447622e-08 3.225022935536098374e-03
2.719063545150501428e-08 3.637284578195990829e-03
2.729096989966554904e-08 7.695140624501013021e-03
2.739130434782608379e-08 9.178416223471690810e-03
2.749163879598661854e-08 9.674500041962658115e-03
2.759197324414715330e-08 8.369316507080289125e-03
2.769230769230768805e-08 8.024048032471703049e-03
2.779264214046822281e-08 9.654033418661576993e-03
2.789297658862875756e-08 1.398778573743942634e-02
2.799331103678929231e-08 5.969668935184213078e-03
2.809364548494983038e-08 7.039272679146792687e-03
2.819397993311036513e-08 8.176603129172985845e-03
2.829431438127089988e-08 8.903352116316905554e-03
2.839464882943143464e-08 3.256583630770091501e-03
2.849498327759196939e-08 1.507627756917776125e-02
2.859531772575250415e-08 6.964585037954359840e-03
2.869565217391303890e-08 1.460716967172294260e-02
2.879598662207357365e-08 6.716451104091388305e-03
2.889632107023410841e-08 6.252854725139655317e-03
2.899665551839464316e-08 7.377244593000656207e-03
2.909698996655518122e-08 3.339368859632593951e-03
2.919732441471571598e-08 4.112887050908825733e-03
2.929765886287625073e-08 1.051196021647318908e-02
2.939799331103678549e-08 9.448560937550341127e-03
2.949832775919732024e-08 1.006354621557619192e-02
2.959866220735785499e-08 3.351891486559945618e-03
2.969899665551838975e-08 1.155796019327653620e-02
2.979933110367892450e-08 8.960279909255923839e-03
2.989966555183946256e-08 1.031838801116404837e-02
2.999999999999999732e-08 7.303391413582512211e-03
