0.000000000000000000e+00 9.999999999999995559e-01
1.003344481605351029e-10 4.863021115293000331e-03
2.006688963210702059e-10 3.443758788285917766e-04
3.010033444816052959e-10 8.726676218673784860e-03
4.013377926421404118e-10 6.287267316110822443e-03
5.016722408026755277e-10 5.431718466783941671e-03
6.020066889632105918e-10 1.115034047756842221e-02
7.023411371237457594e-10 6.100182852157382853e-03
8.026755852842808236e-10 9.333346034969748628e-03
9.030100334448158877e-10 7.770296014070318582e-05
1.003344481605351055e-09 3.536904748489171687e-03
1.103678929765886223e-09 6.161264228003026679e-03
1.204013377926421184e-09 7.274968872079616566e-03
1.304347826086956351e-09 4.234457140574367749e-03
1.404682274247491519e-09 5.838084999022627106e-03
1.505016722408026480e-09 9.865332272593077545e-03
1.605351170568561647e-09 3.563502955666339542e-03
1.705685618729096815e-09 1.266452812707474437e-02
1.806020066889631775e-09 1.084311958980603563e-02
1.906354515050166943e-09 6.829656421680899321e-03
2.006688963210702111e-09 1.483770124668034283e-02
2.107023411371237278e-09 7.085504267885323580e-03
2.207357859531772446e-09 3.089559456321122784e-03
2.307692307692307200e-09 1.726099246587791021e-03
2.408026755852842367e-09 1.321550257063508829e-02
2.508361204013377535e-09 9.473974811094680593e-03
2.608695652173912702e-09 1.048624206863047435e-02
2.709030100334447870e-09 4.655205220811557340e-03
2.809364548494983038e-09 3.069405903116042764e-03
2.909698996655517792e-09 8.887146198670193425e-03
3.010033444816052959e-09 1.022192614326605450e-02
3.110367892976588127e-09 8.066418954339885442e-03
3.210702341137123294e-09 7.608993966573142365e-03
3.311036789297658462e-09 2.092569964643823006e-03
3.411371237458193629e-09 8.136425279217582296e-03
3.511705685618728797e-09 2.961786215012558211e-03
3.612040133779263551e-09 7.136342807836982584e-03
3.712374581939798719e-09 4.056713944391500751e-03
3.812709030100333886e-09 1.032337156662097195e-02
3.913043478260868640e-09 7.690179947363953890e-03
4.013377926421404221e-09 3.080790098329708442e-03
4.113712374581938975e-09 8.832431408234663051e-03
4.214046822742474556e-09 5.375761657695208792e-03
4.314381270903009310e-09 7.088799348529987651e-03
4.414715719063544892e-09 1.426693212173466702e-02
4.515050167224079646e-09 3.700911223862359510e-03
4.615384615384614399e-09 8.467211909286535484e-03
4.715719063545149981e-09 1.072804924462479430e-02
4.816053511705684735e-09 6.388575951163219004e-03
4.916387959866220316e-09 9.594418076576773091e-03
5.016722408026755070e-09 8.470321729131121205e-03
5.117056856187290651e-09 1.068550488396142334e-02
5.217391304347825405e-09 1.423558382114385821e-03
5.317725752508360159e-09 7.368410910079802034e-03
5.418060200668895740e-09 1.079633367942511857e-02
5.518394648829430494e-09 4.917262462016930291e-03
5.618729096989966075e-09 7.389090874524563077e-03
5.719063545150500829e-09 7.087090623067514999e-03
5.819397993311035583e-09 7.257636589118516592e-03
5.919732441471571164e-09 9.184514353005121187e-03
6.020066889632105918e-09 6.823142096773513604e-03
6.120401337792641499e-09 1.131615657948352796e-02
6.220735785953176253e-09 1.023155422136277394e-02
6.321070234113711835e-09 3.168818025215474135e-03
6.421404682274246589e-09 5.102114939469868694e-03
6.521739130434781343e-09 7.246395351534211555e-03
6.622073578595316924e-09 6.695711687233587769e-03
6.722408026755851678e-09 8.088125870756140631e-03
6.822742474916387259e-09 7.435549689583650229e-03
6.923076923076922013e-09 8.783179710593010114e-03
7.023411371237457594e-09 1.339009323285530496e-02
7.123745819397992348e-09 4.787057135613933222e-03
7.224080267558527102e-09 1.456403829750130101e-02
7.324414715719062683e-09 8.819506368059502541e-03
7.424749163879597437e-09 1.128949443851880565e-03
7.525083612040133018e-09 8.056500222502508898e-03
7.625418060200667772e-09 1.270243737208668570e-03
7.725752508361202526e-09 1.002639573211466274e-02
7.826086956521737280e-09 4.183177778536618582e-03
7.926421404682273689e-09 3.407407009522136869e-03
8.026755852842808442e-09 8.107342497874517676e-03
8.127090301003343196e-09 1.022138956573232123e-02
8.227424749163877950e-09 5.481410811380336978e-03
8.327759197324414359e-09 6.970079311084118219e-03
8.428093645484949113e-09 1.855886735946336592e-03
8.528428093645483867e-09 9.120831508425426143e-03
8.628762541806018621e-09 5.820414967785302734e-03
8.729096989966553375e-09 7.750951742144374448e-03
8.829431438127089783e-09 6.968942960258637034e-03
8.929765886287624537e-09 8.552590001437055875e-03
9.030100334448159291e-09 1.179062736065939962e-02
9.130434782608694045e-09 1.724493782107274290e-02
9.230769230769228799e-09 2.427044649493450505e-03
9.331103678929765207e-09 6.344660434858593809e-03
9.431438127090299961e-09 1.980751209728093612e-03
9.531772575250834715e-09 8.150230677268234178e-03
9.632107023411369469e-09 4.893983299557746851e-03
9.732441471571904223e-09 1.339517109153855884e-02
9.832775919732440632e-09 2.936185686669662981e-03
9.933110367892975386e-09 7.494282008012798438e-03
1.003344481605351014e-08 -3.141955311619225311e-03
1.013377926421404489e-08 5.977161462343476804e-03
1.023411371237458130e-08 7.220273227295440424e-03
1.033444816053511606e-08 8.866059651526439489e-03
1.043478260869565081e-08 3.146815836240507251e-03
1.053511705685618556e-08 8.256900447132188223e-03
1.063545150501672032e-08 1.176442199304906025e-02
1.073578595317725673e-08 1.098507591102996367e-02
1.083612040133779148e-08 1.146144286344173832e-03
1.093645484949832623e-08 1.331046783623477704e-02
1.103678929765886099e-08 5.139912434353490628e-03
1.113712374581939574e-08 9.844542398516191797e-03
1.123745819397993215e-08 6.567287820908226589e-03
1.133779264214046690e-08 1.019558395730388138e-02
1.143812709030100166e-08 1.029363716878429515e-02
1.153846153846153641e-08 9.975656518630294373e-03
1.163879598662207117e-08 6.739276672197661022e-03
1.173913043478260757e-08 1.087313444694698594e-02
1.183946488294314233e-08 8.751314004831534099e-03
1.193979933110367708e-08 5.489289624762109729e-03
1.204013377926421184e-08 1.352377979026584895e-02
1.214046822742474824e-08 1.656206785070797605e-02
1.224080267558528300e-08 -4.633979378724861244e-03
1.234113712374581775e-08 5.489598446339206961e-03
1.244147157190635251e-08 4.197542090893070267e-03
1.254180602006688726e-08 1.192819101233043473e-02
1.264214046822742367e-08 1.060217444200262961e-02
1.274247491638795842e-08 1.099055942571813133e-02
1.284280936454849318e-08 8.020042153105658156e-03
1.294314381270902793e-08 5.461888822726809235e-03
1.304347826086956269e-08 5.544721607241441877e-03
1.314381270903009909e-08 3.718076753033170822e-03
1.324414715719063385e-08 4.654041140780609646e-03
1.334448160535116860e-08 2.937068383276029981e-04
1.344481605351170336e-08 8.470767751133249923e-03
1.354515050167223811e-08 1.037846703255678425e-02
1.364548494983277452e-08 7.181923468517804627e-04
1.374581939799330927e-08 5.408916097456821850e-03
1.384615384615384403e-08 6.283839473125469623e-03
1.394648829431437878e-08 1.394207438904494951e-02
1.404682274247491519e-08 4.613657915883338963e-03
1.414715719063544994e-08 4.907411929357887066e-03
1.424749163879598470e-08 4.870557946838001417e-03
1.434782608695651945e-08 1.048094902434654023e-02
1.444816053511705420e-08 5.370742441451878922e-03
1.454849498327759061e-08 9.470153667016204674e-03
1.464882943143812537e-08 3.165612645177388017e-03
1.474916387959866012e-08 1.193385450632651092e-02
1.484949832775919487e-08 4.177447857403238617e-03
1.494983277591973128e-08 9.445378568780303172e-03
1.505016722408026604e-08 1.018298579337952384e-02
1.515050167224080079e-08 1.128717944885591906e-02
1.525083612040133554e-08 5.634185739028770359e-03
1.535117056856187030e-08 1.145596261829302451e-02
1.545150501672240505e-08 8.315154190687686075e-03
1.555183946488293981e-08 5.240333289676385106e-03
1.565217391304347456e-08 2.697022985804726786e-03
1.575250836120401262e-08 1.182875264330379705e-02
1.585284280936454738e-08 8.074117934053163387e-03
1.595317725752508213e-08 5.066992005433671939e-03
1.605351170568561688e-08 4.719727765327673581e-03
1.615384615384615164e-08 4.729429968271580374e-03
1.625418060200668639e-08 1.144985827584593489e-02
1.635451505016722115e-08 1.181265820026410930e-02
1.645484949832775590e-08 5.757094476989188525e-03
1.655518394648829065e-08 1.117911246602228299e-02
1.665551839464882872e-08 1.121380363395883296e-02
1.675585284280936347e-08 1.111012990428663499e-02
1.685618729096989823e-08 7.961869451737125028e-03
1.695652173913043298e-08 8.299545012566461946e-03
1.705685618729096773e-08 8.381775062306922805e-03
1.715719063545150249e-08 8.117378910411152462e-03
1.725752508361203724e-08 6.313168521560155386e-03
1.735785953177257200e-08 7.386499075588376199e-03
1.745819397993310675e-08 8.878571288534349223e-03
1.755852842809364150e-08 1.322348383964786628e-02
1.765886287625417957e-08 4.442671962270986451e-03
1.775919732441471432e-08 9.219828932899134036e-03
1.785953177257524907e-08 2.120522753024969755e-03
1.795986622073578383e-08 1.488817232292622729e-02
1.806020066889631858e-08 6.587636693802088710e-03
1.816053511705685334e-08 8.591714354074677859e-03
1.826086956521738809e-08 3.998445130579307560e-03
1.836120401337792284e-08 8.056883848568658843e-03
1.846153846153845760e-08 2.960485610920271515e-03
1.856187290969899566e-08 1.021135022905935580e-02
1.866220735785953041e-08 1.140809820673728027e-02
1.876254180602006517e-08 4.076334431252147741e-03
1.886287625418059992e-08 1.032362839997602241e-02
1.896321070234113468e-08 1.194896476368397312e-02
1.906354515050166943e-08 6.598626651611797303e-03
1.916387959866220418e-08 1.252049411422358899e-02
1.926421404682273894e-08 1.229005862081761213e-02
1.936454849498327369e-08 5.317003015996129602e-03
1.946488294314380845e-08 1.404189289652452502e-02
1.956521739130434651e-08 -1.039881288897775589e-03
1.966555183946488126e-08 1.129571744398019141e-02
1.976588628762541602e-08 5.855635717352857331e-03
1.986622073578595077e-08 9.210419438537552697e-03
1.996655518394648553e-08 5.655861017384238021e-03
2.006688963210702028e-08 4.308259519134939944e-03
2.016722408026755503e-08 7.207105334297622679e-03
2.026755852842808979e-08 1.033430034868829291e-02
2.036789297658862454e-08 1.050794894897145830e-02
2.046822742474916260e-08 5.909119078698326505e-03
2.056856187290969736e-08 7.967076995897269184e-03
2.066889632107023211e-08 1.499953005915291224e-02
2.076923076923076687e-08 5.926687185129934747e-03
2.086956521739130162e-08 8.627191777162805664e-03
2.096989966555183637e-08 6.383447648005278335e-03
2.107023411371237113e-08 3.689488089346612890e-03
2.117056856187290588e-08 7.154737794920583774e-03
2.127090301003344064e-08 5.486915074304724027e-03
2.137123745819397539e-08 9.449677553282600367e-03
2.147157190635451345e-08 1.570043333121777865e-02
2.157190635451504821e-08 1.578507388315374474e-02
2.167224080267558296e-08 1.066282861808212114e-02
2.177257525083611771e-08 -7.210359318789848638e-04
2.187290969899665247e-08 9.300578653484296507e-03
2.197324414715718722e-08 1.404997495745041562e-02
2.207357859531772198e-08 1.358236523842399832e-02
2.217391304347825673e-08 1.041366749696418827e-02
2.227424749163879148e-08 6.812910157788436977e-03
2.237458193979932955e-08 3.950597713155005672e-03
2.247491638795986430e-08 8.944082012364858170e-03
2.257525083612039905e-08 6.700308409648927065e-03
2.267558528428093381e-08 9.213620246798379099e-03
2.277591973244146856e-08 1.519326428917947263e-03
2.287625418060200332e-08 3.208269883878246773e-03
2.297658862876253807e-08 1.147224911935136767e-02
2.307692307692307282e-08 8.104504878021730196e-03
2.317725752508360758e-08 6.059172888609461009e-03
2.327759197324414233e-08 8.883530563588338050e-03
2.337792642140468040e-08 9.150508739787255666e-03
2.347826086956521515e-08 1.193535800512929984e-02
2.357859531772574990e-08 9.797829563154777238e-03
2.367892976588628466e-08 1.640396817167132093e-02
2.377926421404681941e-08 4.940695491608269874e-03
2.387959866220735417e-08 8.605958314557290295e-03
2.397993311036788892e-08 1.203508498949603864e-02
2.408026755852842367e-08 8.682646628744605452e-03
2.418060200668895843e-08 1.131943786074614267e-02
2.428093645484949649e-08 7.596716538947814214e-03
2.438127090301003124e-08 9.194662242256405188e-03
2.448160535117056600e-08 3.425532587409695767e-03
2.458193979933110075e-08 7.435514110835560186e-03
2.468227424749163551e-08 7.355935456816781529e-03
2.478260869565217026e-08 4.908035269191143163e-03
2.488294314381270501e-08 9.439155437776703197e-03
2.498327759197323977e-08 7.276299035764324623e-03
2.508361204013377452e-08 6.430261829052912742e-03
2.518394648829430928e-08 2.756694352259463424e-03
2.528428093645484734e-08 1.093264410689836694e-02
2.538461538461538209e-08 -3.383488916755860061e-03
2.548494983277591685e-08 3.363499225208150568e-03
2.558528428093645160e-08 7.863810211771208800e-03
2.568561872909698635e-08 6.281678383941355012e-03
2.578595317725752111e-08 8.216231178484276892e-03
2.588628762541805586e-08 6.691910659420536971e-03
2.598662207357859062e-08 6.543603569724335683e-03
2.608695652173912537e-08 8.397732046300909053e-03
2.618729096989966343e-08 6.420710101281086428e-03
2.628762541806019819e-08 8.076450848211862502e-03
2.638795986622073294e-08 1.380418041571610964e-03
2.648829431438126769e-08 1.060372369201228841e-02
2.658862876254180245e-08 9.437867032787077698e-03
2.668896321070233720e-08 3.501784163911491124e-03
2.678929765886287196e-08 1.121939913700480129e-02
2.688963210702340671e-08 2.518320021321312444e-03
2.698996655518394146e-08 1.029535274764843168e-02
2.709030100334447622e-08 5.395845462485722270e-03
2.719063545150501428e-08 5.755878631333284992e-03
2.729096989966554904e-08 1.271911107487629956e-02
2.739130434782608379e-08 4.493419209249277860e-03
2.749163879598661854e-08 5.793013804282533437e-03
2.759197324414715330e-08 5.137199454712898690e-03
2.769230769230768805e-08 1.244420686486577554e-02
2.779264214046822281e-08 1.301745865122275192e-02
2.789297658862875756e-08 7.352166451035701232e-03
2.799331103678929231e-08 4.669925999892705210e-03
2.809364548494983038e-08 3.206177447804522355e-03
2.819397993311036513e-08 1.286361803858846950e-02
2.829431438127089988e-08 1.346267427587055816e-02
2.839464882943143464e-08 9.934163223469580709e-03
2.849498327759196939e-08 7.757219606115878935e-03
2.859531772575250415e-08 1.065611485571070841e-02
2.869565217391303890e-08 1.426060708478524980e-02
2.879598662207357365e-08 1.271371326813206318e-02
2.889632107023410841e-08 6.384504606673529169e-03
2.899665551839464316e-08 9.182712632299602426e-03
2.909698996655518122e-08 9.632274590308437245e-03
2.919732441471571598e-08 1.299627768505510345e-02
2.929765886287625073e-08 5.974946028379374448e-03
2.939799331103678549e-08 9.723046133298905713e-03
2.949832775919732024e-08 8.620904177776661861e-03
2.959866220735785499e-08 5.244055097061415399e-03
2.969899665551838975e-08 1.352689429490730282e-02
2.979933110367892450e-08 1.275868880417717344e-02
2.989966555183946256e-08 8.400176520599286420e-03
2.999999999999999732e-08 2.547853344553136119e-03
