0.000000000000000000e+00 9.999999999999995559e-01
1.003344481605351029e-10 8.011446377423460732e-03
2.006688963210702059e-10 4.952754703378093801e-03
3.010033444816052959e-10 1.434233244924495651e-03
4.013377926421404118e-10 3.069682452927998718e-03
5.016722408026755277e-10 1.058462250354474075e-02
6.020066889632105918e-10 9.694553838519394395e-03
7.023411371237457594e-10 6.891674415843385311e-03
8.026755852842808236e-10 1.221675002206088455e-02
9.030100334448158877e-10 1.341971279223887550e-02
1.003344481605351055e-09 8.308333096416903318e-03
1.103678929765886223e-09 1.358898390577325394e-02
1.204013377926421184e-09 2.891177736480013676e-03
1.304347826086956351e-09 6.016236756363404527e-03
1.404682274247491519e-09 1.417564645439851022e-02
1.505016722408026480e-09 9.726944481637089107e-04
1.605351170568561647e-09 4.888078718199021649e-03
1.705685618729096815e-09 1.065733468748423368e-02
1.806020066889631775e-09 8.537805319789598321e-03
1.906354515050166943e-09 4.806557617484566447e-03
2.006688963210702111e-09 6.108681400834171764e-03
2.107023411371237278e-09 6.683077623282543574e-03
2.207357859531772446e-09 1.124413111888241008e-02
2.307692307692307200e-09 4.398279615144974619e-03
2.408026755852842367e-09 3.720923197639400617e-03
2.508361204013377535e-09 7.299923651760557679e-03
2.608695652173912702e-09 1.251152175211563307e-02
2.709030100334447870e-09 9.162628758688725478e-03
2.809364548494983038e-09 1.157836708533343043e-02
2.909698996655517792e-09 4.661483895729798613e-03
3.010033444816052959e-09 1.222102329713412906e-02
3.110367892976588127e-09 4.758039386545361623e-04
3.210702341137123294e-09 9.521436350763617246e-03
3.311036789297658462e-09 4.129419788722281555e-03
3.411371237458193629e-09 4.514642132952509379e-03
3.511705685618728797e-09 7.655720996583484546e-03
3.612040133779263551e-09 7.818288379758561030e-03
3.712374581939798719e-09 1.209436097765145129e-02
3.812709030100333886e-09 7.544579078702806467e-03
3.913043478260868640e-09 8.927105221503067040e-03
4.013377926421404221e-09 8.163195364254886496e-03
4.113712374581938975e-09 1.286248012324493761e-02
4.214046822742474556e-09 9.660488755875235728e-03
4.314381270903009310e-09 3.976383945768323033e-03
4.414715719063544892e-09 5.024558806538968574e-03
4.515050167224079646e-09 1.151809437754654393e-02
4.615384615384614399e-09 6.770417006949569320e-03
4.715719063545149981e-09 9.246889061842495858e-03
4.816053511705684735e-09 4.566209388546896807e-03
4.916387959866220316e-09 1.088102849577155321e-02
5.016722408026755070e-09 8.131841144964865528e-03
5.117056856187290651e-09 -5.354153412391670459e-04
5.217391304347825405e-09 9.848870279023215143e-03
5.317725752508360159e-09 9.439513503488601576e-03
5.418060200668895740e-09 8.686029921990931144e-03
5.518394648829430494e-09 1.605790658867679551e-03
5.618729096989966075e-09 1.135664780473727084e-02
5.719063545150500829e-09 7.851488412623191908e-04
5.819397993311035583e-09 6.187984741207573289e-03
5.919732441471571164e-09 1.172890318885149059e-02
6.020066889632105918e-09 8.767500861149952682e-03
6.120401337792641499e-09 5.681627205168791536e-03
6.220735785953176253e-09 4.546466823150045397e-03
6.321070234113711835e-09 4.202812888807410698e-03
6.421404682274246589e-09 6.063009065242706483e-03
6.521739130434781343e-09 8.865227013313572296e-03
6.622073578595316924e-09 4.782388805947471351e-03
6.722408026755851678e-09 9.811933504387731347e-03
6.822742474916387259e-09 1.032056792829281122e-03
6.923076923076922013e-09 8.348406817095043592e-03
7.023411371237457594e-09 1.097176513237230894e-02
7.123745819397992348e-09 1.144473924259037032e-02
7.224080267558527102e-09 3.455389718397555536e-03
7.324414715719062683e-09 7.709369551708923976e-03
7.424749163879597437e-09 2.776533393355436630e-03
7.525083612040133018e-09 5.165275063391291770e-03
7.625418060200667772e-09 7.693245732540518293e-03
7.725752508361202526e-09 6.854501021886011056e-03
7.826086956521737280e-09 9.360983968574326450e-03
7.926421404682273689e-09 8.388260411554600976e-03
8.026755852842808442e-09 9.711283395153719883e-03
8.127090301003343196e-09 9.008571188893347084e-03
8.227424749163877950e-09 6.970942519187505425e-03
8.327759197324414359e-09 5.635802144450446916e-03
8.428093645484949113e-09 6.800676571371058396e-03
8.528428093645483867e-09 6.901053672955600841e-03
8.628762541806018621e-09 1.107733234921647048e-02
8.729096989966553375e-09 1.455801634542390824e-02
8.829431438127089783e-09 6.625913855066644861e-03
8.929765886287624537e-09 7.435731964561996359e-03
9.030100334448159291e-09 1.021364900579170565e-02
9.130434782608694045e-09 1.138717517781715101e-02
9.230769230769228799e-09 8.853976098047233040e-03
9.331103678929765207e-09 6.824347371208934823e-03
9.431438127090299961e-09 6.707238501814323517e-03
9.531772575250834715e-09 8.560619575883068877e-03
9.632107023411369469e-09 6.363176691011486648e-03
9.732441471571904223e-09 7.956553675208576440e-03
9.832775919732440632e-09 4.131088725295093723e-03
9.933110367892975386e-09 6.468225588342347253e-03
1.003344481605351014e-08 6.799295126220626304e-03
1.013377926421404489e-08 8.672864004834050441e-03
1.023411371237458130e-08 5.580930784067357486e-03
1.033444816053511606e-08 3.658376305044645869e-03
1.043478260869565081e-08 6.339076675118961515e-03
1.053511705685618556e-08 1.562164242081945202e-02
1.063545150501672032e-08 7.914423139535482418e-03
1.073578595317725673e-08 2.781557590217870711e-03
1.083612040133779148e-08 1.249731766946394866e-02
1.093645484949832623e-08 7.267312092560376628e-03
1.103678929765886099e-08 1.292387524122695121e-02
1.113712374581939574e-08 9.786111222831885004e-03
1.123745819397993215e-08 1.166351675258646588e-02
1.133779264214046690e-08 5.728813510054834440e-03
1.143812709030100166e-08 -3.649632518543833616e-03
1.153846153846153641e-08 1.118054955471298011e-02
1.163879598662207117e-08 3.047839367494721390e-03
1.173913043478260757e-08 4.551922099689170893e-03
1.183946488294314233e-08 6.872553596057403950e-03
1.193979933110367708e-08 4.901640412236543155e-03
1.204013377926421184e-08 8.045253641859024737e-03
1.214046822742474824e-08 6.373683527012238316e-03
1.224080267558528300e-08 1.101655539487285916e-02
1.234113712374581775e-08 5.223075663366995650e-03
1.244147157190635251e-08 1.242401151032803026e-02
1.254180602006688726e-08 9.005041644043761118e-03
1.264214046822742367e-08 1.055747723842894933e-02
1.274247491638795842e-08 1.036427172005069050e-02
1.284280936454849318e-08 9.511553426298009761e-03
1.294314381270902793e-08 7.787314103095971038e-03
1.304347826086956269e-08 7.160917307909072521e-03
1.314381270903009909e-08 5.888714297679648046e-03
1.324414715719063385e-08 1.178290792141806556e-02
1.334448160535116860e-08 -4.512443438598915746e-04
1.344481605351170336e-08 7.141243741741506133e-03
1.354515050167223811e-08 7.572038273748852265e-03
1.364548494983277452e-08 2.664453314150752941e-03
1.374581939799330927e-08 7.812593202067898493e-03
1.384615384615384403e-08 3.467496855277983018e-03
1.394648829431437878e-08 5.213957559314336999e-03
1.404682274247491519e-08 6.789084670810324740e-03
1.414715719063544994e-08 6.950017912834125303e-03
1.424749163879598470e-08 5.612882877207925683e-03
1.434782608695651945e-08 9.097122023323587006e-03
1.444816053511705420e-08 1.242153523560795593e-02
1.454849498327759061e-08 3.035905209071206295e-03
1.464882943143812537e-08 3.766562051076314827e-03
1.474916387959866012e-08 1.125128288094186246e-02
1.484949832775919487e-08 1.140202833640912954e-02
1.494983277591973128e-08 7.883815513883648055e-03
1.505016722408026604e-08 7.281329422271256603e-03
1.515050167224080079e-08 4.088290469188760393e-03
1.525083612040133554e-08 6.410395419969360659e-03
1.535117056856187030e-08 3.622404393419529668e-03
1.545150501672240505e-08 1.245232592462007862e-02
1.555183946488293981e-08 8.068629076721661048e-03
1.565217391304347456e-08 6.852882602703841072e-03
1.575250836120401262e-08 5.177957664087620357e-03
1.585284280936454738e-08 7.351464011837707292e-03
1.595317725752508213e-08 1.027767485428703574e-02
1.605351170568561688e-08 7.598835499463763715e-03
1.615384615384615164e-08 2.952298660339581528e-03
1.625418060200668639e-08 5.546740613970623998e-03
1.635451505016722115e-08 1.353748215226965694e-03
1.645484949832775590e-08 6.019856253665036537e-03
1.655518394648829065e-08 6.147842186141978284e-03
1.665551839464882872e-08 8.456303938232554232e-03
1.675585284280936347e-08 8.287678325580258645e-03
1.685618729096989823e-08 8.692254176175659083e-03
1.695652173913043298e-08 6.658134032841028088e-03
1.705685618729096773e-08 4.431158040309125974e-03
1.715719063545150249e-08 6.848730902817430979e-03
1.725752508361203724e-08 9.675611293060739498e-03
1.735785953177257200e-08 9.871425406944047548e-03
1.745819397993310675e-08 6.361044582763594052e-03
1.755852842809364150e-08 7.741339743868982763e-03
1.765886287625417957e-08 5.982878550228599296e-03
1.775919732441471432e-08 1.141594935487278556e-02
1.785953177257524907e-08 5.122072369202289484e-03
1.795986622073578383e-08 1.138262463601381023e-02
1.806020066889631858e-08 5.505091436633372838e-03
1.816053511705685334e-08 6.738653807322674688e-03
1.826086956521738809e-08 1.235484959457690615e-02
1.836120401337792284e-08 1.263101155391140214e-02
1.846153846153845760e-08 1.157287410918339532e-02
1.856187290969899566e-08 6.109789962595171126e-03
1.866220735785953041e-08 3.819791492412317850e-03
1.876254180602006517e-08 7.711292165371196571e-03
1.886287625418059992e-08 1.006633187699688264e-02
1.896321070234113468e-08 1.630090648933046676e-03
1.906354515050166943e-08 1.165303050094847540e-02
1.916387959866220418e-08 1.395212175560642601e-02
1.926421404682273894e-08 2.957681047062312146e-03
1.936454849498327369e-08 6.736990048106856165e-03
1.946488294314380845e-08 8.945952602005768223e-03
1.956521739130434651e-08 -1.464903471164220199e-04
1.966555183946488126e-08 1.760849750911882422e-02
1.976588628762541602e-08 1.071021711374589569e-02
1.986622073578595077e-08 5.904443388367153212e-03
1.996655518394648553e-08 3.465382741053941659e-03
2.006688963210702028e-08 6.866152721350052973e-03
2.016722408026755503e-08 1.385060706428762299e-02
2.026755852842808979e-08 7.479170790023059387e-03
2.036789297658862454e-08 1.236556066825349534e-02
2.046822742474916260e-08 3.848783290243962263e-03
2.056856187290969736e-08 1.060109148371238090e-02
2.066889632107023211e-08 1.014366558373159220e-02
2.076923076923076687e-08 7.026620090434180024e-03
2.086956521739130162e-08 6.266572886963317664e-03
2.096989966555183637e-08 1.734716902678800059e-03
2.107023411371237113e-08 7.521542871753522652e-03
2.117056856187290588e-08 1.321548538170860473e-02
2.127090301003344064e-08 5.168208281456607676e-03
2.137123745819397539e-08 5.579760666727707347e-03
2.147157190635451345e-08 5.501933638491769522e-03
2.157190635451504821e-08 8.990796645266292339e-03
2.167224080267558296e-08 5.522214050021090684e-03
2.177257525083611771e-08 9.788065667444483670e-03
2.187290969899665247e-08 4.519199846220509249e-03
2.197324414715718722e-08 9.946258856038456622e-03
2.207357859531772198e-08 8.198332371611343275e-03
2.217391304347825673e-08 5.734821613655786965e-03
2.227424749163879148e-08 1.060853539877060041e-02
2.237458193979932955e-08 5.498264964522467206e-03
2.247491638795986430e-08 1.297917939537078513e-02
2.257525083612039905e-08 5.922339343755606868e-03
2.267558528428093381e-08 3.851754662914225018e-03
2.277591973244146856e-08 6.389706441690077947e-03
2.287625418060200332e-08 8.406287874485515385e-03
2.297658862876253807e-08 -5.980082854490959172e-04
2.307692307692307282e-08 6.951369311263500862e-03
2.317725752508360758e-08 5.060830484237046831e-03
2.327759197324414233e-08 1.367434195720167514e-02
2.337792642140468040e-08 5.165483896007108146e-03
2.347826086956521515e-08 1.269354216107390458e-02
2.357859531772574990e-08 3.719502733415228687e-03
2.367892976588628466e-08 1.039753018263334453e-02
2.377926421404681941e-08 6.612422545461054540e-03
2.387959866220735417e-08 7.298458513541202473e-03
2.397993311036788892e-08 1.313302947546854740e-02
2.408026755852842367e-08 3.186533915843093711e-03
2.418060200668895843e-08 8.763934763502893854e-03
2.428093645484949649e-08 2.937683520850920514e-03
2.438127090301003124e-08 2.875048278587141910e-03
2.448160535117056600e-08 9.566106927393376938e-03
2.458193979933110075e-08 1.248909627965840569e-02
2.468227424749163551e-08 1.968544502381091178e-03
2.478260869565217026e-08 7.234488343365785314e-03
2.488294314381270501e-08 4.629761395160900128e-03
2.498327759197323977e-08 6.056932362647277773e-03
2.508361204013377452e-08 5.931630111312118613e-03
2.518394648829430928e-08 6.834374704681225529e-03
2.528428093645484734e-08 1.156926784748108297e-02
2.538461538461538209e-08 8.024904253268525314e-03
2.548494983277591685e-08 8.919998232652985581e-03
2.558528428093645160e-08 6.120968088626541938e-03
2.568561872909698635e-08 8.381512345278521736e-03
2.578595317725752111e-08 7.108126155534437961e-03
2.588628762541805586e-08 1.086068802867188460e-02
2.598662207357859062e-08 7.299885126094089911e-03
2.608695652173912537e-08 6.709150470816899886e-03
2.618729096989966343e-08 1.145940351093466085e-02
2.628762541806019819e-08 4.106138070935395207e-03
2.638795986622073294e-08 4.297554462783812444e-03
2.648829431438126769e-08 6.678663897032869473e-03
2.658862876254180245e-08 1.020563581779129064e-02
2.668896321070233720e-08 8.232339483265363467e-03
2.678929765886287196e-08 9.929899063576681090e-03
2.688963210702340671e-08 5.302617542746084107e-03
2.698996655518394146e-08 7.869856255928935757e-03
2.709030100334447622e-08 6.676286726770213481e-03
2.719063545150501428e-08 4.292099310144180911e-03
2.729096989966554904e-08 8.162485369659798137e-03
2.739130434782608379e-08 9.254426396866851506e-03
2.749163879598661854e-08 6.409232127491204176e-03
2.759197324414715330e-08 3.266610480991063038e-03
2.769230769230768805e-08 6.040722596812444188e-03
2.779264214046822281e-08 1.304001827291687704e-02
2.789297658862875756e-08 7.692472142756496406e-03
2.799331103678929231e-08 8.658259722809417969e-03
2.809364548494983038e-08 5.499943956526724340e-03
2.819397993311036513e-08 5.940783344949721392e-03
2.829431438127089988e-08 6.653599420225955220e-03
2.839464882943143464e-08 8.924150473234167616e-03
2.849498327759196939e-08 1.362420288715193890e-02
2.859531772575250415e-08 8.612030021694772400e-03
2.869565217391303890e-08 2.248964464853779165e-03
2.879598662207357365e-08 7.723761321910663918e-03
2.889632107023410841e-08 3.447791887507753450e-03
2.899665551839464316e-08 3.312076893601727506e-03
2.909698996655518122e-08 7.054584957397426123e-04
2.919732441471571598e-08 1.076092011308616737e-02
2.929765886287625073e-08 1.165130446020660494e-02
2.939799331103678549e-08 5.236696169031162217e-03
2.949832775919732024e-08 6.279443512011894692e-03
2.959866220735785499e-08 6.253993822808042412e-03
2.969899665551838975e-08 1.182616712446580426e-02
2.979933110367892450e-08 6.727849649529836322e-03
2.989966555183946256e-08 1.279674736262821459e-02
2.999999999999999732e-08 3.877689574059478041e-03
