0.000000000000000000e+00 9.999999999999995559e-01
1.003344481605351029e-10 1.265498667988766181e-02
2.006688963210702059e-10 1.465102801903222889e-03
3.010033444816052959e-10 3.878796723920854578e-03
4.013377926421404118e-10 6.358774872641145305e-03
5.016722408026755277e-10 4.100799535720508343e-03
6.020066889632105918e-10 1.252855045810330990e-02
7.023411371237457594e-10 7.179824815773332147e-03
8.026755852842808236e-10 6.201128967893797424e-03
9.030100334448158877e-10 1.005781606901028080e-02
1.003344481605351055e-09 1.451708426441446209e-02
1.103678929765886223e-09 5.229010117502853883e-03
1.204013377926421184e-09 8.203852766998167428e-03
1.304347826086956351e-09 4.968824718119988978e-03
1.404682274247491519e-09 9.970778289267834965e-03
1.505016722408026480e-09 3.878807998283492070e-03
1.605351170568561647e-09 9.437431335494586571e-03
1.705685618729096815e-09 1.032895622648157680e-02
1.806020066889631775e-09 2.736091752035811620e-03
1.906354515050166943e-09 1.029993692918496767e-02
2.006688963210702111e-09 9.241431778714991399e-03
2.107023411371237278e-09 1.199324310293239243e-02
2.207357859531772446e-09 3.353264225049261676e-04
2.307692307692307200e-09 1.028123872694520352e-02
2.408026755852842367e-09 3.094782474306595216e-03
2.508361204013377535e-09 1.149210464561947059e-02
2.608695652173912702e-09 1.583579109015052083e-03
2.709030100334447870e-09 3.585731217770645688e-03
2.809364548494983038e-09 1.495602606153458112e-03
2.909698996655517792e-09 4.290600998944956584e-03
3.010033444816052959e-09 1.071028228698758453e-02
3.110367892976588127e-09 8.693811978510315383e-03
3.210702341137123294e-09 6.706920042652683364e-03
3.311036789297658462e-09 1.200058965495241770e-02
3.411371237458193629e-09 3.786321465153249296e-03
3.511705685618728797e-09 1.106051880597911860e-02
3.612040133779263551e-09 4.212252487524195156e-03
3.712374581939798719e-09 9.591470045051564419e-03
3.812709030100333886e-09 9.129582099334431974e-03
3.913043478260868640e-09 5.667874467898175762e-03
4.013377926421404221e-09 5.464739753465873602e-03
4.113712374581938975e-09 4.908264083329456906e-03
4.214046822742474556e-09 2.168747047160596124e-03
4.314381270903009310e-09 6.805721982133037043e-03
4.414715719063544892e-09 4.025824696190054286e-03
4.515050167224079646e-09 8.393765283003271072e-03
4.615384615384614399e-09 9.376718475510609219e-03
4.715719063545149981e-09 1.179485395789217975e-02
4.816053511705684735e-09 1.959711603247773180e-03
4.916387959866220316e-09 3.499717119558479281e-03
5.016722408026755070e-09 8.858506796597038699e-03
5.117056856187290651e-09 1.425957701991810867e-03
5.217391304347825405e-09 2.679725759898033376e-03
5.317725752508360159e-09 6.534786478130755367e-03
5.418060200668895740e-09 1.018505451845799249e-02
5.518394648829430494e-09 6.280850978384731886e-03
5.618729096989966075e-09 6.930473988692889206e-03
5.719063545150500829e-09 6.172532669984791276e-03
5.819397993311035583e-09 1.279543938706509051e-02
5.919732441471571164e-09 7.315734172157488738e-03
6.020066889632105918e-09 4.837917884895339901e-03
6.120401337792641499e-09 1.863734882358102736e-03
6.220735785953176253e-09 6.703813676621699948e-03
6.321070234113711835e-09 1.187284190388153589e-02
6.421404682274246589e-09 1.272281193112245572e-02
6.521739130434781343e-09 3.860106214229147310e-03
6.622073578595316924e-09 7.899796703369144774e-03
6.722408026755851678e-09 3.822388388308707585e-03
6.822742474916387259e-09 7.615690583305555379e-03
6.923076923076922013e-09 1.318080503497242283e-02
7.023411371237457594e-09 3.357353015195298999e-03
7.123745819397992348e-09 5.830673451469384205e-03
7.224080267558527102e-09 3.216938222806763406e-03
7.324414715719062683e-09 7.030352774577137802e-03
7.424749163879597437e-09 8.181453693675644692e-03
7.525083612040133018e-09 7.130357123178180691e-03
7.625418060200667772e-09 2.734422458333593542e-03
7.725752508361202526e-09 4.782040380119619363e-03
7.826086956521737280e-09 1.120003347283691185e-02
7.926421404682273689e-09 1.159325297336299271e-02
8.026755852842808442e-09 5.516515284945264913e-03
8.127090301003343196e-09 1.796777723118644443e-03
8.227424749163877950e-09 1.250799191982431523e-02
8.327759197324414359e-09 5.229558919190333693e-03
8.428093645484949113e-09 7.558929974190826788e-03
8.528428093645483867e-09 5.935913797255115351e-03
8.628762541806018621e-09 4.594594898593328675e-03
8.729096989966553375e-09 7.547775298694865340e-03
8.829431438127089783e-09 1.532788308377967985e-02
8.929765886287624537e-09 1.718658937758814689e-02
9.030100334448159291e-09 1.115302896987581394e-02
9.130434782608694045e-09 8.726582472349376715e-03
9.230769230769228799e-09 7.994388034858818798e-03
9.331103678929765207e-09 8.898641653828982812e-03
9.431438127090299961e-09 1.736722668675734493e-02
9.531772575250834715e-09 5.449602097055742354e-03
9.632107023411369469e-09 7.794739302081829350e-03
9.732441471571904223e-09 1.086546993197750038e-03
9.832775919732440632e-09 5.666674412205204882e-03
9.933110367892975386e-09 6.443920205015667320e-03
1.003344481605351014e-08 1.296490305326412906e-02
1.013377926421404489e-08 8.277598862912015007e-03
1.023411371237458130e-08 3.528698163351912109e-03
1.033444816053511606e-08 5.648043027807296557e-04
1.043478260869565081e-08 8.381985542006644210e-03
1.053511705685618556e-08 6.480532500565803870e-03
1.063545150501672032e-08 8.719693350274114116e-03
1.073578595317725673e-08 8.964271488939971194e-03
1.083612040133779148e-08 7.703083234607783179e-03
1.093645484949832623e-08 5.881175552637184917e-03
1.103678929765886099e-08 1.041213886927120757e-03
1.113712374581939574e-08 9.759107839614011501e-03
1.123745819397993215e-08 1.222826074887306200e-02
1.133779264214046690e-08 1.032983927446179916e-02
1.143812709030100166e-08 7.894930730765444341e-03
1.153846153846153641e-08 8.730783707613154476e-03
1.163879598662207117e-08 7.571256891407318786e-03
1.173913043478260757e-08 1.320130933428364378e-02
1.183946488294314233e-08 7.383374430344262452e-04
1.193979933110367708e-08 1.282830669117278159e-02
1.204013377926421184e-08 1.444068383040622051e-02
1.214046822742474824e-08 1.047092153207351481e-02
1.224080267558528300e-08 9.495397820540955533e-03
1.234113712374581775e-08 4.630300176167630351e-03
1.244147157190635251e-08 5.559771969551627162e-03
1.254180602006688726e-08 1.118471016296031066e-02
1.264214046822742367e-08 -3.239814378763320769e-03
1.274247491638795842e-08 4.412585767621888914e-03
1.284280936454849318e-08 1.016871277927828242e-02
1.294314381270902793e-08 -7.804225036721844887e-05
1.304347826086956269e-08 6.108248313017529581e-03
1.314381270903009909e-08 9.710065300007482761e-03
1.324414715719063385e-08 1.069066134224437754e-02
1.334448160535116860e-08 7.901763531429909643e-03
1.344481605351170336e-08 5.436612163866640264e-03
1.354515050167223811e-08 4.697192469704660790e-03
1.364548494983277452e-08 1.056720974303630017e-02
1.374581939799330927e-08 2.916966428486845401e-03
1.384615384615384403e-08 1.551501716608039020e-03
1.394648829431437878e-08 1.126010961042202448e-02
1.404682274247491519e-08 1.343976254219096493e-02
1.414715719063544994e-08 8.128690708235519757e-03
1.424749163879598470e-08 9.423721907922814542e-03
1.434782608695651945e-08 3.920923626528976039e-03
1.444816053511705420e-08 6.587390357769255453e-03
1.454849498327759061e-08 2.834753550540306238e-03
1.464882943143812537e-08 8.705874689617308301e-03
1.474916387959866012e-08 4.735230029069773493e-03
1.484949832775919487e-08 1.108676218261792946e-02
1.494983277591973128e-08 2.204706619349871589e-03
1.505016722408026604e-08 1.106578912283500554e-02
1.515050167224080079e-08 4.228158049282662242e-03
1.525083612040133554e-08 5.605468799704306851e-03
1.535117056856187030e-08 6.215701305459528023e-03
1.545150501672240505e-08 1.231130103611516487e-02
1.555183946488293981e-08 9.437370553759585542e-03
1.565217391304347456e-08 1.149028050646114067e-02
1.575250836120401262e-08 6.657351674153629342e-03
1.585284280936454738e-08 1.033798665274525234e-02
1.595317725752508213e-08 5.495519461524740225e-03
1.605351170568561688e-08 4.629204075228500991e-03
1.615384615384615164e-08 7.160945617577343589e-03
1.625418060200668639e-08 9.318632822560690004e-03
1.635451505016722115e-08 5.558075086353003735e-03
1.645484949832775590e-08 6.978422521725756097e-03
1.655518394648829065e-08 5.028246574859795287e-03
1.665551839464882872e-08 9.991165354308446933e-03
1.675585284280936347e-08 5.704781395893000588e-03
1.685618729096989823e-08 5.269107284524803328e-03
1.695652173913043298e-08 4.723471636837251256e-03
1.705685618729096773e-08 1.032441839774202695e-02
1.715719063545150249e-08 6.876082108956948873e-03
1.725752508361203724e-08 8.556632205461890336e-03
1.735785953177257200e-08 1.388230918878047455e-02
1.745819397993310675e-08 9.509090020632892520e-03
1.755852842809364150e-08 4.622322375872922953e-03
1.765886287625417957e-08 6.206576951493163880e-03
1.775919732441471432e-08 6.187142430906263438e-03
1.785953177257524907e-08 7.920990454751459728e-03
1.795986622073578383e-08 1.991306165672890316e-03
1.806020066889631858e-08 9.335335003426281988e-03
1.816053511705685334e-08 1.314866490984101417e-02
1.826086956521738809e-08 8.641306422324943753e-03
1.836120401337792284e-08 3.461691665152898719e-03
1.846153846153845760e-08 8.979137534659620279e-03
1.856187290969899566e-08 4.298001375105671429e-03
1.866220735785953041e-08 2.005789818204588727e-03
1.876254180602006517e-08 7.737086871298097697e-03
1.886287625418059992e-08 2.219653167167565631e-03
1.896321070234113468e-08 6.202142391077115034e-03
1.906354515050166943e-08 5.635890560751723871e-03
1.916387959866220418e-08 1.360433412855605213e-02
1.926421404682273894e-08 5.639689299755173621e-03
1.936454849498327369e-08 4.847635623682370817e-03
1.946488294314380845e-08 9.967028474583843750e-03
1.956521739130434651e-08 6.132814443001465693e-03
1.966555183946488126e-08 7.496513391977452020e-03
1.976588628762541602e-08 9.320253764167143323e-03
1.986622073578595077e-08 1.522717076251825508e-02
1.996655518394648553e-08 5.216676022999227474e-03
2.006688963210702028e-08 7.470908793807581362e-03
2.016722408026755503e-08 8.167879986786171290e-03
2.026755852842808979e-08 2.963027351238797617e-03
2.036789297658862454e-08 6.710053605439666828e-03
2.046822742474916260e-08 4.015990104722378870e-03
2.056856187290969736e-08 1.130946673569662797e-03
2.066889632107023211e-08 1.004999431736484407e-02
2.076923076923076687e-08 7.719484123505848325e-03
2.086956521739130162e-08 5.083218322273591952e-03
2.096989966555183637e-08 3.917168475794713910e-03
2.107023411371237113e-08 1.433387904576066858e-02
2.117056856187290588e-08 5.508665771980982007e-03
2.127090301003344064e-08 1.125869882524278831e-02
2.137123745819397539e-08 7.007685552360160691e-03
2.147157190635451345e-08 8.009440727871993196e-03
2.157190635451504821e-08 1.156585132341808771e-02
2.167224080267558296e-08 9.397667133039792897e-03
2.177257525083611771e-08 -5.103880840277305944e-04
2.187290969899665247e-08 5.703378578488465731e-03
2.197324414715718722e-08 4.371483785415112081e-03
2.207357859531772198e-08 8.301863751285169096e-03
2.217391304347825673e-08 1.317752237896119109e-02
2.227424749163879148e-08 1.381033055253228815e-02
2.237458193979932955e-08 8.917398746891763706e-03
2.247491638795986430e-08 7.075911716577074420e-03
2.257525083612039905e-08 1.831516714542011544e-03
2.267558528428093381e-08 3.307539722143143426e-03
2.277591973244146856e-08 6.960626121895698536e-03
2.287625418060200332e-08 1.206723681531506921e-02
2.297658862876253807e-08 6.385288822904959700e-03
2.307692307692307282e-08 1.164484787857002560e-02
2.317725752508360758e-08 1.010762937472318469e-02
2.327759197324414233e-08 4.961236263621843917e-03
2.337792642140468040e-08 9.331521140719233748e-03
2.347826086956521515e-08 1.104765701428588910e-02
2.357859531772574990e-08 1.180488063390375438e-02
2.367892976588628466e-08 7.284434334674349219e-03
2.377926421404681941e-08 5.744348664884416436e-03
2.387959866220735417e-08 9.731292235893050646e-03
2.397993311036788892e-08 1.183107321563631707e-02
2.408026755852842367e-08 9.588161595119850528e-03
2.418060200668895843e-08 1.080914500720283646e-02
2.428093645484949649e-08 9.273908664494085602e-03
2.438127090301003124e-08 8.012182413097297326e-03
2.448160535117056600e-08 7.808369332745039755e-03
2.458193979933110075e-08 9.692113397509380043e-03
2.468227424749163551e-08 7.919783394375358443e-03
2.478260869565217026e-08 1.796430036432920471e-02
2.488294314381270501e-08 5.643865736843048896e-03
2.498327759197323977e-08 3.398895207076801754e-03
2.508361204013377452e-08 8.785700440719440563e-03
2.518394648829430928e-08 8.638457058212317338e-03
2.528428093645484734e-08 1.599862405198767407e-03
2.538461538461538209e-08 1.020011504688567334e-02
2.548494983277591685e-08 1.019387925358781338e-02
2.558528428093645160e-08 9.826762745371140848e-03
2.568561872909698635e-08 1.327266320896082659e-02
2.578595317725752111e-08 7.372106690874609923e-03
2.588628762541805586e-08 1.215080954363759354e-02
2.598662207357859062e-08 7.193840862147526938e-03
2.608695652173912537e-08 1.086405276006903106e-02
2.618729096989966343e-08 1.991565266720575142e-03
2.628762541806019819e-08 7.984731474961028960e-03
2.638795986622073294e-08 8.795979698120978338e-03
2.648829431438126769e-08 4.433250675242766774e-03
2.658862876254180245e-08 1.114859658309631796e-02
2.668896321070233720e-08 1.491242873832089935e-02
2.678929765886287196e-08 7.589184530985669183e-03
2.688963210702340671e-08 3.494816717397864619e-03
2.698996655518394146e-08 1.334104861227549711e-02
2.709030100334447622e-08 9.483173113616058525e-03
2.719063545150501428e-08 9.258797769423267321e-03
2.729096989966554904e-08 1.001633747817605967e-02
2.739130434782608379e-08 1.441990410873492459e-02
2.749163879598661854e-08 6.826758478803926673e-03
2.759197324414715330e-08 6.764964019056611370e-03
2.769230769230768805e-08 8.763818544300156638e-03
2.779264214046822281e-08 7.220731777526650033e-03
2.789297658862875756e-08 1.305475119522459850e-02
2.799331103678929231e-08 6.217085417907406396e-03
2.809364548494983038e-08 6.701417133542369314e-03
2.819397993311036513e-08 8.071519847184628962e-03
2.829431438127089988e-08 9.279907066830567555e-03
2.839464882943143464e-08 5.605814903272840835e-03
2.849498327759196939e-08 4.774147490320618595e-03
2.859531772575250415e-08 1.181799459892958828e-02
2.869565217391303890e-08 1.070195638000931253e-02
2.879598662207357365e-08 8.416728171418891291e-03
2.889632107023410841e-08 9.081631133151555485e-03
2.899665551839464316e-08 4.998412139587929577e-03
2.909698996655518122e-08 8.082516849037711323e-03
2.919732441471571598e-08 2.146853911092750939e-03
2.929765886287625073e-08 3.207701969308870017e-03
2.939799331103678549e-08 8.154704455250214729e-03
2.949832775919732024e-08 8.332158031362339040e-03
2.959866220735785499e-08 8.158671075319512064e-03
2.969899665551838975e-08 2.768633703139822353e-03
2.979933110367892450e-08 8.932779133861885185e-03
2.989966555183946256e-08 7.686479628136826808e-03
2.999999999999999732e-08 9.029126775353819509e-03
