0.000000000000000000e+00 9.999999999999995559e-01
1.003344481605351029e-10 9.355514181022050318e-03
2.006688963210702059e-10 1.078066489849694581e-02
3.010033444816052959e-10 6.816048134921461922e-03
4.013377926421404118e-10 4.007745473373241704e-03
5.016722408026755277e-10 6.883286926500598209e-03
6.020066889632105918e-10 7.072261002766112685e-03
7.023411371237457594e-10 4.016103218114407646e-03
8.026755852842808236e-10 6.103900416469307602e-03
9.030100334448158877e-10 6.731451777695518501e-03
1.003344481605351055e-09 8.102676673775843774e-03
1.103678929765886223e-09 7.024618150125342547e-03
1.204013377926421184e-09 6.549479512704332526e-03
1.304347826086956351e-09 7.041111388854334220e-03
1.404682274247491519e-09 8.947245161527226862e-03
1.505016722408026480e-09 7.539660190608164780e-03
1.605351170568561647e-09 5.068010273937517164e-03
1.705685618729096815e-09 9.871434788203771460e-03
1.806020066889631775e-09 6.768096432699684598e-03
1.906354515050166943e-09 1.153485963063577598e-02
2.006688963210702111e-09 8.286340935625685980e-03
2.107023411371237278e-09 7.123418864768418617e-03
2.207357859531772446e-09 4.296625088419349196e-03
2.307692307692307200e-09 6.213237700669286406e-03
2.408026755852842367e-09 9.268060571926794826e-04
2.508361204013377535e-09 8.571916051152310423e-03
2.608695652173912702e-09 7.948986717799928770e-03
2.709030100334447870e-09 6.449580474325230031e-03
2.809364548494983038e-09 8.155902520158740329e-03
2.909698996655517792e-09 7.722590135252404425e-03
3.010033444816052959e-09 1.448216494892095446e-02
3.110367892976588127e-09 9.765507767487819485e-03
3.210702341137123294e-09 5.861070912870023839e-03
3.311036789297658462e-09 9.382128669709242919e-03
3.411371237458193629e-09 7.850946609028982767e-03
3.511705685618728797e-09 7.868182383711857034e-03
3.612040133779263551e-09 2.657390544526401326e-03
3.712374581939798719e-09 1.163877993366305499e-02
3.812709030100333886e-09 8.667228351600815214e-03
3.913043478260868640e-09 9.809343942005581060e-03
4.013377926421404221e-09 1.184020145535969945e-02
4.113712374581938975e-09 -1.426033137741347136e-03
4.214046822742474556e-09 1.057878224940049516e-02
4.314381270903009310e-09 4.346734388009641445e-03
4.414715719063544892e-09 1.127625755550369473e-02
4.515050167224079646e-09 8.781379440863167768e-03
4.615384615384614399e-09 8.623382990373568494e-03
4.715719063545149981e-09 2.921987275915046475e-03
4.816053511705684735e-09 1.173451934136775579e-02
4.916387959866220316e-09 8.616447667215408959e-03
5.016722408026755070e-09 6.853789575096241350e-03
5.117056856187290651e-09 1.199357436081797956e-02
5.217391304347825405e-09 9.407802534316490189e-03
5.317725752508360159e-09 2.437366839676887754e-03
5.418060200668895740e-09 3.846218302394279961e-03
5.518394648829430494e-09 7.660622309077305160e-03
5.618729096989966075e-09 3.925580892023775720e-03
5.719063545150500829e-09 8.314809184807564479e-03
5.819397993311035583e-09 1.086876319684259087e-02
5.919732441471571164e-09 8.642718053178002555e-03
6.020066889632105918e-09 8.949209769029898426e-03
6.120401337792641499e-09 1.042002224551447608e-02
6.220735785953176253e-09 1.306876222651738063e-02
6.321070234113711835e-09 4.340259930310627970e-03
6.421404682274246589e-09 3.764625194409620956e-03
6.521739130434781343e-09 7.869543246087101762e-03
6.622073578595316924e-09 8.380975375038094907e-03
6.722408026755851678e-09 4.647114748831506284e-03
6.822742474916387259e-09 8.828395915567159580e-03
6.923076923076922013e-09 5.850290810092044838e-03
7.023411371237457594e-09 1.172201167999848033e-02
7.123745819397992348e-09 9.104449383595031309e-03
7.224080267558527102e-09 9.700755202937795182e-03
7.324414715719062683e-09 1.425058624801355152e-02
7.424749163879597437e-09 1.350500911347441574e-02
7.525083612040133018e-09 1.090155058614074648e-02
7.625418060200667772e-09 1.067609382386648306e-02
7.725752508361202526e-09 9.497647760691223240e-03
7.826086956521737280e-09 3.115222056656599507e-03
7.926421404682273689e-09 4.428380963814058935e-03
8.026755852842808442e-09 5.972618130476938132e-03
8.127090301003343196e-09 6.220508334608593898e-03
8.227424749163877950e-09 1.567178807911680932e-02
8.327759197324414359e-09 7.737031487183299895e-03
8.428093645484949113e-09 7.221287045012085917e-03
8.528428093645483867e-09 1.594255087490427597e-03
8.628762541806018621e-09 9.564465438865188407e-03
8.729096989966553375e-09 9.284691195523043367e-03
8.829431438127089783e-09 1.054818647632118495e-02
8.929765886287624537e-09 6.099159077824015292e-03
9.030100334448159291e-09 7.386335562516203272e-04
9.130434782608694045e-09 6.386070237350766413e-03
9.230769230769228799e-09 6.444495596046158348e-03
9.331103678929765207e-09 1.438625061874499074e-02
9.431438127090299961e-09 1.025954255107924644e-02
9.531772575250834715e-09 6.670893445541518398e-03
9.632107023411369469e-09 1.325936499795395064e-04
9.732441471571904223e-09 4.153346630145021701e-03
9.832775919732440632e-09 9.842433349700190071e-03
9.933110367892975386e-09 -1.080021663157496167e-03
1.003344481605351014e-08 4.219345685316954440e-03
1.013377926421404489e-08 9.607480160969239513e-03
1.023411371237458130e-08 3.167685264999376988e-03
1.033444816053511606e-08 3.405250937411835946e-03
1.043478260869565081e-08 1.097940071875991123e-02
1.053511705685618556e-08 9.851394384437607912e-03
1.063545150501672032e-08 3.505010892746834167e-03
1.073578595317725673e-08 1.289415361766616842e-02
1.083612040133779148e-08 8.433910185996797149e-03
1.093645484949832623e-08 5.723318616203692047e-03
1.103678929765886099e-08 9.760177381214697051e-03
1.113712374581939574e-08 6.173035338124792382e-03
1.123745819397993215e-08 6.335605583369951534e-03
1.133779264214046690e-08 5.218364944233357811e-03
1.143812709030100166e-08 3.228820925134151011e-03
1.153846153846153641e-08 1.340278263576433725e-02
1.163879598662207117e-08 1.338134310830863677e-02
1.173913043478260757e-08 9.639029389874542719e-03
1.183946488294314233e-08 5.644366591729452383e-03
1.193979933110367708e-08 5.900716675153081306e-03
1.204013377926421184e-08 3.685575762701944098e-03
1.214046822742474824e-08 7.813319740012852205e-03
1.224080267558528300e-08 3.145306217236740805e-03
1.234113712374581775e-08 8.095775707890062040e-03
1.244147157190635251e-08 1.367994699733413901e-02
1.254180602006688726e-08 9.846862393639214603e-03
1.264214046822742367e-08 8.577394393100706838e-03
1.274247491638795842e-08 1.853851327922719470e-03
1.284280936454849318e-08 4.882329048271551175e-03
1.294314381270902793e-08 5.206576206104658600e-03
1.304347826086956269e-08 9.199949551500210751e-03
1.314381270903009909e-08 4.589185542838952574e-03
1.324414715719063385e-08 3.077641443554966078e-03
1.334448160535116860e-08 7.653098013207338540e-03
1.344481605351170336e-08 9.843762617314169225e-03
1.354515050167223811e-08 2.726989252110557666e-03
1.364548494983277452e-08 7.047412111240872711e-03
1.374581939799330927e-08 7.902138191556610375e-03
1.384615384615384403e-08 2.949603181898013439e-03
1.394648829431437878e-08 1.525458010088860672e-02
1.404682274247491519e-08 3.339994002658701160e-03
1.414715719063544994e-08 8.040423977775731576e-03
1.424749163879598470e-08 1.198206253503614552e-02
1.434782608695651945e-08 6.050437968187777002e-03
1.444816053511705420e-08 6.406720049919841994e-03
1.454849498327759061e-08 1.427697042230612577e-02
1.464882943143812537e-08 1.250545858608530236e-02
1.474916387959866012e-08 8.253757046406174497e-03
1.484949832775919487e-08 8.317438699120067308e-03
1.494983277591973128e-08 7.174494955676236074e-03
1.505016722408026604e-08 3.901984749797486954e-03
1.515050167224080079e-08 9.779105667905385255e-03
1.525083612040133554e-08 7.886744155486177105e-03
1.535117056856187030e-08 5.311138523730401031e-03
1.545150501672240505e-08 8.990828811616509431e-03
1.555183946488293981e-08 7.615407851930725870e-03
1.565217391304347456e-08 1.288770185276796529e-02
1.575250836120401262e-08 5.376970477302405078e-03
1.585284280936454738e-08 9.336256458391825608e-03
1.595317725752508213e-08 6.063751258379188741e-03
1.605351170568561688e-08 4.195433523955368824e-03
1.615384615384615164e-08 1.497519325528141529e-02
1.625418060200668639e-08 5.784402183624913138e-03
1.635451505016722115e-08 9.787311966671253388e-03
1.645484949832775590e-08 9.895040180188127352e-03
1.655518394648829065e-08 6.524947502273393575e-03
1.665551839464882872e-08 9.591998691939244634e-03
1.675585284280936347e-08 1.472360470860074183e-02
1.685618729096989823e-08 3.617462825889079456e-03
1.695652173913043298e-08 8.087382338068313525e-03
1.705685618729096773e-08 8.010813372763794099e-03
1.715719063545150249e-08 7.973768268164831488e-03
1.725752508361203724e-08 1.310878872956744261e-02
1.735785953177257200e-08 1.238379383524043816e-02
1.745819397993310675e-08 9.479486319942895603e-03
1.755852842809364150e-08 8.326666608004369002e-03
1.765886287625417957e-08 6.709379506297023961e-03
1.775919732441471432e-08 4.037237064203595509e-03
1.785953177257524907e-08 8.864657340892402593e-03
1.795986622073578383e-08 8.496406383821188124e-03
1.806020066889631858e-08 8.179899493403357258e-03
1.816053511705685334e-08 5.248636084821289849e-03
1.826086956521738809e-08 3.272707278068221360e-03
1.836120401337792284e-08 1.260921396342324502e-02
1.846153846153845760e-08 9.003367185601712785e-03
1.856187290969899566e-08 5.432832689785439990e-03
1.866220735785953041e-08 4.081615054987620603e-03
1.876254180602006517e-08 1.492359215743846446e-02
1.886287625418059992e-08 1.245655623420965745e-02
1.896321070234113468e-08 6.050907105454877803e-03
1.906354515050166943e-08 4.309403591694894314e-03
1.916387959866220418e-08 9.695551778829872291e-03
1.926421404682273894e-08 3.705939614336477630e-03
1.936454849498327369e-08 1.098846591092262487e-02
1.946488294314380845e-08 -5.821253117843737781e-04
1.956521739130434651e-08 6.872273822644832386e-03
1.966555183946488126e-08 1.265191625841601171e-02
1.976588628762541602e-08 1.097369028231310641e-02
1.986622073578595077e-08 4.609085442584440195e-03
1.996655518394648553e-08 8.358060049672140154e-03
2.006688963210702028e-08 4.826096076931020787e-03
2.016722408026755503e-08 1.261641039398701293e-02
2.026755852842808979e-08 1.344763335985552652e-03
2.036789297658862454e-08 3.066369219384011170e-03
2.046822742474916260e-08 1.075771713146501940e-02
2.056856187290969736e-08 1.305550474484297105e-02
2.066889632107023211e-08 1.087081633899297101e-02
2.076923076923076687e-08 7.987225786688771992e-03
2.086956521739130162e-08 6.219392201985805488e-03
2.096989966555183637e-08 4.418608450755386226e-03
2.107023411371237113e-08 4.222619605588820782e-03
2.117056856187290588e-08 1.490595766566916438e-03
2.127090301003344064e-08 6.273075723453020933e-03
2.137123745819397539e-08 8.262327196861138368e-03
2.147157190635451345e-08 1.121289607080276987e-02
2.157190635451504821e-08 6.399780522660403551e-03
2.167224080267558296e-08 1.510170760588149148e-02
2.177257525083611771e-08 6.423501012404566821e-03
2.187290969899665247e-08 5.581661718629935855e-03
2.197324414715718722e-08 2.728361970558011457e-03
2.207357859531772198e-08 8.451904444828264168e-03
2.217391304347825673e-08 1.171439131370349135e-02
2.227424749163879148e-08 1.594326395650960682e-02
2.237458193979932955e-08 1.500276371497824210e-02
2.247491638795986430e-08 5.348417351750253332e-03
2.257525083612039905e-08 2.995788160462282447e-03
2.267558528428093381e-08 1.118051692139798714e-02
2.277591973244146856e-08 9.129831058738093960e-03
2.287625418060200332e-08 5.847926315267502027e-03
2.297658862876253807e-08 3.594584294306989863e-03
2.307692307692307282e-08 -1.455309130018414120e-03
2.317725752508360758e-08 5.803063098713639491e-03
2.327759197324414233e-08 7.120939537468326530e-03
2.337792642140468040e-08 6.173927261139843317e-03
2.347826086956521515e-08 -3.308457754315855329e-03
2.357859531772574990e-08 1.186063124877213999e-02
2.367892976588628466e-08 3.875508903213753954e-03
2.377926421404681941e-08 9.489408240098480551e-03
2.387959866220735417e-08 9.359578514622362427e-03
2.397993311036788892e-08 2.800687079159198348e-03
2.408026755852842367e-08 1.118039611441179818e-02
2.418060200668895843e-08 9.485820238530328144e-03
2.428093645484949649e-08 5.707733959359497650e-03
2.438127090301003124e-08 1.324926378064837391e-03
2.448160535117056600e-08 8.723759416396106164e-03
2.458193979933110075e-08 7.537909631131876551e-03
2.468227424749163551e-08 6.396301184264773648e-03
2.478260869565217026e-08 7.185445463875278840e-03
2.488294314381270501e-08 6.940080941728226163e-03
2.498327759197323977e-08 1.256210410473852963e-02
2.508361204013377452e-08 4.734706913228543118e-03
2.518394648829430928e-08 7.035523656942311438e-03
2.528428093645484734e-08 9.032785801938425160e-03
2.538461538461538209e-08 8.400152496596124604e-03
2.548494983277591685e-08 6.369537048858500347e-03
2.558528428093645160e-08 1.204472091969544315e-02
2.568561872909698635e-08 8.951727550504901681e-03
2.578595317725752111e-08 9.554412961938697942e-05
2.588628762541805586e-08 3.378979773926030303e-03
2.598662207357859062e-08 1.168398456635771215e-02
2.608695652173912537e-08 1.117213632192406644e-02
2.618729096989966343e-08 7.937123790397841716e-03
2.628762541806019819e-08 6.811981064918652858e-03
2.638795986622073294e-08 1.305428522038452020e-02
2.648829431438126769e-08 4.055194056030224543e-03
2.658862876254180245e-08 4.619833175286550304e-03
2.668896321070233720e-08 6.317181887650618645e-03
2.678929765886287196e-08 6.329267777414335563e-03
2.688963210702340671e-08 5.967746321457367137e-03
2.698996655518394146e-08 4.941267182789433818e-03
2.709030100334447622e-08 7.846627107636484910e-03
2.719063545150501428e-08 1.315152692140556835e-02
2.729096989966554904e-08 7.688494064881535618e-03
2.739130434782608379e-08 7.196544759913401333e-03
2.749163879598661854e-08 6.178757585586010237e-03
2.759197324414715330e-08 8.671880525111416022e-03
2.769230769230768805e-08 1.260284913354476656e-02
2.779264214046822281e-08 9.264120166307152765e-03
2.789297658862875756e-08 6.258110278926315960e-03
2.799331103678929231e-08 -9.930252075043067336e-04
2.809364548494983038e-08 6.584589216199301584e-03
2.819397993311036513e-08 7.219002379996793117e-03
2.829431438127089988e-08 4.706519091157307551e-03
2.839464882943143464e-08 7.581712439549005700e-03
2.849498327759196939e-08 9.970375774757664344e-03
2.859531772575250415e-08 1.612514698368195873e-02
2.869565217391303890e-08 4.997128760436895731e-03
2.879598662207357365e-08 1.112115166113033723e-02
2.889632107023410841e-08 1.977328630399561096e-03
2.899665551839464316e-08 7.487101310433831765e-03
2.909698996655518122e-08 1.285568725295376143e-02
2.919732441471571598e-08 4.736252076446169530e-03
2.929765886287625073e-08 7.174485176691256655e-03
2.939799331103678549e-08 6.459380251834460213e-03
2.949832775919732024e-08 8.234994182558155046e-03
2.959866220735785499e-08 8.393066880254103357e-03
2.969899665551838975e-08 7.950594936813937036e-04
2.979933110367892450e-08 8.523781329729376854e-03
2.989966555183946256e-08 1.331592805604205759e-02
2.999999999999999732e-08 5.825897126413581879e-03
