0.000000000000000000e+00 9.999999999999995559e-01
1.003344481605351029e-10 9.461176551244673272e-01
2.006688963210702059e-10 8.172858262460569456e-01
3.010033444816052959e-10 6.800102338007441016e-01
4.013377926421404118e-10 5.784528909561394983e-01
5.016722408026755277e-10 5.155703060096511470e-01
6.020066889632105918e-10 4.739225844021940914e-01
7.023411371237457594e-10 4.369655581266059796e-01
8.026755852842808236e-10 3.950922468221982342e-01
9.030100334448158877e-10 3.482623313685639377e-01
1.003344481605351055e-09 3.064136395559263759e-01
1.103678929765886223e-09 2.790693720821009749e-01
1.204013377926421184e-09 2.628464782096232022e-01
1.304347826086956351e-09 2.440737755252961327e-01
1.404682274247491519e-09 2.132569227205224072e-01
1.505016722408026480e-09 1.730279398689768822e-01
1.605351170568561647e-09 1.334768923704852395e-01
1.705685618729096815e-09 1.036670805601417611e-01
1.806020066889631775e-09 8.627990768495834295e-02
1.906354515050166943e-09 7.667220922429898722e-02
2.006688963210702111e-09 6.722845247777012312e-02
2.107023411371237278e-09 5.444840166933554576e-02
2.207357859531772446e-09 4.129750385916079042e-02
2.307692307692307200e-09 3.216866305822686095e-02
2.408026755852842367e-09 2.720720449029917845e-02
2.508361204013377535e-09 2.233687625758135065e-02
2.608695652173912702e-09 1.348536311226871710e-02
2.709030100334447870e-09 3.733693846942089112e-04
2.809364548494983038e-09 -1.274754557486093044e-02
2.909698996655517792e-09 -2.023532287548639175e-02
3.010033444816052959e-09 -2.012287690683903230e-02
3.110367892976588127e-09 -1.592137911395909849e-02
3.210702341137123294e-09 -1.276543826301952851e-02
3.311036789297658462e-09 -1.256688522492895380e-02
3.411371237458193629e-09 -1.354669487685723414e-02
3.511705685618728797e-09 -1.317263197004743536e-02
3.612040133779263551e-09 -1.052625817535035591e-02
3.712374581939798719e-09 -6.906486204159442699e-03
3.812709030100333886e-09 -5.002728182490173703e-03
3.913043478260868640e-09 -6.430294046135714633e-03
4.013377926421404221e-09 -9.392156581421578013e-03
4.113712374581938975e-09 -9.877083651153353502e-03
4.214046822742474556e-09 -5.868496345877004944e-03
4.314381270903009310e-09 5.230230395047736486e-04
4.414715719063544892e-09 5.584523278510632183e-03
4.515050167224079646e-09 7.800189111468664935e-03
4.615384615384614399e-09 8.733748665103256703e-03
4.715719063545149981e-09 1.089588726055993120e-02
4.816053511705684735e-09 1.523337885259000261e-02
4.916387959866220316e-09 2.032637974641540030e-02
5.016722408026755070e-09 2.366738470870693653e-02
5.117056856187290651e-09 2.380754563950002525e-02
5.217391304347825405e-09 2.150155582528136614e-02
5.317725752508360159e-09 1.901500751638549383e-02
5.418060200668895740e-09 1.832730765592468017e-02
5.518394648829430494e-09 1.954290950911823088e-02
5.618729096989966075e-09 2.077061200439439537e-02
5.719063545150500829e-09 2.006590376969417944e-02
5.819397993311035583e-09 1.787187564528423464e-02
5.919732441471571164e-09 1.689483302138238691e-02
6.020066889632105918e-09 1.899592207193584806e-02
6.120401337792641499e-09 2.285782144180454473e-02
6.220735785953176253e-09 2.542189400400514041e-02
6.321070234113711835e-09 2.506340437925500680e-02
6.421404682274246589e-09 2.267863793980441633e-02
6.521739130434781343e-09 2.025936863627232631e-02
6.622073578595316924e-09 1.921113190175173166e-02
6.722408026755851678e-09 1.963579950871440286e-02
6.822742474916387259e-09 2.044181308897669372e-02
6.923076923076922013e-09 2.030724540694264085e-02
7.023411371237457594e-09 1.909240312650757609e-02
7.123745819397992348e-09 1.821226913286033700e-02
7.224080267558527102e-09 1.924700768289791530e-02
7.324414715719062683e-09 2.224494217934096935e-02
7.424749163879597437e-09 2.560827338669903128e-02
7.525083612040133018e-09 2.762563334342623550e-02
7.625418060200667772e-09 2.806653438226339517e-02
7.725752508361202526e-09 2.830295288813185206e-02
7.826086956521737280e-09 2.980386780860914270e-02
7.926421404682273689e-09 3.247611742314892441e-02
8.026755852842808442e-09 3.465361218886262723e-02
8.127090301003343196e-09 3.482108826324673695e-02
8.227424749163877950e-09 3.320077897414355078e-02
8.327759197324414359e-09 3.154380134725965484e-02
8.428093645484949113e-09 3.143819935237004981e-02
8.528428093645483867e-09 3.281851094977459443e-02
8.628762541806018621e-09 3.407477584132154874e-02
8.729096989966553375e-09 3.371589714657131920e-02
8.829431438127089783e-09 3.193767109235632479e-02
8.929765886287624537e-09 3.030750090631674498e-02
9.030100334448159291e-09 2.990101841854788875e-02
9.130434782608694045e-09 3.019775327660946876e-02
9.230769230769228799e-09 2.991508606041121815e-02
9.331103678929765207e-09 2.834064783803246640e-02
9.431438127090299961e-09 2.561520577968556464e-02
9.531772575250834715e-09 2.242799495829095671e-02
9.632107023411369469e-09 1.990969790081023594e-02
9.732441471571904223e-09 1.910593133443366440e-02
9.832775919732440632e-09 1.975455513359709869e-02
9.933110367892975386e-09 1.997771718976057778e-02
1.003344481605351014e-08 1.802125367592689181e-02
1.013377926421404489e-08 1.422107343333871808e-02
1.023411371237458130e-08 1.058214658163952708e-02
1.033444816053511606e-08 8.370106077898354854e-03
1.043478260869565081e-08 6.720400355257054315e-03
1.053511705685618556e-08 3.903799462275554539e-03
1.063545150501672032e-08 -4.139908777635411445e-04
1.073578595317725673e-08 -4.613671681703784312e-03
1.083612040133779148e-08 -6.806902642741245735e-03
1.093645484949832623e-08 -6.761401102305199251e-03
1.103678929765886099e-08 -5.988198109635838734e-03
1.113712374581939574e-08 -6.128550525749789160e-03
1.123745819397993215e-08 -7.524363833570993539e-03
1.133779264214046690e-08 -9.264924953713478753e-03
1.143812709030100166e-08 -1.027303252411051158e-02
1.153846153846153641e-08 -1.026564544553853001e-02
1.163879598662207117e-08 -9.879625533375060650e-03
1.173913043478260757e-08 -9.901838115677356195e-03
1.183946488294314233e-08 -1.022088479862981805e-02
1.193979933110367708e-08 -9.659313461129123701e-03
1.204013377926421184e-08 -7.159671346946810955e-03
1.214046822742474824e-08 -3.070193711262334760e-03
1.224080267558528300e-08 1.084425186956495830e-03
1.234113712374581775e-08 4.038827605566674105e-03
1.244147157190635251e-08 5.642121074311688689e-03
1.254180602006688726e-08 6.441921485631907709e-03
1.264214046822742367e-08 6.978778583104734354e-03
1.274247491638795842e-08 7.536460529724234997e-03
1.284280936454849318e-08 8.083848085538709177e-03
1.294314381270902793e-08 8.313834415467099073e-03
1.304347826086956269e-08 8.076997996214523023e-03
1.314381270903009909e-08 7.794280544990437112e-03
1.324414715719063385e-08 8.046588950535183901e-03
1.334448160535116860e-08 8.736148398762159581e-03
1.344481605351170336e-08 9.076258475361276626e-03
1.354515050167223811e-08 8.501442675824562659e-03
1.364548494983277452e-08 7.272791960742611139e-03
1.374581939799330927e-08 6.164640522923882024e-03
1.384615384615384403e-08 5.837489270079739348e-03
1.394648829431437878e-08 6.431820363280385359e-03
1.404682274247491519e-08 7.385074292581290945e-03
1.414715719063544994e-08 7.670632235877375936e-03
1.424749163879598470e-08 6.640855492378832346e-03
1.434782608695651945e-08 4.772672871433675593e-03
1.444816053511705420e-08 3.342059046458564515e-03
1.454849498327759061e-08 3.229504623365627141e-03
1.464882943143812537e-08 4.109529824681416692e-03
1.474916387959866012e-08 4.845056461322210829e-03
1.484949832775919487e-08 4.697613101048381257e-03
1.494983277591973128e-08 4.186388240262297993e-03
1.505016722408026604e-08 4.645327583218448672e-03
1.515050167224080079e-08 6.814975835444378634e-03
1.525083612040133554e-08 1.003156804373222036e-02
1.535117056856187030e-08 1.291966610860395201e-02
1.545150501672240505e-08 1.455642737042666529e-02
1.555183946488293981e-08 1.477407163118156855e-02
1.565217391304347456e-08 1.390035739768091111e-02
1.575250836120401262e-08 1.271451013751584078e-02
1.585284280936454738e-08 1.213532432819390203e-02
1.595317725752508213e-08 1.227685843629458540e-02
1.605351170568561688e-08 1.221767486603140759e-02
1.615384615384615164e-08 1.135436424108017192e-02
1.625418060200668639e-08 1.051144602259660929e-02
1.635451505016722115e-08 1.092281450949993300e-02
1.645484949832775590e-08 1.248154252960222664e-02
1.655518394648829065e-08 1.380854318366430723e-02
1.665551839464882872e-08 1.383218168474037793e-02
1.675585284280936347e-08 1.264666065052791853e-02
1.685618729096989823e-08 1.107377060422607903e-02
1.695652173913043298e-08 1.000355050700230293e-02
1.705685618729096773e-08 9.952078126321903945e-03
1.715719063545150249e-08 1.070906588266174950e-02
1.725752508361203724e-08 1.148642359981955248e-02
1.735785953177257200e-08 1.164650712599004691e-02
1.745819397993310675e-08 1.108907083252295631e-02
1.755852842809364150e-08 9.921769553139114795e-03
1.765886287625417957e-08 8.250346766919162272e-03
1.775919732441471432e-08 6.396079321717332289e-03
1.785953177257524907e-08 4.793461658163716832e-03
1.795986622073578383e-08 3.544283629321966569e-03
1.806020066889631858e-08 2.522080025593244432e-03
1.816053511705685334e-08 1.898284665459364778e-03
1.826086956521738809e-08 2.001071400078415375e-03
1.836120401337792284e-08 2.622758368835084643e-03
1.846153846153845760e-08 3.013883642346363786e-03
1.856187290969899566e-08 2.676241080101336364e-03
1.866220735785953041e-08 1.811713686764672426e-03
1.876254180602006517e-08 9.765787625310099872e-04
1.886287625418059992e-08 5.292174055206420348e-04
1.896321070234113468e-08 3.324619782138374478e-04
1.906354515050166943e-08 -1.073707648775504807e-04
1.916387959866220418e-08 -9.778994743645404424e-04
1.926421404682273894e-08 -1.656268398840852725e-03
1.936454849498327369e-08 -1.352786768398403852e-03
1.946488294314380845e-08 -2.855950105273685063e-04
1.956521739130434651e-08 4.540050114954031005e-04
1.966555183946488126e-08 3.649403339533465428e-04
1.976588628762541602e-08 1.315506341251950883e-04
1.986622073578595077e-08 4.785216199922304962e-04
1.996655518394648553e-08 1.179780773637596541e-03
2.006688963210702028e-08 1.636126596666505166e-03
2.016722408026755503e-08 1.761015910647928048e-03
2.026755852842808979e-08 1.723223897172522761e-03
2.036789297658862454e-08 1.336105121654290349e-03
2.046822742474916260e-08 3.852838306597559763e-04
2.056856187290969736e-08 -6.944053405427508350e-04
2.066889632107023211e-08 -1.105054952852900594e-03
2.076923076923076687e-08 -6.339063095988025937e-04
2.086956521739130162e-08 1.092339164682862730e-04
2.096989966555183637e-08 4.134002729231428183e-04
2.107023411371237113e-08 1.296661295412211354e-04
2.117056856187290588e-08 -3.057105400470980228e-04
2.127090301003344064e-08 -1.734374988799378212e-04
2.137123745819397539e-08 1.073691983600472870e-03
2.147157190635451345e-08 3.181801761998030373e-03
2.157190635451504821e-08 4.995762376788719962e-03
2.167224080267558296e-08 5.569165459936353813e-03
2.177257525083611771e-08 5.362136211467144128e-03
2.187290969899665247e-08 5.649039083648153305e-03
2.197324414715718722e-08 6.716572013381843891e-03
2.207357859531772198e-08 7.547184753556767517e-03
2.217391304347825673e-08 7.514028486926012385e-03
2.227424749163879148e-08 7.413634611020996495e-03
2.237458193979932955e-08 8.337866061007746799e-03
2.247491638795986430e-08 1.030794216068687055e-02
2.257525083612039905e-08 1.244848744507537353e-02
2.267558528428093381e-08 1.379376146768785880e-02
2.277591973244146856e-08 1.367974840958816572e-02
2.287625418060200332e-08 1.223349804269304938e-02
2.297658862876253807e-08 1.074800756460700737e-02
2.307692307692307282e-08 1.062688998755650233e-02
2.317725752508360758e-08 1.166903856025708688e-02
2.327759197324414233e-08 1.231722969362061652e-02
2.337792642140468040e-08 1.179255251127930663e-02
2.347826086956521515e-08 1.095948603185226827e-02
2.357859531772574990e-08 1.084171577499546887e-02
2.367892976588628466e-08 1.133175887169703133e-02
2.377926421404681941e-08 1.179986523043495550e-02
2.387959866220735417e-08 1.219327846610267913e-02
2.397993311036788892e-08 1.299671225830889044e-02
2.408026755852842367e-08 1.434121461477311753e-02
2.418060200668895843e-08 1.544812848749463167e-02
2.428093645484949649e-08 1.528951763189479590e-02
2.438127090301003124e-08 1.408943166256744831e-02
2.448160535117056600e-08 1.350957441194258930e-02
2.458193979933110075e-08 1.439599517476986001e-02
2.468227424749163551e-08 1.517625946609870921e-02
2.478260869565217026e-08 1.415626648940662181e-02
2.488294314381270501e-08 1.257026447396098791e-02
2.498327759197323977e-08 1.294855143414826507e-02
2.508361204013377452e-08 1.501173695301464758e-02
2.518394648829430928e-08 1.607906403139042206e-02
2.528428093645484734e-08 1.533153425002055197e-02
2.538461538461538209e-08 1.450792247950408349e-02
2.548494983277591685e-08 1.435692744516996189e-02
2.558528428093645160e-08 1.376178518806719236e-02
2.568561872909698635e-08 1.259954597494960388e-02
2.578595317725752111e-08 1.199371751140397915e-02
2.588628762541805586e-08 1.140604839790229294e-02
2.598662207357859062e-08 9.092216182305623909e-03
2.608695652173912537e-08 5.911447505563333614e-03
2.618729096989966343e-08 4.970139429058272572e-03
2.628762541806019819e-08 6.793862638888974181e-03
2.638795986622073294e-08 8.451312463314208934e-03
2.648829431438126769e-08 8.180293679196098608e-03
2.658862876254180245e-08 7.303904526553246269e-03
2.668896321070233720e-08 6.810725947849626156e-03
2.678929765886287196e-08 5.681846603744726901e-03
2.688963210702340671e-08 3.653115293277346166e-03
2.698996655518394146e-08 2.261831413196779481e-03
2.709030100334447622e-08 1.985242792669084794e-03
2.719063545150501428e-08 1.329504105285437936e-03
2.729096989966554904e-08 -2.001019658186859330e-04
2.739130434782608379e-08 -1.024735971369853619e-03
2.749163879598661854e-08 -3.763887552727502271e-04
2.759197324414715330e-08 3.428134093552098575e-04
2.769230769230768805e-08 8.722394632073920615e-05
2.779264214046822281e-08 -2.764957161345098485e-04
2.789297658862875756e-08 5.766320611192332548e-05
2.799331103678929231e-08 3.408134784625351400e-04
2.809364548494983038e-08 -2.141657862580533412e-04
2.819397993311036513e-08 -1.027806609538493062e-03
2.829431438127089988e-08 -1.219648897976932872e-03
2.839464882943143464e-08 -9.167166546993225701e-04
2.849498327759196939e-08 -7.417004469990606808e-04
2.859531772575250415e-08 -7.741008052940159378e-04
2.869565217391303890e-08 -5.329573101813798487e-04
2.879598662207357365e-08 4.498279053426054372e-04
2.889632107023410841e-08 2.241866636273145193e-03
2.899665551839464316e-08 4.448778533817403062e-03
2.909698996655518122e-08 6.544981879428405161e-03
2.919732441471571598e-08 8.254466396885724172e-03
2.929765886287625073e-08 9.334865631489414062e-03
2.939799331103678549e-08 9.274214371026972409e-03
2.949832775919732024e-08 7.952997298379607324e-03
2.959866220735785499e-08 6.396465679494468121e-03
2.969899665551838975e-08 5.880717050543512667e-03
2.979933110367892450e-08 6.375861539516919883e-03
2.989966555183946256e-08 6.836609435767865804e-03
2.999999999999999732e-08 6.777728390762395756e-03
