0.000000000000000000e+00 9.999999999999995559e-01
1.003344481605351029e-10 3.097273358067932914e-01
2.006688963210702059e-10 6.920694394894597035e-02
3.010033444816052959e-10 -2.078973653282491230e-02
4.013377926421404118e-10 -8.375911546618807282e-03
5.016722408026755277e-10 2.248973939313884951e-02
6.020066889632105918e-10 1.745967761982083338e-02
7.023411371237457594e-10 1.994995572850790516e-02
8.026755852842808236e-10 3.318386581440015831e-02
9.030100334448158877e-10 3.014365275630807861e-02
1.003344481605351055e-09 1.991190358494985060e-02
1.103678929765886223e-09 -6.769106771215192830e-03
1.204013377926421184e-09 -9.796632491375715721e-03
1.304347826086956351e-09 8.308193081161961008e-03
1.404682274247491519e-09 6.187212637589350334e-03
1.505016722408026480e-09 4.340531252559266806e-03
1.605351170568561647e-09 1.216504558668489444e-02
1.705685618729096815e-09 1.049897376772232667e-02
1.806020066889631775e-09 4.327983234261829210e-03
1.906354515050166943e-09 4.723203876836386955e-04
2.006688963210702111e-09 5.862482187685461813e-04
2.107023411371237278e-09 1.509377108583202006e-04
2.207357859531772446e-09 5.633013478366387383e-03
2.307692307692307200e-09 1.243074098427023218e-02
2.408026755852842367e-09 1.209641541806782440e-02
2.508361204013377535e-09 1.292520024133230264e-02
2.608695652173912702e-09 1.176273176312708432e-02
2.709030100334447870e-09 4.659523733795160536e-03
2.809364548494983038e-09 -2.052160088785949434e-04
2.909698996655517792e-09 9.730820614682333947e-04
3.010033444816052959e-09 6.528728668339941685e-03
3.110367892976588127e-09 1.047728778932240437e-02
3.210702341137123294e-09 1.234611066806134451e-02
3.311036789297658462e-09 4.091379245129357807e-03
3.411371237458193629e-09 9.322993683541818538e-03
3.511705685618728797e-09 6.336877723365781645e-03
3.612040133779263551e-09 -8.276422356839762025e-04
3.712374581939798719e-09 1.357992939700663690e-02
3.812709030100333886e-09 5.331966249428005643e-03
3.913043478260868640e-09 4.649803235798088616e-03
4.013377926421404221e-09 9.324149391049965305e-03
4.113712374581938975e-09 7.888323323464657005e-03
4.214046822742474556e-09 9.773398221863970753e-03
4.314381270903009310e-09 4.908095833508257545e-03
4.414715719063544892e-09 7.014015571611900354e-03
4.515050167224079646e-09 3.791818681528380357e-03
4.615384615384614399e-09 -2.949650536273701286e-04
4.715719063545149981e-09 4.534920618768365549e-04
4.816053511705684735e-09 7.509074299093301472e-03
4.916387959866220316e-09 1.223474270161296201e-02
5.016722408026755070e-09 4.961298875085598005e-03
5.117056856187290651e-09 3.682947083715258901e-03
5.217391304347825405e-09 6.265118507774795377e-03
5.317725752508360159e-09 3.694055275401477573e-03
5.418060200668895740e-09 1.681544178248734226e-03
5.518394648829430494e-09 2.675837010883691872e-03
5.618729096989966075e-09 1.142272471326951332e-02
5.719063545150500829e-09 1.343424228666002113e-02
5.819397993311035583e-09 8.262327757461940259e-03
5.919732441471571164e-09 1.001921313341844026e-02
6.020066889632105918e-09 7.258978038643535552e-03
6.120401337792641499e-09 1.010763904949356536e-02
6.220735785953176253e-09 8.615972562972333201e-03
6.321070234113711835e-09 8.308790978894890419e-03
6.421404682274246589e-09 8.066571373055171634e-03
6.521739130434781343e-09 9.963491921924130454e-03
6.622073578595316924e-09 9.540567943809204199e-03
6.722408026755851678e-09 1.108307139271408163e-02
6.822742474916387259e-09 -1.467285497337340178e-03
6.923076923076922013e-09 2.092217478162676069e-03
7.023411371237457594e-09 5.744425283476991065e-03
7.123745819397992348e-09 1.160256599039396520e-02
7.224080267558527102e-09 7.043012780334409473e-03
7.324414715719062683e-09 1.022570821789043141e-02
7.424749163879597437e-09 6.162125569173438483e-03
7.525083612040133018e-09 1.270584279986750574e-02
7.625418060200667772e-09 4.834230300071876325e-03
7.725752508361202526e-09 8.097993623316531581e-03
7.826086956521737280e-09 1.372222072594038271e-02
7.926421404682273689e-09 9.772278810730245652e-03
8.026755852842808442e-09 8.544176931525468421e-03
8.127090301003343196e-09 5.617782519963766472e-03
8.227424749163877950e-09 6.922484135505191719e-03
8.327759197324414359e-09 6.929728671718559697e-03
8.428093645484949113e-09 8.053220523897636901e-03
8.528428093645483867e-09 1.308694304041869462e-02
8.628762541806018621e-09 9.315514077987002706e-03
8.729096989966553375e-09 1.266997639803889297e-02
8.829431438127089783e-09 1.403832212415927899e-02
8.929765886287624537e-09 1.096028919655177812e-02
9.030100334448159291e-09 1.053776669233038969e-03
9.130434782608694045e-09 1.217080739800949912e-02
9.230769230769228799e-09 9.260737982931224049e-03
9.331103678929765207e-09 1.839852584839146189e-03
9.431438127090299961e-09 -3.036864246918291599e-03
9.531772575250834715e-09 3.041664619395291914e-03
9.632107023411369469e-09 1.159570934542938220e-02
9.732441471571904223e-09 1.059455706399259171e-02
9.832775919732440632e-09 1.467245934234193746e-03
9.933110367892975386e-09 5.149924064109077807e-04
1.003344481605351014e-08 -6.396268619573367963e-04
1.013377926421404489e-08 9.529235119988840527e-03
1.023411371237458130e-08 8.481497443139460191e-03
1.033444816053511606e-08 1.275965647229452410e-02
1.043478260869565081e-08 8.942638904795390670e-03
1.053511705685618556e-08 2.991191129060947508e-03
1.063545150501672032e-08 1.779717565791519643e-03
1.073578595317725673e-08 5.130722876445990323e-03
1.083612040133779148e-08 3.798777198505575402e-03
1.093645484949832623e-08 5.025356554381278651e-03
1.103678929765886099e-08 5.400775224538590866e-03
1.113712374581939574e-08 8.397675423064696401e-03
1.123745819397993215e-08 1.298878921730201551e-02
1.133779264214046690e-08 6.288236163030599436e-03
1.143812709030100166e-08 5.233372370170127214e-03
1.153846153846153641e-08 8.531657895465718719e-03
1.163879598662207117e-08 5.225779077953084800e-03
1.173913043478260757e-08 1.004763087430646760e-02
1.183946488294314233e-08 6.246980606281335967e-03
1.193979933110367708e-08 5.829562576504897578e-03
1.204013377926421184e-08 6.690548374984954701e-03
1.214046822742474824e-08 8.278732984206688822e-03
1.224080267558528300e-08 9.136574175790246680e-03
1.234113712374581775e-08 5.850335559054346130e-03
1.244147157190635251e-08 5.770561198037271917e-03
1.254180602006688726e-08 4.721915777044668333e-03
1.264214046822742367e-08 3.755973654661667882e-03
1.274247491638795842e-08 7.598583275208547691e-03
1.284280936454849318e-08 2.860220792851232274e-03
1.294314381270902793e-08 3.560713162334261991e-03
1.304347826086956269e-08 9.564100178597221072e-03
1.314381270903009909e-08 8.462162431265074503e-03
1.324414715719063385e-08 1.011823055114764204e-02
1.334448160535116860e-08 5.018718740391091455e-03
1.344481605351170336e-08 5.203035936964467770e-03
1.354515050167223811e-08 1.080668526803317889e-02
1.364548494983277452e-08 1.205328997663121168e-02
1.374581939799330927e-08 1.003234584994103402e-02
1.384615384615384403e-08 5.345987843511370956e-03
1.394648829431437878e-08 3.702130955170164842e-03
1.404682274247491519e-08 1.116230980849824105e-02
1.414715719063544994e-08 8.629276382738434656e-03
1.424749163879598470e-08 9.419153351852340220e-03
1.434782608695651945e-08 9.470883814542859630e-03
1.444816053511705420e-08 5.018982758085465019e-03
1.454849498327759061e-08 4.847964261703818084e-03
1.464882943143812537e-08 3.618338828138560788e-03
1.474916387959866012e-08 8.936587711262671332e-03
1.484949832775919487e-08 5.506674392718683558e-03
1.494983277591973128e-08 9.522042157378599395e-03
1.505016722408026604e-08 1.176619318705045963e-02
1.515050167224080079e-08 6.941740304620584029e-03
1.525083612040133554e-08 5.851297463461842784e-04
1.535117056856187030e-08 1.232615218097945576e-03
1.545150501672240505e-08 6.411935329403544055e-03
1.555183946488293981e-08 8.977610794788287718e-03
1.565217391304347456e-08 1.286643094529994584e-02
1.575250836120401262e-08 1.089390377014155982e-02
1.585284280936454738e-08 7.596642725758611867e-03
1.595317725752508213e-08 5.847183835626415006e-03
1.605351170568561688e-08 4.612690495327673862e-03
1.615384615384615164e-08 5.318787787376854856e-03
1.625418060200668639e-08 9.979453637192292961e-03
1.635451505016722115e-08 5.275743999515934701e-03
1.645484949832775590e-08 4.355037590613590123e-03
1.655518394648829065e-08 6.588302084740496611e-03
1.665551839464882872e-08 3.327773259723647986e-03
1.675585284280936347e-08 5.002637854589301984e-03
1.685618729096989823e-08 9.411039252557205567e-03
1.695652173913043298e-08 3.397167597844654840e-03
1.705685618729096773e-08 9.131968036371210587e-03
1.715719063545150249e-08 8.649699065521959662e-03
1.725752508361203724e-08 1.273610802206825293e-02
1.735785953177257200e-08 1.448867355370480302e-02
1.745819397993310675e-08 1.011467835163697843e-02
1.755852842809364150e-08 8.862569362216128014e-04
1.765886287625417957e-08 4.219150144404197004e-04
1.775919732441471432e-08 7.040166642566039051e-03
1.785953177257524907e-08 1.386139257997732674e-02
1.795986622073578383e-08 1.535957137247271828e-02
1.806020066889631858e-08 1.108340483523983719e-02
1.816053511705685334e-08 9.756866897143914169e-03
1.826086956521738809e-08 6.110789012500301293e-03
1.836120401337792284e-08 3.872570161497723706e-03
1.846153846153845760e-08 4.322592132412192423e-03
1.856187290969899566e-08 5.666722750200648903e-03
1.866220735785953041e-08 6.263597772616103995e-03
1.876254180602006517e-08 9.894941473389975636e-03
1.886287625418059992e-08 7.199762052650196878e-03
1.896321070234113468e-08 4.219644232485168962e-03
1.906354515050166943e-08 9.529850341395361066e-03
1.916387959866220418e-08 1.172172096500423248e-02
1.926421404682273894e-08 9.226415174806211136e-03
1.936454849498327369e-08 4.471247375649442350e-03
1.946488294314380845e-08 8.778650707548560361e-03
1.956521739130434651e-08 6.118566153416730470e-03
1.966555183946488126e-08 4.283443618210100792e-03
1.976588628762541602e-08 9.664230218897061284e-03
1.986622073578595077e-08 1.237866755554210135e-02
1.996655518394648553e-08 1.197398347248237495e-02
2.006688963210702028e-08 1.659601100876520116e-02
2.016722408026755503e-08 3.799113506519607303e-03
2.026755852842808979e-08 9.796022438629823151e-03
2.036789297658862454e-08 1.056743206172019653e-02
2.046822742474916260e-08 5.020047849904983768e-03
2.056856187290969736e-08 6.957048653443695385e-03
2.066889632107023211e-08 1.280104786602542094e-02
2.076923076923076687e-08 8.724062461589736361e-03
2.086956521739130162e-08 5.922703469934989876e-03
2.096989966555183637e-08 3.395993571890782489e-03
2.107023411371237113e-08 6.586062164149766862e-03
2.117056856187290588e-08 6.413345229421708177e-03
2.127090301003344064e-08 1.098687254672195412e-02
2.137123745819397539e-08 6.709247104470619436e-03
2.147157190635451345e-08 6.783586422875914276e-03
2.157190635451504821e-08 1.041764842068977799e-02
2.167224080267558296e-08 6.990736588670700725e-03
2.177257525083611771e-08 4.529563425671365683e-03
2.187290969899665247e-08 7.028671436602282330e-03
2.197324414715718722e-08 2.747299977212014355e-03
2.207357859531772198e-08 1.140629054395153261e-02
2.217391304347825673e-08 6.983406980059531956e-03
2.227424749163879148e-08 6.695543601218332912e-03
2.237458193979932955e-08 6.758836318721267097e-03
2.247491638795986430e-08 6.227001641987311639e-03
2.257525083612039905e-08 5.803515157767354495e-04
2.267558528428093381e-08 3.323503593155461601e-03
2.277591973244146856e-08 1.037575664895224251e-02
2.287625418060200332e-08 8.493614968669436355e-03
2.297658862876253807e-08 1.137813050985405326e-02
2.307692307692307282e-08 3.643568882658937934e-03
2.317725752508360758e-08 8.292655619108125348e-03
2.327759197324414233e-08 4.899628038388124766e-03
2.337792642140468040e-08 6.752213728407139258e-03
2.347826086956521515e-08 8.889334310750982709e-03
2.357859531772574990e-08 8.308652749570630963e-03
2.367892976588628466e-08 1.243782835223395181e-02
2.377926421404681941e-08 1.029838937868649516e-02
2.387959866220735417e-08 1.970861640874805015e-03
2.397993311036788892e-08 3.000530117732723694e-03
2.408026755852842367e-08 1.072840765552162193e-02
2.418060200668895843e-08 1.024085329202956834e-02
2.428093645484949649e-08 4.198522867244682856e-03
2.438127090301003124e-08 2.220010575834505638e-03
2.448160535117056600e-08 8.672665108542124482e-03
2.458193979933110075e-08 3.265388804504495718e-03
2.468227424749163551e-08 5.369492013197509073e-03
2.478260869565217026e-08 7.367536256890777797e-03
2.488294314381270501e-08 5.875842670826937446e-03
2.498327759197323977e-08 1.059773420699969271e-02
2.508361204013377452e-08 9.386158062436329025e-03
2.518394648829430928e-08 6.800774197478295750e-03
2.528428093645484734e-08 8.716905771135185707e-03
2.538461538461538209e-08 6.123447214544375933e-03
2.548494983277591685e-08 1.102565741870705288e-02
2.558528428093645160e-08 1.307878968167409603e-02
2.568561872909698635e-08 1.355934254023180227e-02
2.578595317725752111e-08 1.397689506809481064e-02
2.588628762541805586e-08 1.203874289573989703e-02
2.598662207357859062e-08 1.479236318208415613e-02
2.608695652173912537e-08 1.263383102143694585e-02
2.618729096989966343e-08 1.342823630193690741e-02
2.628762541806019819e-08 6.843496072290607656e-04
2.638795986622073294e-08 9.686348022204279221e-03
2.648829431438126769e-08 8.376209577497495049e-03
2.658862876254180245e-08 8.829651010068419181e-03
2.668896321070233720e-08 6.881784216952754971e-04
2.678929765886287196e-08 3.338124050892440041e-03
2.688963210702340671e-08 4.227501562217505886e-03
2.698996655518394146e-08 7.862048138089617819e-03
2.709030100334447622e-08 5.161829982142760939e-03
2.719063545150501428e-08 8.274956956365535354e-03
2.729096989966554904e-08 7.695840713807118247e-03
2.739130434782608379e-08 7.876240763360709343e-03
2.749163879598661854e-08 1.584967405906311660e-02
2.759197324414715330e-08 4.784131802429471454e-03
2.769230769230768805e-08 4.137955783083451834e-03
2.779264214046822281e-08 3.912987071780248995e-03
2.789297658862875756e-08 9.516841497695988430e-03
2.799331103678929231e-08 4.699360019716903106e-03
2.809364548494983038e-08 3.015720637784333105e-03
2.819397993311036513e-08 3.524202378797476609e-03
2.829431438127089988e-08 8.600792054326235683e-03
2.839464882943143464e-08 1.158546094628604833e-02
2.849498327759196939e-08 1.163381129171544431e-02
2.859531772575250415e-08 9.488829380811436912e-03
2.869565217391303890e-08 2.834949389900262486e-03
2.879598662207357365e-08 2.455508271624386955e-03
2.889632107023410841e-08 9.170927788545868084e-03
2.899665551839464316e-08 1.181775387460347500e-02
2.909698996655518122e-08 4.362880416705744425e-04
2.919732441471571598e-08 5.540411565832809720e-03
2.929765886287625073e-08 3.805321481063804641e-03
2.939799331103678549e-08 5.811469219462369815e-03
2.949832775919732024e-08 1.006665250442397193e-02
2.959866220735785499e-08 -1.634442372425740910e-03
2.969899665551838975e-08 2.767865092898143600e-03
2.979933110367892450e-08 1.282945122945673352e-03
2.989966555183946256e-08 4.444873962872153764e-03
2.999999999999999732e-08 7.202841158336836455e-03
