0.000000000000000000e+00 9.999999999999995559e-01
1.003344481605351029e-10 3.591013649608042809e-03
2.006688963210702059e-10 5.687616696671842983e-03
3.010033444816052959e-10 3.001582761153265885e-03
4.013377926421404118e-10 7.723213626704214171e-03
5.016722408026755277e-10 1.711411209792662981e-03
6.020066889632105918e-10 8.966007035114640158e-03
7.023411371237457594e-10 4.835857450851545163e-03
8.026755852842808236e-10 7.956830160603408850e-03
9.030100334448158877e-10 7.005496704357321545e-03
1.003344481605351055e-09 1.008402525368797507e-02
1.103678929765886223e-09 6.119417396900614196e-03
1.204013377926421184e-09 7.402284855328286790e-03
1.304347826086956351e-09 4.160468577542732020e-03
1.404682274247491519e-09 5.569016049942254742e-03
1.505016722408026480e-09 7.670914144882199151e-03
1.605351170568561647e-09 4.309397050243068787e-03
1.705685618729096815e-09 6.491234226752150283e-03
1.806020066889631775e-09 7.590848047244085246e-03
1.906354515050166943e-09 1.168811384330360227e-02
2.006688963210702111e-09 4.138407580898918574e-03
2.107023411371237278e-09 6.830907299108520715e-03
2.207357859531772446e-09 6.374442504170618577e-03
2.307692307692307200e-09 9.488696302777837113e-03
2.408026755852842367e-09 6.682159476244935864e-03
2.508361204013377535e-09 6.421970963652661943e-03
2.608695652173912702e-09 1.316078619378206402e-02
2.709030100334447870e-09 7.714138326773705909e-03
2.809364548494983038e-09 3.176165604707137553e-03
2.909698996655517792e-09 9.888204911734118155e-03
3.010033444816052959e-09 1.178284711934184624e-02
3.110367892976588127e-09 7.649733622823596223e-03
3.210702341137123294e-09 1.558495200770873730e-02
3.311036789297658462e-09 1.489076927310200270e-02
3.411371237458193629e-09 8.316502473731564316e-03
3.511705685618728797e-09 8.478972065616610654e-03
3.612040133779263551e-09 7.356478654814946685e-03
3.712374581939798719e-09 2.712302922765622362e-03
3.812709030100333886e-09 1.152353455861653518e-02
3.913043478260868640e-09 8.400312804906794051e-03
4.013377926421404221e-09 6.382673577695062092e-03
4.113712374581938975e-09 9.072401646562115382e-03
4.214046822742474556e-09 7.190440661749474861e-03
4.314381270903009310e-09 1.415109773629746534e-02
4.414715719063544892e-09 1.331166157769231827e-02
4.515050167224079646e-09 5.585591100575173183e-03
4.615384615384614399e-09 8.793909258826494019e-03
4.715719063545149981e-09 5.030600344481085673e-03
4.816053511705684735e-09 5.356340052046385664e-03
4.916387959866220316e-09 2.288809617685401681e-03
5.016722408026755070e-09 1.103615058508674099e-02
5.117056856187290651e-09 9.914903333663285454e-03
5.217391304347825405e-09 7.829321394862413797e-03
5.317725752508360159e-09 9.972595563215622908e-04
5.418060200668895740e-09 8.840780797768335239e-03
5.518394648829430494e-09 9.450614323303473813e-03
5.618729096989966075e-09 4.867933931717320119e-03
5.719063545150500829e-09 6.208606633149937187e-03
5.819397993311035583e-09 8.674990783633981101e-03
5.919732441471571164e-09 7.735980379425393821e-03
6.020066889632105918e-09 5.665458617484570372e-03
6.120401337792641499e-09 6.484380530972074994e-03
6.220735785953176253e-09 6.383999121512789858e-03
6.321070234113711835e-09 7.630311779507353495e-03
6.421404682274246589e-09 -1.728896359855076025e-03
6.521739130434781343e-09 1.408885002688802304e-02
6.622073578595316924e-09 7.575806146189243036e-03
6.722408026755851678e-09 8.108363994660913038e-03
6.822742474916387259e-09 3.737455346493796966e-03
6.923076923076922013e-09 1.161101712010731771e-02
7.023411371237457594e-09 7.078518648894725068e-03
7.123745819397992348e-09 1.260151552104931023e-02
7.224080267558527102e-09 9.789779993367017305e-03
7.324414715719062683e-09 1.212026423266404987e-02
7.424749163879597437e-09 5.113878433204831903e-03
7.525083612040133018e-09 4.888377362161485870e-03
7.625418060200667772e-09 3.110126563122406294e-03
7.725752508361202526e-09 6.479078481218422843e-03
7.826086956521737280e-09 7.451103785906317174e-03
7.926421404682273689e-09 7.144407476017242305e-03
8.026755852842808442e-09 1.111836035304803079e-03
8.127090301003343196e-09 3.490201517846557369e-03
8.227424749163877950e-09 6.446054114297596234e-03
8.327759197324414359e-09 9.201117645541285334e-03
8.428093645484949113e-09 9.187741557605851386e-03
8.528428093645483867e-09 8.231427444397254600e-03
8.628762541806018621e-09 5.970130149879276232e-03
8.729096989966553375e-09 3.067433790840723689e-03
8.829431438127089783e-09 1.013706035496447951e-02
8.929765886287624537e-09 7.285487236608015511e-03
9.030100334448159291e-09 1.038499511320711485e-02
9.130434782608694045e-09 6.947224070039113505e-03
9.230769230769228799e-09 5.336081877523058022e-03
9.331103678929765207e-09 1.148020980716165165e-02
9.431438127090299961e-09 1.162581393637830522e-02
9.531772575250834715e-09 6.197753494244085185e-03
9.632107023411369469e-09 1.112292748693069315e-02
9.732441471571904223e-09 8.149379978732537722e-03
9.832775919732440632e-09 1.046073198486289352e-02
9.933110367892975386e-09 1.179644675580817856e-02
1.003344481605351014e-08 1.219673190884457831e-02
1.013377926421404489e-08 1.149036779678225435e-02
1.023411371237458130e-08 9.120442121505712915e-03
1.033444816053511606e-08 1.109008554766022399e-02
1.043478260869565081e-08 2.879991354995847970e-03
1.053511705685618556e-08 7.333368955420836027e-03
1.063545150501672032e-08 5.895935003599834558e-03
1.073578595317725673e-08 5.440130418240842619e-03
1.083612040133779148e-08 1.018445679678025260e-02
1.093645484949832623e-08 9.690419633751907319e-03
1.103678929765886099e-08 3.797888136157152959e-03
1.113712374581939574e-08 1.981514469729619976e-03
1.123745819397993215e-08 5.756365276834624935e-03
1.133779264214046690e-08 7.007191316875022169e-03
1.143812709030100166e-08 -5.682041660957562858e-04
1.153846153846153641e-08 8.640198159007687201e-03
1.163879598662207117e-08 5.187303966653305023e-03
1.173913043478260757e-08 9.379564331652370454e-03
1.183946488294314233e-08 1.036626890373098554e-02
1.193979933110367708e-08 3.991012017457649420e-03
1.204013377926421184e-08 1.424117287951773801e-02
1.214046822742474824e-08 8.765608093527948660e-03
1.224080267558528300e-08 5.191317239318865920e-03
1.234113712374581775e-08 1.000943013574382735e-02
1.244147157190635251e-08 1.318021440309649584e-03
1.254180602006688726e-08 7.312311815373724426e-03
1.264214046822742367e-08 4.698219388043965890e-03
1.274247491638795842e-08 -1.802854095602773963e-03
1.284280936454849318e-08 1.099560564761565412e-02
1.294314381270902793e-08 8.530198030303661610e-03
1.304347826086956269e-08 5.099581913118144197e-03
1.314381270903009909e-08 8.334205939810537464e-03
1.324414715719063385e-08 1.013185361375734846e-02
1.334448160535116860e-08 6.950417451098835769e-03
1.344481605351170336e-08 1.196754105747210861e-02
1.354515050167223811e-08 8.174433656689427709e-05
1.364548494983277452e-08 6.114401581649282769e-03
1.374581939799330927e-08 4.628647965314807745e-03
1.384615384615384403e-08 1.338503767401647872e-02
1.394648829431437878e-08 7.985842818932140791e-03
1.404682274247491519e-08 5.762500448944518974e-03
1.414715719063544994e-08 1.098599952011536027e-02
1.424749163879598470e-08 6.784204607034906992e-03
1.434782608695651945e-08 4.830203738452268011e-03
1.444816053511705420e-08 9.247449969681660956e-03
1.454849498327759061e-08 9.089372738775447144e-03
1.464882943143812537e-08 1.274237316190324903e-02
1.474916387959866012e-08 4.332384694584171317e-03
1.484949832775919487e-08 1.125222501476820167e-02
1.494983277591973128e-08 1.095147751504072821e-02
1.505016722408026604e-08 7.325691575244282390e-03
1.515050167224080079e-08 4.742543547151019910e-03
1.525083612040133554e-08 1.382725492704516305e-03
1.535117056856187030e-08 2.447725189137240145e-03
1.545150501672240505e-08 1.390526426876427524e-02
1.555183946488293981e-08 9.604342172656283455e-03
1.565217391304347456e-08 1.069053457372983081e-02
1.575250836120401262e-08 6.074327032831816284e-03
1.585284280936454738e-08 1.241962402848479155e-02
1.595317725752508213e-08 7.699015231688562458e-03
1.605351170568561688e-08 2.612490577131025560e-03
1.615384615384615164e-08 7.937335390306742011e-03
1.625418060200668639e-08 4.506609441983507915e-03
1.635451505016722115e-08 6.198067123339369780e-03
1.645484949832775590e-08 8.784135889776343090e-03
1.655518394648829065e-08 2.897535428847259047e-03
1.665551839464882872e-08 4.287571260562246696e-03
1.675585284280936347e-08 1.398114455616095327e-02
1.685618729096989823e-08 9.686313158239616070e-03
1.695652173913043298e-08 1.063195547632661032e-02
1.705685618729096773e-08 8.312245930940731845e-03
1.715719063545150249e-08 9.129956454438592495e-03
1.725752508361203724e-08 7.492537483456510571e-03
1.735785953177257200e-08 5.692010495539004747e-03
1.745819397993310675e-08 1.216231194485423509e-02
1.755852842809364150e-08 7.289495074612945165e-03
1.765886287625417957e-08 5.194801468227953564e-03
1.775919732441471432e-08 2.599164509626359938e-03
1.785953177257524907e-08 5.855290662810602384e-03
1.795986622073578383e-08 2.783869756129433819e-03
1.806020066889631858e-08 8.516269243802984668e-03
1.816053511705685334e-08 8.260625341778470715e-03
1.826086956521738809e-08 1.090011933706546386e-02
1.836120401337792284e-08 8.951385767117469444e-03
1.846153846153845760e-08 6.089048763601378859e-03
1.856187290969899566e-08 1.004837941471808244e-02
1.866220735785953041e-08 6.719591670946779491e-03
1.876254180602006517e-08 9.040013171606844575e-03
1.886287625418059992e-08 1.109412818018408638e-02
1.896321070234113468e-08 5.087606441817316832e-03
1.906354515050166943e-08 1.400210980098973591e-03
1.916387959866220418e-08 1.418859568817235767e-02
1.926421404682273894e-08 4.877379997161543704e-03
1.936454849498327369e-08 7.943492853684640254e-03
1.946488294314380845e-08 6.174946350636921141e-03
1.956521739130434651e-08 6.184966248259010646e-03
1.966555183946488126e-08 1.364462642713781294e-02
1.976588628762541602e-08 1.661649938636473086e-03
1.986622073578595077e-08 8.419865035214657914e-03
1.996655518394648553e-08 3.788614411030571168e-03
2.006688963210702028e-08 1.317639421556118448e-02
2.016722408026755503e-08 4.230174922281407669e-04
2.026755852842808979e-08 7.469020786328618364e-03
2.036789297658862454e-08 8.565114261314279651e-03
2.046822742474916260e-08 3.967720654559635761e-03
2.056856187290969736e-08 8.292534163238966458e-03
2.066889632107023211e-08 9.548071496395270363e-03
2.076923076923076687e-08 9.636297345816738358e-03
2.086956521739130162e-08 1.403558420774511650e-03
2.096989966555183637e-08 1.106435772327400008e-02
2.107023411371237113e-08 1.087646572046094967e-02
2.117056856187290588e-08 1.216997163828519891e-02
2.127090301003344064e-08 8.359858163040067083e-03
2.137123745819397539e-08 6.309001204652001787e-03
2.147157190635451345e-08 8.143783583071349808e-03
2.157190635451504821e-08 6.699973739911851967e-03
2.167224080267558296e-08 7.031107844057832290e-03
2.177257525083611771e-08 3.994139546896207857e-03
2.187290969899665247e-08 5.229356650042844314e-03
2.197324414715718722e-08 4.735343475232106636e-03
2.207357859531772198e-08 3.452769326230280050e-04
2.217391304347825673e-08 6.587449211659199277e-03
2.227424749163879148e-08 1.119915428654405694e-02
2.237458193979932955e-08 1.402465842015118182e-02
2.247491638795986430e-08 6.901988263745117286e-03
2.257525083612039905e-08 8.523641149584589710e-03
2.267558528428093381e-08 9.303765818712759345e-03
2.277591973244146856e-08 1.031658446936717551e-02
2.287625418060200332e-08 1.577002206233314371e-02
2.297658862876253807e-08 3.655854730816399632e-03
2.307692307692307282e-08 7.375139246378717081e-03
2.317725752508360758e-08 1.103431064906484037e-02
2.327759197324414233e-08 2.651918259095216706e-03
2.337792642140468040e-08 7.764946603435302595e-03
2.347826086956521515e-08 1.070963249765215404e-02
2.357859531772574990e-08 5.268146505292861832e-03
2.367892976588628466e-08 9.441350415597592194e-03
2.377926421404681941e-08 1.074743478941376021e-02
2.387959866220735417e-08 8.070994596628555326e-03
2.397993311036788892e-08 7.675363529391355556e-03
2.408026755852842367e-08 9.888492602313940505e-03
2.418060200668895843e-08 5.158515207495504955e-03
2.428093645484949649e-08 3.130906800419984773e-03
2.438127090301003124e-08 8.484965709557501859e-03
2.448160535117056600e-08 1.076634638608421103e-02
2.458193979933110075e-08 4.475963089196623515e-03
2.468227424749163551e-08 5.282398875358727992e-03
2.478260869565217026e-08 6.970187027063176437e-03
2.488294314381270501e-08 4.415435340203496123e-03
2.498327759197323977e-08 4.460506752341998962e-03
2.508361204013377452e-08 1.104356642602089510e-02
2.518394648829430928e-08 8.947015095233594451e-03
2.528428093645484734e-08 9.938819111998113687e-03
2.538461538461538209e-08 5.669437227700627711e-03
2.548494983277591685e-08 1.503562141617904857e-02
2.558528428093645160e-08 3.237571099925490910e-03
2.568561872909698635e-08 8.771292853022966476e-03
2.578595317725752111e-08 7.151883994459753632e-03
2.588628762541805586e-08 1.044297324724171618e-02
2.598662207357859062e-08 8.085555621814725924e-03
2.608695652173912537e-08 9.276559559331046950e-03
2.618729096989966343e-08 7.210343164329316781e-05
2.628762541806019819e-08 -9.859100460590897001e-04
2.638795986622073294e-08 5.972323876492061957e-03
2.648829431438126769e-08 9.903315546160662911e-03
2.658862876254180245e-08 7.173804314678574635e-03
2.668896321070233720e-08 6.751723500071483627e-03
2.678929765886287196e-08 1.132851565241739175e-02
2.688963210702340671e-08 7.384410251548179094e-03
2.698996655518394146e-08 4.380873275454436576e-03
2.709030100334447622e-08 5.825459300510441030e-03
2.719063545150501428e-08 6.455334839671842545e-03
2.729096989966554904e-08 5.732388386643752325e-03
2.739130434782608379e-08 1.105267718339315343e-02
2.749163879598661854e-08 2.281744683844478920e-03
2.759197324414715330e-08 7.332663678737354196e-03
2.769230769230768805e-08 7.674822638886775496e-03
2.779264214046822281e-08 5.322633216560183206e-03
2.789297658862875756e-08 8.894746860038481653e-03
2.799331103678929231e-08 7.670907360594062668e-03
2.809364548494983038e-08 7.493345509459517322e-03
2.819397993311036513e-08 4.330668234909576357e-03
2.829431438127089988e-08 1.233169089809700754e-02
2.839464882943143464e-08 6.370512497061777205e-03
2.849498327759196939e-08 6.588339135396997781e-03
2.859531772575250415e-08 7.498272487624784571e-03
2.869565217391303890e-08 5.621099594346821819e-03
2.879598662207357365e-08 2.650050778255014835e-03
2.889632107023410841e-08 6.797809245253906736e-03
2.899665551839464316e-08 4.461597670508818045e-03
2.909698996655518122e-08 8.550333128921581982e-03
2.919732441471571598e-08 1.059721718974132761e-02
2.929765886287625073e-08 7.792615779303456100e-03
2.939799331103678549e-08 6.880346054566388592e-03
2.949832775919732024e-08 1.085359886818868663e-02
2.959866220735785499e-08 7.146264966351065402e-03
2.969899665551838975e-08 8.703407619897584463e-03
2.979933110367892450e-08 5.998850071741673382e-03
2.989966555183946256e-08 3.719955276995625271e-03
2.999999999999999732e-08 8.723856201979868913e-03
