0.000000000000000000e+00 9.999999999999995559e-01
1.003344481605351029e-10 9.493083087543428000e-01
2.006688963210702059e-10 8.264133188747503356e-01
3.010033444816052959e-10 6.919220302655905153e-01
4.013377926421404118e-10 5.889592164630622628e-01
5.016722408026755277e-10 5.236394407913299576e-01
6.020066889632105918e-10 4.810836313076534143e-01
7.023411371237457594e-10 4.453984560902715106e-01
8.026755852842808236e-10 4.064079709969411480e-01
9.030100334448158877e-10 3.617109351797778150e-01
1.003344481605351055e-09 3.184155997025779894e-01
1.103678929765886223e-09 2.868630891152142426e-01
1.204013377926421184e-09 2.685226692992255804e-01
1.304347826086956351e-09 2.530047709438979497e-01
1.404682274247491519e-09 2.285596925124026013e-01
1.505016722408026480e-09 1.928094507003638991e-01
1.605351170568561647e-09 1.528358605166379169e-01
1.705685618729096815e-09 1.182203407083588231e-01
1.806020066889631775e-09 9.483157567506919627e-02
1.906354515050166943e-09 8.197948686793400663e-02
2.006688963210702111e-09 7.354719209974253102e-02
2.107023411371237278e-09 6.331170795161050746e-02
2.207357859531772446e-09 5.029367166802754807e-02
2.307692307692307200e-09 3.833979357277825240e-02
2.408026755852842367e-09 3.072243295791571641e-02
2.508361204013377535e-09 2.636425940543921792e-02
2.608695652173912702e-09 2.115612012186503244e-02
2.709030100334447870e-09 1.182953360849332315e-02
2.809364548494983038e-09 -1.178396441941093054e-03
2.909698996655517792e-09 -1.359688424352894359e-02
3.010033444816052959e-09 -2.038986889438638983e-02
3.110367892976588127e-09 -2.007728842482739418e-02
3.210702341137123294e-09 -1.599641451457278762e-02
3.311036789297658462e-09 -1.284842923742902931e-02
3.411371237458193629e-09 -1.250168519113036003e-02
3.511705685618728797e-09 -1.346613313047656697e-02
3.612040133779263551e-09 -1.336971715908241362e-02
3.712374581939798719e-09 -1.112657763612712354e-02
3.812709030100333886e-09 -7.611321140214158745e-03
3.913043478260868640e-09 -5.169548390064301543e-03
4.013377926421404221e-09 -5.748272287185100804e-03
4.113712374581938975e-09 -8.570163077812225846e-03
4.214046822742474556e-09 -1.020066722717244932e-02
4.314381270903009310e-09 -7.804954481802354321e-03
4.414715719063544892e-09 -2.056564031887320350e-03
4.515050167224079646e-09 3.746551588053041466e-03
4.615384615384614399e-09 7.085814388393842436e-03
4.715719063545149981e-09 8.263076023438105031e-03
4.816053511705684735e-09 9.491242939505494663e-03
4.916387959866220316e-09 1.258248800123032765e-02
5.016722408026755070e-09 1.737583776375911659e-02
5.117056856187290651e-09 2.192044196698488684e-02
5.217391304347825405e-09 2.408754254066342720e-02
5.317725752508360159e-09 2.325260255078236832e-02
5.418060200668895740e-09 2.070656815349013885e-02
5.518394648829430494e-09 1.862792506416729998e-02
5.618729096989966075e-09 1.847360879834472960e-02
5.719063545150500829e-09 1.984838812332677394e-02
5.819397993311035583e-09 2.081309703089019927e-02
5.919732441471571164e-09 1.983113160622452381e-02
6.020066889632105918e-09 1.768347490606348230e-02
6.120401337792641499e-09 1.693158634355267089e-02
6.220735785953176253e-09 1.909813493104915022e-02
6.321070234113711835e-09 2.284881892212456411e-02
6.421404682274246589e-09 2.538087170061183867e-02
6.521739130434781343e-09 2.516964841853869261e-02
6.622073578595316924e-09 2.294501976971076440e-02
6.722408026755851678e-09 2.051356947153262777e-02
6.822742474916387259e-09 1.926647630343985423e-02
6.923076923076922013e-09 1.947843398751496896e-02
7.023411371237457594e-09 2.030495420623822794e-02
7.123745819397992348e-09 2.047028087727970069e-02
7.224080267558527102e-09 1.949149161121742010e-02
7.324414715719062683e-09 1.834252617327963159e-02
7.424749163879597437e-09 1.861818877879457476e-02
7.525083612040133018e-09 2.094057959326129509e-02
7.625418060200667772e-09 2.429624256823365719e-02
7.725752508361202526e-09 2.694924929257616272e-02
7.826086956521737280e-09 2.799068519833854823e-02
7.926421404682273689e-09 2.809506157399228182e-02
8.026755852842808442e-09 2.879060733500736144e-02
8.127090301003343196e-09 3.087232493341103556e-02
8.227424749163877950e-09 3.350257124348713506e-02
8.327759197324414359e-09 3.497929828672596136e-02
8.428093645484949113e-09 3.441663490371693612e-02
8.528428093645483867e-09 3.261774842557399468e-02
8.628762541806018621e-09 3.133076721900027173e-02
8.729096989966553375e-09 3.167153621404044522e-02
8.829431438127089783e-09 3.314704914176974659e-02
8.929765886287624537e-09 3.414827238678703331e-02
9.030100334448159291e-09 3.352509727799759393e-02
9.130434782608694045e-09 3.172486621064674051e-02
9.230769230769228799e-09 3.023062525854810362e-02
9.331103678929765207e-09 2.990827633698173865e-02
9.431438127090299961e-09 3.020020484181704795e-02
9.531772575250834715e-09 2.993223714441371058e-02
9.632107023411369469e-09 2.845335798672046432e-02
9.732441471571904223e-09 2.587189170118476753e-02
9.832775919732440632e-09 2.278461456665773280e-02
9.933110367892975386e-09 2.018838488402632803e-02
1.003344481605351014e-08 1.911026122107126191e-02
1.013377926421404489e-08 1.957570399149542381e-02
1.023411371237458130e-08 2.008252313391071728e-02
1.033444816053511606e-08 1.879993517397595196e-02
1.043478260869565081e-08 1.546741762749219949e-02
1.053511705685618556e-08 1.167153354173543559e-02
1.063545150501672032e-08 9.032676503789780625e-03
1.073578595317725673e-08 7.434774158253107564e-03
1.083612040133779148e-08 5.338773726085073792e-03
1.093645484949832623e-08 1.708779629008814983e-03
1.103678929765886099e-08 -2.684201294849507431e-03
1.113712374581939574e-08 -5.964056346237502776e-03
1.123745819397993215e-08 -6.999815867138867165e-03
1.133779264214046690e-08 -6.422317772903599932e-03
1.143812709030100166e-08 -5.880158400794656057e-03
1.153846153846153641e-08 -6.496477614285471082e-03
1.163879598662207117e-08 -8.090803808973060993e-03
1.173913043478260757e-08 -9.654220567930195743e-03
1.183946488294314233e-08 -1.035394212675959727e-02
1.193979933110367708e-08 -1.018120324081474119e-02
1.204013377926421184e-08 -9.839055879737101939e-03
1.214046822742474824e-08 -9.951977194866342552e-03
1.224080267558528300e-08 -1.022854452766790503e-02
1.234113712374581775e-08 -9.519841917841000492e-03
1.244147157190635251e-08 -6.951939143851847830e-03
1.254180602006688726e-08 -2.951621238780227988e-03
1.264214046822742367e-08 1.066498842447006611e-03
1.274247491638795842e-08 3.956594241358227584e-03
1.284280936454849318e-08 5.565323994282315827e-03
1.294314381270902793e-08 6.380704621953263260e-03
1.304347826086956269e-08 6.910005435635736132e-03
1.314381270903009909e-08 7.440646787857711775e-03
1.324414715719063385e-08 7.990463360372257809e-03
1.334448160535116860e-08 8.305221870176049057e-03
1.344481605351170336e-08 8.169384697020531591e-03
1.354515050167223811e-08 7.840407647962097798e-03
1.364548494983277452e-08 7.893330729773538959e-03
1.374581939799330927e-08 8.484987704891335664e-03
1.384615384615384403e-08 9.038680367443421501e-03
1.394648829431437878e-08 8.855029075669370447e-03
1.404682274247491519e-08 7.860769779173411645e-03
1.414715719063544994e-08 6.632869038597281192e-03
1.424749163879598470e-08 5.883852103134963422e-03
1.434782608695651945e-08 6.010668675585527886e-03
1.444816053511705420e-08 6.847061516660766893e-03
1.454849498327759061e-08 7.631595367892563334e-03
1.464882943143812537e-08 7.453740947297797861e-03
1.474916387959866012e-08 6.065372806521988382e-03
1.484949832775919487e-08 4.245446840894417408e-03
1.494983277591973128e-08 3.174615415460724840e-03
1.505016722408026604e-08 3.381479513676266622e-03
1.515050167224080079e-08 4.306305542384051589e-03
1.525083612040133554e-08 4.885131814415376306e-03
1.535117056856187030e-08 4.622332596202122224e-03
1.545150501672240505e-08 4.166179613675254599e-03
1.555183946488293981e-08 4.746171986542007358e-03
1.565217391304347456e-08 6.936824532350325569e-03
1.575250836120401262e-08 1.006363496118979454e-02
1.585284280936454738e-08 1.286778317008263443e-02
1.595317725752508213e-08 1.450555160802785917e-02
1.605351170568561688e-08 1.480567489657704655e-02
1.615384615384615164e-08 1.403809091262189258e-02
1.625418060200668639e-08 1.287112984652983953e-02
1.635451505016722115e-08 1.217286636309213022e-02
1.645484949832775590e-08 1.222464701801144644e-02
1.655518394648829065e-08 1.230526115930130789e-02
1.665551839464882872e-08 1.165007854181551901e-02
1.675585284280936347e-08 1.068036098959410443e-02
1.685618729096989823e-08 1.061109822208800013e-02
1.695652173913043298e-08 1.184479420134519623e-02
1.705685618729096773e-08 1.339430811586333862e-02
1.715719063545150249e-08 1.400156953773794809e-02
1.725752508361203724e-08 1.330620796017348631e-02
1.735785953177257200e-08 1.184699976673502138e-02
1.745819397993310675e-08 1.046366184013942241e-02
1.755852842809364150e-08 9.849131461251357106e-03
1.765886287625417957e-08 1.020003486498247472e-02
1.775919732441471432e-08 1.104290408482627023e-02
1.785953177257524907e-08 1.162576132278683033e-02
1.795986622073578383e-08 1.154489880917959795e-02
1.806020066889631858e-08 1.082161177463174945e-02
1.816053511705685334e-08 9.548707809251958875e-03
1.826086956521738809e-08 7.850486384187199684e-03
1.836120401337792284e-08 6.073983765513541258e-03
1.846153846153845760e-08 4.584596779653667825e-03
1.856187290969899566e-08 3.410656965359168229e-03
1.866220735785953041e-08 2.445512818278326121e-03
1.876254180602006517e-08 1.883197370669946642e-03
1.886287625418059992e-08 2.012541701190110818e-03
1.896321070234113468e-08 2.618077242714199337e-03
1.906354515050166943e-08 3.011285642466104018e-03
1.916387959866220418e-08 2.723329261592066612e-03
1.926421404682273894e-08 1.908527494727221135e-03
1.936454849498327369e-08 1.069686677380853263e-03
1.946488294314380845e-08 5.759388328352385046e-04
1.956521739130434651e-08 3.741223075333941026e-04
1.966555183946488126e-08 3.723275899285586818e-05
1.976588628762541602e-08 -7.304804310574925831e-04
1.986622073578595077e-08 -1.534674068711676517e-03
1.996655518394648553e-08 -1.573386150661994134e-03
2.006688963210702028e-08 -6.892529321208460107e-04
2.016722408026755503e-08 2.668247475764063022e-04
2.026755852842808979e-08 4.785167257311602907e-04
2.036789297658862454e-08 1.908152251015008023e-04
2.046822742474916260e-08 2.299036944200031057e-04
2.056856187290969736e-08 8.164011232744921957e-04
2.066889632107023211e-08 1.436756826667809264e-03
2.076923076923076687e-08 1.715746221376482448e-03
2.086956521739130162e-08 1.766279918979084393e-03
2.096989966555183637e-08 1.644438481477875818e-03
2.107023411371237113e-08 1.083607351569955109e-03
2.117056856187290588e-08 4.479077576442953845e-05
2.127090301003344064e-08 -8.918844022769408311e-04
2.137123745819397539e-08 -1.062732085747265451e-03
2.147157190635451345e-08 -4.813173828746234850e-04
2.157190635451504821e-08 2.028616940751798523e-04
2.167224080267558296e-08 4.047689846481804937e-04
2.177257525083611771e-08 8.084341838798477821e-05
2.187290969899665247e-08 -3.238307035396408191e-04
2.197324414715718722e-08 -1.472787844268613928e-04
2.207357859531772198e-08 1.087064291488592377e-03
2.217391304347825673e-08 3.128226862476395868e-03
2.227424749163879148e-08 4.923150588503320997e-03
2.237458193979932955e-08 5.567291912532068392e-03
2.247491638795986430e-08 5.383340815499189358e-03
2.257525083612039905e-08 5.542783571357615645e-03
2.267558528428093381e-08 6.501475584523367691e-03
2.277591973244146856e-08 7.442037953065274575e-03
2.287625418060200332e-08 7.578583279671458582e-03
2.297658862876253807e-08 7.372108807600869472e-03
2.307692307692307282e-08 7.914411672765690048e-03
2.317725752508360758e-08 9.562046692639408763e-03
2.327759197324414233e-08 1.169316970652236817e-02
2.337792642140468040e-08 1.339654075652694024e-02
2.347826086956521515e-08 1.392783659465185453e-02
2.357859531772574990e-08 1.301977036410836147e-02
2.367892976588628466e-08 1.138880411232735292e-02
2.377926421404681941e-08 1.048483441659991446e-02
2.387959866220735417e-08 1.101918055351579218e-02
2.397993311036788892e-08 1.206187077879396566e-02
2.408026755852842367e-08 1.224061096716311074e-02
2.418060200668895843e-08 1.147586725596139515e-02
2.428093645484949649e-08 1.082806050502145914e-02
2.438127090301003124e-08 1.094518509520645520e-02
2.448160535117056600e-08 1.146457837132433544e-02
2.458193979933110075e-08 1.187658153152841914e-02
2.468227424749163551e-08 1.229419288126062069e-02
2.478260869565217026e-08 1.317150265839448463e-02
2.488294314381270501e-08 1.450643468926180422e-02
2.498327759197323977e-08 1.549338704540467217e-02
2.508361204013377452e-08 1.524062122959882366e-02
2.518394648829430928e-08 1.406316244542789654e-02
2.528428093645484734e-08 1.350751777527390771e-02
2.538461538461538209e-08 1.434431968963211651e-02
2.548494983277591685e-08 1.517319642872919962e-02
2.558528428093645160e-08 1.433726320272116217e-02
2.568561872909698635e-08 1.271279414481185123e-02
2.578595317725752111e-08 1.270929321595258912e-02
2.588628762541805586e-08 1.459268374890618399e-02
2.598662207357859062e-08 1.602163452063448679e-02
2.608695652173912537e-08 1.562111626379346363e-02
2.618729096989966343e-08 1.466375088564056406e-02
2.628762541806019819e-08 1.439132534979268956e-02
2.638795986622073294e-08 1.408324213725017579e-02
2.648829431438126769e-08 1.304359884930792433e-02
2.658862876254180245e-08 1.215462200114462987e-02
2.668896321070233720e-08 1.180091830978172163e-02
2.678929765886287196e-08 1.047239101011053150e-02
2.688963210702340671e-08 7.476680832275411220e-03
2.698996655518394146e-08 5.071447097311278587e-03
2.709030100334447622e-08 5.526305104675852641e-03
2.719063545150501428e-08 7.628469288035386910e-03
2.729096989966554904e-08 8.551895579301487318e-03
2.739130434782608379e-08 7.869750038437806766e-03
2.749163879598661854e-08 7.142091855186966098e-03
2.759197324414715330e-08 6.629932536584853646e-03
2.769230769230768805e-08 5.259569441424836317e-03
2.779264214046822281e-08 3.280300441761333126e-03
2.789297658862875756e-08 2.166083088886338465e-03
2.799331103678929231e-08 1.956028357909683508e-03
2.809364548494983038e-08 1.200148247005203891e-03
2.819397993311036513e-08 -3.003417039022639266e-04
2.829431438127089988e-08 -1.023521405334529072e-03
2.839464882943143464e-08 -3.714490224450048804e-04
2.849498327759196939e-08 3.362591529926224707e-04
2.859531772575250415e-08 1.191002518767031101e-04
2.869565217391303890e-08 -2.717796999951375796e-04
2.879598662207357365e-08 -5.746154575424992222e-06
2.889632107023410841e-08 3.469204717667450462e-04
2.899665551839464316e-08 -5.840996930675675623e-05
2.909698996655518122e-08 -8.851578790037754971e-04
2.919732441471571598e-08 -1.241347986581442693e-03
2.929765886287625073e-08 -1.011651787924290396e-03
2.939799331103678549e-08 -7.622922187404494992e-04
2.949832775919732024e-08 -7.640984259328787581e-04
2.959866220735785499e-08 -6.917898885846268317e-04
2.969899665551838975e-08 -5.672863431806408766e-05
2.979933110367892450e-08 1.370145275079074016e-03
2.989966555183946256e-08 3.392337401203758193e-03
2.999999999999999732e-08 5.527207296799735957e-03
