0.000000000000000000e+00 9.999999999999995559e-01
1.003344481605351029e-10 3.220291198777623376e-01
2.006688963210702059e-10 7.509723839716794802e-02
3.010033444816052959e-10 -1.926179070815502506e-02
4.013377926421404118e-10 -5.158311875780525850e-03
5.016722408026755277e-10 1.506028556035041502e-02
6.020066889632105918e-10 1.887270736511125271e-02
7.023411371237457594e-10 1.977132874131511467e-02
8.026755852842808236e-10 2.816352011320022788e-02
9.030100334448158877e-10 3.416647718256704547e-02
1.003344481605351055e-09 2.003395385617409014e-02
1.103678929765886223e-09 1.753748765839617269e-03
1.204013377926421184e-09 -1.022131948820480252e-02
1.304347826086956351e-09 6.257778936244273379e-03
1.404682274247491519e-09 9.002462397573305145e-03
1.505016722408026480e-09 3.433603308129180940e-03
1.605351170568561647e-09 1.390521603758719527e-02
1.705685618729096815e-09 1.102466324130904098e-02
1.806020066889631775e-09 1.167740925486934062e-02
1.906354515050166943e-09 2.145066230403220534e-03
2.006688963210702111e-09 -1.610642273603548474e-03
2.107023411371237278e-09 1.765191235164846519e-03
2.207357859531772446e-09 -3.189515230104403385e-04
2.307692307692307200e-09 7.599938589745884598e-03
2.408026755852842367e-09 1.081792116420326327e-02
2.508361204013377535e-09 1.409786401741485243e-02
2.608695652173912702e-09 1.376275376526917872e-02
2.709030100334447870e-09 9.038549628471351238e-03
2.809364548494983038e-09 2.639763440828425678e-03
2.909698996655517792e-09 1.600600731638966625e-04
3.010033444816052959e-09 1.825089260487104334e-03
3.110367892976588127e-09 6.610939433293962914e-03
3.210702341137123294e-09 1.010768797620306345e-02
3.311036789297658462e-09 1.142278289299485973e-02
3.411371237458193629e-09 5.186508890917267307e-03
3.511705685618728797e-09 8.443540062058647530e-03
3.612040133779263551e-09 5.496063001008685139e-03
3.712374581939798719e-09 2.424020662639552858e-03
3.812709030100333886e-09 7.607880347364200796e-03
3.913043478260868640e-09 2.163339544801468929e-03
4.013377926421404221e-09 4.749422771977348037e-03
4.113712374581938975e-09 8.914022261433160454e-03
4.214046822742474556e-09 2.921147436795288547e-03
4.314381270903009310e-09 8.922430898106665717e-03
4.414715719063544892e-09 6.018069068980907814e-03
4.515050167224079646e-09 6.478399159249819197e-03
4.615384615384614399e-09 5.438931121275959908e-03
4.715719063545149981e-09 3.704798362163877912e-03
4.816053511705684735e-09 -1.540946659826002499e-04
4.916387959866220316e-09 6.467597247032014045e-03
5.016722408026755070e-09 1.056297907083156469e-02
5.117056856187290651e-09 7.523920982438819446e-03
5.217391304347825405e-09 7.069196352005405540e-03
5.317725752508360159e-09 5.184852973496900490e-03
5.418060200668895740e-09 -5.957081621377961593e-04
5.518394648829430494e-09 6.126921985989858786e-03
5.618729096989966075e-09 3.122764735134664175e-03
5.719063545150500829e-09 7.056193595523956204e-03
5.819397993311035583e-09 1.075144809574352968e-02
5.919732441471571164e-09 1.048179933026553191e-02
6.020066889632105918e-09 7.585714499320828953e-03
6.120401337792641499e-09 8.830015587680215342e-03
6.220735785953176253e-09 7.066394292675505506e-03
6.321070234113711835e-09 1.005716799757735806e-02
6.421404682274246589e-09 8.328386267026728976e-03
6.521739130434781343e-09 7.301430233155280919e-03
6.622073578595316924e-09 6.616898869652280274e-03
6.722408026755851678e-09 8.082780497458228602e-03
6.822742474916387259e-09 8.107494804086337256e-03
6.923076923076922013e-09 7.161723020392689321e-03
7.023411371237457594e-09 4.011468542231592764e-03
7.123745819397992348e-09 -2.015522609448764085e-03
7.224080267558527102e-09 3.122435658248392219e-03
7.324414715719062683e-09 7.202855067353807622e-03
7.424749163879597437e-09 7.058896662885577426e-03
7.525083612040133018e-09 1.040242084750798122e-02
7.625418060200667772e-09 1.019359474166431356e-02
7.725752508361202526e-09 8.644689727717173519e-03
7.826086956521737280e-09 5.747610100716060710e-03
7.926421404682273689e-09 5.988820783389909967e-03
8.026755852842808442e-09 9.178310665822211889e-03
8.127090301003343196e-09 6.852645712753106626e-03
8.227424749163877950e-09 8.266077820297309392e-03
8.327759197324414359e-09 3.988489353763920511e-03
8.428093645484949113e-09 5.863961702794740806e-03
8.528428093645483867e-09 7.527580795826462751e-03
8.628762541806018621e-09 5.150355103746004533e-03
8.729096989966553375e-09 6.425067737921267078e-03
8.829431438127089783e-09 1.286933872321231569e-02
8.929765886287624537e-09 8.351746924498179570e-03
9.030100334448159291e-09 1.387790600215798448e-02
9.130434782608694045e-09 1.523726433096369778e-02
9.230769230769228799e-09 1.204795312284936276e-02
9.331103678929765207e-09 6.555702923536782262e-04
9.431438127090299961e-09 1.216446929911380558e-02
9.531772575250834715e-09 9.145473801738872657e-03
9.632107023411369469e-09 2.809629743298901281e-03
9.732441471571904223e-09 -3.366856506589169153e-03
9.832775919732440632e-09 3.764462806900494007e-03
9.933110367892975386e-09 1.321718782439553277e-02
1.003344481605351014e-08 6.768191972303525678e-03
1.013377926421404489e-08 7.142013796325421193e-04
1.023411371237458130e-08 5.648577427174370641e-03
1.033444816053511606e-08 5.255850828031713787e-03
1.043478260869565081e-08 7.465858582720588492e-03
1.053511705685618556e-08 6.239098436070609523e-03
1.063545150501672032e-08 8.820472203574673820e-03
1.073578595317725673e-08 1.156334742384083555e-02
1.083612040133779148e-08 9.420376401700542024e-03
1.093645484949832623e-08 4.885947710641517713e-03
1.103678929765886099e-08 6.637616379129988083e-04
1.113712374581939574e-08 1.150371304709314497e-03
1.123745819397993215e-08 4.116740138419895147e-03
1.133779264214046690e-08 6.576821458228915805e-03
1.143812709030100166e-08 4.968278069926777493e-03
1.153846153846153641e-08 8.957461647744077021e-03
1.163879598662207117e-08 6.384031086329875621e-03
1.173913043478260757e-08 9.862272113938952076e-03
1.183946488294314233e-08 4.607893039151934357e-03
1.193979933110367708e-08 6.509519916836896403e-03
1.204013377926421184e-08 4.706389501324782960e-03
1.214046822742474824e-08 1.285770891996780921e-02
1.224080267558528300e-08 6.148629828517469982e-03
1.234113712374581775e-08 6.206261614908651150e-03
1.244147157190635251e-08 6.302801075849806707e-03
1.254180602006688726e-08 8.391226768004899153e-03
1.264214046822742367e-08 9.220324974742073743e-03
1.274247491638795842e-08 6.130375412396164500e-03
1.284280936454849318e-08 5.787242765883592391e-03
1.294314381270902793e-08 5.640966067952084793e-03
1.304347826086956269e-08 3.381603775709644474e-03
1.314381270903009909e-08 7.250991060135760988e-03
1.324414715719063385e-08 3.524837651610384422e-03
1.334448160535116860e-08 8.396717097469740335e-05
1.344481605351170336e-08 7.488735262112334277e-03
1.354515050167223811e-08 8.393717366823805898e-03
1.364548494983277452e-08 1.373003776118577289e-02
1.374581939799330927e-08 5.338078125184149078e-03
1.384615384615384403e-08 5.161501907738156106e-03
1.394648829431437878e-08 6.588839561461670540e-03
1.404682274247491519e-08 1.253653734031480622e-02
1.414715719063544994e-08 5.916194174150064648e-03
1.424749163879598470e-08 3.040828228100892969e-03
1.434782608695651945e-08 5.496380158735324727e-03
1.444816053511705420e-08 4.541997615012425410e-03
1.454849498327759061e-08 1.154970047008765932e-02
1.464882943143812537e-08 9.438963413923792678e-03
1.474916387959866012e-08 1.108545712623883010e-02
1.484949832775919487e-08 9.284270286413908932e-03
1.494983277591973128e-08 2.212165964376400229e-03
1.505016722408026604e-08 5.694299827901085249e-03
1.515050167224080079e-08 2.885316652755883816e-03
1.525083612040133554e-08 7.968871131004357303e-03
1.535117056856187030e-08 4.943712453606505068e-03
1.545150501672240505e-08 9.929194346378516708e-03
1.555183946488293981e-08 1.264535568693134909e-02
1.565217391304347456e-08 6.772548894267964997e-03
1.575250836120401262e-08 7.183871786965397889e-04
1.585284280936454738e-08 1.121975795198842853e-03
1.595317725752508213e-08 7.093959738240454387e-03
1.605351170568561688e-08 8.602992202844658015e-03
1.615384615384615164e-08 1.336233462081360193e-02
1.625418060200668639e-08 1.146897925676787673e-02
1.635451505016722115e-08 1.053428634960176108e-02
1.645484949832775590e-08 7.743590257165616775e-03
1.655518394648829065e-08 6.664914702772965771e-03
1.665551839464882872e-08 9.106458428755077883e-03
1.675585284280936347e-08 4.700962283157385062e-03
1.685618729096989823e-08 9.478295192446310052e-03
1.695652173913043298e-08 9.179063849078249876e-03
1.705685618729096773e-08 6.324254638838197259e-03
1.715719063545150249e-08 3.949078575902272882e-03
1.725752508361203724e-08 9.590491991646210926e-03
1.735785953177257200e-08 9.144459133752745605e-03
1.745819397993310675e-08 5.685164469421476012e-03
1.755852842809364150e-08 5.426522805555976554e-03
1.765886287625417957e-08 5.926317177289258317e-03
1.775919732441471432e-08 8.625470520382129413e-03
1.785953177257524907e-08 1.100872967395435074e-02
1.795986622073578383e-08 1.210876813984066748e-02
1.806020066889631858e-08 9.773425357914342776e-03
1.816053511705685334e-08 4.098118129203387125e-03
1.826086956521738809e-08 -8.199823008699365194e-04
1.836120401337792284e-08 7.512745767727821780e-03
1.846153846153845760e-08 1.572097832537762072e-02
1.856187290969899566e-08 1.575311872038318017e-02
1.866220735785953041e-08 1.089043473083386136e-02
1.876254180602006517e-08 9.850515153276751326e-03
1.886287625418059992e-08 6.179002105170951220e-03
1.896321070234113468e-08 3.800296926706225528e-03
1.906354515050166943e-08 4.378477363860172437e-03
1.916387959866220418e-08 4.755041011234967599e-03
1.926421404682273894e-08 3.262863314987827883e-03
1.936454849498327369e-08 8.548773124382494717e-03
1.946488294314380845e-08 1.039220632151020667e-02
1.956521739130434651e-08 3.431631610591547900e-03
1.966555183946488126e-08 1.473910705796229424e-02
1.976588628762541602e-08 1.450833495403300658e-02
1.986622073578595077e-08 1.030401236105508989e-02
1.996655518394648553e-08 7.428056031152149158e-03
2.006688963210702028e-08 1.174770416117454537e-02
2.016722408026755503e-08 7.699378884516175359e-03
2.026755852842808979e-08 7.179590962716930064e-03
2.036789297658862454e-08 7.039998596222897011e-03
2.046822742474916260e-08 1.301631062670931260e-02
2.056856187290969736e-08 9.165027037255142617e-03
2.066889632107023211e-08 1.758776602682304846e-02
2.076923076923076687e-08 5.359328470431487176e-03
2.086956521739130162e-08 5.859021116123569808e-03
2.096989966555183637e-08 6.062584124265104485e-03
2.107023411371237113e-08 9.401864167088366808e-03
2.117056856187290588e-08 5.311873302253992610e-03
2.127090301003344064e-08 7.361331914017632885e-03
2.137123745819397539e-08 1.078322274044715701e-02
2.147157190635451345e-08 5.516991481869503236e-03
2.157190635451504821e-08 6.311769658044629264e-03
2.167224080267558296e-08 3.592562281620669158e-03
2.177257525083611771e-08 8.397767632134423357e-03
2.187290969899665247e-08 6.550728518580145425e-03
2.197324414715718722e-08 1.133879273691008882e-02
2.207357859531772198e-08 6.847863230878339924e-03
2.217391304347825673e-08 6.968516082220558606e-03
2.227424749163879148e-08 1.125163311972122646e-02
2.237458193979932955e-08 7.326462897919109457e-03
2.247491638795986430e-08 3.992583742848262139e-03
2.257525083612039905e-08 6.847737678870558301e-03
2.267558528428093381e-08 1.540581509038785584e-03
2.277591973244146856e-08 1.017086410477826414e-02
2.287625418060200332e-08 9.997369861608131070e-03
2.297658862876253807e-08 7.653597528945979729e-03
2.307692307692307282e-08 5.327406994118182547e-03
2.317725752508360758e-08 4.763421292878114444e-03
2.327759197324414233e-08 5.440878706867962288e-03
2.337792642140468040e-08 4.712913480300015036e-03
2.347826086956521515e-08 8.745916647410985345e-03
2.357859531772574990e-08 6.834978342543123440e-03
2.367892976588628466e-08 9.221146061899714030e-03
2.377926421404681941e-08 1.001093061787200651e-02
2.387959866220735417e-08 9.379737088666807374e-03
2.397993311036788892e-08 6.233763313406298981e-03
2.408026755852842367e-08 3.888490925976124425e-03
2.418060200668895843e-08 1.068958648410578416e-02
2.428093645484949649e-08 1.000443767965432905e-02
2.438127090301003124e-08 9.975738687037294730e-03
2.448160535117056600e-08 9.684029562312969006e-03
2.458193979933110075e-08 9.687544098204504614e-03
2.468227424749163551e-08 3.256124448239308949e-03
2.478260869565217026e-08 4.691073113457892851e-03
2.488294314381270501e-08 1.033156377642548661e-02
2.498327759197323977e-08 8.830839523931365356e-03
2.508361204013377452e-08 4.548209798542242853e-03
2.518394648829430928e-08 2.039172114570171179e-03
2.528428093645484734e-08 8.626759850404413024e-03
2.538461538461538209e-08 2.965148875664148746e-03
2.548494983277591685e-08 3.827571897063529027e-03
2.558528428093645160e-08 7.706825180450983630e-03
2.568561872909698635e-08 5.649077638928625029e-03
2.578595317725752111e-08 9.146153097421104786e-03
2.588628762541805586e-08 9.476078400804773677e-03
2.598662207357859062e-08 4.472826635020346261e-03
2.608695652173912537e-08 9.115692609916683023e-03
2.618729096989966343e-08 5.812420020446839967e-03
2.628762541806019819e-08 1.327165764242406627e-02
2.638795986622073294e-08 1.677062425280860178e-02
2.648829431438126769e-08 1.017576092168752042e-02
2.658862876254180245e-08 1.210326398004310001e-02
2.668896321070233720e-08 1.555664432481428452e-02
2.678929765886287196e-08 1.197929741530550513e-02
2.688963210702340671e-08 1.616389271285052082e-02
2.698996655518394146e-08 1.330862580239786271e-02
2.709030100334447622e-08 3.145355340267258232e-03
2.719063545150501428e-08 6.639859517568435718e-03
2.729096989966554904e-08 1.006946530861240439e-02
2.739130434782608379e-08 8.706639393340568842e-03
2.749163879598661854e-08 5.768300216814979675e-03
2.759197324414715330e-08 4.603420330744588396e-03
2.769230769230768805e-08 9.080941412429004286e-04
2.779264214046822281e-08 2.875992400279896860e-03
2.789297658862875756e-08 7.507599953099729564e-03
2.799331103678929231e-08 6.271177818531676641e-03
2.809364548494983038e-08 7.294809100261059193e-03
2.819397993311036513e-08 7.163708213119928357e-03
2.829431438127089988e-08 8.066426686410275645e-03
2.839464882943143464e-08 1.576972928070224933e-02
2.849498327759196939e-08 5.502833274818124364e-03
2.859531772575250415e-08 4.324316010116077170e-03
2.869565217391303890e-08 2.602326578164605893e-03
2.879598662207357365e-08 1.026763737478195333e-02
2.889632107023410841e-08 6.853774880803960128e-03
2.899665551839464316e-08 4.294693091983942633e-03
2.909698996655518122e-08 3.683770207500504899e-03
2.919732441471571598e-08 8.793491036444200590e-03
2.929765886287625073e-08 9.563122229619091391e-03
2.939799331103678549e-08 1.211269937753292267e-02
2.949832775919732024e-08 8.170988089155877682e-03
2.959866220735785499e-08 -8.263859483767873769e-04
2.969899665551838975e-08 1.815704352267476056e-03
2.979933110367892450e-08 1.165820195240532819e-02
2.989966555183946256e-08 9.128471203012170423e-03
2.999999999999999732e-08 1.102191245751970618e-02
