0.000000000000000000e+00 9.999999999999995559e-01
1.003344481605351029e-10 2.227290432208864010e-02
2.006688963210702059e-10 -1.801001255390464843e-04
3.010033444816052959e-10 -7.694658204856501173e-04
4.013377926421404118e-10 4.313112743006637141e-03
5.016722408026755277e-10 7.452519209734938949e-03
6.020066889632105918e-10 6.921254905610319322e-03
7.023411371237457594e-10 6.520900690947294652e-03
8.026755852842808236e-10 1.019249000855395465e-02
9.030100334448158877e-10 8.177542321324044947e-03
1.003344481605351055e-09 1.262764156990984696e-02
1.103678929765886223e-09 4.960692586815609179e-03
1.204013377926421184e-09 7.736820109064910037e-03
1.304347826086956351e-09 6.481096183406323541e-03
1.404682274247491519e-09 5.375330103949218369e-03
1.505016722408026480e-09 5.825332386261824515e-03
1.605351170568561647e-09 3.806636199856418268e-03
1.705685618729096815e-09 5.098446499155956553e-03
1.806020066889631775e-09 1.325692688970079441e-02
1.906354515050166943e-09 1.171039515323520942e-02
2.006688963210702111e-09 9.791301541637419462e-03
2.107023411371237278e-09 6.775707740073482269e-03
2.207357859531772446e-09 6.401801713121889163e-03
2.307692307692307200e-09 1.198506871402786958e-02
2.408026755852842367e-09 5.756747226915911834e-03
2.508361204013377535e-09 9.014595351355670499e-03
2.608695652173912702e-09 1.048827119412568294e-02
2.709030100334447870e-09 1.455589903864820678e-02
2.809364548494983038e-09 6.436707842345403344e-03
2.909698996655517792e-09 6.023711306493644002e-03
3.010033444816052959e-09 8.790237118340336886e-03
3.110367892976588127e-09 2.781573956151817302e-03
3.210702341137123294e-09 1.103721497538131570e-02
3.311036789297658462e-09 8.486637970718240165e-03
3.411371237458193629e-09 9.597905153415284274e-03
3.511705685618728797e-09 8.210622085875775994e-03
3.612040133779263551e-09 8.120817181740064630e-03
3.712374581939798719e-09 4.332233216785703542e-03
3.812709030100333886e-09 7.245574229268685051e-03
3.913043478260868640e-09 9.628517329239217118e-03
4.013377926421404221e-09 8.539781085289905108e-03
4.113712374581938975e-09 9.427866227194598228e-03
4.214046822742474556e-09 9.356111917046600404e-03
4.314381270903009310e-09 7.388491163151272509e-03
4.414715719063544892e-09 2.862081304001757621e-03
4.515050167224079646e-09 8.262661911588064720e-03
4.615384615384614399e-09 4.794741243698881321e-03
4.715719063545149981e-09 1.532924670713405393e-02
4.816053511705684735e-09 8.609871762085316571e-03
4.916387959866220316e-09 5.406890441121715678e-03
5.016722408026755070e-09 1.004058801932705691e-02
5.117056856187290651e-09 1.054678249990458061e-02
5.217391304347825405e-09 1.234294665819442999e-02
5.317725752508360159e-09 7.099624089572887861e-03
5.418060200668895740e-09 9.305634833804877701e-03
5.518394648829430494e-09 6.626912866689076836e-03
5.618729096989966075e-09 4.883404343142185716e-03
5.719063545150500829e-09 6.246676496894193811e-03
5.819397993311035583e-09 6.659320362566781108e-03
5.919732441471571164e-09 1.060874421844908676e-02
6.020066889632105918e-09 1.637807033218921168e-02
6.120401337792641499e-09 7.463298240007288503e-03
6.220735785953176253e-09 3.425271170503750573e-03
6.321070234113711835e-09 9.224920475728730015e-03
6.421404682274246589e-09 4.479862781734752705e-03
6.521739130434781343e-09 8.700512705318729292e-03
6.622073578595316924e-09 9.602128545616131841e-03
6.722408026755851678e-09 1.541319551665042663e-02
6.822742474916387259e-09 1.267792868428108642e-02
6.923076923076922013e-09 -4.427564980227943238e-04
7.023411371237457594e-09 5.983329175121894321e-03
7.123745819397992348e-09 3.156203358831286953e-03
7.224080267558527102e-09 7.325853454039044435e-03
7.324414715719062683e-09 1.540654857399731230e-02
7.424749163879597437e-09 3.709418600565027747e-03
7.525083612040133018e-09 1.141591237012312167e-02
7.625418060200667772e-09 8.131325034935507623e-03
7.725752508361202526e-09 1.185565191541062234e-02
7.826086956521737280e-09 1.176093581811137045e-02
7.926421404682273689e-09 1.240250186912784935e-02
8.026755852842808442e-09 6.233430402515898090e-03
8.127090301003343196e-09 2.764913742844521492e-03
8.227424749163877950e-09 8.804738138716792714e-03
8.327759197324414359e-09 8.367086279713895416e-03
8.428093645484949113e-09 7.311273191058758301e-03
8.528428093645483867e-09 1.211737402457118210e-02
8.628762541806018621e-09 4.531696665022972442e-03
8.729096989966553375e-09 2.418654180336016635e-03
8.829431438127089783e-09 4.854282759411521209e-03
8.929765886287624537e-09 1.129132364488360032e-02
9.030100334448159291e-09 3.194256810244122582e-03
9.130434782608694045e-09 7.696937545894671530e-03
9.230769230769228799e-09 9.338275099271738447e-03
9.331103678929765207e-09 8.499317721931630085e-03
9.431438127090299961e-09 5.313895465986482811e-03
9.531772575250834715e-09 1.324393868270144076e-02
9.632107023411369469e-09 1.183584766637072599e-02
9.732441471571904223e-09 9.625820515928456417e-03
9.832775919732440632e-09 6.168941053703198840e-03
9.933110367892975386e-09 5.441548798838709636e-03
1.003344481605351014e-08 1.437862539758579666e-02
1.013377926421404489e-08 4.350009766850414065e-03
1.023411371237458130e-08 9.934479745641882839e-03
1.033444816053511606e-08 1.001438459507007946e-02
1.043478260869565081e-08 -3.651626558813987535e-03
1.053511705685618556e-08 7.881922443408238485e-03
1.063545150501672032e-08 4.101997135387253947e-03
1.073578595317725673e-08 4.275699884107769626e-03
1.083612040133779148e-08 4.270688876764554102e-03
1.093645484949832623e-08 6.018418625741182165e-03
1.103678929765886099e-08 7.115537225735039072e-03
1.113712374581939574e-08 4.742323073570087200e-03
1.123745819397993215e-08 7.466999880510419123e-03
1.133779264214046690e-08 6.781943580437557739e-03
1.143812709030100166e-08 3.987262982226296923e-03
1.153846153846153641e-08 8.581516853099808648e-03
1.163879598662207117e-08 5.674781693740486334e-03
1.173913043478260757e-08 1.572108582356060522e-03
1.183946488294314233e-08 9.711330766221885208e-03
1.193979933110367708e-08 3.569359172790524757e-04
1.204013377926421184e-08 9.339567589517617022e-03
1.214046822742474824e-08 8.085404207457947551e-03
1.224080267558528300e-08 6.504286163801411419e-03
1.234113712374581775e-08 7.591131881666620881e-03
1.244147157190635251e-08 8.217768520266163779e-03
1.254180602006688726e-08 5.336000879052218634e-03
1.264214046822742367e-08 9.875418080183457487e-03
1.274247491638795842e-08 1.137339911375863377e-02
1.284280936454849318e-08 1.133600215396858221e-02
1.294314381270902793e-08 6.736133975633610410e-03
1.304347826086956269e-08 9.075047798971679763e-03
1.314381270903009909e-08 3.493759488945115659e-03
1.324414715719063385e-08 6.639613003453283605e-03
1.334448160535116860e-08 6.791858229392789929e-03
1.344481605351170336e-08 5.055217885889942003e-03
1.354515050167223811e-08 9.911448408715578529e-03
1.364548494983277452e-08 3.987849649735020902e-03
1.374581939799330927e-08 6.412586688894942460e-03
1.384615384615384403e-08 7.254980717151642174e-03
1.394648829431437878e-08 7.560902319764900743e-03
1.404682274247491519e-08 1.415836638255750513e-02
1.414715719063544994e-08 9.886478861039965649e-03
1.424749163879598470e-08 9.229779044460831305e-03
1.434782608695651945e-08 3.306550994821824425e-03
1.444816053511705420e-08 3.921650374817321760e-03
1.454849498327759061e-08 8.288911551839207512e-03
1.464882943143812537e-08 1.069164616310634870e-02
1.474916387959866012e-08 6.582060547964813969e-03
1.484949832775919487e-08 4.327272434501721124e-03
1.494983277591973128e-08 5.805391131297162402e-03
1.505016722408026604e-08 1.031420429772868068e-02
1.515050167224080079e-08 5.479471642415524937e-03
1.525083612040133554e-08 4.577933761981994171e-03
1.535117056856187030e-08 5.342902353587192579e-03
1.545150501672240505e-08 3.701876935121310025e-03
1.555183946488293981e-08 5.663981340318847112e-03
1.565217391304347456e-08 8.624663611018911977e-03
1.575250836120401262e-08 1.003978517425922756e-02
1.585284280936454738e-08 7.724144651192067779e-03
1.595317725752508213e-08 3.276187923654252324e-04
1.605351170568561688e-08 9.472775092858896906e-03
1.615384615384615164e-08 9.084956433766527839e-03
1.625418060200668639e-08 1.348837761080336727e-02
1.635451505016722115e-08 3.431321019676657202e-03
1.645484949832775590e-08 1.333480062006278839e-02
1.655518394648829065e-08 9.101171675848916676e-03
1.665551839464882872e-08 2.773739698017222907e-03
1.675585284280936347e-08 2.406708997577567018e-03
1.685618729096989823e-08 9.759981055289339985e-03
1.695652173913043298e-08 -3.598449098230003650e-04
1.705685618729096773e-08 4.951984268067182587e-03
1.715719063545150249e-08 6.082037210163062507e-03
1.725752508361203724e-08 1.862050728412707181e-04
1.735785953177257200e-08 8.906664001353611568e-03
1.745819397993310675e-08 1.308273912568455946e-02
1.755852842809364150e-08 8.103573934003236931e-03
1.765886287625417957e-08 5.994973917556774279e-03
1.775919732441471432e-08 1.639430128077899035e-02
1.785953177257524907e-08 5.648696587325761735e-03
1.795986622073578383e-08 1.364590672926813825e-02
1.806020066889631858e-08 5.239005841501119358e-03
1.816053511705685334e-08 5.323463961703314706e-03
1.826086956521738809e-08 9.896038365043394180e-03
1.836120401337792284e-08 8.302242089145657478e-03
1.846153846153845760e-08 1.087481891581339871e-02
1.856187290969899566e-08 1.101322858516967478e-02
1.866220735785953041e-08 2.315246935045498899e-03
1.876254180602006517e-08 4.263204596844503980e-03
1.886287625418059992e-08 1.276891515554697334e-02
1.896321070234113468e-08 4.023709302202747515e-03
1.906354515050166943e-08 8.853752502658608636e-03
1.916387959866220418e-08 6.634885078018112892e-03
1.926421404682273894e-08 8.496750394719943325e-03
1.936454849498327369e-08 1.070994607389680851e-02
1.946488294314380845e-08 6.215989411405250034e-03
1.956521739130434651e-08 8.211549717316879785e-03
1.966555183946488126e-08 5.310040167760062164e-03
1.976588628762541602e-08 5.346818624757428660e-03
1.986622073578595077e-08 1.095880095195636388e-02
1.996655518394648553e-08 9.049537148721831584e-03
2.006688963210702028e-08 6.487700605408846209e-03
2.016722408026755503e-08 1.169605045563830263e-02
2.026755852842808979e-08 1.390318309784292078e-02
2.036789297658862454e-08 1.070351813280076211e-02
2.046822742474916260e-08 8.523141674956864408e-03
2.056856187290969736e-08 8.644974617285474186e-03
2.066889632107023211e-08 5.516126736045730977e-03
2.076923076923076687e-08 7.878092247954467456e-03
2.086956521739130162e-08 7.667302955979247124e-03
2.096989966555183637e-08 1.027494483107502243e-02
2.107023411371237113e-08 4.778093537778312083e-03
2.117056856187290588e-08 9.022540582298309297e-03
2.127090301003344064e-08 9.117924489651919179e-03
2.137123745819397539e-08 5.664003493950338884e-03
2.147157190635451345e-08 3.104620405627265493e-03
2.157190635451504821e-08 1.134175134284913511e-02
2.167224080267558296e-08 1.203408054114403665e-02
2.177257525083611771e-08 7.578470750579434888e-03
2.187290969899665247e-08 6.002834728723580905e-03
2.197324414715718722e-08 8.567613321360348019e-03
2.207357859531772198e-08 1.543142956796680551e-02
2.217391304347825673e-08 1.178678861276778733e-02
2.227424749163879148e-08 8.825537486783781305e-03
2.237458193979932955e-08 6.823371164714470312e-03
2.247491638795986430e-08 1.361639738114993510e-02
2.257525083612039905e-08 5.519704062340267774e-03
2.267558528428093381e-08 4.586373614398829048e-03
2.277591973244146856e-08 1.059887133150872948e-02
2.287625418060200332e-08 4.012428944330355407e-03
2.297658862876253807e-08 3.953630107277902135e-05
2.307692307692307282e-08 2.917679301045449699e-03
2.317725752508360758e-08 9.870561652097768063e-03
2.327759197324414233e-08 9.940748618327450992e-03
2.337792642140468040e-08 5.383111902551994399e-03
2.347826086956521515e-08 4.301361783103478838e-03
2.357859531772574990e-08 8.608549760176621365e-03
2.367892976588628466e-08 6.696502601807661006e-03
2.377926421404681941e-08 9.868906201422795316e-03
2.387959866220735417e-08 8.754763868095944562e-03
2.397993311036788892e-08 7.767921758608587086e-03
2.408026755852842367e-08 4.975743903859331917e-04
2.418060200668895843e-08 6.655599079484916802e-03
2.428093645484949649e-08 4.924773253212152112e-03
2.438127090301003124e-08 8.087999361925139394e-03
2.448160535117056600e-08 7.686039775659733904e-03
2.458193979933110075e-08 6.519277176514178679e-03
2.468227424749163551e-08 1.167253549002142746e-02
2.478260869565217026e-08 1.346087184047149547e-02
2.488294314381270501e-08 3.299066075348215318e-03
2.498327759197323977e-08 9.467916282554439747e-03
2.508361204013377452e-08 5.734625903050915435e-03
2.518394648829430928e-08 9.232130595403282083e-03
2.528428093645484734e-08 7.171411468770133753e-03
2.538461538461538209e-08 7.568798776127180598e-03
2.548494983277591685e-08 4.381579932174377648e-03
2.558528428093645160e-08 6.522525688837759773e-03
2.568561872909698635e-08 1.030810093536318334e-02
2.578595317725752111e-08 6.435230061630528922e-03
2.588628762541805586e-08 1.008540134656147128e-02
2.598662207357859062e-08 8.899951688121044216e-03
2.608695652173912537e-08 1.630501718745139619e-02
2.618729096989966343e-08 9.320654711985898455e-03
2.628762541806019819e-08 3.799228646604725472e-03
2.638795986622073294e-08 1.378217164364550600e-02
2.648829431438126769e-08 7.975803342147745958e-03
2.658862876254180245e-08 8.098921422773104964e-03
2.668896321070233720e-08 6.585709536172094057e-03
2.678929765886287196e-08 2.408136437883648569e-03
2.688963210702340671e-08 8.577291016533865331e-03
2.698996655518394146e-08 5.063276305529316491e-03
2.709030100334447622e-08 4.966839879205058386e-03
2.719063545150501428e-08 1.067603198013857696e-02
2.729096989966554904e-08 8.287716156314803642e-03
2.739130434782608379e-08 6.032008598343278731e-03
2.749163879598661854e-08 3.807980697929889535e-03
2.759197324414715330e-08 9.437442188396165735e-03
2.769230769230768805e-08 1.023514188765600394e-02
2.779264214046822281e-08 9.939099197471454837e-04
2.789297658862875756e-08 -6.142699624684321794e-04
2.799331103678929231e-08 8.838337002458096156e-03
2.809364548494983038e-08 8.595922115418735965e-03
2.819397993311036513e-08 1.264227190016262853e-02
2.829431438127089988e-08 3.716845740462645063e-03
2.839464882943143464e-08 2.561328335042491015e-03
2.849498327759196939e-08 9.162020159031851810e-03
2.859531772575250415e-08 6.323179229395642191e-03
2.869565217391303890e-08 1.000377450232011606e-02
2.879598662207357365e-08 1.279035977849778301e-02
2.889632107023410841e-08 7.714267059462457006e-03
2.899665551839464316e-08 5.921449955280574766e-03
2.909698996655518122e-08 9.576313233420070958e-03
2.919732441471571598e-08 1.032560549972652564e-02
2.929765886287625073e-08 7.812491518090558702e-03
2.939799331103678549e-08 7.052256717072619835e-03
2.949832775919732024e-08 5.661783821905011158e-03
2.959866220735785499e-08 7.949224692529666819e-03
2.969899665551838975e-08 5.479446238437586311e-03
2.979933110367892450e-08 1.257517815473016727e-02
2.989966555183946256e-08 4.320030367475175166e-03
2.999999999999999732e-08 5.674611632118485571e-03
