0.000000000000000000e+00 9.999999999999995559e-01
1.003344481605351029e-10 1.882419221085392157e-03
2.006688963210702059e-10 8.706935868834010661e-03
3.010033444816052959e-10 8.601393838353571172e-03
4.013377926421404118e-10 5.623222695486452920e-03
5.016722408026755277e-10 3.842319773927671371e-03
6.020066889632105918e-10 7.342847165072426650e-03
7.023411371237457594e-10 2.550724757118221289e-03
8.026755852842808236e-10 1.282198269460606277e-02
9.030100334448158877e-10 1.089030894716478716e-02
1.003344481605351055e-09 1.335179546213164856e-02
1.103678929765886223e-09 5.051090569610065979e-03
1.204013377926421184e-09 2.417449184619155800e-03
1.304347826086956351e-09 7.833322486881224775e-03
1.404682274247491519e-09 2.454944198218214114e-03
1.505016722408026480e-09 9.390283158298554089e-03
1.605351170568561647e-09 9.743999549324115425e-03
1.705685618729096815e-09 1.050147682331188485e-02
1.806020066889631775e-09 4.532607572684525798e-03
1.906354515050166943e-09 4.097493244427739996e-03
2.006688963210702111e-09 9.413818008739796225e-03
2.107023411371237278e-09 1.774120145954082711e-03
2.207357859531772446e-09 4.972329726085683924e-03
2.307692307692307200e-09 4.617578270928289139e-03
2.408026755852842367e-09 1.044727626199398740e-02
2.508361204013377535e-09 3.664256747026924110e-03
2.608695652173912702e-09 5.599073461183449486e-03
2.709030100334447870e-09 5.832328314700767520e-03
2.809364548494983038e-09 7.838143621059997374e-03
2.909698996655517792e-09 7.583850559638190660e-04
3.010033444816052959e-09 2.137222026902509987e-03
3.110367892976588127e-09 1.012816655346097938e-02
3.210702341137123294e-09 1.556371390812068614e-02
3.311036789297658462e-09 -1.931527431660770002e-04
3.411371237458193629e-09 1.024094648288991286e-02
3.511705685618728797e-09 1.404521644180086425e-02
3.612040133779263551e-09 1.727861354941171313e-03
3.712374581939798719e-09 6.646068229614944013e-03
3.812709030100333886e-09 7.508611039533356728e-03
3.913043478260868640e-09 9.349479377487344284e-03
4.013377926421404221e-09 1.391156540362111557e-03
4.113712374581938975e-09 6.300293341973348289e-03
4.214046822742474556e-09 1.447668628740227115e-02
4.314381270903009310e-09 1.214802457314506992e-02
4.414715719063544892e-09 1.165389085213346457e-02
4.515050167224079646e-09 3.561029852370420617e-03
4.615384615384614399e-09 9.529856062362240116e-03
4.715719063545149981e-09 5.768689833101560416e-03
4.816053511705684735e-09 1.143585751047998533e-02
4.916387959866220316e-09 9.113295863564416580e-03
5.016722408026755070e-09 8.029543322316604059e-03
5.117056856187290651e-09 8.390538057656025256e-03
5.217391304347825405e-09 1.136012970514991942e-02
5.317725752508360159e-09 8.431776256954664345e-03
5.418060200668895740e-09 9.733416983746065454e-03
5.518394648829430494e-09 9.889630795108640335e-03
5.618729096989966075e-09 9.514449402309190645e-03
5.719063545150500829e-09 6.962914946495396551e-03
5.819397993311035583e-09 8.248532756628155355e-03
5.919732441471571164e-09 6.290797464974342765e-03
6.020066889632105918e-09 5.174903273305496085e-03
6.120401337792641499e-09 6.078038571548439670e-03
6.220735785953176253e-09 5.764237514931496061e-03
6.321070234113711835e-09 7.088526285596088820e-03
6.421404682274246589e-09 5.546339105700944482e-03
6.521739130434781343e-09 9.252170602853028447e-03
6.622073578595316924e-09 8.257620760313558878e-03
6.722408026755851678e-09 1.630579629025890459e-02
6.822742474916387259e-09 1.090114548761443071e-02
6.923076923076922013e-09 4.752750858014223069e-03
7.023411371237457594e-09 5.603395718296551309e-03
7.123745819397992348e-09 1.625741183502951975e-03
7.224080267558527102e-09 1.016854693528838720e-02
7.324414715719062683e-09 5.529653287774940855e-03
7.424749163879597437e-09 -7.085922791102137498e-04
7.525083612040133018e-09 7.902676883679170608e-03
7.625418060200667772e-09 1.142162988010891195e-02
7.725752508361202526e-09 1.138229433361235242e-02
7.826086956521737280e-09 1.182739523595269064e-02
7.926421404682273689e-09 2.962314285341958141e-03
8.026755852842808442e-09 6.864404759305776406e-03
8.127090301003343196e-09 1.200112189477311672e-02
8.227424749163877950e-09 1.557931298231457484e-02
8.327759197324414359e-09 9.886249528712370491e-03
8.428093645484949113e-09 9.296069633959753303e-03
8.528428093645483867e-09 3.339762222203010791e-03
8.628762541806018621e-09 8.792347764838616755e-03
8.729096989966553375e-09 4.452427824184694571e-03
8.829431438127089783e-09 1.294618877100219174e-02
8.929765886287624537e-09 1.907667706321122510e-03
9.030100334448159291e-09 1.968317434134281285e-03
9.130434782608694045e-09 1.309836050833804513e-02
9.230769230769228799e-09 8.751345611284586101e-03
9.331103678929765207e-09 1.043505981075875527e-02
9.431438127090299961e-09 6.668304869662971743e-03
9.531772575250834715e-09 4.749216520012971600e-03
9.632107023411369469e-09 5.918148619023367966e-04
9.732441471571904223e-09 -1.051151736438246925e-03
9.832775919732440632e-09 6.754279337021272187e-03
9.933110367892975386e-09 1.396705004889473370e-02
1.003344481605351014e-08 1.170254573198875429e-02
1.013377926421404489e-08 7.972805475010211196e-03
1.023411371237458130e-08 8.131923028294067712e-03
1.033444816053511606e-08 6.979857069938020554e-03
1.043478260869565081e-08 7.924784601953456520e-03
1.053511705685618556e-08 3.206910365567160193e-03
1.063545150501672032e-08 1.149861922031373239e-02
1.073578595317725673e-08 1.139278089823847658e-02
1.083612040133779148e-08 4.508960418647759046e-03
1.093645484949832623e-08 1.095642518008742988e-02
1.103678929765886099e-08 1.364601886967088673e-02
1.113712374581939574e-08 5.276332758210736280e-03
1.123745819397993215e-08 1.110336716947056719e-02
1.133779264214046690e-08 1.769161896964920521e-03
1.143812709030100166e-08 9.794148216851351896e-03
1.153846153846153641e-08 6.310514956258699536e-03
1.163879598662207117e-08 8.982257955567333379e-04
1.173913043478260757e-08 9.403134260363404939e-03
1.183946488294314233e-08 1.157548689761363214e-02
1.193979933110367708e-08 1.043786239998819969e-02
1.204013377926421184e-08 8.039643668899107073e-03
1.214046822742474824e-08 7.037347222983249273e-03
1.224080267558528300e-08 8.208503948500749103e-03
1.234113712374581775e-08 6.377113620652267653e-03
1.244147157190635251e-08 1.841520190378728022e-02
1.254180602006688726e-08 7.794973723520995466e-04
1.264214046822742367e-08 1.218463441928429453e-02
1.274247491638795842e-08 8.290894348563738678e-03
1.284280936454849318e-08 1.460914128198315034e-03
1.294314381270902793e-08 1.102902320888642269e-02
1.304347826086956269e-08 8.277043723952874632e-03
1.314381270903009909e-08 9.043423919730194868e-03
1.324414715719063385e-08 6.829188189132541151e-03
1.334448160535116860e-08 1.016383428196638433e-02
1.344481605351170336e-08 5.514351524218162603e-03
1.354515050167223811e-08 8.470230423356789329e-03
1.364548494983277452e-08 4.242618627044281165e-03
1.374581939799330927e-08 1.427258312730123957e-03
1.384615384615384403e-08 5.498643496120894474e-03
1.394648829431437878e-08 6.026291625021407486e-03
1.404682274247491519e-08 1.582747246145062899e-03
1.414715719063544994e-08 7.926701335249723354e-03
1.424749163879598470e-08 2.519579348825165023e-03
1.434782608695651945e-08 3.354487276457816455e-03
1.444816053511705420e-08 1.018848914473951747e-02
1.454849498327759061e-08 7.934480351931689351e-03
1.464882943143812537e-08 5.097415169506304931e-03
1.474916387959866012e-08 8.662566318131205423e-03
1.484949832775919487e-08 1.061130973510552092e-02
1.494983277591973128e-08 1.207308919804030156e-02
1.505016722408026604e-08 7.400807927783374998e-03
1.515050167224080079e-08 2.501118954047834315e-03
1.525083612040133554e-08 1.102821413015927544e-02
1.535117056856187030e-08 -4.819331461071541889e-04
1.545150501672240505e-08 7.999341212860262493e-03
1.555183946488293981e-08 6.314542237560869659e-03
1.565217391304347456e-08 7.912169276372027840e-03
1.575250836120401262e-08 6.485662557234110961e-03
1.585284280936454738e-08 8.262263799947369355e-03
1.595317725752508213e-08 2.845924990867808486e-03
1.605351170568561688e-08 1.033226728848412462e-02
1.615384615384615164e-08 5.956214177099717309e-03
1.625418060200668639e-08 5.815825288383646118e-03
1.635451505016722115e-08 1.233542410758848781e-02
1.645484949832775590e-08 1.334431869730954082e-02
1.655518394648829065e-08 6.931205945362950427e-03
1.665551839464882872e-08 4.222593202391922845e-03
1.675585284280936347e-08 8.850696324357887682e-03
1.685618729096989823e-08 8.367565504967557771e-03
1.695652173913043298e-08 1.820112203576289321e-03
1.705685618729096773e-08 7.220580084958963356e-03
1.715719063545150249e-08 4.788180808098181640e-03
1.725752508361203724e-08 1.489799737498469917e-02
1.735785953177257200e-08 7.227542312540355569e-03
1.745819397993310675e-08 8.089029920117063455e-03
1.755852842809364150e-08 9.844124027053997167e-03
1.765886287625417957e-08 9.721260697195272665e-03
1.775919732441471432e-08 1.082151267362926710e-02
1.785953177257524907e-08 -1.225434037861848928e-03
1.795986622073578383e-08 7.115179442802827513e-03
1.806020066889631858e-08 1.416653430800520266e-02
1.816053511705685334e-08 -1.126709302510810716e-03
1.826086956521738809e-08 1.773425830081990255e-03
1.836120401337792284e-08 1.210816371333650956e-02
1.846153846153845760e-08 9.263877952257085907e-03
1.856187290969899566e-08 1.009300545121221034e-02
1.866220735785953041e-08 1.157140571646759868e-02
1.876254180602006517e-08 1.042439878273406124e-02
1.886287625418059992e-08 1.386629269646527836e-02
1.896321070234113468e-08 1.399904329456107439e-02
1.906354515050166943e-08 7.827961796726160340e-03
1.916387959866220418e-08 5.190681801674469804e-03
1.926421404682273894e-08 1.278310758233516288e-03
1.936454849498327369e-08 5.676673308157353069e-03
1.946488294314380845e-08 1.228395846768147795e-02
1.956521739130434651e-08 7.364040314793982196e-03
1.966555183946488126e-08 4.091268680126790291e-03
1.976588628762541602e-08 8.025212917598566892e-03
1.986622073578595077e-08 1.143368332251379176e-02
1.996655518394648553e-08 1.062696695037950931e-02
2.006688963210702028e-08 1.059421991599218682e-02
2.016722408026755503e-08 -9.409231900240537603e-05
2.026755852842808979e-08 3.392643859062828993e-03
2.036789297658862454e-08 8.057903490578452801e-03
2.046822742474916260e-08 4.864416573457536544e-03
2.056856187290969736e-08 7.625875963761727383e-04
2.066889632107023211e-08 6.531687806396103968e-03
2.076923076923076687e-08 5.386868918352781792e-04
2.086956521739130162e-08 7.708081334691474495e-03
2.096989966555183637e-08 7.025435652629068856e-03
2.107023411371237113e-08 2.024633436074695959e-03
2.117056856187290588e-08 7.946273878951923622e-03
2.127090301003344064e-08 1.293566943549586366e-02
2.137123745819397539e-08 5.349296624454375274e-03
2.147157190635451345e-08 6.259524238593587413e-03
2.157190635451504821e-08 6.238738518960331922e-03
2.167224080267558296e-08 7.392737313879904626e-03
2.177257525083611771e-08 5.688409483082204621e-03
2.187290969899665247e-08 5.207326556953118142e-03
2.197324414715718722e-08 8.812092724361203500e-03
2.207357859531772198e-08 6.055973325760074383e-03
2.217391304347825673e-08 4.070778518498664733e-03
2.227424749163879148e-08 8.532866342356745445e-03
2.237458193979932955e-08 9.190313895349392151e-03
2.247491638795986430e-08 1.062879670459811535e-02
2.257525083612039905e-08 3.411690899372784788e-03
2.267558528428093381e-08 -2.147172530041330848e-03
2.277591973244146856e-08 7.069893013418666189e-03
2.287625418060200332e-08 1.080408108141920481e-02
2.297658862876253807e-08 7.137571833990002598e-03
2.307692307692307282e-08 1.050592930728212575e-02
2.317725752508360758e-08 9.259632949295885235e-03
2.327759197324414233e-08 1.569074819425735415e-02
2.337792642140468040e-08 8.361484263265203665e-03
2.347826086956521515e-08 4.506138534058520308e-03
2.357859531772574990e-08 1.466403469321857916e-02
2.367892976588628466e-08 1.077369692573231300e-02
2.377926421404681941e-08 8.547274758201297423e-03
2.387959866220735417e-08 1.198620714116684950e-02
2.397993311036788892e-08 1.008399760195276100e-02
2.408026755852842367e-08 1.328829719812564189e-02
2.418060200668895843e-08 9.429603687404695608e-03
2.428093645484949649e-08 7.807900792886622240e-03
2.438127090301003124e-08 4.235569503734743814e-03
2.448160535117056600e-08 4.169251961526578530e-03
2.458193979933110075e-08 9.185683918749095941e-03
2.468227424749163551e-08 6.871993224489993286e-03
2.478260869565217026e-08 7.803162758331531890e-03
2.488294314381270501e-08 1.343124139148991168e-02
2.498327759197323977e-08 3.711289145393493680e-03
2.508361204013377452e-08 7.244444675485158316e-03
2.518394648829430928e-08 1.005864111168193638e-02
2.528428093645484734e-08 1.089384775090791561e-02
2.538461538461538209e-08 5.122201584694003121e-03
2.548494983277591685e-08 8.869756749711967328e-03
2.558528428093645160e-08 6.711530916033216568e-03
2.568561872909698635e-08 1.357722280399886912e-02
2.578595317725752111e-08 3.802156687529006061e-03
2.588628762541805586e-08 1.039631755142826977e-02
2.598662207357859062e-08 9.037848379406985232e-04
2.608695652173912537e-08 2.147832935654233905e-03
2.618729096989966343e-08 9.291974165075442618e-03
2.628762541806019819e-08 2.787399110170120289e-03
2.638795986622073294e-08 7.786529215508162030e-03
2.648829431438126769e-08 7.026085047162424629e-03
2.658862876254180245e-08 6.458235849030129726e-03
2.668896321070233720e-08 1.471087041194536413e-02
2.678929765886287196e-08 9.056679065669504328e-03
2.688963210702340671e-08 1.752201787638636276e-03
2.698996655518394146e-08 1.542127605367863211e-02
2.709030100334447622e-08 3.866061389023260284e-03
2.719063545150501428e-08 5.449598184925480253e-03
2.729096989966554904e-08 1.214375668016859020e-02
2.739130434782608379e-08 7.577245226251485243e-03
2.749163879598661854e-08 1.533100081717716362e-02
2.759197324414715330e-08 1.072693232628135242e-02
2.769230769230768805e-08 6.174157405084138538e-03
2.779264214046822281e-08 1.005826005500409272e-02
2.789297658862875756e-08 4.694260570036436903e-03
2.799331103678929231e-08 1.027133705790139913e-02
2.809364548494983038e-08 1.145123669216267445e-02
2.819397993311036513e-08 9.065571074870991050e-03
2.829431438127089988e-08 6.885368222540336203e-03
2.839464882943143464e-08 2.286850788116264518e-03
2.849498327759196939e-08 2.183353212725518914e-03
2.859531772575250415e-08 5.783479195901089845e-03
2.869565217391303890e-08 5.679829861859507327e-03
2.879598662207357365e-08 4.848994014492673255e-03
2.889632107023410841e-08 1.023941978711009199e-02
2.899665551839464316e-08 1.931090115830287959e-03
2.909698996655518122e-08 5.890333871236067866e-03
2.919732441471571598e-08 6.265362797685706565e-03
2.929765886287625073e-08 5.185345539427931201e-03
2.939799331103678549e-08 5.696879382468812009e-03
2.949832775919732024e-08 1.150659900562582723e-02
2.959866220735785499e-08 1.166226134451793517e-02
2.969899665551838975e-08 2.486206299985806514e-03
2.979933110367892450e-08 9.269451869569284366e-03
2.989966555183946256e-08 8.678334012405261935e-03
2.999999999999999732e-08 4.525962570975037777e-03
