0.000000000000000000e+00 9.999999999999995559e-01
1.003344481605351029e-10 2.988805243880662127e-02
2.006688963210702059e-10 3.015493087025940006e-03
3.010033444816052959e-10 3.833617191244557618e-05
4.013377926421404118e-10 1.528677233037594591e-02
5.016722408026755277e-10 -2.331063068901947487e-05
6.020066889632105918e-10 1.029106214315679210e-02
7.023411371237457594e-10 1.020409684509474002e-02
8.026755852842808236e-10 6.834074715323775785e-03
9.030100334448158877e-10 5.683920081877238788e-03
1.003344481605351055e-09 4.128506028968361233e-03
1.103678929765886223e-09 1.351368497677572431e-02
1.204013377926421184e-09 9.070170698053168015e-03
1.304347826086956351e-09 6.106155878925525506e-03
1.404682274247491519e-09 9.867904819126792695e-03
1.505016722408026480e-09 4.178212030976305447e-03
1.605351170568561647e-09 8.801780208055491606e-03
1.705685618729096815e-09 9.791963282731352969e-03
1.806020066889631775e-09 7.487623974299400381e-03
1.906354515050166943e-09 1.123871382406047611e-03
2.006688963210702111e-09 2.231996092690281212e-03
2.107023411371237278e-09 6.090276629844654233e-03
2.207357859531772446e-09 6.003486968501341343e-03
2.307692307692307200e-09 6.797491366099825058e-03
2.408026755852842367e-09 5.061597643838973599e-03
2.508361204013377535e-09 3.994449760678519049e-03
2.608695652173912702e-09 8.672429085549861194e-03
2.709030100334447870e-09 4.662524910395715767e-03
2.809364548494983038e-09 1.484994117448117275e-02
2.909698996655517792e-09 9.262597643597794000e-03
3.010033444816052959e-09 1.207914569886972891e-02
3.110367892976588127e-09 8.940652284020130652e-03
3.210702341137123294e-09 3.441493651049363188e-03
3.311036789297658462e-09 8.880064666986271782e-03
3.411371237458193629e-09 1.527267998790989012e-02
3.511705685618728797e-09 9.919143925064738410e-03
3.612040133779263551e-09 1.067679537301805849e-02
3.712374581939798719e-09 1.233331597259725368e-02
3.812709030100333886e-09 1.118880526271710286e-02
3.913043478260868640e-09 1.587245719856858949e-03
4.013377926421404221e-09 8.536960280332331688e-03
4.113712374581938975e-09 7.257805813096315957e-03
4.214046822742474556e-09 8.877774642082159745e-03
4.314381270903009310e-09 2.066295627801415999e-03
4.414715719063544892e-09 3.494927392411432878e-03
4.515050167224079646e-09 8.234375744106204112e-03
4.615384615384614399e-09 3.803025953777783123e-03
4.715719063545149981e-09 3.911145380347203805e-03
4.816053511705684735e-09 3.950707031089589587e-03
4.916387959866220316e-09 7.464571756823666811e-03
5.016722408026755070e-09 1.332615501915601283e-02
5.117056856187290651e-09 1.097574561895234280e-02
5.217391304347825405e-09 1.116120524460769217e-02
5.317725752508360159e-09 7.006035736359687502e-03
5.418060200668895740e-09 2.742682996548408657e-03
5.518394648829430494e-09 2.346409925896255754e-03
5.618729096989966075e-09 7.841329402485934519e-03
5.719063545150500829e-09 6.209667340145285513e-03
5.819397993311035583e-09 9.257193087948228927e-03
5.919732441471571164e-09 7.568433345501092424e-03
6.020066889632105918e-09 6.639280023932356972e-03
6.120401337792641499e-09 1.227806768879135223e-02
6.220735785953176253e-09 1.348426599146520036e-02
6.321070234113711835e-09 7.630568933853006108e-03
6.421404682274246589e-09 6.306363716404986275e-03
6.521739130434781343e-09 7.100780048097516534e-03
6.622073578595316924e-09 7.299454669548151656e-03
6.722408026755851678e-09 1.080324776907801501e-02
6.822742474916387259e-09 6.024344337099785639e-03
6.923076923076922013e-09 -1.875359805276636009e-03
7.023411371237457594e-09 5.083449951590606961e-03
7.123745819397992348e-09 7.376574319541941843e-03
7.224080267558527102e-09 8.096149285739245166e-03
7.324414715719062683e-09 1.272684477012175561e-02
7.424749163879597437e-09 6.671021859299483200e-03
7.525083612040133018e-09 1.178331661776033448e-02
7.625418060200667772e-09 1.265446177145682083e-02
7.725752508361202526e-09 1.460081175530812334e-03
7.826086956521737280e-09 8.230249963023822390e-03
7.926421404682273689e-09 9.619423580168911386e-03
8.026755852842808442e-09 5.712789099653284124e-03
8.127090301003343196e-09 1.449108610554308320e-02
8.227424749163877950e-09 1.206259189220324282e-02
8.327759197324414359e-09 9.524710745654998284e-03
8.428093645484949113e-09 7.230342469858300550e-03
8.528428093645483867e-09 7.019541777393895586e-03
8.628762541806018621e-09 3.969840000942068126e-03
8.729096989966553375e-09 7.917508263505346200e-03
8.829431438127089783e-09 7.134893682069699990e-03
8.929765886287624537e-09 5.499561236567905055e-03
9.030100334448159291e-09 5.568594022528264471e-03
9.130434782608694045e-09 1.163629776037937436e-02
9.230769230769228799e-09 6.086486864060200452e-03
9.331103678929765207e-09 3.202469919967765484e-03
9.431438127090299961e-09 9.658735636777793579e-03
9.531772575250834715e-09 9.220594000922739675e-03
9.632107023411369469e-09 3.806687820842653835e-03
9.732441471571904223e-09 9.175401931344438766e-03
9.832775919732440632e-09 1.302724847774659918e-02
9.933110367892975386e-09 7.702280083671229384e-03
1.003344481605351014e-08 -1.925782502583738638e-04
1.013377926421404489e-08 1.141173103721741973e-02
1.023411371237458130e-08 1.376619332255569345e-02
1.033444816053511606e-08 4.299716491386602717e-03
1.043478260869565081e-08 7.044914337076856221e-03
1.053511705685618556e-08 9.748545107163393564e-03
1.063545150501672032e-08 6.706802053354550368e-03
1.073578595317725673e-08 1.815084273037139784e-03
1.083612040133779148e-08 1.171823794277124416e-02
1.093645484949832623e-08 7.671082144998977309e-03
1.103678929765886099e-08 5.431069338181980857e-03
1.113712374581939574e-08 4.394525629349735341e-03
1.123745819397993215e-08 1.138292054120108344e-02
1.133779264214046690e-08 4.405662345864688745e-03
1.143812709030100166e-08 2.919524167577756089e-03
1.153846153846153641e-08 6.204022285642626748e-03
1.163879598662207117e-08 4.223789697787435835e-03
1.173913043478260757e-08 7.215738563784390019e-03
1.183946488294314233e-08 1.129099685949684455e-02
1.193979933110367708e-08 5.775056060561728141e-03
1.204013377926421184e-08 1.197162678441340833e-02
1.214046822742474824e-08 7.547907364949197999e-03
1.224080267558528300e-08 1.253764697360272226e-02
1.234113712374581775e-08 9.135659104325392910e-03
1.244147157190635251e-08 1.329260530717775272e-02
1.254180602006688726e-08 1.210214291172101789e-02
1.264214046822742367e-08 6.730973842681581103e-03
1.274247491638795842e-08 9.001272153717614424e-03
1.284280936454849318e-08 7.484079341159471585e-03
1.294314381270902793e-08 1.073474633749493465e-02
1.304347826086956269e-08 8.376276323511667316e-04
1.314381270903009909e-08 6.131467088644286176e-03
1.324414715719063385e-08 6.742183793075783547e-03
1.334448160535116860e-08 1.041395072498087562e-02
1.344481605351170336e-08 7.089202453647198976e-03
1.354515050167223811e-08 7.785490639433872984e-03
1.364548494983277452e-08 1.016596458304413683e-02
1.374581939799330927e-08 1.368107643753657156e-02
1.384615384615384403e-08 4.857511285003507893e-03
1.394648829431437878e-08 5.959317333623241446e-03
1.404682274247491519e-08 3.434369330941472627e-03
1.414715719063544994e-08 6.068930101136276595e-03
1.424749163879598470e-08 1.236075035437887194e-02
1.434782608695651945e-08 4.659646627513307736e-03
1.444816053511705420e-08 9.278507027112501554e-03
1.454849498327759061e-08 6.424343514689677057e-03
1.464882943143812537e-08 6.251130334431181240e-03
1.474916387959866012e-08 1.015859338027994864e-02
1.484949832775919487e-08 6.262566182824964162e-03
1.494983277591973128e-08 5.356360928047500941e-03
1.505016722408026604e-08 1.066566131961742790e-02
1.515050167224080079e-08 1.064773841006095255e-02
1.525083612040133554e-08 5.758505759585845311e-03
1.535117056856187030e-08 8.044505599005566041e-03
1.545150501672240505e-08 6.677715604915368530e-03
1.555183946488293981e-08 6.602328342221901181e-03
1.565217391304347456e-08 3.014186001633108007e-03
1.575250836120401262e-08 3.657002386069410291e-03
1.585284280936454738e-08 9.527612075368754180e-03
1.595317725752508213e-08 1.185248944832775026e-03
1.605351170568561688e-08 6.813930847735047251e-03
1.615384615384615164e-08 3.665920772154805402e-03
1.625418060200668639e-08 8.424396402975597997e-03
1.635451505016722115e-08 5.092621969261212390e-03
1.645484949832775590e-08 6.819480181624997320e-03
1.655518394648829065e-08 9.544503891550978197e-03
1.665551839464882872e-08 5.899389478589998903e-03
1.675585284280936347e-08 8.481141671324243791e-03
1.685618729096989823e-08 6.067481107479298467e-03
1.695652173913043298e-08 4.648944383654833069e-03
1.705685618729096773e-08 7.722820845718851752e-03
1.715719063545150249e-08 1.005900691507149482e-02
1.725752508361203724e-08 1.538106588302788451e-03
1.735785953177257200e-08 1.003436634052538162e-02
1.745819397993310675e-08 7.776517449814600649e-03
1.755852842809364150e-08 9.924304417994328498e-03
1.765886287625417957e-08 3.639655295186320152e-03
1.775919732441471432e-08 1.034199443529820696e-03
1.785953177257524907e-08 7.073535267098816741e-03
1.795986622073578383e-08 2.601427688578807594e-03
1.806020066889631858e-08 6.080484130817694066e-03
1.816053511705685334e-08 5.785842901331608550e-03
1.826086956521738809e-08 9.290087031363804607e-03
1.836120401337792284e-08 7.710044315811371077e-03
1.846153846153845760e-08 6.638552573594125143e-03
1.856187290969899566e-08 8.877916199959744528e-03
1.866220735785953041e-08 4.594779138065833296e-03
1.876254180602006517e-08 7.291254293295244479e-03
1.886287625418059992e-08 1.000182166731029658e-02
1.896321070234113468e-08 9.614125541404337436e-03
1.906354515050166943e-08 7.665786991327357830e-03
1.916387959866220418e-08 1.053444876911589431e-02
1.926421404682273894e-08 2.773030195078449601e-03
1.936454849498327369e-08 7.072260513193736990e-03
1.946488294314380845e-08 5.586761440556245115e-03
1.956521739130434651e-08 5.823988956616957084e-03
1.966555183946488126e-08 1.143229672160188740e-02
1.976588628762541602e-08 5.996480422604937369e-03
1.986622073578595077e-08 8.615209715685511263e-03
1.996655518394648553e-08 1.355529295102185332e-02
2.006688963210702028e-08 1.863754847999430850e-02
2.016722408026755503e-08 9.361437726080799882e-03
2.026755852842808979e-08 2.189489166311041519e-03
2.036789297658862454e-08 9.014986796804820915e-03
2.046822742474916260e-08 5.345116371018038791e-03
2.056856187290969736e-08 4.693302630937229436e-03
2.066889632107023211e-08 6.622953807882003482e-03
2.076923076923076687e-08 5.493467919658112826e-03
2.086956521739130162e-08 7.715111670245898036e-03
2.096989966555183637e-08 9.322208009618642051e-05
2.107023411371237113e-08 1.161234067626600724e-02
2.117056856187290588e-08 7.888023052638179489e-03
2.127090301003344064e-08 1.028705910271247685e-02
2.137123745819397539e-08 6.733894478644411249e-03
2.147157190635451345e-08 2.703363234671471351e-03
2.157190635451504821e-08 7.421584937631807433e-03
2.167224080267558296e-08 1.024646404807262427e-02
2.177257525083611771e-08 7.190441201721024973e-03
2.187290969899665247e-08 1.011357823362943505e-02
2.197324414715718722e-08 1.141002415448892637e-02
2.207357859531772198e-08 6.718281003590070508e-03
2.217391304347825673e-08 1.717844755719943927e-03
2.227424749163879148e-08 4.212239617257200648e-03
2.237458193979932955e-08 1.058742989584650872e-02
2.247491638795986430e-08 8.528440668682581507e-03
2.257525083612039905e-08 5.397039191540563968e-03
2.267558528428093381e-08 8.366349891549945336e-03
2.277591973244146856e-08 1.219284798568229765e-02
2.287625418060200332e-08 7.660679693169426471e-03
2.297658862876253807e-08 9.409462492578048176e-03
2.307692307692307282e-08 8.287520346137684096e-03
2.317725752508360758e-08 1.040766317674484895e-02
2.327759197324414233e-08 4.872209360238820286e-03
2.337792642140468040e-08 5.005289379657554966e-03
2.347826086956521515e-08 5.649877314164208734e-03
2.357859531772574990e-08 8.560602695496220133e-03
2.367892976588628466e-08 7.574847302361662621e-03
2.377926421404681941e-08 9.832535346863921152e-03
2.387959866220735417e-08 7.985112240338538073e-03
2.397993311036788892e-08 4.883824425031267277e-03
2.408026755852842367e-08 1.175745844609179039e-02
2.418060200668895843e-08 8.636720814096580587e-03
2.428093645484949649e-08 9.147437226207158489e-03
2.438127090301003124e-08 9.580374763103581201e-03
2.448160535117056600e-08 1.396543872678916026e-02
2.458193979933110075e-08 2.830896150730860365e-03
2.468227424749163551e-08 8.010817137635862714e-03
2.478260869565217026e-08 7.432679442827053000e-03
2.488294314381270501e-08 8.318630452638068121e-03
2.498327759197323977e-08 3.263144760240185415e-03
2.508361204013377452e-08 1.215662022734554336e-02
2.518394648829430928e-08 6.173528939766024723e-03
2.528428093645484734e-08 6.922897510977387044e-03
2.538461538461538209e-08 5.675343395238022226e-03
2.548494983277591685e-08 5.362675470119109347e-03
2.558528428093645160e-08 6.171736347499743973e-03
2.568561872909698635e-08 6.779105692898078871e-03
2.578595317725752111e-08 8.108233801858199044e-03
2.588628762541805586e-08 5.585231872549670934e-03
2.598662207357859062e-08 9.491358835834061772e-03
2.608695652173912537e-08 6.263697197751082364e-03
2.618729096989966343e-08 5.819676091124586365e-03
2.628762541806019819e-08 2.372083731706234756e-03
2.638795986622073294e-08 4.737405260232614192e-03
2.648829431438126769e-08 8.895842281897253095e-03
2.658862876254180245e-08 1.146916775770082282e-02
2.668896321070233720e-08 1.004340968546424406e-02
2.678929765886287196e-08 5.951424588783080748e-03
2.688963210702340671e-08 5.394406686179547238e-03
2.698996655518394146e-08 9.767078215976384564e-03
2.709030100334447622e-08 1.025173351954989688e-02
2.719063545150501428e-08 7.613513713638290527e-03
2.729096989966554904e-08 1.447750977079045182e-02
2.739130434782608379e-08 1.034917673610343328e-02
2.749163879598661854e-08 8.768327645406309365e-03
2.759197324414715330e-08 4.250566156201073670e-03
2.769230769230768805e-08 9.185170037217206193e-03
2.779264214046822281e-08 6.189195383791598094e-03
2.789297658862875756e-08 9.119279512831335657e-03
2.799331103678929231e-08 1.071147912348494741e-02
2.809364548494983038e-08 1.322156740962562253e-03
2.819397993311036513e-08 1.097348749569147623e-02
2.829431438127089988e-08 4.990107170694243165e-03
2.839464882943143464e-08 3.218978557728310961e-03
2.849498327759196939e-08 1.089943254285250657e-02
2.859531772575250415e-08 6.945940649070384519e-03
2.869565217391303890e-08 1.425221461354264640e-02
2.879598662207357365e-08 9.183814187032816965e-04
2.889632107023410841e-08 6.569892754949810919e-03
2.899665551839464316e-08 5.046102002354756373e-03
2.909698996655518122e-08 7.777972388363065849e-03
2.919732441471571598e-08 9.371758638442058767e-03
2.929765886287625073e-08 1.376279653075073578e-02
2.939799331103678549e-08 1.608632290334830600e-02
2.949832775919732024e-08 2.927148250212402523e-03
2.959866220735785499e-08 9.356110594528094238e-03
2.969899665551838975e-08 1.594735751617063196e-03
2.979933110367892450e-08 6.089214293459840541e-03
2.989966555183946256e-08 7.489560178990543882e-03
2.999999999999999732e-08 4.115598092926963693e-03
