0.000000000000000000e+00 9.999999999999995559e-01
1.003344481605351029e-10 9.995213207096464991e-01
2.006688963210702059e-10 9.980880787988466452e-01
3.010033444816052959e-10 9.957086345982909537e-01
4.013377926421404118e-10 9.923968305192121253e-01
5.016722408026755277e-10 9.881718550992557581e-01
6.020066889632105918e-10 9.830580551580793136e-01
7.023411371237457594e-10 9.770846985074969071e-01
8.026755852842808236e-10 9.702856902938920003e-01
9.030100334448158877e-10 9.626992466358708089e-01
1.003344481605351055e-09 9.543675297488467546e-01
1.103678929765886223e-09 9.453362492125326755e-01
1.204013377926421184e-09 9.356542344303152570e-01
1.304347826086956351e-09 9.253729836456784374e-01
1.404682274247491519e-09 9.145461951158776470e-01
1.505016722408026480e-09 9.032292861940846018e-01
1.605351170568561647e-09 8.914789061367359713e-01
1.705685618729096815e-09 8.793524484327408519e-01
1.806020066889631775e-09 8.669075683469499305e-01
1.906354515050166943e-09 8.542017111845858768e-01
2.006688963210702111e-09 8.412916565202991359e-01
2.107023411371237278e-09 8.282330833004460935e-01
2.207357859531772446e-09 8.150801603266037976e-01
2.307692307692307200e-09 8.018851661696750899e-01
2.408026755852842367e-09 7.886981420556121725e-01
2.508361204013377535e-09 7.755665807148077739e-01
2.608695652173912702e-09 7.625351536072590974e-01
2.709030100334447870e-09 7.496454783346219175e-01
2.809364548494983038e-09 7.369359274384743586e-01
2.909698996655517792e-09 7.244414791716375923e-01
3.010033444816052959e-09 7.121936102262912405e-01
3.110367892976588127e-09 7.002202298185158380e-01
3.210702341137123294e-09 6.885456539729157832e-01
3.311036789297658462e-09 6.771906183316092065e-01
3.411371237458193629e-09 6.661723273367401443e-01
3.511705685618728797e-09 6.555045372114834956e-01
3.612040133779263551e-09 6.451976697969538099e-01
3.712374581939798719e-09 6.352589539959860865e-01
3.812709030100333886e-09 6.256925913328463817e-01
3.913043478260868640e-09 6.164999419625787347e-01
4.013377926421404221e-09 6.076797273558617318e-01
4.113712374581938975e-09 5.992282458445106208e-01
4.214046822742474556e-09 5.911395972375814711e-01
4.314381270903009310e-09 5.834059128056919841e-01
4.414715719063544892e-09 5.760175870778807550e-01
4.515050167224079646e-09 5.689635080963058034e-01
4.615384615384614399e-09 5.622312830236909642e-01
4.715719063545149981e-09 5.558074562902998172e-01
4.816053511705684735e-09 5.496777177943078518e-01
4.916387959866220316e-09 5.438270990243558867e-01
5.016722408026755070e-09 5.382401553479878586e-01
5.117056856187290651e-09 5.329011330967079463e-01
5.217391304347825405e-09 5.277941204696269262e-01
5.317725752508360159e-09 5.229031816653235687e-01
5.418060200668895740e-09 5.182124740281969233e-01
5.518394648829430494e-09 5.137063483542065878e-01
5.618729096989966075e-09 5.093694328350359957e-01
5.719063545150500829e-09 5.051867014236366416e-01
5.819397993311035583e-09 5.011435276728202215e-01
5.919732441471571164e-09 4.972257253279472877e-01
6.020066889632105918e-09 4.934195771416309828e-01
6.120401337792641499e-09 4.897118535204925127e-01
6.220735785953176253e-09 4.860898227101435598e-01
6.321070234113711835e-09 4.825412542744655919e-01
6.421404682274246589e-09 4.790544176296380741e-01
6.521739130434781343e-09 4.756180773538850048e-01
6.622073578595316924e-09 4.722214869131041159e-01
6.722408026755851678e-09 4.688543823237389940e-01
6.822742474916387259e-09 4.655069771215379903e-01
6.923076923076922013e-09 4.621699598228657391e-01
7.023411371237457594e-09 4.588344948591995265e-01
7.123745819397992348e-09 4.554922277409341191e-01
7.224080267558527102e-09 4.521352949694562584e-01
7.324414715719062683e-09 4.487563389726367258e-01
7.424749163879597437e-09 4.453485280943911828e-01
7.525083612040133018e-09 4.419055814296615758e-01
7.625418060200667772e-09 4.384217980676808901e-01
7.725752508361202526e-09 4.348920900939940437e-01
7.826086956521737280e-09 4.313120185102164994e-01
7.926421404682273689e-09 4.276778310641798919e-01
8.026755852842808442e-09 4.239865008455819262e-01
8.127090301003343196e-09 4.202357643964180212e-01
8.227424749163877950e-09 4.164241580135384369e-01
8.327759197324414359e-09 4.125510508840079527e-01
8.428093645484949113e-09 4.086166736931403087e-01
8.528428093645483867e-09 4.046221413799425126e-01
8.628762541806018621e-09 4.005694687842129009e-01
8.729096989966553375e-09 3.964615780319646898e-01
8.829431438127089783e-09 3.923022966387349486e-01
8.929765886287624537e-09 3.880963454706023996e-01
9.030100334448159291e-09 3.838493158867135602e-01
9.130434782608694045e-09 3.795676355906801303e-01
9.230769230769228799e-09 3.752585229368238795e-01
9.331103678929765207e-09 3.709299296661142109e-01
9.431438127090299961e-09 3.665904722807693528e-01
9.531772575250834715e-09 3.622493525008115278e-01
9.632107023411369469e-09 3.579162674753632589e-01
9.732441471571904223e-09 3.536013106412413398e-01
9.832775919732440632e-09 3.493148643268102482e-01
9.933110367892975386e-09 3.450674853857790825e-01
1.003344481605351014e-08 3.408697853097739094e-01
1.013377926421404489e-08 3.367323064066909399e-01
1.023411371237458130e-08 3.326653957411989104e-01
1.033444816053511606e-08 3.286790786120909469e-01
1.043478260869565081e-08 3.247829333869058921e-01
1.053511705685618556e-08 3.209859695264623003e-01
1.063545150501672032e-08 3.172965106104491673e-01
1.073578595317725673e-08 3.137220841204730881e-01
1.083612040133779148e-08 3.102693196501100092e-01
1.093645484949832623e-08 3.069438570942987221e-01
1.103678929765886099e-08 3.037502662252166141e-01
1.113712374581939574e-08 3.006919788914550473e-01
1.123745819397993215e-08 2.977712348852336599e-01
1.133779264214046690e-08 2.949890423122786820e-01
1.143812709030100166e-08 2.923451530749077154e-01
1.153846153846153641e-08 2.898380538450758825e-01
1.163879598662207117e-08 2.874649726650595483e-01
1.173913043478260757e-08 2.852219010735317362e-01
1.183946488294314233e-08 2.831036314184353642e-01
1.193979933110367708e-08 2.811038087895403881e-01
1.204013377926421184e-08 2.792149967869586580e-01
1.214046822742474824e-08 2.774287561409227165e-01
1.224080267558528300e-08 2.757357350162267240e-01
1.234113712374581775e-08 2.741257696748378714e-01
1.244147157190635251e-08 2.725879940348237551e-01
1.254180602006688726e-08 2.711109565548577294e-01
1.264214046822742367e-08 2.696827427926236642e-01
1.274247491638795842e-08 2.682911019332746561e-01
1.284280936454849318e-08 2.669235755610344096e-01
1.294314381270902793e-08 2.655676269527793565e-01
1.304347826086956269e-08 2.642107692062021229e-01
1.314381270903009909e-08 2.628406905756034417e-01
1.324414715719063385e-08 2.614453754736880686e-01
1.334448160535116860e-08 2.600132197057093419e-01
1.344481605351170336e-08 2.585331386303185708e-01
1.354515050167223811e-08 2.569946670865987937e-01
1.364548494983277452e-08 2.553880500858392577e-01
1.374581939799330927e-08 2.537043234362897359e-01
1.384615384615384403e-08 2.519353836459927720e-01
1.394648829431437878e-08 2.500740466293339681e-01
1.404682274247491519e-08 2.481140949237758964e-01
1.414715719063544994e-08 2.460503133010024379e-01
1.424749163879598470e-08 2.438785128282801862e-01
1.434782608695651945e-08 2.415955435983213051e-01
1.444816053511705420e-08 2.391992964966996593e-01
1.454849498327759061e-08 2.366886945126410180e-01
1.464882943143812537e-08 2.340636742198691500e-01
1.474916387959866012e-08 2.313251581576284965e-01
1.484949832775919487e-08 2.284750189269240672e-01
1.494983277591973128e-08 2.255160358827534295e-01
1.505016722408026604e-08 2.224518453494061798e-01
1.515050167224080079e-08 2.192868853129537332e-01
1.525083612040133554e-08 2.160263355534105811e-01
1.535117056856187030e-08 2.126760541696655349e-01
1.545150501672240505e-08 2.092425114244380047e-01
1.555183946488293981e-08 2.057327217957816978e-01
1.565217391304347456e-08 2.021541750678750582e-01
1.575250836120401262e-08 1.985147672290206722e-01
1.585284280936454738e-08 1.948227318711082123e-01
1.595317725752508213e-08 1.910865727045455431e-01
1.605351170568561688e-08 1.873149977181288173e-01
1.615384615384615164e-08 1.835168554268007401e-01
1.625418060200668639e-08 1.797010735639405221e-01
1.635451505016722115e-08 1.758766004908504932e-01
1.645484949832775590e-08 1.720523495163650551e-01
1.655518394648829065e-08 1.682371462457472600e-01
1.665551839464882872e-08 1.644396790117285678e-01
1.675585284280936347e-08 1.606684523829156608e-01
1.685618729096989823e-08 1.569317436967449242e-01
1.695652173913043298e-08 1.532375625263619201e-01
1.705685618729096773e-08 1.495936129635307144e-01
1.715719063545150249e-08 1.460072585829734204e-01
1.725752508361203724e-08 1.424854899471101333e-01
1.735785953177257200e-08 1.390348945134554093e-01
1.745819397993310675e-08 1.356616288191127007e-01
1.755852842809364150e-08 1.323713928368467352e-01
1.765886287625417957e-08 1.291694064238607109e-01
1.775919732441471432e-08 1.260603878162674940e-01
1.785953177257524907e-08 1.230485341577950559e-01
1.795986622073578383e-08 1.201375040889320900e-01
1.806020066889631858e-08 1.173304024608538554e-01
1.816053511705685334e-08 1.146297672754878066e-01
1.826086956521738809e-08 1.120375589874079286e-01
1.836120401337792284e-08 1.095551523334414579e-01
1.846153846153845760e-08 1.071833308805981155e-01
1.856187290969899566e-08 1.049222845010386873e-01
1.866220735785953041e-08 1.027716099933188437e-01
1.876254180602006517e-08 1.007303150713368400e-01
1.886287625418059992e-08 9.879682593577655825e-02
1.896321070234113468e-08 9.696899862711133578e-02
1.906354515050166943e-08 9.524413433442655008e-02
1.916387959866220418e-08 9.361899880068308422e-02
1.926421404682273894e-08 9.208984592308556982e-02
1.936454849498327369e-08 9.065244559768004251e-02
1.946488294314380845e-08 8.930211580114198744e-02
1.956521739130434651e-08 8.803375884107864091e-02
1.966555183946488126e-08 8.684190164037444704e-02
1.976588628762541602e-08 8.572073985260543483e-02
1.986622073578595077e-08 8.466418553588206386e-02
1.996655518394648553e-08 8.366591804325707038e-02
2.006688963210702028e-08 8.271943772068823808e-02
2.016722408026755503e-08 8.181812194008075689e-02
2.026755852842808979e-08 8.095528293671405695e-02
2.036789297658862454e-08 8.012422686884164424e-02
2.046822742474916260e-08 7.931831347378090480e-02
2.056856187290969736e-08 7.853101566055928351e-02
2.066889632107023211e-08 7.775597835514702627e-02
2.076923076923076687e-08 7.698707590126606382e-02
2.086956521739130162e-08 7.621846731827497390e-02
2.096989966555183637e-08 7.544464872800028810e-02
2.107023411371237113e-08 7.466050228468230909e-02
2.117056856187290588e-08 7.386134097623470174e-02
2.127090301003344064e-08 7.304294871035049708e-02
2.137123745819397539e-08 7.220161515494372129e-02
2.147157190635451345e-08 7.133416486809944501e-02
2.157190635451504821e-08 7.043798032701172052e-02
2.167224080267558296e-08 6.951101854703284344e-02
2.177257525083611771e-08 6.855182106950583054e-02
2.187290969899665247e-08 6.755951718894132041e-02
2.197324414715718722e-08 6.653382038468623472e-02
2.207357859531772198e-08 6.547501801781335784e-02
2.217391304347825673e-08 6.438395444881911400e-02
2.227424749163879148e-08 6.326200782415306034e-02
2.237458193979932955e-08 6.211106086797242576e-02
2.247491638795986430e-08 6.093346609825998211e-02
2.257525083612039905e-08 5.973200596212693836e-02
2.267558528428093381e-08 5.850984845245707500e-02
2.277591973244146856e-08 5.727049882591549873e-02
2.287625418060200332e-08 5.601774808982734610e-02
2.297658862876253807e-08 5.475561896181838084e-02
2.307692307692307282e-08 5.348831003091390063e-02
2.317725752508360758e-08 5.222013886176028741e-02
2.327759197324414233e-08 5.095548478473861664e-02
2.337792642140468040e-08 4.969873210418997156e-02
2.347826086956521515e-08 4.845421443518824201e-02
2.357859531772574990e-08 4.722616084691489552e-02
2.367892976588628466e-08 4.601864444853425579e-02
2.377926421404681941e-08 4.483553400252710680e-02
2.387959866220735417e-08 4.368044909186007130e-02
2.397993311036788892e-08 4.255671930239971618e-02
2.408026755852842367e-08 4.146734781197443376e-02
2.418060200668895843e-08 4.041497970384926725e-02
2.428093645484949649e-08 3.940187524654310824e-02
2.438127090301003124e-08 3.842988830531660072e-02
2.448160535117056600e-08 3.750044997469056951e-02
2.458193979933110075e-08 3.661455744735715723e-02
2.468227424749163551e-08 3.577276806406536058e-02
2.478260869565217026e-08 3.497519842263521750e-02
2.488294314381270501e-08 3.422152836318367169e-02
2.498327759197323977e-08 3.351100959177617800e-02
2.508361204013377452e-08 3.284247865674001787e-02
2.518394648829430928e-08 3.221437395129574111e-02
2.528428093645484734e-08 3.162475638331362776e-02
2.538461538461538209e-08 3.107133332803095616e-02
2.548494983277591685e-08 3.055148546244601873e-02
2.558528428093645160e-08 3.006229607063741482e-02
2.568561872909698635e-08 2.960058240708302382e-02
2.578595317725752111e-08 2.916292870967221798e-02
2.588628762541805586e-08 2.874572046488604177e-02
2.598662207357859062e-08 2.834517954382756097e-02
2.608695652173912537e-08 2.795739984859756805e-02
2.618729096989966343e-08 2.757838313304777217e-02
2.628762541806019819e-08 2.720407468928555395e-02
2.638795986622073294e-08 2.683039862052144509e-02
2.648829431438126769e-08 2.645329245102669841e-02
2.658862876254180245e-08 2.606874085421927167e-02
2.668896321070233720e-08 2.567280830940303279e-02
2.678929765886287196e-08 2.526167052569693733e-02
2.688963210702340671e-08 2.483164449756168624e-02
2.698996655518394146e-08 2.437921707951680797e-02
2.709030100334447622e-08 2.390107198772304514e-02
2.719063545150501428e-08 2.339411515279029782e-02
2.729096989966554904e-08 2.285549836130221224e-02
2.739130434782608379e-08 2.228264113309839922e-02
2.749163879598661854e-08 2.167325078743016775e-02
2.759197324414715330e-08 2.102534065393369539e-02
2.769230769230768805e-08 2.033724638428852788e-02
2.779264214046822281e-08 1.960764031789547640e-02
2.789297658862875756e-08 1.883554385044441601e-02
2.799331103678929231e-08 1.802033774845180833e-02
2.809364548494983038e-08 1.716177034637577509e-02
2.819397993311036513e-08 1.625996355644346650e-02
2.829431438127089988e-08 1.531541661553472225e-02
2.839464882943143464e-08 1.432900748903238528e-02
2.849498327759196939e-08 1.330199184910687074e-02
2.859531772575250415e-08 1.223599954503860714e-02
2.869565217391303890e-08 1.113302848640326630e-02
2.879598662207357365e-08 9.995435866676226008e-03
2.889632107023410841e-08 8.825926665369387622e-03
2.899665551839464316e-08 7.627539381401479864e-03
2.909698996655518122e-08 6.403628969099808832e-03
2.919732441471571598e-08 5.157846970990842203e-03
2.929765886287625073e-08 3.894118868177974188e-03
2.939799331103678549e-08 2.616618699324280151e-03
2.949832775919732024e-08 1.329741032619241245e-03
2.959866220735785499e-08 3.807041107161887594e-05
2.969899665551838975e-08 -1.253651570618642339e-03
2.979933110367892450e-08 -2.540561360235832691e-03
2.989966555183946256e-08 -3.817710476379857637e-03
2.999999999999999732e-08 -5.080104195014480475e-03
