0.000000000000000000e+00 9.999999999999995559e-01
1.003344481605351029e-10 9.478774102728616119e-03
2.006688963210702059e-10 4.126196435861819237e-03
3.010033444816052959e-10 4.695882159017233590e-03
4.013377926421404118e-10 2.613420763832827263e-03
5.016722408026755277e-10 1.170574154273613943e-02
6.020066889632105918e-10 5.730908499066074760e-03
7.023411371237457594e-10 1.535914757391446984e-02
8.026755852842808236e-10 5.830730173001457892e-03
9.030100334448158877e-10 8.711757189586225286e-04
1.003344481605351055e-09 5.364514770289586371e-03
1.103678929765886223e-09 5.740346502569977291e-03
1.204013377926421184e-09 1.344390487095108860e-02
1.304347826086956351e-09 8.137328715175284541e-03
1.404682274247491519e-09 7.815308878243464041e-03
1.505016722408026480e-09 3.682298142058136603e-03
1.605351170568561647e-09 5.023308761574582677e-03
1.705685618729096815e-09 3.233128201478126761e-03
1.806020066889631775e-09 1.161732902440809102e-02
1.906354515050166943e-09 1.199022219154284585e-02
2.006688963210702111e-09 6.938564319098869219e-03
2.107023411371237278e-09 4.072931498149764615e-03
2.207357859531772446e-09 8.955482920500848140e-03
2.307692307692307200e-09 1.096502696527199873e-02
2.408026755852842367e-09 8.323143995986624633e-03
2.508361204013377535e-09 2.802622532462198737e-03
2.608695652173912702e-09 8.991206278089821854e-03
2.709030100334447870e-09 1.043625369725890463e-02
2.809364548494983038e-09 6.624105147110030678e-03
2.909698996655517792e-09 9.316811896860816011e-03
3.010033444816052959e-09 9.096788801334446464e-03
3.110367892976588127e-09 1.094743274238521233e-02
3.210702341137123294e-09 1.143904509470751278e-02
3.311036789297658462e-09 4.177172109896963755e-03
3.411371237458193629e-09 1.145602386718985906e-02
3.511705685618728797e-09 5.472813530589608691e-03
3.612040133779263551e-09 1.007843503906509161e-02
3.712374581939798719e-09 1.240216217941034205e-02
3.812709030100333886e-09 6.735730651669616376e-03
3.913043478260868640e-09 5.231204021191871757e-03
4.013377926421404221e-09 8.301383587398042385e-03
4.113712374581938975e-09 9.403308253933824468e-03
4.214046822742474556e-09 2.010897190692966722e-04
4.314381270903009310e-09 8.683559775726974392e-03
4.414715719063544892e-09 1.508541956296747567e-02
4.515050167224079646e-09 1.839075937445309311e-02
4.615384615384614399e-09 3.118195791262588258e-03
4.715719063545149981e-09 1.192655059967000740e-02
4.816053511705684735e-09 9.530192295640950786e-03
4.916387959866220316e-09 1.337790508580876878e-02
5.016722408026755070e-09 1.410722358103940616e-02
5.117056856187290651e-09 7.163988145824385159e-03
5.217391304347825405e-09 7.426542993608708718e-03
5.317725752508360159e-09 9.954741447107055830e-03
5.418060200668895740e-09 1.187890486160783805e-02
5.518394648829430494e-09 1.197767376857356708e-02
5.618729096989966075e-09 1.494437398310048855e-02
5.719063545150500829e-09 7.207498184652268852e-03
5.819397993311035583e-09 6.485276556683808313e-03
5.919732441471571164e-09 7.181117591952146904e-03
6.020066889632105918e-09 7.359866410391666461e-03
6.120401337792641499e-09 9.754812987405315355e-03
6.220735785953176253e-09 9.523979627374295001e-03
6.321070234113711835e-09 4.103100772365879736e-03
6.421404682274246589e-09 9.002329800678421021e-03
6.521739130434781343e-09 1.199845427635627161e-02
6.622073578595316924e-09 5.747081783606723150e-03
6.722408026755851678e-09 1.060631266220996016e-02
6.822742474916387259e-09 7.204641602275509323e-03
6.923076923076922013e-09 9.403543146372171646e-03
7.023411371237457594e-09 7.777991790228470058e-03
7.123745819397992348e-09 8.587830910110420476e-03
7.224080267558527102e-09 7.651341547278275521e-03
7.324414715719062683e-09 9.827741933021412815e-03
7.424749163879597437e-09 1.197552148661420492e-02
7.525083612040133018e-09 9.272592135019670431e-03
7.625418060200667772e-09 8.427587530512703484e-03
7.725752508361202526e-09 6.079603283383408149e-03
7.826086956521737280e-09 7.093419378542994806e-03
7.926421404682273689e-09 7.543438487354905964e-03
8.026755852842808442e-09 6.349950254528740137e-03
8.127090301003343196e-09 2.978448945245864080e-03
8.227424749163877950e-09 2.018884897939071058e-03
8.327759197324414359e-09 7.408369851878522303e-03
8.428093645484949113e-09 8.888404722652632969e-03
8.528428093645483867e-09 1.045046427399116962e-05
8.628762541806018621e-09 5.383641787016103970e-03
8.729096989966553375e-09 9.889982124415250958e-03
8.829431438127089783e-09 9.543170299999565245e-03
8.929765886287624537e-09 9.825715643604874747e-03
9.030100334448159291e-09 5.142194280640663591e-03
9.130434782608694045e-09 2.515767139128363694e-03
9.230769230769228799e-09 8.861109368637282852e-03
9.331103678929765207e-09 3.568928126231691624e-03
9.431438127090299961e-09 1.518671618656769473e-02
9.531772575250834715e-09 7.530291580367997305e-03
9.632107023411369469e-09 7.412245463166588881e-03
9.732441471571904223e-09 1.097746650137832597e-02
9.832775919732440632e-09 1.068189272583594182e-02
9.933110367892975386e-09 1.288433468166072342e-02
1.003344481605351014e-08 2.415161107498600603e-03
1.013377926421404489e-08 1.359564901857317210e-02
1.023411371237458130e-08 3.589236441954478211e-03
1.033444816053511606e-08 1.519071113635772456e-02
1.043478260869565081e-08 4.887415616556669423e-03
1.053511705685618556e-08 1.282096601024858978e-02
1.063545150501672032e-08 9.105690563175871874e-03
1.073578595317725673e-08 1.038301018123290696e-02
1.083612040133779148e-08 4.536811565662109136e-03
1.093645484949832623e-08 8.785028694680502639e-03
1.103678929765886099e-08 2.350386624562225604e-03
1.113712374581939574e-08 1.285906425587783966e-02
1.123745819397993215e-08 6.865342574382930947e-03
1.133779264214046690e-08 8.269178601171720336e-03
1.143812709030100166e-08 6.205331998859319603e-03
1.153846153846153641e-08 5.187161534513669466e-03
1.163879598662207117e-08 8.189295454681198155e-03
1.173913043478260757e-08 1.264565285982915260e-02
1.183946488294314233e-08 6.886745237070501791e-03
1.193979933110367708e-08 5.526522000492134837e-03
1.204013377926421184e-08 6.857109258488922228e-03
1.214046822742474824e-08 9.353745656701554362e-03
1.224080267558528300e-08 7.618923471160455804e-03
1.234113712374581775e-08 7.621067003971812061e-03
1.244147157190635251e-08 1.098197724017589694e-02
1.254180602006688726e-08 9.759267210374816814e-03
1.264214046822742367e-08 5.445549843921773658e-03
1.274247491638795842e-08 8.464315850922872128e-03
1.284280936454849318e-08 1.229784104214125609e-02
1.294314381270902793e-08 1.393582686131346858e-02
1.304347826086956269e-08 8.216996034714136796e-03
1.314381270903009909e-08 5.767291284596539822e-03
1.324414715719063385e-08 4.248481634916050423e-03
1.334448160535116860e-08 1.118466581743099257e-02
1.344481605351170336e-08 9.567698859513553561e-04
1.354515050167223811e-08 1.269767163309429986e-02
1.364548494983277452e-08 1.197815895970484601e-02
1.374581939799330927e-08 1.113702716534460506e-02
1.384615384615384403e-08 6.530772259774274800e-03
1.394648829431437878e-08 9.509581898513908699e-03
1.404682274247491519e-08 1.127944996883641603e-02
1.414715719063544994e-08 9.613988376713221776e-03
1.424749163879598470e-08 9.685785976401338829e-03
1.434782608695651945e-08 7.413461059967813363e-03
1.444816053511705420e-08 8.685112775597839466e-03
1.454849498327759061e-08 9.064927289317528669e-03
1.464882943143812537e-08 4.867195896557547329e-03
1.474916387959866012e-08 1.141707571868125562e-02
1.484949832775919487e-08 5.811463553831134818e-03
1.494983277591973128e-08 5.185438123727151467e-03
1.505016722408026604e-08 9.197766277200930193e-03
1.515050167224080079e-08 5.241699187066488005e-03
1.525083612040133554e-08 6.482885188479158359e-03
1.535117056856187030e-08 7.074706832121511503e-03
1.545150501672240505e-08 1.221469883376627777e-02
1.555183946488293981e-08 8.358101675269126798e-03
1.565217391304347456e-08 1.260630934369666098e-02
1.575250836120401262e-08 6.119399383095450520e-03
1.585284280936454738e-08 1.557441027099798654e-02
1.595317725752508213e-08 6.572650414317073031e-03
1.605351170568561688e-08 3.210395505581108231e-03
1.615384615384615164e-08 1.117094548763266325e-02
1.625418060200668639e-08 8.080983085154095497e-03
1.635451505016722115e-08 7.599388082962306619e-03
1.645484949832775590e-08 1.404223702057247510e-02
1.655518394648829065e-08 1.375084743122518757e-03
1.665551839464882872e-08 7.836570537154254404e-03
1.675585284280936347e-08 1.028686414340890948e-02
1.685618729096989823e-08 1.003300930636396963e-02
1.695652173913043298e-08 1.058122705480860765e-02
1.705685618729096773e-08 7.777821107980778699e-03
1.715719063545150249e-08 3.861291677806886775e-05
1.725752508361203724e-08 7.935088420647967711e-03
1.735785953177257200e-08 1.190988482007741822e-02
1.745819397993310675e-08 1.461318927623645510e-03
1.755852842809364150e-08 9.627376199758215167e-03
1.765886287625417957e-08 6.743644794105682280e-03
1.775919732441471432e-08 9.495749363797174186e-03
1.785953177257524907e-08 5.101382628889626798e-03
1.795986622073578383e-08 5.133497324778448379e-04
1.806020066889631858e-08 1.063175240185111961e-02
1.816053511705685334e-08 9.196337126038902146e-03
1.826086956521738809e-08 5.201701366501372201e-03
1.836120401337792284e-08 8.509232022181517294e-03
1.846153846153845760e-08 1.375859426604018540e-02
1.856187290969899566e-08 1.049188571899439641e-02
1.866220735785953041e-08 1.360205516945523462e-03
1.876254180602006517e-08 5.706079304531846974e-03
1.886287625418059992e-08 1.872314539490707239e-03
1.896321070234113468e-08 1.445473670593875638e-02
1.906354515050166943e-08 1.428106944743087747e-02
1.916387959866220418e-08 1.067153928817765607e-02
1.926421404682273894e-08 8.078592853901609902e-03
1.936454849498327369e-08 2.627955243283093718e-03
1.946488294314380845e-08 1.025432285015702265e-02
1.956521739130434651e-08 5.852178086626653314e-03
1.966555183946488126e-08 6.720338451948486627e-03
1.976588628762541602e-08 9.637840436414470482e-03
1.986622073578595077e-08 9.335884544014454167e-03
1.996655518394648553e-08 5.576792717805633195e-03
2.006688963210702028e-08 9.308611056798201180e-03
2.016722408026755503e-08 7.631359294875805083e-03
2.026755852842808979e-08 1.274883394105279753e-02
2.036789297658862454e-08 1.181092105788037090e-02
2.046822742474916260e-08 1.092360776463967287e-02
2.056856187290969736e-08 8.104101351443546847e-03
2.066889632107023211e-08 9.599871681624898290e-03
2.076923076923076687e-08 5.497542307818391663e-03
2.086956521739130162e-08 9.949496336721696046e-03
2.096989966555183637e-08 1.134721521432652085e-02
2.107023411371237113e-08 9.764411943536789248e-03
2.117056856187290588e-08 8.451440836495906564e-03
2.127090301003344064e-08 5.676012274513994246e-03
2.137123745819397539e-08 6.914891398763946609e-03
2.147157190635451345e-08 1.496719485094727062e-03
2.157190635451504821e-08 1.301403570542150091e-02
2.167224080267558296e-08 2.299031424132296549e-03
2.177257525083611771e-08 1.507014683012321494e-03
2.187290969899665247e-08 7.311546276781946685e-03
2.197324414715718722e-08 1.072577986326485669e-03
2.207357859531772198e-08 1.115521339945796386e-02
2.217391304347825673e-08 1.066862374400243639e-02
2.227424749163879148e-08 1.423834996299946226e-02
2.237458193979932955e-08 5.187093931172141389e-03
2.247491638795986430e-08 1.092090177363414655e-02
2.257525083612039905e-08 1.126404618265751563e-02
2.267558528428093381e-08 8.604586149255324251e-03
2.277591973244146856e-08 3.781029776115977029e-03
2.287625418060200332e-08 1.241041420355609021e-02
2.297658862876253807e-08 9.151676574724388821e-03
2.307692307692307282e-08 1.486324374962024429e-02
2.317725752508360758e-08 8.756669925361934559e-03
2.327759197324414233e-08 7.476178567330772629e-03
2.337792642140468040e-08 6.619899104726974758e-03
2.347826086956521515e-08 8.902202779786615172e-03
2.357859531772574990e-08 1.205535497694766069e-02
2.367892976588628466e-08 7.108292563488055257e-03
2.377926421404681941e-08 1.080401744046819400e-02
2.387959866220735417e-08 8.729173003419148438e-03
2.397993311036788892e-08 5.501318641147766655e-03
2.408026755852842367e-08 1.127572329182377139e-02
2.418060200668895843e-08 4.281925280117334504e-03
2.428093645484949649e-08 6.650254939266914654e-03
2.438127090301003124e-08 2.009794967837614382e-03
2.448160535117056600e-08 -6.099627038175529838e-06
2.458193979933110075e-08 5.200119919688262621e-03
2.468227424749163551e-08 1.426431181743927556e-03
2.478260869565217026e-08 7.223972404510231246e-03
2.488294314381270501e-08 -2.292118261544505127e-04
2.498327759197323977e-08 8.436821035463120885e-03
2.508361204013377452e-08 8.232294353529810704e-03
2.518394648829430928e-08 9.368777459084445813e-03
2.528428093645484734e-08 7.935068139272628135e-03
2.538461538461538209e-08 5.670104052421283056e-03
2.548494983277591685e-08 5.209827202526400372e-03
2.558528428093645160e-08 9.323208018315326182e-03
2.568561872909698635e-08 6.252920433927514933e-03
2.578595317725752111e-08 9.230519625109631990e-03
2.588628762541805586e-08 9.815693041234099803e-03
2.598662207357859062e-08 8.737473287495819627e-03
2.608695652173912537e-08 7.942932659254857072e-03
2.618729096989966343e-08 1.665131561554376860e-02
2.628762541806019819e-08 -1.842359458987704191e-03
2.638795986622073294e-08 6.358479266884596234e-03
2.648829431438126769e-08 1.009681349666279558e-02
2.658862876254180245e-08 7.640483963362056791e-03
2.668896321070233720e-08 8.144982907390359295e-03
2.678929765886287196e-08 8.777392573905659287e-03
2.688963210702340671e-08 9.084827932803058934e-03
2.698996655518394146e-08 3.893146863596538571e-03
2.709030100334447622e-08 8.503913169560461255e-03
2.719063545150501428e-08 7.328027910711941602e-03
2.729096989966554904e-08 2.177575357989064778e-03
2.739130434782608379e-08 2.140753321163773974e-03
2.749163879598661854e-08 1.414245931284912987e-02
2.759197324414715330e-08 2.935173725058354190e-03
2.769230769230768805e-08 1.219143984526511841e-02
2.779264214046822281e-08 6.468552917874046543e-03
2.789297658862875756e-08 5.516553345697527456e-03
2.799331103678929231e-08 8.402976455942838541e-03
2.809364548494983038e-08 6.191419120687728997e-03
2.819397993311036513e-08 9.390389167120819641e-03
2.829431438127089988e-08 1.022600086464254404e-02
2.839464882943143464e-08 1.015099666136016349e-02
2.849498327759196939e-08 1.174901684601453722e-02
2.859531772575250415e-08 5.423916604513054178e-03
2.869565217391303890e-08 5.162919458993502249e-03
2.879598662207357365e-08 7.796004310152286274e-03
2.889632107023410841e-08 9.285068233041531005e-03
2.899665551839464316e-08 5.703193618321669538e-03
2.909698996655518122e-08 4.788748015531182900e-03
2.919732441471571598e-08 4.521105123203705140e-03
2.929765886287625073e-08 6.446859355280148279e-03
2.939799331103678549e-08 3.584048767647474067e-03
2.949832775919732024e-08 8.419316705097237147e-03
2.959866220735785499e-08 7.541606654753338530e-03
2.969899665551838975e-08 1.363672269267009185e-02
2.979933110367892450e-08 1.261939322080155544e-02
2.989966555183946256e-08 3.833448289023112885e-03
2.999999999999999732e-08 1.051723520399869272e-02
