0.000000000000000000e+00 9.999999999999995559e-01
1.003344481605351029e-10 3.485847744042379071e-01
2.006688963210702059e-10 8.645042551208313719e-02
3.010033444816052959e-10 6.667575262271213665e-04
4.013377926421404118e-10 -1.062344674944127806e-02
5.016722408026755277e-10 7.759932789854436831e-03
6.020066889632105918e-10 1.831065507745512078e-02
7.023411371237457594e-10 2.514245358851506518e-02
8.026755852842808236e-10 1.912955390593956348e-02
9.030100334448158877e-10 3.487544657448531787e-02
1.003344481605351055e-09 2.989266505007878369e-02
1.103678929765886223e-09 2.002505170681866467e-02
1.204013377926421184e-09 -6.720999560766269428e-03
1.304347826086956351e-09 -9.876750521002508609e-03
1.404682274247491519e-09 6.928152063007024866e-03
1.505016722408026480e-09 8.602588863748471606e-03
1.605351170568561647e-09 3.442466855974722455e-03
1.705685618729096815e-09 1.263413481507458941e-02
1.806020066889631775e-09 1.056561660531671332e-02
1.906354515050166943e-09 1.058921316744417494e-02
2.006688963210702111e-09 2.648471924685679921e-03
2.107023411371237278e-09 3.638683514706735761e-04
2.207357859531772446e-09 3.868200236144085646e-04
2.307692307692307200e-09 -7.491527360976939741e-04
2.408026755852842367e-09 5.559270208918681670e-03
2.508361204013377535e-09 1.210983730083446154e-02
2.608695652173912702e-09 1.107388544905850078e-02
2.709030100334447870e-09 1.432387390572049599e-02
2.809364548494983038e-09 1.554652694719457252e-02
2.909698996655517792e-09 4.886068005151414373e-03
3.010033444816052959e-09 2.015625997549549530e-03
3.110367892976588127e-09 3.430535067043005443e-04
3.210702341137123294e-09 1.788985025072410608e-03
3.311036789297658462e-09 6.226810846196842789e-03
3.411371237458193629e-09 7.548872742369380252e-03
3.511705685618728797e-09 8.660802933441645590e-03
3.612040133779263551e-09 8.050307667322006283e-03
3.712374581939798719e-09 3.776400556754243906e-03
3.812709030100333886e-09 2.433716900545813532e-03
3.913043478260868640e-09 1.887221173080532235e-03
4.013377926421404221e-09 4.224530009855745338e-03
4.113712374581938975e-09 1.409920024167268630e-02
4.214046822742474556e-09 5.865327054640855249e-03
4.314381270903009310e-09 4.250687794033080995e-03
4.414715719063544892e-09 8.633256892180252162e-03
4.515050167224079646e-09 4.269313159841672291e-03
4.615384615384614399e-09 8.245993460579286588e-03
4.715719063545149981e-09 6.187590211994091309e-03
4.816053511705684735e-09 6.481021513824874146e-03
4.916387959866220316e-09 6.726719163555688885e-03
5.016722408026755070e-09 3.478831190644282416e-03
5.117056856187290651e-09 9.339533989813753436e-04
5.217391304347825405e-09 2.595283550350908387e-03
5.317725752508360159e-09 8.516807434049112127e-03
5.418060200668895740e-09 1.221490368417275929e-02
5.518394648829430494e-09 4.745267986929761067e-03
5.618729096989966075e-09 7.341295599623509985e-03
5.719063545150500829e-09 2.779136113571160915e-03
5.819397993311035583e-09 4.834974874688442031e-03
5.919732441471571164e-09 1.000259586488930555e-02
6.020066889632105918e-09 5.576132922523038132e-03
6.120401337792641499e-09 9.970028205827098991e-03
6.220735785953176253e-09 1.177438441886376197e-02
6.321070234113711835e-09 9.266911505563605808e-03
6.421404682274246589e-09 7.617987644987491043e-03
6.521739130434781343e-09 1.007627729650133717e-02
6.622073578595316924e-09 7.773259735928851090e-03
6.722408026755851678e-09 8.266440573341400297e-03
6.822742474916387259e-09 8.031518873186661509e-03
6.923076923076922013e-09 6.972532654093188502e-03
7.023411371237457594e-09 9.599812935375862805e-03
7.123745819397992348e-09 6.167349192507018928e-03
7.224080267558527102e-09 8.825351455749126314e-03
7.324414715719062683e-09 9.302098853090971092e-03
7.424749163879597437e-09 5.966260267845288623e-03
7.525083612040133018e-09 -2.758159394752033190e-03
7.625418060200667772e-09 1.857870095260861229e-03
7.725752508361202526e-09 3.661619662910559417e-03
7.826086956521737280e-09 8.786466386270475395e-03
7.926421404682273689e-09 6.519265937934303791e-03
8.026755852842808442e-09 1.037575446092052316e-02
8.127090301003343196e-09 1.052127769473380596e-02
8.227424749163877950e-09 7.108882289884052921e-03
8.327759197324414359e-09 7.043496166838296435e-03
8.428093645484949113e-09 5.209786444758519180e-03
8.528428093645483867e-09 8.921181764173656895e-03
8.628762541806018621e-09 1.399587496307460113e-02
8.729096989966553375e-09 1.023700012394768155e-02
8.829431438127089783e-09 9.486203992582754180e-03
8.929765886287624537e-09 3.275666435326160964e-03
9.030100334448159291e-09 6.086531198612572628e-03
9.130434782608694045e-09 4.578668840410934568e-03
9.230769230769228799e-09 4.277422080083329199e-03
9.331103678929765207e-09 6.800847531698118315e-03
9.431438127090299961e-09 1.324028496843548779e-02
9.531772575250834715e-09 8.247795602554260433e-03
9.632107023411369469e-09 1.382404530775941526e-02
9.732441471571904223e-09 1.447170133014400416e-02
9.832775919732440632e-09 1.008301705997021597e-02
9.933110367892975386e-09 5.293284972220083616e-03
1.003344481605351014e-08 9.798358532756470951e-03
1.013377926421404489e-08 9.103026158441602025e-03
1.023411371237458130e-08 7.791049941563221032e-03
1.033444816053511606e-08 1.902613578893209891e-03
1.043478260869565081e-08 -1.227605763120904678e-04
1.053511705685618556e-08 5.140097813390958042e-04
1.063545150501672032e-08 1.040761146366609574e-02
1.073578595317725673e-08 1.331728282007219391e-02
1.083612040133779148e-08 1.933882470161806021e-03
1.093645484949832623e-08 2.124273481800443165e-03
1.103678929765886099e-08 1.932357809644294315e-03
1.113712374581939574e-08 8.230358229863359368e-03
1.123745819397993215e-08 6.371992479407775564e-03
1.133779264214046690e-08 9.043726595790252398e-03
1.143812709030100166e-08 1.234014784716358504e-02
1.153846153846153641e-08 9.786120951869980988e-03
1.163879598662207117e-08 4.581997298251890179e-03
1.173913043478260757e-08 3.284424667601103937e-03
1.183946488294314233e-08 5.365664952732085088e-03
1.193979933110367708e-08 3.974244934249029741e-03
1.204013377926421184e-08 5.106368885254934480e-03
1.214046822742474824e-08 6.170953380397250880e-03
1.224080267558528300e-08 3.093902223681230593e-03
1.234113712374581775e-08 1.274440908968569978e-02
1.244147157190635251e-08 5.201191962462946988e-03
1.254180602006688726e-08 6.506407173996104493e-03
1.264214046822742367e-08 4.815926963803797943e-03
1.274247491638795842e-08 5.792222658675032568e-03
1.284280936454849318e-08 4.597925890575541366e-03
1.294314381270902793e-08 1.197130634148591694e-02
1.304347826086956269e-08 6.249258679347531945e-03
1.314381270903009909e-08 6.026399232858357588e-03
1.324414715719063385e-08 6.283365486464641964e-03
1.334448160535116860e-08 5.722180804109963832e-03
1.344481605351170336e-08 4.801801880503051186e-03
1.354515050167223811e-08 7.911695498615128191e-03
1.364548494983277452e-08 8.088145811678514041e-03
1.374581939799330927e-08 3.046821512459206918e-03
1.384615384615384403e-08 5.369199353769848332e-03
1.394648829431437878e-08 6.433964809603933722e-03
1.404682274247491519e-08 8.000189992411949058e-03
1.414715719063544994e-08 2.624054613237381678e-03
1.424749163879598470e-08 1.121724628891151553e-03
1.434782608695651945e-08 7.547680470335260509e-03
1.444816053511705420e-08 8.368452857930570518e-03
1.454849498327759061e-08 1.369178027806255450e-02
1.464882943143812537e-08 6.327557172168732542e-03
1.474916387959866012e-08 4.703619546636656108e-03
1.484949832775919487e-08 5.557639679891280930e-03
1.494983277591973128e-08 1.044787042749430184e-02
1.505016722408026604e-08 1.008755143071306259e-02
1.515050167224080079e-08 9.715920690391507270e-03
1.525083612040133554e-08 4.981351907179317091e-03
1.535117056856187030e-08 2.804893613512150514e-03
1.545150501672240505e-08 8.657499048864359531e-03
1.555183946488293981e-08 1.207267674540174127e-02
1.565217391304347456e-08 1.024943510809867529e-02
1.575250836120401262e-08 1.111166191946951973e-02
1.585284280936454738e-08 6.642661091031091744e-03
1.595317725752508213e-08 2.206853660952514447e-03
1.605351170568561688e-08 5.555157784635016485e-03
1.615384615384615164e-08 2.816309396008759552e-03
1.625418060200668639e-08 8.734356904419345383e-03
1.635451505016722115e-08 6.133029807980428134e-03
1.645484949832775590e-08 8.475995625416687246e-03
1.655518394648829065e-08 9.341328573622166564e-03
1.665551839464882872e-08 8.218155492806267573e-03
1.675585284280936347e-08 3.359984080474530573e-03
1.685618729096989823e-08 -2.395961071214525000e-03
1.695652173913043298e-08 2.602821001820752704e-03
1.705685618729096773e-08 8.213311445018547235e-03
1.715719063545150249e-08 1.289337523556801333e-02
1.725752508361203724e-08 1.262607147568138403e-02
1.735785953177257200e-08 1.089514535110724762e-02
1.745819397993310675e-08 9.293895883352248921e-03
1.755852842809364150e-08 7.198986635288680269e-03
1.765886287625417957e-08 6.620312584976775078e-03
1.775919732441471432e-08 8.444769862236809269e-03
1.785953177257524907e-08 4.780161448914846054e-03
1.795986622073578383e-08 1.294792836502639891e-02
1.806020066889631858e-08 6.308769997234962672e-03
1.816053511705685334e-08 3.489646763742308005e-03
1.826086956521738809e-08 3.278920777230982103e-03
1.836120401337792284e-08 3.597361714058927747e-03
1.846153846153845760e-08 4.983557120487699249e-03
1.856187290969899566e-08 1.075443564416921939e-02
1.866220735785953041e-08 6.034960644020458294e-03
1.876254180602006517e-08 5.299780985920034444e-03
1.886287625418059992e-08 1.010176775830135681e-02
1.896321070234113468e-08 9.191286429982702122e-03
1.906354515050166943e-08 1.229718141165106297e-02
1.916387959866220418e-08 1.240236971539466528e-02
1.926421404682273894e-08 9.700996828013001838e-03
1.936454849498327369e-08 3.367785712261654046e-03
1.946488294314380845e-08 -2.625610564719921443e-05
1.956521739130434651e-08 7.081570739413764297e-03
1.966555183946488126e-08 1.246556830287153667e-02
1.976588628762541602e-08 1.061185921017523959e-02
1.986622073578595077e-08 1.262986661553783599e-02
1.996655518394648553e-08 1.341004154245117527e-02
2.006688963210702028e-08 8.332559348268571767e-03
2.016722408026755503e-08 1.051426723404233314e-02
2.026755852842808979e-08 1.062576561866892047e-02
2.036789297658862454e-08 1.946393469308464307e-03
2.046822742474916260e-08 9.961075030693699109e-03
2.056856187290969736e-08 8.261815857211867939e-03
2.066889632107023211e-08 9.830127856321441843e-03
2.076923076923076687e-08 9.690161427998772795e-03
2.086956521739130162e-08 3.507779916700839735e-03
2.096989966555183637e-08 1.408631648087846529e-02
2.107023411371237113e-08 1.409018325436950034e-02
2.117056856187290588e-08 1.074598840587008379e-02
2.127090301003344064e-08 9.214463531335519847e-03
2.137123745819397539e-08 5.341906484823509896e-03
2.147157190635451345e-08 1.091192739292198843e-02
2.157190635451504821e-08 6.285461159323727821e-03
2.167224080267558296e-08 5.628943950696688875e-03
2.177257525083611771e-08 9.423338962810647035e-03
2.187290969899665247e-08 1.181292284975669557e-02
2.197324414715718722e-08 9.890611690202024547e-03
2.207357859531772198e-08 1.689461068962968757e-02
2.217391304347825673e-08 4.623512189937582784e-03
2.227424749163879148e-08 7.653963341196857832e-03
2.237458193979932955e-08 6.898898795880523474e-03
2.247491638795986430e-08 9.359350072418469446e-03
2.257525083612039905e-08 4.471512393274259048e-03
2.267558528428093381e-08 6.800220249101628263e-03
2.277591973244146856e-08 1.294816950617307290e-02
2.287625418060200332e-08 8.975323804651262616e-03
2.297658862876253807e-08 7.036310199635312235e-03
2.307692307692307282e-08 8.338727456919787367e-03
2.317725752508360758e-08 2.465067172599163300e-03
2.327759197324414233e-08 1.170580654933876460e-02
2.337792642140468040e-08 1.590396634515387972e-02
2.347826086956521515e-08 9.504026529057232539e-03
2.357859531772574990e-08 6.576745096816539321e-03
2.367892976588628466e-08 4.269343128279936249e-03
2.377926421404681941e-08 9.701343414344905033e-03
2.387959866220735417e-08 6.862952527658920318e-03
2.397993311036788892e-08 4.321367323842258135e-03
2.408026755852842367e-08 6.689535167726053458e-03
2.418060200668895843e-08 3.404820256501409331e-03
2.428093645484949649e-08 8.074463585320372505e-03
2.438127090301003124e-08 1.234408387729779566e-02
2.448160535117056600e-08 4.500322398810301799e-03
2.458193979933110075e-08 7.669088311435422710e-03
2.468227424749163551e-08 3.993908712616967178e-03
2.478260869565217026e-08 6.003142009114289558e-03
2.488294314381270501e-08 5.722067291983491807e-04
2.498327759197323977e-08 3.361563834621620651e-03
2.508361204013377452e-08 9.137089494224516495e-03
2.518394648829430928e-08 8.782015557833960234e-03
2.528428093645484734e-08 1.166800922111714892e-02
2.538461538461538209e-08 7.750353746090069690e-03
2.548494983277591685e-08 1.045103093645089777e-02
2.558528428093645160e-08 5.622904983901833020e-03
2.568561872909698635e-08 3.930988308158576625e-03
2.578595317725752111e-08 1.105976393119433195e-02
2.588628762541805586e-08 8.513554801215092102e-03
2.598662207357859062e-08 8.603318964325513962e-03
2.608695652173912537e-08 1.280985244196707583e-02
2.618729096989966343e-08 9.884363924323180672e-03
2.628762541806019819e-08 3.348817023084217290e-03
2.638795986622073294e-08 4.751123525498524578e-04
2.648829431438126769e-08 7.161983829519104686e-03
2.658862876254180245e-08 1.123942139675206467e-02
2.668896321070233720e-08 8.610503373100647853e-03
2.678929765886287196e-08 3.989831405052620024e-03
2.688963210702340671e-08 3.430722778744701301e-03
2.698996655518394146e-08 7.798430312140759713e-03
2.709030100334447622e-08 3.816177837250456055e-03
2.719063545150501428e-08 4.851480648627283856e-03
2.729096989966554904e-08 7.738153310705981128e-03
2.739130434782608379e-08 5.139732272941135993e-03
2.749163879598661854e-08 6.405057793545132841e-03
2.759197324414715330e-08 9.754653541617879300e-03
2.769230769230768805e-08 5.265690481105464449e-03
2.779264214046822281e-08 9.419070396281085944e-03
2.789297658862875756e-08 8.291479672658138428e-03
2.799331103678929231e-08 5.352270335743019442e-03
2.809364548494983038e-08 9.491259681391589140e-03
2.819397993311036513e-08 1.280640397240039377e-02
2.829431438127089988e-08 1.317633822353049197e-02
2.839464882943143464e-08 1.369078575416828557e-02
2.849498327759196939e-08 1.385366440692291021e-02
2.859531772575250415e-08 1.384574515874808891e-02
2.869565217391303890e-08 1.530432631741484271e-02
2.879598662207357365e-08 1.196853669586058627e-02
2.889632107023410841e-08 3.056290576108317870e-03
2.899665551839464316e-08 6.701015292415803647e-03
2.909698996655518122e-08 9.595274670893392047e-03
2.919732441471571598e-08 9.169535285016097020e-03
2.929765886287625073e-08 8.989186205039094782e-03
2.939799331103678549e-08 3.238425474954021170e-04
2.949832775919732024e-08 3.121389240576628952e-03
2.959866220735785499e-08 1.887023814321449940e-04
2.969899665551838975e-08 7.311687534659793743e-03
2.979933110367892450e-08 7.889520608224301346e-03
2.989966555183946256e-08 6.273236907234248406e-03
2.999999999999999732e-08 5.705663624257124866e-03
