0.000000000000000000e+00 9.999999999999995559e-01
1.003344481605351029e-10 3.020359493093600911e-02
2.006688963210702059e-10 4.507609078162670008e-03
3.010033444816052959e-10 5.087762353976487892e-03
4.013377926421404118e-10 -5.339148742551560328e-04
5.016722408026755277e-10 3.945007275099857331e-03
6.020066889632105918e-10 1.828945470399494103e-03
7.023411371237457594e-10 7.523039742302916645e-03
8.026755852842808236e-10 6.660643033450732581e-03
9.030100334448158877e-10 5.135007919193738078e-03
1.003344481605351055e-09 2.691611515952111768e-03
1.103678929765886223e-09 2.374881681780904863e-03
1.204013377926421184e-09 2.488183459173799392e-03
1.304347826086956351e-09 8.905623070571976746e-03
1.404682274247491519e-09 3.480570190750915168e-03
1.505016722408026480e-09 1.047885857925750890e-02
1.605351170568561647e-09 5.934374440179561276e-03
1.705685618729096815e-09 3.465031649111988046e-05
1.806020066889631775e-09 7.191449784273375341e-03
1.906354515050166943e-09 1.039047636187545934e-02
2.006688963210702111e-09 1.195245213556844939e-02
2.107023411371237278e-09 3.275571105117891946e-03
2.207357859531772446e-09 1.177588399036512586e-02
2.307692307692307200e-09 8.892921493288642384e-03
2.408026755852842367e-09 7.078962575837853370e-03
2.508361204013377535e-09 2.120376696809202991e-03
2.608695652173912702e-09 9.908319797589824549e-03
2.709030100334447870e-09 4.508101644909470913e-03
2.809364548494983038e-09 8.712579250471086389e-03
2.909698996655517792e-09 1.233900322621214393e-02
3.010033444816052959e-09 3.512821993112418863e-03
3.110367892976588127e-09 8.609715673239825423e-03
3.210702341137123294e-09 8.946315807382197380e-03
3.311036789297658462e-09 4.246169780568753022e-03
3.411371237458193629e-09 1.537020005349840849e-03
3.511705685618728797e-09 4.922574759518124482e-03
3.612040133779263551e-09 2.089026282980134454e-03
3.712374581939798719e-09 5.839486576179220290e-03
3.812709030100333886e-09 7.012512454987900046e-03
3.913043478260868640e-09 4.001427365427022952e-03
4.013377926421404221e-09 5.352928579754280894e-03
4.113712374581938975e-09 7.637289998058412188e-03
4.214046822742474556e-09 8.784128518509083314e-03
4.314381270903009310e-09 8.592926440197982962e-03
4.414715719063544892e-09 1.106484525180845453e-02
4.515050167224079646e-09 8.794736547188332018e-03
4.615384615384614399e-09 8.138849567825776066e-03
4.715719063545149981e-09 1.747204005754599519e-03
4.816053511705684735e-09 8.118597850675162222e-03
4.916387959866220316e-09 5.859398181926042844e-03
5.016722408026755070e-09 1.177537673198833512e-02
5.117056856187290651e-09 9.180729309522944054e-03
5.217391304347825405e-09 5.608182432991942398e-03
5.317725752508360159e-09 6.343355171644391582e-03
5.418060200668895740e-09 8.346520410834577797e-03
5.518394648829430494e-09 5.565159511566426451e-03
5.618729096989966075e-09 8.840432182085002089e-03
5.719063545150500829e-09 9.251670006181716630e-03
5.819397993311035583e-09 2.379176159054156338e-03
5.919732441471571164e-09 8.183600678033586817e-03
6.020066889632105918e-09 8.485282883049097627e-03
6.120401337792641499e-09 9.952863231786113901e-03
6.220735785953176253e-09 6.397525116417823558e-03
6.321070234113711835e-09 1.208263950915797191e-02
6.421404682274246589e-09 1.584805727200010519e-02
6.521739130434781343e-09 1.051521475618041705e-02
6.622073578595316924e-09 1.276205089124606874e-02
6.722408026755851678e-09 6.402079755144380810e-03
6.822742474916387259e-09 7.646264743038594033e-03
6.923076923076922013e-09 6.772471867877725808e-03
7.023411371237457594e-09 1.087176641176326730e-02
7.123745819397992348e-09 1.339894723477713179e-03
7.224080267558527102e-09 8.557214080161724967e-03
7.324414715719062683e-09 2.373311642973588778e-03
7.424749163879597437e-09 2.552639331100311007e-03
7.525083612040133018e-09 4.000674506589246317e-03
7.625418060200667772e-09 5.092181797207357731e-03
7.725752508361202526e-09 4.435177143098935695e-03
7.826086956521737280e-09 1.165758145866852696e-02
7.926421404682273689e-09 1.079132745399969534e-02
8.026755852842808442e-09 1.097158538431613692e-02
8.127090301003343196e-09 5.849316806061436586e-03
8.227424749163877950e-09 4.815423975082177427e-03
8.327759197324414359e-09 6.779319674076471521e-03
8.428093645484949113e-09 7.802084949521450111e-03
8.528428093645483867e-09 5.582973386679988131e-03
8.628762541806018621e-09 4.728652740816694303e-03
8.729096989966553375e-09 7.171361477681719061e-03
8.829431438127089783e-09 1.022554164731981526e-02
8.929765886287624537e-09 3.944813104892351888e-03
9.030100334448159291e-09 7.222278474653983163e-03
9.130434782608694045e-09 1.031961813991523480e-02
9.230769230769228799e-09 5.610171486307867841e-03
9.331103678929765207e-09 5.663960901525290186e-03
9.431438127090299961e-09 1.045834953677959693e-02
9.531772575250834715e-09 8.496179393463232019e-03
9.632107023411369469e-09 3.795174856655255963e-03
9.732441471571904223e-09 9.952198028530515397e-03
9.832775919732440632e-09 6.146348911112436628e-03
9.933110367892975386e-09 7.568516763919630637e-03
1.003344481605351014e-08 4.311200107630771758e-03
1.013377926421404489e-08 5.535204775087256696e-03
1.023411371237458130e-08 1.191214780239418375e-02
1.033444816053511606e-08 1.078699760212457892e-02
1.043478260869565081e-08 1.374635461019554569e-02
1.053511705685618556e-08 1.333425372603819735e-02
1.063545150501672032e-08 8.603097957942501886e-03
1.073578595317725673e-08 1.046990884421719788e-02
1.083612040133779148e-08 8.873701414573352542e-03
1.093645484949832623e-08 9.952825064779057332e-03
1.103678929765886099e-08 8.367778311355093812e-03
1.113712374581939574e-08 1.793365575082830747e-04
1.123745819397993215e-08 8.127166187078231283e-03
1.133779264214046690e-08 1.058674956341568510e-02
1.143812709030100166e-08 1.331751776679292870e-02
1.153846153846153641e-08 7.930867694278814425e-03
1.163879598662207117e-08 4.815814394085863627e-03
1.173913043478260757e-08 6.151101702896823176e-03
1.183946488294314233e-08 6.191781511287538717e-03
1.193979933110367708e-08 5.083272624868514361e-03
1.204013377926421184e-08 4.012870397840236428e-03
1.214046822742474824e-08 6.717173616114458824e-03
1.224080267558528300e-08 7.519873341937164182e-03
1.234113712374581775e-08 1.097962493351023645e-02
1.244147157190635251e-08 1.205919167783105206e-02
1.254180602006688726e-08 6.495629247112801735e-03
1.264214046822742367e-08 1.248431231745244195e-02
1.274247491638795842e-08 1.202344916617812190e-02
1.284280936454849318e-08 8.870081242625855317e-03
1.294314381270902793e-08 6.855185441619744864e-03
1.304347826086956269e-08 4.439596798967291279e-03
1.314381270903009909e-08 7.060552609404193228e-03
1.324414715719063385e-08 7.334112661493715109e-03
1.334448160535116860e-08 1.163026481698344050e-02
1.344481605351170336e-08 1.136826375697245692e-02
1.354515050167223811e-08 8.297678568328187634e-03
1.364548494983277452e-08 1.174751788155414768e-03
1.374581939799330927e-08 1.186784371979527838e-02
1.384615384615384403e-08 5.513619921726206630e-03
1.394648829431437878e-08 1.116293713994743510e-02
1.404682274247491519e-08 -7.475937064141909873e-04
1.414715719063544994e-08 1.064336679996792136e-02
1.424749163879598470e-08 8.417305713762725933e-03
1.434782608695651945e-08 7.776313857616757967e-03
1.444816053511705420e-08 8.928802682838377427e-03
1.454849498327759061e-08 5.174826989494838922e-03
1.464882943143812537e-08 2.883867845175614418e-04
1.474916387959866012e-08 7.903663407692581092e-03
1.484949832775919487e-08 3.022645475640853112e-03
1.494983277591973128e-08 1.418181891627241439e-02
1.505016722408026604e-08 1.734233323320272593e-02
1.515050167224080079e-08 7.373550169331539658e-03
1.525083612040133554e-08 9.223624990630433298e-03
1.535117056856187030e-08 5.418799731506640169e-03
1.545150501672240505e-08 -1.075692683596061322e-03
1.555183946488293981e-08 1.532554339673453461e-02
1.565217391304347456e-08 8.114182854502870537e-03
1.575250836120401262e-08 4.550644334782926598e-03
1.585284280936454738e-08 8.728654915810506176e-03
1.595317725752508213e-08 7.854843637348618568e-03
1.605351170568561688e-08 8.216979161575745094e-03
1.615384615384615164e-08 5.726115786646409841e-03
1.625418060200668639e-08 7.576054796710932071e-03
1.635451505016722115e-08 1.537542818599578302e-02
1.645484949832775590e-08 7.466541760097832048e-03
1.655518394648829065e-08 2.898346180633104389e-03
1.665551839464882872e-08 2.184399209821903838e-03
1.675585284280936347e-08 1.170275552783177873e-02
1.685618729096989823e-08 1.143866467032424693e-02
1.695652173913043298e-08 1.148626704830006499e-02
1.705685618729096773e-08 2.940426575609073750e-03
1.715719063545150249e-08 8.708506058907094019e-03
1.725752508361203724e-08 -1.030398459096598055e-03
1.735785953177257200e-08 9.553110408622065078e-03
1.745819397993310675e-08 2.419099295837504743e-03
1.755852842809364150e-08 1.304473668675891831e-02
1.765886287625417957e-08 9.772311477465916302e-03
1.775919732441471432e-08 1.098978711501023310e-02
1.785953177257524907e-08 3.761687565387171646e-03
1.795986622073578383e-08 1.181033639837497477e-02
1.806020066889631858e-08 1.099888412473641261e-02
1.816053511705685334e-08 8.755533677430248421e-03
1.826086956521738809e-08 5.270610797329440544e-03
1.836120401337792284e-08 9.592549370943372067e-03
1.846153846153845760e-08 1.267002822186680429e-03
1.856187290969899566e-08 6.661439118307741110e-03
1.866220735785953041e-08 1.087449398103117887e-02
1.876254180602006517e-08 9.245144870270539939e-03
1.886287625418059992e-08 1.207747686250450897e-02
1.896321070234113468e-08 8.743495684242586635e-03
1.906354515050166943e-08 6.547338662658956122e-03
1.916387959866220418e-08 7.796498192630356774e-03
1.926421404682273894e-08 4.345046363904420464e-03
1.936454849498327369e-08 1.068420013384735467e-02
1.946488294314380845e-08 7.382211391853106888e-03
1.956521739130434651e-08 1.187766031695861903e-02
1.966555183946488126e-08 7.374691704606620504e-03
1.976588628762541602e-08 1.113955094530968276e-02
1.986622073578595077e-08 9.519918747711717671e-03
1.996655518394648553e-08 5.971800954632575445e-03
2.006688963210702028e-08 1.119548785996642148e-02
2.016722408026755503e-08 7.846065671717399742e-03
2.026755852842808979e-08 4.793567130082459007e-03
2.036789297658862454e-08 8.924744375188755144e-03
2.046822742474916260e-08 4.771895804621442347e-03
2.056856187290969736e-08 5.319943125802543450e-03
2.066889632107023211e-08 1.056064363433764641e-02
2.076923076923076687e-08 7.262587460093411322e-03
2.086956521739130162e-08 7.296095904795776334e-03
2.096989966555183637e-08 2.962463209843768912e-03
2.107023411371237113e-08 6.668630634801379908e-03
2.117056856187290588e-08 6.335189964358722836e-03
2.127090301003344064e-08 1.298834897422772826e-02
2.137123745819397539e-08 8.044413737192283170e-03
2.147157190635451345e-08 7.199675107402848766e-03
2.157190635451504821e-08 7.894782071462436157e-03
2.167224080267558296e-08 1.671540321283409604e-03
2.177257525083611771e-08 6.535768551592360288e-03
2.187290969899665247e-08 1.488441643339778655e-03
2.197324414715718722e-08 7.415151546460775969e-03
2.207357859531772198e-08 6.281811176477102021e-03
2.217391304347825673e-08 8.177351915482199834e-03
2.227424749163879148e-08 8.131020067979105939e-03
2.237458193979932955e-08 6.035589938055176129e-03
2.247491638795986430e-08 2.700583961474440318e-03
2.257525083612039905e-08 1.073343514619112555e-03
2.267558528428093381e-08 1.322034810756726048e-02
2.277591973244146856e-08 7.454841980294663398e-03
2.287625418060200332e-08 1.431908177619862360e-02
2.297658862876253807e-08 1.023814292117690601e-02
2.307692307692307282e-08 1.097429909078923363e-02
2.317725752508360758e-08 7.252091598262977792e-03
2.327759197324414233e-08 9.656558188691667308e-03
2.337792642140468040e-08 7.385496313400242464e-03
2.347826086956521515e-08 3.844789128202315883e-03
2.357859531772574990e-08 4.880620752421739074e-03
2.367892976588628466e-08 5.611019679106238334e-03
2.377926421404681941e-08 7.567386927468436851e-03
2.387959866220735417e-08 6.223268336568512325e-03
2.397993311036788892e-08 1.237206317734621669e-02
2.408026755852842367e-08 3.291420997309530729e-03
2.418060200668895843e-08 7.609062601940088690e-03
2.428093645484949649e-08 1.360315282870253745e-02
2.438127090301003124e-08 9.797728545593534233e-03
2.448160535117056600e-08 1.618107812224202358e-02
2.458193979933110075e-08 1.033268627957243009e-02
2.468227424749163551e-08 4.185598102216095406e-03
2.478260869565217026e-08 4.313963402370508092e-03
2.488294314381270501e-08 5.839367175772216915e-03
2.498327759197323977e-08 1.029787425117542968e-02
2.508361204013377452e-08 5.198881000013452595e-03
2.518394648829430928e-08 3.899845880056902227e-03
2.528428093645484734e-08 1.444213980818304446e-02
2.538461538461538209e-08 4.022439854395825840e-03
2.548494983277591685e-08 9.985981806837587738e-03
2.558528428093645160e-08 1.525030074320227625e-03
2.568561872909698635e-08 -5.876263615329487076e-04
2.578595317725752111e-08 1.041978062950757629e-02
2.588628762541805586e-08 6.261142213922646013e-03
2.598662207357859062e-08 7.450351029547622184e-03
2.608695652173912537e-08 -1.131604506758812027e-03
2.618729096989966343e-08 -1.610640867308662919e-04
2.628762541806019819e-08 8.140619907819775930e-03
2.638795986622073294e-08 1.229788086336231975e-02
2.648829431438126769e-08 4.915926016018470554e-03
2.658862876254180245e-08 3.405174103870300343e-03
2.668896321070233720e-08 6.114807785536088315e-03
2.678929765886287196e-08 1.468489421069074305e-02
2.688963210702340671e-08 4.168223483630525039e-04
2.698996655518394146e-08 1.158775154098832041e-02
2.709030100334447622e-08 3.629392629212075620e-03
2.719063545150501428e-08 4.845121535512242165e-03
2.729096989966554904e-08 6.166471303090281797e-03
2.739130434782608379e-08 6.525902244311697700e-03
2.749163879598661854e-08 6.637641473328137649e-03
2.759197324414715330e-08 1.062630736513717547e-02
2.769230769230768805e-08 5.829247433896636577e-03
2.779264214046822281e-08 7.458602941105344636e-03
2.789297658862875756e-08 1.353933181093393799e-02
2.799331103678929231e-08 1.334995309546471720e-02
2.809364548494983038e-08 1.178679995545521379e-02
2.819397993311036513e-08 1.226863301087316449e-02
2.829431438127089988e-08 7.104689735220992564e-03
2.839464882943143464e-08 9.355030170246900201e-03
2.849498327759196939e-08 5.698535542358846434e-03
2.859531772575250415e-08 6.080442330617105012e-03
2.869565217391303890e-08 3.651432763520512034e-03
2.879598662207357365e-08 8.088698935939829179e-03
2.889632107023410841e-08 3.695501891173687704e-03
2.899665551839464316e-08 1.192570663732247897e-02
2.909698996655518122e-08 1.336401200876437788e-02
2.919732441471571598e-08 6.019085729957459469e-03
2.929765886287625073e-08 3.468611907856126997e-03
2.939799331103678549e-08 6.455091706039364600e-03
2.949832775919732024e-08 1.297029138472809671e-02
2.959866220735785499e-08 1.050599591169287068e-03
2.969899665551838975e-08 8.874904316696713424e-03
2.979933110367892450e-08 2.023099438084916858e-03
2.989966555183946256e-08 4.447110472965079206e-03
2.999999999999999732e-08 1.635703347295092277e-03
