0.000000000000000000e+00 9.999999999999995559e-01
1.003344481605351029e-10 1.224220948392733786e-02
2.006688963210702059e-10 1.534101478014769822e-02
3.010033444816052959e-10 9.867496335096764479e-04
4.013377926421404118e-10 3.207418993038675670e-03
5.016722408026755277e-10 5.966821564018837468e-03
6.020066889632105918e-10 9.183424928906305101e-03
7.023411371237457594e-10 8.635162560918839200e-03
8.026755852842808236e-10 1.163931353145680227e-02
9.030100334448158877e-10 1.441522057686396878e-03
1.003344481605351055e-09 5.441784801296218471e-03
1.103678929765886223e-09 9.741502034657772285e-03
1.204013377926421184e-09 3.338048561883368535e-03
1.304347826086956351e-09 1.154446562865085041e-02
1.404682274247491519e-09 7.601094680924886868e-03
1.505016722408026480e-09 8.317615148835737562e-03
1.605351170568561647e-09 8.716420201657115382e-03
1.705685618729096815e-09 8.526623101401920382e-03
1.806020066889631775e-09 3.677706979690383710e-03
1.906354515050166943e-09 1.162615767136301360e-02
2.006688963210702111e-09 5.619708195810932741e-03
2.107023411371237278e-09 7.535151835449603944e-03
2.207357859531772446e-09 2.872100841470014154e-03
2.307692307692307200e-09 9.216793814751142455e-03
2.408026755852842367e-09 -1.835169877645614379e-03
2.508361204013377535e-09 1.302909960749291593e-02
2.608695652173912702e-09 1.190870723233216494e-02
2.709030100334447870e-09 7.725123958310129574e-03
2.809364548494983038e-09 1.305337005157367579e-02
2.909698996655517792e-09 8.790565971467566297e-03
3.010033444816052959e-09 3.262340233876469264e-03
3.110367892976588127e-09 8.148858337961320530e-03
3.210702341137123294e-09 1.973885585680330498e-03
3.311036789297658462e-09 8.110214487538807207e-03
3.411371237458193629e-09 7.262587820473739332e-03
3.511705685618728797e-09 5.446479300419232623e-03
3.612040133779263551e-09 6.496665639318003477e-03
3.712374581939798719e-09 5.980274529117405972e-03
3.812709030100333886e-09 1.007853213900832164e-02
3.913043478260868640e-09 1.178980273966809440e-02
4.013377926421404221e-09 1.215032147342341370e-02
4.113712374581938975e-09 6.941633489826648865e-03
4.214046822742474556e-09 8.275467055252850798e-03
4.314381270903009310e-09 7.828051830427593810e-03
4.414715719063544892e-09 7.312433408017881761e-03
4.515050167224079646e-09 2.001524134650903460e-03
4.615384615384614399e-09 7.515419931234578778e-03
4.715719063545149981e-09 3.117604522746493176e-03
4.816053511705684735e-09 8.089380234308130371e-03
4.916387959866220316e-09 3.464165634932972037e-03
5.016722408026755070e-09 5.545825716973575882e-03
5.117056856187290651e-09 6.319322102301360572e-03
5.217391304347825405e-09 7.220228932485805995e-03
5.317725752508360159e-09 7.018979725431242697e-03
5.418060200668895740e-09 3.752625312379562639e-03
5.518394648829430494e-09 9.228130349046632930e-03
5.618729096989966075e-09 9.925215868201161390e-03
5.719063545150500829e-09 6.888380783963754528e-03
5.819397993311035583e-09 7.431951139232602886e-03
5.919732441471571164e-09 1.252502980488480813e-02
6.020066889632105918e-09 7.556980050412502765e-03
6.120401337792641499e-09 9.033492060584742689e-03
6.220735785953176253e-09 1.096071749083565167e-02
6.321070234113711835e-09 1.144887691781787051e-02
6.421404682274246589e-09 7.807209821170210673e-03
6.521739130434781343e-09 1.081327792227381769e-02
6.622073578595316924e-09 1.275815855617734064e-02
6.722408026755851678e-09 1.466708111400454994e-03
6.822742474916387259e-09 2.073868220478686068e-03
6.923076923076922013e-09 5.659809586645287056e-03
7.023411371237457594e-09 5.307139609005110011e-03
7.123745819397992348e-09 3.979730313308502306e-03
7.224080267558527102e-09 9.469968885164799580e-03
7.324414715719062683e-09 5.935865529168323981e-03
7.424749163879597437e-09 7.394340181575059789e-03
7.525083612040133018e-09 7.145502597632144050e-03
7.625418060200667772e-09 5.232131171870465017e-03
7.725752508361202526e-09 1.081538874370800707e-02
7.826086956521737280e-09 1.310913465405447870e-02
7.926421404682273689e-09 1.043876547265820166e-02
8.026755852842808442e-09 8.056514096182978979e-03
8.127090301003343196e-09 8.524435593216946397e-03
8.227424749163877950e-09 5.526902456099300892e-03
8.327759197324414359e-09 1.046106505329021108e-02
8.428093645484949113e-09 7.722209008034525146e-03
8.528428093645483867e-09 1.001087860207499139e-02
8.628762541806018621e-09 1.123714872502210027e-02
8.729096989966553375e-09 4.206455515211060883e-03
8.829431438127089783e-09 1.622399222135327557e-03
8.929765886287624537e-09 8.175294569519478069e-03
9.030100334448159291e-09 7.286349458210002183e-03
9.130434782608694045e-09 1.105277908979093726e-02
9.230769230769228799e-09 5.267714377687809577e-03
9.331103678929765207e-09 1.284471155618146891e-02
9.431438127090299961e-09 8.846391599219974311e-03
9.531772575250834715e-09 4.845973655204957944e-03
9.632107023411369469e-09 -9.210747072732101840e-04
9.732441471571904223e-09 8.437030524199104140e-03
9.832775919732440632e-09 9.046360186886837421e-03
9.933110367892975386e-09 9.026473106363286369e-03
1.003344481605351014e-08 1.317671447334683131e-02
1.013377926421404489e-08 8.229248389698693225e-03
1.023411371237458130e-08 4.963785274611887122e-03
1.033444816053511606e-08 9.318126523041477677e-03
1.043478260869565081e-08 6.188869960852170019e-03
1.053511705685618556e-08 5.516070002545283082e-03
1.063545150501672032e-08 1.237889478445351049e-02
1.073578595317725673e-08 1.007888997510495918e-02
1.083612040133779148e-08 -1.543773908232411174e-03
1.093645484949832623e-08 5.920046434530492306e-03
1.103678929765886099e-08 6.553689247525085193e-03
1.113712374581939574e-08 5.903987416842643166e-03
1.123745819397993215e-08 3.789209172667057715e-03
1.133779264214046690e-08 7.263226519871457745e-03
1.143812709030100166e-08 8.588275611659611231e-03
1.153846153846153641e-08 4.447799017819911889e-03
1.163879598662207117e-08 9.645830620380161508e-03
1.173913043478260757e-08 7.409846645670273638e-03
1.183946488294314233e-08 9.944127876322346807e-03
1.193979933110367708e-08 7.680156707959515279e-03
1.204013377926421184e-08 8.103373586083923233e-03
1.214046822742474824e-08 4.215070740996551893e-03
1.224080267558528300e-08 7.929240919813727514e-03
1.234113712374581775e-08 1.310872518917003370e-02
1.244147157190635251e-08 1.013282436359960043e-02
1.254180602006688726e-08 8.256442425392833059e-03
1.264214046822742367e-08 1.107046104434372333e-02
1.274247491638795842e-08 6.341228546313274969e-03
1.284280936454849318e-08 7.591157582656497121e-03
1.294314381270902793e-08 3.996542904239818068e-03
1.304347826086956269e-08 8.194480841442239316e-03
1.314381270903009909e-08 6.224222954689193760e-03
1.324414715719063385e-08 1.316322490942440498e-02
1.334448160535116860e-08 7.750247539670093375e-03
1.344481605351170336e-08 3.813068726453640919e-03
1.354515050167223811e-08 8.574048881803365482e-03
1.364548494983277452e-08 1.418272886450691779e-02
1.374581939799330927e-08 2.016158856891435511e-03
1.384615384615384403e-08 9.145892292747190289e-03
1.394648829431437878e-08 1.034009210324346104e-02
1.404682274247491519e-08 1.701332526864028291e-02
1.414715719063544994e-08 1.820819999837309080e-03
1.424749163879598470e-08 6.311767790670495468e-03
1.434782608695651945e-08 8.840473909580884304e-03
1.444816053511705420e-08 1.187825446562038381e-02
1.454849498327759061e-08 8.900444470687052245e-03
1.464882943143812537e-08 1.151945213211777799e-02
1.474916387959866012e-08 2.140536474924424181e-03
1.484949832775919487e-08 -1.316195769710071543e-03
1.494983277591973128e-08 2.276581754458903081e-03
1.505016722408026604e-08 1.063760935819593745e-02
1.515050167224080079e-08 5.428914606009452651e-03
1.525083612040133554e-08 1.078332547726124253e-02
1.535117056856187030e-08 4.999666957623886271e-03
1.545150501672240505e-08 1.008902150389905973e-02
1.555183946488293981e-08 5.653130431891797633e-03
1.565217391304347456e-08 6.361605691749665573e-03
1.575250836120401262e-08 4.663553836887163705e-03
1.585284280936454738e-08 8.161967370268592703e-03
1.595317725752508213e-08 7.108201338697408417e-03
1.605351170568561688e-08 5.991082217009353200e-03
1.615384615384615164e-08 5.869385820399627973e-03
1.625418060200668639e-08 5.274311486847717799e-03
1.635451505016722115e-08 3.890386579990093730e-03
1.645484949832775590e-08 7.926075369082000513e-03
1.655518394648829065e-08 1.312885497084652006e-02
1.665551839464882872e-08 4.173126207988046149e-03
1.675585284280936347e-08 1.430266427404166402e-02
1.685618729096989823e-08 1.251825853620405424e-02
1.695652173913043298e-08 3.895574712879551569e-03
1.705685618729096773e-08 8.174658735399444043e-03
1.715719063545150249e-08 6.727999181869745958e-03
1.725752508361203724e-08 8.467426463485598978e-03
1.735785953177257200e-08 3.516189345673896485e-03
1.745819397993310675e-08 -2.366325699856492923e-03
1.755852842809364150e-08 9.934622430873401785e-03
1.765886287625417957e-08 9.233931611198772926e-03
1.775919732441471432e-08 5.873311133858912653e-03
1.785953177257524907e-08 5.107794862905834163e-03
1.795986622073578383e-08 3.682681303739526735e-03
1.806020066889631858e-08 5.271356208285960139e-03
1.816053511705685334e-08 1.306770811215703272e-02
1.826086956521738809e-08 9.346282697323678862e-03
1.836120401337792284e-08 6.599002397636892676e-03
1.846153846153845760e-08 9.902219526370242830e-03
1.856187290969899566e-08 5.861849173915793798e-03
1.866220735785953041e-08 1.047686479058994660e-02
1.876254180602006517e-08 6.151388141206106525e-03
1.886287625418059992e-08 4.904426896932108371e-03
1.896321070234113468e-08 -1.058052280722323072e-03
1.906354515050166943e-08 9.370750793417578772e-03
1.916387959866220418e-08 1.350259754975214645e-02
1.926421404682273894e-08 1.578946017876115687e-02
1.936454849498327369e-08 4.580690010212804669e-03
1.946488294314380845e-08 1.269613067273085705e-02
1.956521739130434651e-08 7.147548278883335791e-03
1.966555183946488126e-08 5.350585504099948132e-03
1.976588628762541602e-08 1.208644402548300113e-02
1.986622073578595077e-08 6.014529498793596933e-03
1.996655518394648553e-08 6.874285424122451513e-03
2.006688963210702028e-08 8.831872841269681682e-03
2.016722408026755503e-08 1.185340709929937585e-02
2.026755852842808979e-08 1.356458667899411615e-03
2.036789297658862454e-08 1.171437395884429231e-02
2.046822742474916260e-08 4.165938373393327648e-03
2.056856187290969736e-08 8.423175044563954716e-03
2.066889632107023211e-08 7.727364540718928421e-03
2.076923076923076687e-08 8.364909543949778791e-05
2.086956521739130162e-08 8.605695038214331016e-03
2.096989966555183637e-08 1.144224744351413602e-02
2.107023411371237113e-08 7.404488316914995850e-03
2.117056856187290588e-08 1.140697410354408504e-02
2.127090301003344064e-08 1.005905443431616940e-02
2.137123745819397539e-08 1.218847723448077298e-02
2.147157190635451345e-08 7.136266639825100504e-03
2.157190635451504821e-08 9.993472595391668031e-03
2.167224080267558296e-08 1.042584448408359621e-02
2.177257525083611771e-08 1.490821096921358078e-02
2.187290969899665247e-08 5.114970313346953353e-05
2.197324414715718722e-08 1.238286199350721595e-02
2.207357859531772198e-08 3.237319794616015135e-03
2.217391304347825673e-08 2.195742829324446449e-03
2.227424749163879148e-08 8.727031402332698085e-03
2.237458193979932955e-08 8.877288737616447628e-03
2.247491638795986430e-08 6.347804665326837320e-03
2.257525083612039905e-08 5.165851974667545407e-03
2.267558528428093381e-08 6.534268587318275805e-03
2.277591973244146856e-08 9.053159927873390828e-03
2.287625418060200332e-08 7.613597319715250528e-03
2.297658862876253807e-08 6.908464922986642422e-03
2.307692307692307282e-08 8.838407646753780253e-03
2.317725752508360758e-08 5.824435868718421186e-03
2.327759197324414233e-08 2.667943291573861286e-03
2.337792642140468040e-08 6.428026786092061982e-05
2.347826086956521515e-08 1.700412801229977868e-03
2.357859531772574990e-08 3.991196484036439208e-03
2.367892976588628466e-08 5.012337864345672682e-03
2.377926421404681941e-08 4.038389199517117105e-03
2.387959866220735417e-08 6.985741453036247578e-03
2.397993311036788892e-08 7.407861119237584176e-03
2.408026755852842367e-08 2.242188708762492266e-03
2.418060200668895843e-08 1.015387648764124254e-02
2.428093645484949649e-08 3.081729867088942379e-03
2.438127090301003124e-08 -5.798591545368344527e-04
2.448160535117056600e-08 1.178495733610909930e-02
2.458193979933110075e-08 7.879872786404345728e-03
2.468227424749163551e-08 1.839453850326805721e-03
2.478260869565217026e-08 9.176441691174763715e-03
2.488294314381270501e-08 5.232275664509356168e-03
2.498327759197323977e-08 6.232208614757997478e-03
2.508361204013377452e-08 2.169861234628213051e-03
2.518394648829430928e-08 5.969067838862837476e-03
2.528428093645484734e-08 6.322743372377280513e-03
2.538461538461538209e-08 6.107922316971892314e-03
2.548494983277591685e-08 5.689173292015095758e-03
2.558528428093645160e-08 7.442493392288783600e-03
2.568561872909698635e-08 8.684648285002420642e-03
2.578595317725752111e-08 6.768107529625744072e-03
2.588628762541805586e-08 7.175284509378776661e-03
2.598662207357859062e-08 9.206909015654801340e-03
2.608695652173912537e-08 8.722367348653295438e-03
2.618729096989966343e-08 1.103855575173710510e-02
2.628762541806019819e-08 1.047896127635472054e-03
2.638795986622073294e-08 6.849721731839114071e-03
2.648829431438126769e-08 1.098994186959365710e-02
2.658862876254180245e-08 6.323070597607133997e-03
2.668896321070233720e-08 7.531176571773977660e-03
2.678929765886287196e-08 -1.026973526379339457e-04
2.688963210702340671e-08 8.895549629388254179e-03
2.698996655518394146e-08 9.231530907255989030e-03
2.709030100334447622e-08 6.874917545732157735e-03
2.719063545150501428e-08 9.659887871028772360e-03
2.729096989966554904e-08 9.385176358894269837e-04
2.739130434782608379e-08 5.355285675252441195e-03
2.749163879598661854e-08 4.995316079605607341e-03
2.759197324414715330e-08 1.104268260295202149e-02
2.769230769230768805e-08 8.815866622902755745e-03
2.779264214046822281e-08 1.139151805994322551e-02
2.789297658862875756e-08 1.071241217411927384e-02
2.799331103678929231e-08 9.137081212210754200e-03
2.809364548494983038e-08 1.063698386781917679e-02
2.819397993311036513e-08 6.096766425080595714e-03
2.829431438127089988e-08 7.748826146991773245e-03
2.839464882943143464e-08 8.845196747192186210e-03
2.849498327759196939e-08 1.253483237271994788e-02
2.859531772575250415e-08 7.204509212776372476e-03
2.869565217391303890e-08 7.758783081519520300e-03
2.879598662207357365e-08 1.377608500455793951e-02
2.889632107023410841e-08 7.401851626162869041e-03
2.899665551839464316e-08 8.772343855941911253e-03
2.909698996655518122e-08 1.088397062154736368e-02
2.919732441471571598e-08 3.322250307282911472e-03
2.929765886287625073e-08 1.259139230656836604e-02
2.939799331103678549e-08 8.367539321169304919e-03
2.949832775919732024e-08 2.577247128909213557e-03
2.959866220735785499e-08 9.292485020346845370e-03
2.969899665551838975e-08 4.550090853120731735e-03
2.979933110367892450e-08 6.742349559600470908e-03
2.989966555183946256e-08 4.110431112609226091e-03
2.999999999999999732e-08 8.109048921786061320e-03
