0.000000000000000000e+00 9.999999999999995559e-01
1.003344481605351029e-10 3.416576842891164839e-02
2.006688963210702059e-10 1.166721533118381809e-02
3.010033444816052959e-10 9.657981560307017307e-03
4.013377926421404118e-10 5.222984786311349326e-03
5.016722408026755277e-10 6.459684358059770461e-03
6.020066889632105918e-10 -1.201196956713347945e-05
7.023411371237457594e-10 9.207532820190232614e-03
8.026755852842808236e-10 3.387438795378626237e-03
9.030100334448158877e-10 7.286581978511107519e-03
1.003344481605351055e-09 1.327002317367650952e-02
1.103678929765886223e-09 1.263854670285837964e-02
1.204013377926421184e-09 9.816875134323620883e-03
1.304347826086956351e-09 9.719700915251823503e-03
1.404682274247491519e-09 9.674427491588248607e-03
1.505016722408026480e-09 8.064537537020131583e-03
1.605351170568561647e-09 4.171625374897046552e-03
1.705685618729096815e-09 5.278186953530432379e-03
1.806020066889631775e-09 1.286774100288317312e-02
1.906354515050166943e-09 3.982788895031750230e-03
2.006688963210702111e-09 9.111656991063145708e-03
2.107023411371237278e-09 4.534962137560867232e-03
2.207357859531772446e-09 1.061184137438178805e-02
2.307692307692307200e-09 8.953640688624220703e-03
2.408026755852842367e-09 3.634183465983314466e-03
2.508361204013377535e-09 4.136845488011287736e-03
2.608695652173912702e-09 7.108702281165015478e-03
2.709030100334447870e-09 8.665785659120617962e-03
2.809364548494983038e-09 5.882297056101127956e-03
2.909698996655517792e-09 6.959056330671090258e-03
3.010033444816052959e-09 6.227003350757971331e-03
3.110367892976588127e-09 4.315877205458373486e-03
3.210702341137123294e-09 1.233262329682870834e-02
3.311036789297658462e-09 7.891035223331968607e-03
3.411371237458193629e-09 2.507360623459954814e-03
3.511705685618728797e-09 5.784303643233535200e-03
3.612040133779263551e-09 -4.201700086158466699e-03
3.712374581939798719e-09 5.272011591394564455e-03
3.812709030100333886e-09 7.230900462417090037e-03
3.913043478260868640e-09 7.268209444070226205e-03
4.013377926421404221e-09 2.307422139430323569e-03
4.113712374581938975e-09 2.871329624844998381e-03
4.214046822742474556e-09 6.311689522809216593e-03
4.314381270903009310e-09 1.398414755008649778e-02
4.414715719063544892e-09 6.592295321294788270e-03
4.515050167224079646e-09 6.130358421198208070e-03
4.615384615384614399e-09 3.121249722944910952e-03
4.715719063545149981e-09 3.234470004398657794e-03
4.816053511705684735e-09 7.516287655160859560e-03
4.916387959866220316e-09 1.162031992000505873e-02
5.016722408026755070e-09 1.227594436168561245e-02
5.117056856187290651e-09 5.105791295467379011e-03
5.217391304347825405e-09 7.680699415280319714e-03
5.317725752508360159e-09 9.032756839683287603e-03
5.418060200668895740e-09 4.765723432477949641e-03
5.518394648829430494e-09 3.615360456947142639e-03
5.618729096989966075e-09 1.093864204960810597e-02
5.719063545150500829e-09 1.137169536577838612e-02
5.819397993311035583e-09 9.492866251201239475e-03
5.919732441471571164e-09 1.198790676428940910e-02
6.020066889632105918e-09 4.165876481713834401e-03
6.120401337792641499e-09 6.189372317411724785e-03
6.220735785953176253e-09 8.476935194708571861e-03
6.321070234113711835e-09 1.023075325526918121e-02
6.421404682274246589e-09 6.529266649380803186e-03
6.521739130434781343e-09 1.086609460572354573e-02
6.622073578595316924e-09 8.339082313821383208e-03
6.722408026755851678e-09 7.058317839283787150e-03
6.822742474916387259e-09 9.486455661368294739e-03
6.923076923076922013e-09 1.043987685520926870e-02
7.023411371237457594e-09 1.438689740886417261e-02
7.123745819397992348e-09 1.419194186410803471e-02
7.224080267558527102e-09 6.052374687771871695e-03
7.324414715719062683e-09 1.020669719117409287e-02
7.424749163879597437e-09 1.387001923152934683e-02
7.525083612040133018e-09 3.729326866066618416e-03
7.625418060200667772e-09 2.838723829946912872e-03
7.725752508361202526e-09 3.831677705128298979e-03
7.826086956521737280e-09 1.178995657573417288e-02
7.926421404682273689e-09 8.580110840110776252e-03
8.026755852842808442e-09 1.255483325977618976e-02
8.127090301003343196e-09 3.836143629117067227e-03
8.227424749163877950e-09 5.613799651023011587e-03
8.327759197324414359e-09 9.370253862859546229e-03
8.428093645484949113e-09 9.204919424119988036e-03
8.528428093645483867e-09 1.055414646324397132e-02
8.628762541806018621e-09 9.154870323386764264e-03
8.729096989966553375e-09 1.091818619792700451e-02
8.829431438127089783e-09 5.031132237184755135e-03
8.929765886287624537e-09 1.426601090577898391e-02
9.030100334448159291e-09 6.221710434133297107e-03
9.130434782608694045e-09 1.042231456730028337e-02
9.230769230769228799e-09 5.304842845578557411e-03
9.331103678929765207e-09 5.197763962389913631e-03
9.431438127090299961e-09 1.004455150263305029e-02
9.531772575250834715e-09 7.001661635285398241e-03
9.632107023411369469e-09 4.644918162562086672e-03
9.732441471571904223e-09 9.421101662749368708e-03
9.832775919732440632e-09 1.141177427495491427e-02
9.933110367892975386e-09 1.264700559799679901e-02
1.003344481605351014e-08 4.345539449462414161e-03
1.013377926421404489e-08 6.527540539352730958e-03
1.023411371237458130e-08 2.164772578506743515e-03
1.033444816053511606e-08 5.485003341979828584e-03
1.043478260869565081e-08 9.241607012646622238e-03
1.053511705685618556e-08 9.529032491594837534e-03
1.063545150501672032e-08 3.050581894474465542e-03
1.073578595317725673e-08 1.082833678351415550e-02
1.083612040133779148e-08 5.372221607903759390e-03
1.093645484949832623e-08 1.115121262562787478e-02
1.103678929765886099e-08 7.549591519130852482e-03
1.113712374581939574e-08 1.739339547577498871e-03
1.123745819397993215e-08 9.376052227242439446e-03
1.133779264214046690e-08 7.713108418809911868e-03
1.143812709030100166e-08 1.276593927130037585e-03
1.153846153846153641e-08 8.064242764314904013e-03
1.163879598662207117e-08 3.802277869640649163e-03
1.173913043478260757e-08 9.027615405274819899e-03
1.183946488294314233e-08 8.399107450466946137e-03
1.193979933110367708e-08 4.517438116236285710e-03
1.204013377926421184e-08 4.362308839208783699e-03
1.214046822742474824e-08 4.470041567117855399e-03
1.224080267558528300e-08 4.503671159304926778e-03
1.234113712374581775e-08 6.972563633332963529e-03
1.244147157190635251e-08 8.497361781079204937e-03
1.254180602006688726e-08 8.964289893907526410e-03
1.264214046822742367e-08 6.439239287251951639e-03
1.274247491638795842e-08 8.629945926082826721e-03
1.284280936454849318e-08 1.153120022149103398e-02
1.294314381270902793e-08 4.494852666196006048e-03
1.304347826086956269e-08 9.584661047138979748e-03
1.314381270903009909e-08 1.658944556531841098e-03
1.324414715719063385e-08 1.382126686004561764e-03
1.334448160535116860e-08 1.825267057852855354e-02
1.344481605351170336e-08 7.996514791871240160e-03
1.354515050167223811e-08 6.955411341422272284e-03
1.364548494983277452e-08 9.856708289774846962e-03
1.374581939799330927e-08 9.090094757265998124e-03
1.384615384615384403e-08 1.080835313956532602e-02
1.394648829431437878e-08 5.892362453598291687e-03
1.404682274247491519e-08 9.748800411829102244e-03
1.414715719063544994e-08 7.522859363694352208e-03
1.424749163879598470e-08 1.131667519528310219e-02
1.434782608695651945e-08 9.497043582493331498e-03
1.444816053511705420e-08 7.999971936976031303e-03
1.454849498327759061e-08 6.676176732317786952e-03
1.464882943143812537e-08 7.955330639694042569e-03
1.474916387959866012e-08 1.155548428572767024e-02
1.484949832775919487e-08 5.636402161840103377e-03
1.494983277591973128e-08 6.624748113236329783e-03
1.505016722408026604e-08 1.271973425487249627e-02
1.515050167224080079e-08 6.793081782261807706e-03
1.525083612040133554e-08 7.988174693779648977e-03
1.535117056856187030e-08 6.496272666023261699e-03
1.545150501672240505e-08 1.541339355313351388e-02
1.555183946488293981e-08 1.624009554649581688e-02
1.565217391304347456e-08 9.191442372978491163e-03
1.575250836120401262e-08 9.331499876922782696e-03
1.585284280936454738e-08 3.590577918560831742e-03
1.595317725752508213e-08 4.776920461528376752e-03
1.605351170568561688e-08 1.017585312042456995e-02
1.615384615384615164e-08 2.597262655307830490e-03
1.625418060200668639e-08 6.127410137510581715e-03
1.635451505016722115e-08 7.624534307655960255e-03
1.645484949832775590e-08 7.580987847730216722e-03
1.655518394648829065e-08 9.551592794387586335e-03
1.665551839464882872e-08 5.801927354762851166e-03
1.675585284280936347e-08 6.334466269142476937e-03
1.685618729096989823e-08 5.776393424651983174e-03
1.695652173913043298e-08 6.938759192015542428e-03
1.705685618729096773e-08 6.141410346576321386e-03
1.715719063545150249e-08 7.370804228646199961e-03
1.725752508361203724e-08 1.306766838671370203e-02
1.735785953177257200e-08 3.920083099377264652e-03
1.745819397993310675e-08 1.079626027675626918e-02
1.755852842809364150e-08 8.062224368320149983e-04
1.765886287625417957e-08 8.610118946167363146e-03
1.775919732441471432e-08 1.019067783667464491e-03
1.785953177257524907e-08 6.604018147636179885e-03
1.795986622073578383e-08 3.931898624375768612e-03
1.806020066889631858e-08 6.246566024328359910e-03
1.816053511705685334e-08 1.139646591756973519e-02
1.826086956521738809e-08 7.029535145911720156e-03
1.836120401337792284e-08 1.018637238185751259e-03
1.846153846153845760e-08 3.417606540841128075e-03
1.856187290969899566e-08 8.883627000786997047e-03
1.866220735785953041e-08 7.247214737143711609e-03
1.876254180602006517e-08 2.851024276710243874e-03
1.886287625418059992e-08 5.122170908547393244e-03
1.896321070234113468e-08 7.501467838973678234e-03
1.906354515050166943e-08 2.464035166807319096e-03
1.916387959866220418e-08 3.842568953551595522e-03
1.926421404682273894e-08 5.720470955206515516e-03
1.936454849498327369e-08 5.035178107265420033e-03
1.946488294314380845e-08 1.655537019530662138e-03
1.956521739130434651e-08 1.699627100075146516e-02
1.966555183946488126e-08 8.011902286068378620e-03
1.976588628762541602e-08 6.056779023635868418e-03
1.986622073578595077e-08 6.017675757176690378e-03
1.996655518394648553e-08 7.581722613192209623e-03
2.006688963210702028e-08 8.005683625031956296e-03
2.016722408026755503e-08 8.896025364155965912e-03
2.026755852842808979e-08 1.316404849027293100e-02
2.036789297658862454e-08 4.628813183700043743e-03
2.046822742474916260e-08 8.989448284212260207e-03
2.056856187290969736e-08 2.315905316752537441e-03
2.066889632107023211e-08 4.738495434764409923e-03
2.076923076923076687e-08 7.437460037075883067e-03
2.086956521739130162e-08 6.615902213822326058e-03
2.096989966555183637e-08 7.498867881050572982e-03
2.107023411371237113e-08 7.286000235244829634e-03
2.117056856187290588e-08 1.038822652416784148e-02
2.127090301003344064e-08 1.183254203526653246e-02
2.137123745819397539e-08 3.492167392976079209e-03
2.147157190635451345e-08 8.726099616917700266e-03
2.157190635451504821e-08 6.098446488245019489e-03
2.167224080267558296e-08 4.670091040557980064e-03
2.177257525083611771e-08 4.442042619145583973e-03
2.187290969899665247e-08 4.855125454308756479e-03
2.197324414715718722e-08 1.051699904950695146e-02
2.207357859531772198e-08 8.797526924831648720e-03
2.217391304347825673e-08 2.894137800733324016e-03
2.227424749163879148e-08 8.983887351767513851e-03
2.237458193979932955e-08 3.976395410512170020e-03
2.247491638795986430e-08 1.053260989029853462e-02
2.257525083612039905e-08 8.444764836069852676e-03
2.267558528428093381e-08 1.137574040021863304e-02
2.277591973244146856e-08 3.895060290712557861e-03
2.287625418060200332e-08 9.806243401486898492e-03
2.297658862876253807e-08 9.472093211913952537e-03
2.307692307692307282e-08 1.230986251172131243e-02
2.317725752508360758e-08 1.138733515678645378e-02
2.327759197324414233e-08 6.003584666482525596e-03
2.337792642140468040e-08 4.392769866898777950e-03
2.347826086956521515e-08 4.872850449086227158e-03
2.357859531772574990e-08 5.762762575209328351e-03
2.367892976588628466e-08 8.991665372051487956e-03
2.377926421404681941e-08 9.034013411872402963e-03
2.387959866220735417e-08 1.004513941859382781e-02
2.397993311036788892e-08 4.335287096403450495e-03
2.408026755852842367e-08 7.007254226409655867e-03
2.418060200668895843e-08 8.277300477448214233e-03
2.428093645484949649e-08 5.698473862240056170e-03
2.438127090301003124e-08 1.198624821831727194e-02
2.448160535117056600e-08 6.104270140607305495e-03
2.458193979933110075e-08 1.176713551944398584e-02
2.468227424749163551e-08 1.165398372494027071e-02
2.478260869565217026e-08 4.997348794323509293e-03
2.488294314381270501e-08 4.210026990815814336e-03
2.498327759197323977e-08 3.882033589684726407e-03
2.508361204013377452e-08 1.432752292208700623e-02
2.518394648829430928e-08 9.622188535792820102e-03
2.528428093645484734e-08 1.576307788063416662e-02
2.538461538461538209e-08 7.787920802795651395e-03
2.548494983277591685e-08 6.158142063645653981e-03
2.558528428093645160e-08 -2.782320859743687719e-03
2.568561872909698635e-08 1.273188286539652346e-02
2.578595317725752111e-08 8.035964846345194923e-03
2.588628762541805586e-08 7.494468725379210480e-03
2.598662207357859062e-08 1.231258465182790383e-02
2.608695652173912537e-08 6.208145454286865920e-03
2.618729096989966343e-08 1.319264371951171105e-02
2.628762541806019819e-08 1.103977609767028446e-02
2.638795986622073294e-08 1.079123452919820286e-02
2.648829431438126769e-08 5.330650472133324769e-03
2.658862876254180245e-08 8.613574738062224762e-03
2.668896321070233720e-08 1.291696109464077376e-02
2.678929765886287196e-08 1.158617224237510832e-02
2.688963210702340671e-08 1.114306747367130312e-02
2.698996655518394146e-08 1.395304195312766123e-02
2.709030100334447622e-08 8.789563580449466507e-03
2.719063545150501428e-08 1.072117988088485720e-02
2.729096989966554904e-08 6.225826562227720386e-03
2.739130434782608379e-08 5.325078799581125719e-03
2.749163879598661854e-08 1.022662807732150833e-02
2.759197324414715330e-08 1.222805905550557182e-02
2.769230769230768805e-08 1.081279122811146243e-02
2.779264214046822281e-08 9.694397897255837768e-03
2.789297658862875756e-08 1.410578072752334024e-02
2.799331103678929231e-08 9.749447281767508258e-03
2.809364548494983038e-08 5.854206111450798930e-03
2.819397993311036513e-08 9.592159158737546820e-03
2.829431438127089988e-08 9.364982810667284163e-03
2.839464882943143464e-08 7.012155452035034355e-03
2.849498327759196939e-08 7.166029773195443410e-03
2.859531772575250415e-08 6.675155814444812263e-03
2.869565217391303890e-08 1.161794814494808772e-02
2.879598662207357365e-08 1.311769318876687684e-02
2.889632107023410841e-08 7.554325916306850464e-03
2.899665551839464316e-08 1.192419363336887257e-02
2.909698996655518122e-08 1.629851668287387451e-02
2.919732441471571598e-08 6.104389736971184595e-03
2.929765886287625073e-08 6.323731674517048956e-03
2.939799331103678549e-08 5.856135981862962622e-03
2.949832775919732024e-08 1.080255877659606727e-02
2.959866220735785499e-08 8.808833721760129382e-03
2.969899665551838975e-08 5.210873443456666768e-03
2.979933110367892450e-08 6.514142863565615393e-03
2.989966555183946256e-08 9.189346067803097484e-03
2.999999999999999732e-08 9.207045602920975805e-03
