0.000000000000000000e+00 9.999999999999995559e-01
1.003344481605351029e-10 9.995793139980863051e-01
2.006688963210702059e-10 9.983194156907450045e-01
3.010033444816052959e-10 9.962267654681277174e-01
4.013377926421404118e-10 9.933120685120766513e-01
5.016722408026755277e-10 9.895901823433366218e-01
6.020066889632105918e-10 9.850799888767509671e-01
7.023411371237457594e-10 9.798042324490763288e-01
8.026755852842808236e-10 9.737893256679888143e-01
9.030100334448158877e-10 9.670651252896117489e-01
1.003344481605351055e-09 9.596646806606833335e-01
1.103678929765886223e-09 9.516239575559246600e-01
1.204013377926421184e-09 9.429815404974595250e-01
1.304347826086956351e-09 9.337783168579986137e-01
1.404682274247491519e-09 9.240571462203031050e-01
1.505016722408026480e-09 9.138625185902067294e-01
1.605351170568561647e-09 9.032402051379037067e-01
1.705685618729096815e-09 8.922369051717280453e-01
1.806020066889631775e-09 8.808998930303372221e-01
1.906354515050166943e-09 8.692766685139214911e-01
2.006688963210702111e-09 8.574146143642437101e-01
2.107023411371237278e-09 8.453606641491602236e-01
2.207357859531772446e-09 8.331609837124851481e-01
2.307692307692307200e-09 8.208606691180226900e-01
2.408026755852842367e-09 8.085034637510928324e-01
2.508361204013377535e-09 7.961314969462061075e-01
2.608695652173912702e-09 7.837850461903728139e-01
2.709030100334447870e-09 7.715023246127793444e-01
2.809364548494983038e-09 7.593192951184174477e-01
2.909698996655517792e-09 7.472695121610153368e-01
3.010033444816052959e-09 7.353839917846138885e-01
3.110367892976588127e-09 7.236911101987271167e-01
3.210702341137123294e-09 7.122165307943564283e-01
3.311036789297658462e-09 7.009831591622728286e-01
3.411371237458193629e-09 6.900111253455981641e-01
3.511705685618728797e-09 6.793177922502540156e-01
3.612040133779263551e-09 6.689177888532558125e-01
3.712374581939798719e-09 6.588230665936285479e-01
3.812709030100333886e-09 6.490429771069331499e-01
3.913043478260868640e-09 6.395843692744638265e-01
4.013377926421404221e-09 6.304517034039701651e-01
4.113712374581938975e-09 6.216471802415740600e-01
4.214046822742474556e-09 6.131708824350229348e-01
4.314381270903009310e-09 6.050209260266272704e-01
4.414715719063544892e-09 5.971936195495994859e-01
4.515050167224079646e-09 5.896836283329376371e-01
4.615384615384614399e-09 5.824841416857963194e-01
4.715719063545149981e-09 5.755870407302672298e-01
4.816053511705684735e-09 5.689830647790127260e-01
4.916387959866220316e-09 5.626619743081765490e-01
5.016722408026755070e-09 5.566127087530458040e-01
5.117056856187290651e-09 5.508235375503217623e-01
5.217391304347825405e-09 5.452822030626748306e-01
5.317725752508360159e-09 5.399760542444276279e-01
5.418060200668895740e-09 5.348921701375723980e-01
5.518394648829430494e-09 5.300174725207386084e-01
5.618729096989966075e-09 5.253388272660867164e-01
5.719063545150500829e-09 5.208431341864547814e-01
5.819397993311035583e-09 5.165174053736685256e-01
5.919732441471571164e-09 5.123488322352462987e-01
6.020066889632105918e-09 5.083248416276012760e-01
6.120401337792641499e-09 5.044331416564253878e-01
6.220735785953176253e-09 5.006617578668514090e-01
6.321070234113711835e-09 4.969990606751961137e-01
6.421404682274246589e-09 4.934337849991198288e-01
6.521739130434781343e-09 4.899550431228151814e-01
6.622073578595316924e-09 4.865523318878300918e-01
6.722408026755851678e-09 4.832155353282592269e-01
6.822742474916387259e-09 4.799349238717090516e-01
6.923076923076922013e-09 4.767011512055325806e-01
7.023411371237457594e-09 4.735052498626258211e-01
7.123745819397992348e-09 4.703386265143000844e-01
7.224080267558527102e-09 4.671930578714261206e-01
7.324414715719062683e-09 4.640606879916056582e-01
7.424749163879597437e-09 4.609340276721599072e-01
7.525083612040133018e-09 4.578059564791389091e-01
7.625418060200667772e-09 4.546697278243198026e-01
7.725752508361202526e-09 4.515189773584165067e-01
7.826086956521737280e-09 4.483477348025982634e-01
7.926421404682273689e-09 4.451504391950364403e-01
8.026755852842808442e-09 4.419219573876249085e-01
8.127090301003343196e-09 4.386576054931462521e-01
8.227424749163877950e-09 4.353531728577206827e-01
8.327759197324414359e-09 4.320049480198696057e-01
8.428093645484949113e-09 4.286097460181557128e-01
8.528428093645483867e-09 4.251649363260456282e-01
8.628762541806018621e-09 4.216684706269304694e-01
8.729096989966553375e-09 4.181189095953224411e-01
8.829431438127089783e-09 4.145154478229471362e-01
8.929765886287624537e-09 4.108579360211681020e-01
9.030100334448159291e-09 4.071468996439502330e-01
9.130434782608694045e-09 4.033835531080150472e-01
9.230769230769228799e-09 3.995698088382172997e-01
9.331103678929765207e-09 3.957082804353889149e-01
9.431438127090299961e-09 3.918022793494969624e-01
9.531772575250834715e-09 3.878558045412306421e-01
9.632107023411369469e-09 3.838735247280581353e-01
9.732441471571904223e-09 3.798607529341508915e-01
9.832775919732440632e-09 3.758234131949602652e-01
9.933110367892975386e-09 3.717679994041142022e-01
1.003344481605351014e-08 3.677015264300476094e-01
1.013377926421404489e-08 3.636314737697467492e-01
1.023411371237458130e-08 3.595657221445248131e-01
1.033444816053511606e-08 3.555124835752765389e-01
1.043478260869565081e-08 3.514802255997199754e-01
1.053511705685618556e-08 3.474775904094125623e-01
1.063545150501672032e-08 3.435133097876983399e-01
1.073578595317725673e-08 3.395961168193292745e-01
1.083612040133779148e-08 3.357346554166797947e-01
1.093645484949832623e-08 3.319373887649023636e-01
1.103678929765886099e-08 3.282125078280395680e-01
1.113712374581939574e-08 3.245678410793164104e-01
1.123745819397993215e-08 3.210107666212176913e-01
1.133779264214046690e-08 3.175481278445038136e-01
1.143812709030100166e-08 3.141861537403210503e-01
1.153846153846153641e-08 3.109303849266766839e-01
1.163879598662207117e-08 3.077856063807029030e-01
1.173913043478260757e-08 3.047557877825675110e-01
1.183946488294314233e-08 3.018440322770926665e-01
1.193979933110367708e-08 2.990525343468476427e-01
1.204013377926421184e-08 2.963825473676096611e-01
1.214046822742474824e-08 2.938343612857270415e-01
1.224080267558528300e-08 2.914072907192802320e-01
1.234113712374581775e-08 2.890996736433155689e-01
1.244147157190635251e-08 2.869088806761481703e-01
1.254180602006688726e-08 2.848313348411291579e-01
1.264214046822742367e-08 2.828625415386349928e-01
1.274247491638795842e-08 2.809971283285699895e-01
1.284280936454849318e-08 2.792288939964495120e-01
1.294314381270902793e-08 2.775508662581051555e-01
1.304347826086956269e-08 2.759553673509385074e-01
1.314381270903009909e-08 2.744340866650040733e-01
1.324414715719063385e-08 2.729781594862992211e-01
1.334448160535116860e-08 2.715782508585297128e-01
1.344481605351170336e-08 2.702246435190709395e-01
1.354515050167223811e-08 2.689073288303461817e-01
1.364548494983277452e-08 2.676160996096209055e-01
1.374581939799330927e-08 2.663406437581811170e-01
1.384615384615384403e-08 2.650706376047137769e-01
1.394648829431437878e-08 2.637958379068215953e-01
1.404682274247491519e-08 2.625061714981557492e-01
1.414715719063544994e-08 2.611918216255760816e-01
1.424749163879598470e-08 2.598433100897860615e-01
1.434782608695651945e-08 2.584515743826071299e-01
1.444816053511705420e-08 2.570080391028785050e-01
1.454849498327759061e-08 2.555046810292085913e-01
1.464882943143812537e-08 2.539340873296954681e-01
1.474916387959866012e-08 2.522895064944692400e-01
1.484949832775919487e-08 2.505648916846628937e-01
1.494983277591973128e-08 2.487549362994010416e-01
1.505016722408026604e-08 2.468551016688442790e-01
1.515050167224080079e-08 2.448616368846013858e-01
1.525083612040133554e-08 2.427715908773484532e-01
1.535117056856187030e-08 2.405828169438794240e-01
1.545150501672240505e-08 2.382939700107825076e-01
1.555183946488293981e-08 2.359044969984245566e-01
1.565217391304347456e-08 2.334146207160371633e-01
1.575250836120401262e-08 2.308253177757436936e-01
1.585284280936454738e-08 2.281382910598767355e-01
1.595317725752508213e-08 2.253559373116249265e-01
1.605351170568561688e-08 2.224813104438801148e-01
1.615384615384615164e-08 2.195180811752474870e-01
1.625418060200668639e-08 2.164704936058886864e-01
1.635451505016722115e-08 2.133433193396993277e-01
1.645484949832775590e-08 2.101418097439564092e-01
1.655518394648829065e-08 2.068716469138423553e-01
1.665551839464882872e-08 2.035388938781013124e-01
1.675585284280936347e-08 2.001499445445753811e-01
1.685618729096989823e-08 1.967114738416144148e-01
1.695652173913043298e-08 1.932303884645555359e-01
1.705685618729096773e-08 1.897137785868119597e-01
1.715719063545150249e-08 1.861688708438184459e-01
1.725752508361203724e-08 1.826029828463276994e-01
1.735785953177257200e-08 1.790234794284726871e-01
1.745819397993310675e-08 1.754377307866758773e-01
1.755852842809364150e-08 1.718530726188627622e-01
1.765886287625417957e-08 1.682767683304025041e-01
1.775919732441471432e-08 1.647159733344916166e-01
1.785953177257524907e-08 1.611777014409315478e-01
1.795986622073578383e-08 1.576687932988978524e-01
1.806020066889631858e-08 1.541958868366737900e-01
1.816053511705685334e-08 1.507653896245976788e-01
1.826086956521738809e-08 1.473834530766666151e-01
1.836120401337792284e-08 1.440559484012241542e-01
1.846153846153845760e-08 1.407884442116683898e-01
1.856187290969899566e-08 1.375861857137547495e-01
1.866220735785953041e-08 1.344540753963222590e-01
1.876254180602006517e-08 1.313966551665276539e-01
1.886287625418059992e-08 1.284180898882320010e-01
1.896321070234113468e-08 1.255221523022754804e-01
1.906354515050166943e-08 1.227122093291903582e-01
1.916387959866220418e-08 1.199912097775907571e-01
1.926421404682273894e-08 1.173616735041892040e-01
1.936454849498327369e-08 1.148256820932885003e-01
1.946488294314380845e-08 1.123848711438699549e-01
1.956521739130434651e-08 1.100404242702892610e-01
1.966555183946488126e-08 1.077930689374108630e-01
1.976588628762541602e-08 1.056430742621430191e-01
1.986622073578595077e-08 1.035902509202798194e-01
1.996655518394648553e-08 1.016339532998909584e-01
2.006688963210702028e-08 9.977308403994905595e-02
2.016722408026755503e-08 9.800610108527119113e-02
2.026755852842808979e-08 9.633102737613705169e-02
2.036789297658862454e-08 9.474546327321148320e-02
2.046822742474916260e-08 9.324660179585422815e-02
2.056856187290969736e-08 9.183124672486892015e-02
2.066889632107023211e-08 9.049583358966376001e-02
2.076923076923076687e-08 8.923645352521501761e-02
2.086956521739130162e-08 8.804887994676298402e-02
2.096989966555183637e-08 8.692859795054780347e-02
2.107023411371237113e-08 8.587083630787188671e-02
2.117056856187290588e-08 8.487060187817682677e-02
2.127090301003344064e-08 8.392271622548916343e-02
2.137123745819397539e-08 8.302185418237548187e-02
2.147157190635451345e-08 8.216258406730107822e-02
2.157190635451504821e-08 8.133940922582885702e-02
2.167224080267558296e-08 8.054681053420581494e-02
2.177257525083611771e-08 7.977928947628752654e-02
2.187290969899665247e-08 7.903141138208694128e-02
2.197324414715718722e-08 7.829784839906933636e-02
2.207357859531772198e-08 7.757342175610944246e-02
2.217391304347825673e-08 7.685314287513017595e-02
2.227424749163879148e-08 7.613225288709737915e-02
2.237458193979932955e-08 7.540626011736385748e-02
2.247491638795986430e-08 7.467097512033470108e-02
2.257525083612039905e-08 7.392254286493329940e-02
2.267558528428093381e-08 7.315747170013348066e-02
2.277591973244146856e-08 7.237265876351817173e-02
2.287625418060200332e-08 7.156541153495338259e-02
2.297658862876253807e-08 7.073346528145182943e-02
2.307692307692307282e-08 6.987499618747083918e-02
2.317725752508360758e-08 6.898863001650813731e-02
2.327759197324414233e-08 6.807344620411365232e-02
2.337792642140468040e-08 6.712897733847500437e-02
2.347826086956521515e-08 6.615520404167438140e-02
2.357859531772574990e-08 6.515254532165065671e-02
2.367892976588628466e-08 6.412184452094053799e-02
2.377926421404681941e-08 6.306435104253130253e-02
2.387959866220735417e-08 6.198169808479068316e-02
2.397993311036788892e-08 6.087587666565407590e-02
2.408026755852842367e-08 5.974920626030749693e-02
2.418060200668895843e-08 5.860430241585559696e-02
2.428093645484949649e-08 5.744404174033702903e-02
2.438127090301003124e-08 5.627152469147342351e-02
2.448160535117056600e-08 5.509003661234815330e-02
2.458193979933110075e-08 5.390300747654935137e-02
2.468227424749163551e-08 5.271397081403364493e-02
2.478260869565217026e-08 5.152652229104617843e-02
2.488294314381270501e-08 5.034427841294959738e-02
2.498327759197323977e-08 4.917083580796387243e-02
2.508361204013377452e-08 4.800973153289818385e-02
2.518394648829430928e-08 4.686440481935805202e-02
2.528428093645484734e-08 4.573816065112165652e-02
2.538461538461538209e-08 4.463413553095318953e-02
2.548494983277591685e-08 4.355526575869024530e-02
2.558528428093645160e-08 4.250425850268035877e-02
2.568561872909698635e-08 4.148356590426937468e-02
2.578595317725752111e-08 4.049536241080262805e-02
2.588628762541805586e-08 3.954152548724414185e-02
2.598662207357859062e-08 3.862361981079862061e-02
2.608695652173912537e-08 3.774288500756713127e-02
2.618729096989966343e-08 3.690022694598533298e-02
2.628762541806019819e-08 3.609621255923855382e-02
2.638795986622073294e-08 3.533106812862702589e-02
2.648829431438126769e-08 3.460468092250841565e-02
2.658862876254180245e-08 3.391660405143831492e-02
2.668896321070233720e-08 3.326606436985406895e-02
2.678929765886287196e-08 3.265197322840496935e-02
2.688963210702340671e-08 3.207293985903831440e-02
2.698996655518394146e-08 3.152728715733497944e-02
2.709030100334447622e-08 3.101306961338694962e-02
2.719063545150501428e-08 3.052809313367501470e-02
2.729096989966554904e-08 3.006993649180935216e-02
2.739130434782608379e-08 2.963597414543047565e-02
2.749163879598661854e-08 2.922340015975848082e-02
2.759197324414715330e-08 2.882925298488754617e-02
2.769230769230768805e-08 2.845044084355973640e-02
2.779264214046822281e-08 2.808376749839071318e-02
2.789297658862875756e-08 2.772595818189407813e-02
2.799331103678929231e-08 2.737368548868604479e-02
2.809364548494983038e-08 2.702359504645548277e-02
2.819397993311036513e-08 2.667233080017560737e-02
2.829431438127089988e-08 2.631655976213852915e-02
2.839464882943143464e-08 2.595299609827197637e-02
2.849498327759196939e-08 2.557842443843294511e-02
2.859531772575250415e-08 2.518972231460135311e-02
2.869565217391303890e-08 2.478388164579802683e-02
2.879598662207357365e-08 2.435802920186384141e-02
2.889632107023410841e-08 2.390944598976114596e-02
2.899665551839464316e-08 2.343558551565554440e-02
2.909698996655518122e-08 2.293409088363640089e-02
2.919732441471571598e-08 2.240281069753189552e-02
2.929765886287625073e-08 2.183981373592504965e-02
2.939799331103678549e-08 2.124340237230477879e-02
2.949832775919732024e-08 2.061212471246051670e-02
2.959866220735785499e-08 1.994478541998159771e-02
2.969899665551838975e-08 1.924045519832027346e-02
2.979933110367892450e-08 1.849847889462796074e-02
2.989966555183946256e-08 1.771848218680944359e-02
2.999999999999999732e-08 1.690037681131302885e-02
