0.000000000000000000e+00 9.999999999999995559e-01
1.003344481605351029e-10 8.223246920221102471e-03
2.006688963210702059e-10 1.303409459931873134e-02
3.010033444816052959e-10 1.560713550992254457e-02
4.013377926421404118e-10 9.572147282216378339e-03
5.016722408026755277e-10 2.319462287543354578e-03
6.020066889632105918e-10 8.227684404874783738e-03
7.023411371237457594e-10 6.474575902038813210e-03
8.026755852842808236e-10 2.865274069948471614e-03
9.030100334448158877e-10 8.682494116668512327e-03
1.003344481605351055e-09 3.060454347865257212e-03
1.103678929765886223e-09 1.085127718323911084e-02
1.204013377926421184e-09 5.447656655941509815e-03
1.304347826086956351e-09 4.889302232999739178e-03
1.404682274247491519e-09 7.564161363098065305e-03
1.505016722408026480e-09 5.332608011772680019e-03
1.605351170568561647e-09 3.832086345965178120e-03
1.705685618729096815e-09 9.498706097374800053e-03
1.806020066889631775e-09 1.032281364590874502e-02
1.906354515050166943e-09 5.950653942882404290e-03
2.006688963210702111e-09 8.988061726684289446e-03
2.107023411371237278e-09 5.944562399213040686e-03
2.207357859531772446e-09 1.120984040442984941e-02
2.307692307692307200e-09 6.623306803163428805e-03
2.408026755852842367e-09 1.238244438669607039e-02
2.508361204013377535e-09 1.212527692660202768e-03
2.608695652173912702e-09 -3.193867888535770107e-03
2.709030100334447870e-09 7.588215679154193538e-03
2.809364548494983038e-09 2.063898791792516309e-03
2.909698996655517792e-09 6.323615459495102870e-03
3.010033444816052959e-09 1.196313117689376190e-02
3.110367892976588127e-09 -2.397512075392929827e-03
3.210702341137123294e-09 6.700063381104204643e-03
3.311036789297658462e-09 1.063648949145589578e-02
3.411371237458193629e-09 6.966506734181816818e-03
3.511705685618728797e-09 9.173138251827887488e-03
3.612040133779263551e-09 1.450306730476644615e-02
3.712374581939798719e-09 6.048258098887629788e-03
3.812709030100333886e-09 6.324045838821399854e-03
3.913043478260868640e-09 6.503428114692057400e-03
4.013377926421404221e-09 8.210092134312570178e-03
4.113712374581938975e-09 9.840186794726871883e-03
4.214046822742474556e-09 3.036885603569355538e-03
4.314381270903009310e-09 5.588059246487490396e-03
4.414715719063544892e-09 1.215022569075534416e-02
4.515050167224079646e-09 2.243659379913060924e-03
4.615384615384614399e-09 5.491962570644294377e-03
4.715719063545149981e-09 8.402133714192528899e-03
4.816053511705684735e-09 1.474585825018641730e-02
4.916387959866220316e-09 1.303607952015623656e-02
5.016722408026755070e-09 8.657619999342947015e-03
5.117056856187290651e-09 5.947118722066192797e-03
5.217391304347825405e-09 8.322825481670122899e-03
5.317725752508360159e-09 7.671465761783476285e-03
5.418060200668895740e-09 8.060717028984250992e-03
5.518394648829430494e-09 1.275749745976779113e-02
5.618729096989966075e-09 7.913823767695678246e-03
5.719063545150500829e-09 8.369987671399200732e-03
5.819397993311035583e-09 7.473473572857478910e-03
5.919732441471571164e-09 6.223183818257968514e-03
6.020066889632105918e-09 1.103980316859799228e-02
6.120401337792641499e-09 5.790914269758423369e-03
6.220735785953176253e-09 8.401273198626301938e-03
6.321070234113711835e-09 8.664629817604714915e-03
6.421404682274246589e-09 4.444301869381837682e-03
6.521739130434781343e-09 7.648853971918367564e-03
6.622073578595316924e-09 9.511394209118133672e-03
6.722408026755851678e-09 1.294671114863142451e-02
6.822742474916387259e-09 3.801307967199169576e-03
6.923076923076922013e-09 4.537725005849826965e-03
7.023411371237457594e-09 6.901936101196804417e-03
7.123745819397992348e-09 5.002235942812793823e-03
7.224080267558527102e-09 1.174487096863013891e-02
7.324414715719062683e-09 7.932091009266195938e-03
7.424749163879597437e-09 9.014790387983442205e-03
7.525083612040133018e-09 7.964924358847744884e-03
7.625418060200667772e-09 1.015213212378571206e-02
7.725752508361202526e-09 3.651640516773713499e-03
7.826086956521737280e-09 1.060394823230611204e-02
7.926421404682273689e-09 5.027285632031959148e-04
8.026755852842808442e-09 4.169488376759747372e-03
8.127090301003343196e-09 1.313451003106446031e-02
8.227424749163877950e-09 5.379941152399527089e-03
8.327759197324414359e-09 1.384753394558086922e-02
8.428093645484949113e-09 2.223412118154988529e-03
8.528428093645483867e-09 3.188599317968948774e-03
8.628762541806018621e-09 9.437511493392244585e-03
8.729096989966553375e-09 5.901813058214043506e-03
8.829431438127089783e-09 2.423913787376638478e-03
8.929765886287624537e-09 3.241272856212095051e-03
9.030100334448159291e-09 7.821864066328764950e-03
9.130434782608694045e-09 1.075125523985603210e-02
9.230769230769228799e-09 7.927253059562405779e-03
9.331103678929765207e-09 1.162848722671012795e-02
9.431438127090299961e-09 7.154060878943400113e-03
9.531772575250834715e-09 6.937868301810445372e-03
9.632107023411369469e-09 6.077862267851130880e-03
9.732441471571904223e-09 1.234785243147169462e-02
9.832775919732440632e-09 6.082343019349380209e-03
9.933110367892975386e-09 3.628418441093990768e-03
1.003344481605351014e-08 -1.622763503601283228e-04
1.013377926421404489e-08 4.756681432859500430e-03
1.023411371237458130e-08 1.065277550814212708e-02
1.033444816053511606e-08 6.024581977596197777e-03
1.043478260869565081e-08 7.708996254329653769e-03
1.053511705685618556e-08 6.424834787138946832e-03
1.063545150501672032e-08 7.868202752173616282e-03
1.073578595317725673e-08 1.381692571591683176e-02
1.083612040133779148e-08 2.910077942880672907e-03
1.093645484949832623e-08 1.136762854660867267e-02
1.103678929765886099e-08 1.423782829543821654e-02
1.113712374581939574e-08 6.385524865875328963e-03
1.123745819397993215e-08 8.879846042228571601e-03
1.133779264214046690e-08 1.160236085386568208e-02
1.143812709030100166e-08 3.743122397177140338e-03
1.153846153846153641e-08 5.790230619136004994e-03
1.163879598662207117e-08 5.029628016003665804e-03
1.173913043478260757e-08 7.490950185647292370e-03
1.183946488294314233e-08 1.074247459765956952e-02
1.193979933110367708e-08 9.985374894003988880e-03
1.204013377926421184e-08 1.294427645107282428e-02
1.214046822742474824e-08 5.371300149708226578e-03
1.224080267558528300e-08 1.084613559457868297e-02
1.234113712374581775e-08 8.867912893715005143e-03
1.244147157190635251e-08 8.909762664412429478e-03
1.254180602006688726e-08 5.060663989087280795e-03
1.264214046822742367e-08 4.622972950751242857e-03
1.274247491638795842e-08 1.059104682495268929e-02
1.284280936454849318e-08 1.122702740886156840e-02
1.294314381270902793e-08 8.351467634478668828e-03
1.304347826086956269e-08 4.365163994663358651e-03
1.314381270903009909e-08 1.150395106358369918e-02
1.324414715719063385e-08 5.353011130145449506e-03
1.334448160535116860e-08 1.506442503660090915e-02
1.344481605351170336e-08 1.140145146840651838e-02
1.354515050167223811e-08 6.935444996631180171e-03
1.364548494983277452e-08 1.129688630287111785e-02
1.374581939799330927e-08 6.387565329442152808e-03
1.384615384615384403e-08 8.652911897416175335e-03
1.394648829431437878e-08 7.981744087511868230e-03
1.404682274247491519e-08 8.771405903957227995e-03
1.414715719063544994e-08 6.231240074212258603e-03
1.424749163879598470e-08 1.299523261300221041e-02
1.434782608695651945e-08 3.862903813505290038e-03
1.444816053511705420e-08 9.119340932927676169e-03
1.454849498327759061e-08 8.099996916945677305e-03
1.464882943143812537e-08 4.520705459412927701e-03
1.474916387959866012e-08 1.401633499181034401e-02
1.484949832775919487e-08 7.242243312209453374e-03
1.494983277591973128e-08 3.820541749636620788e-03
1.505016722408026604e-08 1.283822378281421206e-02
1.515050167224080079e-08 1.308537882300023908e-02
1.525083612040133554e-08 6.049059062066691923e-03
1.535117056856187030e-08 1.030586315484518720e-02
1.545150501672240505e-08 1.211109230759575307e-02
1.555183946488293981e-08 1.199733162879693289e-02
1.565217391304347456e-08 1.209188889377585223e-02
1.575250836120401262e-08 1.442427383163906625e-02
1.585284280936454738e-08 7.843092467114518365e-03
1.595317725752508213e-08 1.058428287754051636e-02
1.605351170568561688e-08 2.083614175275788367e-03
1.615384615384615164e-08 1.508804157945933767e-03
1.625418060200668639e-08 5.563988383472565080e-03
1.635451505016722115e-08 7.849440216790194366e-03
1.645484949832775590e-08 8.991036423587171408e-03
1.655518394648829065e-08 8.002951136762304074e-03
1.665551839464882872e-08 4.161013258046592639e-03
1.675585284280936347e-08 9.233989893995091236e-03
1.685618729096989823e-08 1.365416716788294196e-02
1.695652173913043298e-08 1.099926315075287590e-02
1.705685618729096773e-08 6.346142307117743492e-03
1.715719063545150249e-08 7.030638364823650968e-03
1.725752508361203724e-08 1.130814404559880512e-02
1.735785953177257200e-08 6.804533724602347504e-03
1.745819397993310675e-08 6.991693718427234583e-03
1.755852842809364150e-08 6.466111609826870506e-03
1.765886287625417957e-08 6.133597355414211263e-03
1.775919732441471432e-08 1.443548142240999241e-02
1.785953177257524907e-08 5.957499662160816410e-03
1.795986622073578383e-08 3.952748398490808779e-03
1.806020066889631858e-08 4.917324638288786236e-03
1.816053511705685334e-08 9.451190429954223204e-03
1.826086956521738809e-08 7.994756816396103929e-03
1.836120401337792284e-08 7.372603732281410131e-03
1.846153846153845760e-08 5.270713898406444511e-03
1.856187290969899566e-08 7.247888081311030899e-03
1.866220735785953041e-08 1.362395773845249437e-02
1.876254180602006517e-08 7.378510645854244668e-03
1.886287625418059992e-08 8.264017948785859144e-03
1.896321070234113468e-08 5.189884483358318291e-03
1.906354515050166943e-08 5.565104920581569713e-03
1.916387959866220418e-08 1.331821685731880353e-02
1.926421404682273894e-08 7.993953550290627125e-03
1.936454849498327369e-08 4.986355390828396163e-03
1.946488294314380845e-08 4.408061931472147255e-03
1.956521739130434651e-08 1.210649750108462250e-02
1.966555183946488126e-08 1.007358204797850938e-02
1.976588628762541602e-08 1.062974638005745494e-02
1.986622073578595077e-08 1.092099959908061045e-02
1.996655518394648553e-08 8.965128988618255995e-03
2.006688963210702028e-08 1.401341864642472162e-03
2.016722408026755503e-08 5.890876008648013480e-03
2.026755852842808979e-08 7.179333382072022873e-03
2.036789297658862454e-08 6.152733107837780879e-03
2.046822742474916260e-08 1.112012967504249356e-02
2.056856187290969736e-08 2.555226774986031364e-03
2.066889632107023211e-08 9.758900220394830030e-03
2.076923076923076687e-08 9.562432065298248629e-03
2.086956521739130162e-08 6.387716105149154888e-03
2.096989966555183637e-08 9.508305004161507826e-03
2.107023411371237113e-08 9.589175219120404242e-03
2.117056856187290588e-08 7.528682421719562999e-03
2.127090301003344064e-08 1.086559086678280661e-02
2.137123745819397539e-08 1.052421157940364171e-02
2.147157190635451345e-08 9.116373092160441269e-03
2.157190635451504821e-08 7.532994730437698495e-03
2.167224080267558296e-08 2.259144999564127038e-03
2.177257525083611771e-08 6.490363006400013193e-03
2.187290969899665247e-08 7.151521067551569466e-03
2.197324414715718722e-08 6.569215467816883966e-03
2.207357859531772198e-08 9.569089547039093951e-03
2.217391304347825673e-08 1.128090324761338130e-02
2.227424749163879148e-08 9.194498887338878323e-03
2.237458193979932955e-08 7.479917964648117451e-03
2.247491638795986430e-08 1.000313172066475374e-02
2.257525083612039905e-08 5.900334803184748879e-03
2.267558528428093381e-08 1.043538715332542957e-02
2.277591973244146856e-08 1.107098121987554022e-02
2.287625418060200332e-08 4.343317288561143914e-04
2.297658862876253807e-08 4.267753013019313056e-03
2.307692307692307282e-08 6.012273372680856931e-03
2.317725752508360758e-08 1.176571440236928202e-02
2.327759197324414233e-08 6.295456584034159198e-03
2.337792642140468040e-08 9.317919587834183268e-03
2.347826086956521515e-08 7.264198165695998077e-03
2.357859531772574990e-08 3.738479426148902905e-04
2.367892976588628466e-08 9.496532780632879756e-03
2.377926421404681941e-08 7.829132766460392481e-03
2.387959866220735417e-08 9.903720827172149757e-03
2.397993311036788892e-08 1.143784185202732090e-02
2.408026755852842367e-08 1.224441880080449213e-02
2.418060200668895843e-08 6.152810963804971472e-03
2.428093645484949649e-08 8.545156766463305950e-03
2.438127090301003124e-08 7.394871341253285955e-03
2.448160535117056600e-08 7.059816114534987405e-03
2.458193979933110075e-08 4.804669429886600403e-03
2.468227424749163551e-08 3.037084047075021189e-03
2.478260869565217026e-08 1.090344704073364229e-02
2.488294314381270501e-08 5.067490190372463468e-03
2.498327759197323977e-08 6.255312398808797469e-03
2.508361204013377452e-08 1.087594168944076845e-02
2.518394648829430928e-08 6.445246083613561348e-03
2.528428093645484734e-08 7.957413229744584454e-03
2.538461538461538209e-08 1.272944683495218395e-02
2.548494983277591685e-08 1.186815637744498449e-02
2.558528428093645160e-08 1.203563659921507746e-02
2.568561872909698635e-08 1.596939616537439936e-03
2.578595317725752111e-08 4.275875042310436566e-03
2.588628762541805586e-08 5.642683542317325496e-03
2.598662207357859062e-08 1.435175109652349866e-02
2.608695652173912537e-08 6.331018372509203060e-03
2.618729096989966343e-08 8.410681429733243494e-03
2.628762541806019819e-08 5.043860043872859175e-03
2.638795986622073294e-08 8.818060751893418148e-03
2.648829431438126769e-08 -1.795632474446096040e-04
2.658862876254180245e-08 3.832660232695683355e-03
2.668896321070233720e-08 3.555264482899376122e-03
2.678929765886287196e-08 4.799665450492360264e-03
2.688963210702340671e-08 5.483430738290003860e-03
2.698996655518394146e-08 4.993782946964385808e-03
2.709030100334447622e-08 8.847723001861955081e-03
2.719063545150501428e-08 9.281078348487367333e-03
2.729096989966554904e-08 7.139632920080525580e-03
2.739130434782608379e-08 9.771170943981798140e-03
2.749163879598661854e-08 1.957533933539726007e-03
2.759197324414715330e-08 2.106404856274120274e-03
2.769230769230768805e-08 8.695336798863622513e-03
2.779264214046822281e-08 9.297228248881203236e-03
2.789297658862875756e-08 3.964827181075256113e-03
2.799331103678929231e-08 1.200883696276461472e-02
2.809364548494983038e-08 5.213691091152466116e-03
2.819397993311036513e-08 1.400996516157624466e-02
2.829431438127089988e-08 8.642555485938271942e-03
2.839464882943143464e-08 3.399747621861400320e-03
2.849498327759196939e-08 1.904123795960041988e-03
2.859531772575250415e-08 4.334200827379102589e-03
2.869565217391303890e-08 1.410504418724282082e-02
2.879598662207357365e-08 7.974544710731817226e-03
2.889632107023410841e-08 1.007401102370791314e-02
2.899665551839464316e-08 5.534999884290794751e-03
2.909698996655518122e-08 3.880890687155504927e-03
2.919732441471571598e-08 9.055846147898598958e-03
2.929765886287625073e-08 3.799753033441647786e-03
2.939799331103678549e-08 2.721765172066539090e-03
2.949832775919732024e-08 7.940998080166260242e-03
2.959866220735785499e-08 9.035094294295052328e-03
2.969899665551838975e-08 5.338010424835369812e-03
2.979933110367892450e-08 -2.060698026544961672e-03
2.989966555183946256e-08 5.928992133330581067e-03
2.999999999999999732e-08 -7.728023764579924427e-05
