0.000000000000000000e+00 9.999999999999995559e-01
1.003344481605351029e-10 9.603717842862175003e-01
2.006688963210702059e-10 8.596097620129597994e-01
3.010033444816052959e-10 7.386414519129032019e-01
4.013377926421404118e-10 6.337694695057607408e-01
5.016722408026755277e-10 5.593582212995460434e-01
6.020066889632105918e-10 5.105256449536881291e-01
7.023411371237457594e-10 4.755564627177357728e-01
8.026755852842808236e-10 4.442978311833334359e-01
9.030100334448158877e-10 4.102188843052538281e-01
1.003344481605351055e-09 3.714374435058505064e-01
1.103678929765886223e-09 3.319768896660276747e-01
1.204013377926421184e-09 2.993327065010775168e-01
1.304347826086956351e-09 2.778700741103517502e-01
1.404682274247491519e-09 2.641616241783629193e-01
1.505016722408026480e-09 2.494493491570513588e-01
1.605351170568561647e-09 2.266748219735758574e-01
1.705685618729096815e-09 1.951904698223593249e-01
1.806020066889631775e-09 1.599583452626049673e-01
1.906354515050166943e-09 1.276728182016511892e-01
2.006688963210702111e-09 1.032653477114305884e-01
2.107023411371237278e-09 8.796732717775741783e-02
2.207357859531772446e-09 7.904694795031559640e-02
2.307692307692307200e-09 7.165771484063090946e-02
2.408026755852842367e-09 6.220529753929993078e-02
2.508361204013377535e-09 5.069415846818593752e-02
2.608695652173912702e-09 3.990785381494880990e-02
2.709030100334447870e-09 3.234678104181889363e-02
2.809364548494983038e-09 2.792979612861067398e-02
2.909698996655517792e-09 2.420998873213824065e-02
3.010033444816052959e-09 1.831159989013094944e-02
3.110367892976588127e-09 8.900420844936101153e-03
3.210702341137123294e-09 -2.829399042809575132e-03
3.311036789297658462e-09 -1.359943441998737006e-02
3.411371237458193629e-09 -1.996660364210747080e-02
3.511705685618728797e-09 -2.068640738002279489e-02
3.612040133779263551e-09 -1.758945332070195947e-02
3.712374581939798719e-09 -1.404458831308834539e-02
3.812709030100333886e-09 -1.240558754461110365e-02
3.913043478260868640e-09 -1.274254552858485913e-02
4.013377926421404221e-09 -1.356773337811655218e-02
4.113712374581938975e-09 -1.333343002430388904e-02
4.214046822742474556e-09 -1.140902451341301027e-02
4.314381270903009310e-09 -8.356379560531597417e-03
4.414715719063544892e-09 -5.705746151063040804e-03
4.515050167224079646e-09 -5.079652149992727045e-03
4.615384615384614399e-09 -6.836443301015912057e-03
4.715719063545149981e-09 -9.369665070810079266e-03
4.816053511705684735e-09 -1.009803695326313457e-02
4.916387959866220316e-09 -7.523864628657808001e-03
5.016722408026755070e-09 -2.440551701319038438e-03
5.117056856187290651e-09 2.837081988379864042e-03
5.217391304347825405e-09 6.372813974573992429e-03
5.317725752508360159e-09 7.903223149781046092e-03
5.418060200668895740e-09 8.671829884581507691e-03
5.518394648829430494e-09 1.027685422232028044e-02
5.618729096989966075e-09 1.350554011178645847e-02
5.719063545150500829e-09 1.783816093904695699e-02
5.819397993311035583e-09 2.181100884076507887e-02
5.919732441471571164e-09 2.396096329573399464e-02
6.020066889632105918e-09 2.373237901091100610e-02
6.120401337792641499e-09 2.177453221243981496e-02
6.220735785953176253e-09 1.951442584129006730e-02
6.321070234113711835e-09 1.832478888119052837e-02
6.421404682274246589e-09 1.872498118772164544e-02
6.521739130434781343e-09 2.003220853909905286e-02
6.622073578595316924e-09 2.081314176395980889e-02
6.722408026755851678e-09 2.005190313284350295e-02
6.822742474916387259e-09 1.817896865665723921e-02
6.923076923076922013e-09 1.689084672418343300e-02
7.023411371237457594e-09 1.770277203772190749e-02
7.123745819397992348e-09 2.054276944456590384e-02
7.224080267558527102e-09 2.376774300068248275e-02
7.324414715719062683e-09 2.553099868162564401e-02
7.424749163879597437e-09 2.512273266236615329e-02
7.525083612040133018e-09 2.318196569200684301e-02
7.625418060200667772e-09 2.096132613837785666e-02
7.725752508361202526e-09 1.950752177253340519e-02
7.826086956521737280e-09 1.923362355805002810e-02
7.926421404682273689e-09 1.983127604443999173e-02
8.026755852842808442e-09 2.047375030083088687e-02
8.127090301003343196e-09 2.036735804719371282e-02
8.227424749163877950e-09 1.940966787610040253e-02
8.327759197324414359e-09 1.838539447851188918e-02
8.428093645484949113e-09 1.841212264145022232e-02
8.528428093645483867e-09 2.005531341414794680e-02
8.628762541806018621e-09 2.286245704149004673e-02
8.729096989966553375e-09 2.568028011689446957e-02
8.829431438127089783e-09 2.747494570701005528e-02
8.929765886287624537e-09 2.804266481327436639e-02
9.030100334448159291e-09 2.811204282587608308e-02
9.130434782608694045e-09 2.875015700297203769e-02
9.230769230769228799e-09 3.048526186295277482e-02
9.331103678929765207e-09 3.283085291056482558e-02
9.431438127090299961e-09 3.462853483920902420e-02
9.531772575250834715e-09 3.494944906717584870e-02
9.632107023411369469e-09 3.381718521660558724e-02
9.732441471571904223e-09 3.219300680691263017e-02
9.832775919732440632e-09 3.127881358281309199e-02
9.933110367892975386e-09 3.167237487379143818e-02
1.003344481605351014e-08 3.295992515663889733e-02
1.013377926421404489e-08 3.403450579901223100e-02
1.023411371237458130e-08 3.394717908399549899e-02
1.033444816053511606e-08 3.265526304978421529e-02
1.043478260869565081e-08 3.101996492290618954e-02
1.053511705685618556e-08 3.002524282780891923e-02
1.063545150501672032e-08 2.994199567640683235e-02
1.073578595317725673e-08 3.020581300133023950e-02
1.083612040133779148e-08 3.000244651576074867e-02
1.093645484949832623e-08 2.887024057407167749e-02
1.103678929765886099e-08 2.682409554307981989e-02
1.113712374581939574e-08 2.419297597935098770e-02
1.123745819397993215e-08 2.155268472645232095e-02
1.133779264214046690e-08 1.966915302313444053e-02
1.143812709030100166e-08 1.910573140553097418e-02
1.153846153846153641e-08 1.962693473665100274e-02
1.163879598662207117e-08 2.008883055869951223e-02
1.173913043478260757e-08 1.920622583058441760e-02
1.183946488294314233e-08 1.661796966081058660e-02
1.193979933110367708e-08 1.320391113672606670e-02
1.204013377926421184e-08 1.028436687073282403e-02
1.214046822742474824e-08 8.445262989766470427e-03
1.224080267558528300e-08 7.086779223387096663e-03
1.234113712374581775e-08 5.071743896041564816e-03
1.244147157190635251e-08 1.834344985202864074e-03
1.254180602006688726e-08 -2.047250496466062296e-03
1.264214046822742367e-08 -5.277472601388091301e-03
1.274247491638795842e-08 -6.858187591255835922e-03
1.284280936454849318e-08 -6.824264039770855036e-03
1.294314381270902793e-08 -6.136094297034440370e-03
1.304347826086956269e-08 -5.908342485991412499e-03
1.314381270903009909e-08 -6.655193020103535376e-03
1.324414715719063385e-08 -8.092556066352051339e-03
1.334448160535116860e-08 -9.501913477889424933e-03
1.344481605351170336e-08 -1.028007882182738891e-02
1.354515050167223811e-08 -1.030883262689709021e-02
1.364548494983277452e-08 -9.972472800650878516e-03
1.374581939799330927e-08 -9.819683262048690964e-03
1.384615384615384403e-08 -1.005074197215059285e-02
1.394648829431437878e-08 -1.021608893207974662e-02
1.404682274247491519e-08 -9.469174256031061276e-03
1.414715719063544994e-08 -7.257723856235799922e-03
1.424749163879598470e-08 -3.849650139897326830e-03
1.434782608695651945e-08 -1.812638978119663485e-04
1.444816053511705420e-08 2.818530593603807248e-03
1.454849498327759061e-08 4.775606262686207804e-03
1.464882943143812537e-08 5.870431150391647659e-03
1.474916387959866012e-08 6.487222122433374157e-03
1.484949832775919487e-08 6.941060046786232639e-03
1.494983277591973128e-08 7.407233552814640465e-03
1.505016722408026604e-08 7.898705344693652750e-03
1.515050167224080079e-08 8.254174888578987707e-03
1.525083612040133554e-08 8.278517236316980735e-03
1.535117056856187030e-08 8.008724484523157758e-03
1.545150501672240505e-08 7.792062648245334788e-03
1.555183946488293981e-08 7.984379221599020166e-03
1.565217391304347456e-08 8.550195588017223472e-03
1.575250836120401262e-08 9.030623941166392860e-03
1.585284280936454738e-08 8.941821656418000655e-03
1.595317725752508213e-08 8.185295722014427830e-03
1.605351170568561688e-08 7.094054358089464142e-03
1.615384615384615164e-08 6.173448018003750183e-03
1.625418060200668639e-08 5.823541586783158308e-03
1.635451505016722115e-08 6.169439196082174455e-03
1.645484949832775590e-08 6.965840992024159052e-03
1.655518394648829065e-08 7.632124098849628682e-03
1.665551839464882872e-08 7.543994834262179351e-03
1.675585284280936347e-08 6.483713008550178250e-03
1.685618729096989823e-08 4.876313048692916194e-03
1.695652173913043298e-08 3.540035097252155951e-03
1.705685618729096773e-08 3.112410558632198575e-03
1.715719063545150249e-08 3.607917944483267619e-03
1.725752508361203724e-08 4.441088408160705908e-03
1.735785953177257200e-08 4.889303021234649681e-03
1.745819397993310675e-08 4.670820533452618890e-03
1.755852842809364150e-08 4.215802998182459696e-03
1.765886287625417957e-08 4.377704102064368732e-03
1.775919732441471432e-08 5.761191425222682294e-03
1.785953177257524907e-08 8.225899955760625215e-03
1.795986622073578383e-08 1.100439225950699054e-02
1.806020066889631858e-08 1.326789662809381085e-02
1.816053511705685334e-08 1.456205177849213481e-02
1.826086956521738809e-08 1.482206374476501172e-02
1.836120401337792284e-08 1.423110068943796852e-02
1.846153846153845760e-08 1.321067930643576339e-02
1.856187290969899566e-08 1.236884325557941616e-02
1.866220735785953041e-08 1.212786646157442902e-02
1.876254180602006517e-08 1.230084103739352043e-02
1.886287625418059992e-08 1.223489809024656642e-02
1.896321070234113468e-08 1.155652409174421150e-02
1.906354515050166943e-08 1.070115928205465916e-02
1.916387959866220418e-08 1.053053587032570966e-02
1.926421404682273894e-08 1.141944229013418417e-02
1.936454849498327369e-08 1.284109470885938346e-02
1.946488294314380845e-08 1.385641806460897497e-02
1.956521739130434651e-08 1.388373093448845054e-02
1.966555183946488126e-08 1.298943850721212892e-02
1.976588628762541602e-08 1.165647757635351542e-02
1.986622073578595077e-08 1.046204681326929828e-02
1.996655518394648553e-08 9.869331990065828217e-03
2.006688963210702028e-08 1.004288831902090326e-02
2.016722408026755503e-08 1.073050774762887918e-02
2.026755852842808979e-08 1.141489677562867837e-02
2.036789297658862454e-08 1.167777394039948985e-02
2.046822742474916260e-08 1.140540366734855461e-02
2.056856187290969736e-08 1.066084919116156229e-02
2.066889632107023211e-08 9.499996946558300626e-03
2.076923076923076687e-08 8.012027348167360952e-03
2.086956521739130162e-08 6.432656976513031165e-03
2.096989966555183637e-08 5.037455774026623756e-03
2.107023411371237113e-08 3.913662113071547828e-03
2.117056856187290588e-08 2.971648338322563886e-03
2.127090301003344064e-08 2.214221222597101933e-03
2.137123745819397539e-08 1.852154754496224348e-03
2.147157190635451345e-08 2.042179721693539868e-03
2.157190635451504821e-08 2.581052887740030270e-03
2.167224080267558296e-08 2.985112761317887907e-03
2.177257525083611771e-08 2.883892362952230216e-03
2.187290969899665247e-08 2.286693908203371248e-03
2.197324414715718722e-08 1.498913945102573614e-03
2.207357859531772198e-08 8.584587764144768589e-04
2.217391304347825673e-08 5.190472143838001200e-04
2.227424749163879148e-08 3.562842934826144104e-04
2.237458193979932955e-08 5.277557503156806579e-05
2.247491638795986430e-08 -5.947521402717792591e-04
2.257525083612039905e-08 -1.361263584766509230e-03
2.267558528428093381e-08 -1.685172456942019567e-03
2.277591973244146856e-08 -1.222645996665091238e-03
2.287625418060200332e-08 -2.890786836654206209e-04
2.297658862876253807e-08 3.979433054918421041e-04
2.307692307692307282e-08 4.537293357372922890e-04
2.317725752508360758e-08 1.903943106725297825e-04
2.327759197324414233e-08 1.915132914710811381e-04
2.337792642140468040e-08 6.479130917824999641e-04
2.347826086956521515e-08 1.244336050736588291e-03
2.357859531772574990e-08 1.623644363486385998e-03
2.367892976588628466e-08 1.751495540322074457e-03
2.377926421404681941e-08 1.757711878355945612e-03
2.387959866220735417e-08 1.594346970587210387e-03
2.397993311036788892e-08 1.056136114489551140e-03
2.408026755852842367e-08 1.450786846076660037e-04
2.418060200668895843e-08 -7.429242299609446591e-04
2.428093645484949649e-08 -1.107987198122093331e-03
2.438127090301003124e-08 -8.036812660722431143e-04
2.448160535117056600e-08 -1.587618217952972786e-04
2.458193979933110075e-08 3.293392473498136987e-04
2.468227424749163551e-08 3.766787112298105884e-04
2.478260869565217026e-08 5.152608942524876216e-05
2.488294314381270501e-08 -3.095428102767850114e-04
2.498327759197323977e-08 -2.498471215498635802e-04
2.508361204013377452e-08 6.001935291975863101e-04
2.518394648829430928e-08 2.223564117594117092e-03
2.528428093645484734e-08 4.052083194816338135e-03
2.538461538461538209e-08 5.281421819784930596e-03
2.548494983277591685e-08 5.561167781122861378e-03
2.558528428093645160e-08 5.366708591941318426e-03
2.568561872909698635e-08 5.525925334209297497e-03
2.578595317725752111e-08 6.330571144304927497e-03
2.588628762541805586e-08 7.252307988175265945e-03
2.598662207357859062e-08 7.620704751229804771e-03
2.608695652173912537e-08 7.449916327411244821e-03
2.618729096989966343e-08 7.439269204003951842e-03
2.628762541806019819e-08 8.226645294848376061e-03
2.638795986622073294e-08 9.817052528134155923e-03
2.648829431438126769e-08 1.169726401688228612e-02
2.658862876254180245e-08 1.324302625923441667e-02
2.668896321070233720e-08 1.393426125925769678e-02
2.678929765886287196e-08 1.349402742004740877e-02
2.688963210702340671e-08 1.217849758116069415e-02
2.698996655518394146e-08 1.086958793600768455e-02
2.709030100334447622e-08 1.049979694689057684e-02
2.719063545150501428e-08 1.118611107747984230e-02
2.729096989966554904e-08 1.208619821757145850e-02
2.739130434782608379e-08 1.227363586658405427e-02
2.749163879598661854e-08 1.166649646647138425e-02
2.759197324414715330e-08 1.096665547366313179e-02
2.769230769230768805e-08 1.080332769494590783e-02
2.779264214046822281e-08 1.115678134957327240e-02
2.789297658862875756e-08 1.161029232950793431e-02
2.799331103678929231e-08 1.193956623093089114e-02
2.809364548494983038e-08 1.233184618864268355e-02
2.819397993311036513e-08 1.310356570947812833e-02
2.829431438127089988e-08 1.426044722869289350e-02
2.839464882943143464e-08 1.529889500059199853e-02
2.849498327759196939e-08 1.551722579256356767e-02
2.859531772575250415e-08 1.473720146165545877e-02
2.869565217391303890e-08 1.372853847829787199e-02
2.879598662207357365e-08 1.358602299787042139e-02
2.889632107023410841e-08 1.445626869768032452e-02
2.899665551839464316e-08 1.516921917400412823e-02
2.909698996655518122e-08 1.456720020386005100e-02
2.919732441471571598e-08 1.308257855008925462e-02
2.929765886287625073e-08 1.242088587934760471e-02
2.939799331103678549e-08 1.350807616644371378e-02
2.949832775919732024e-08 1.530165176725258730e-02
2.959866220735785499e-08 1.607902066441370403e-02
2.969899665551838975e-08 1.549231484595137501e-02
2.979933110367892450e-08 1.466230359509117231e-02
2.989966555183946256e-08 1.439916566573495003e-02
2.999999999999999732e-08 1.422568934666491175e-02
