0.000000000000000000e+00 9.999999999999995559e-01
1.003344481605351029e-10 3.751303412314131447e-01
2.006688963210702059e-10 1.070460787016525028e-01
3.010033444816052959e-10 2.027400816349182733e-02
4.013377926421404118e-10 -1.331927238457555375e-02
5.016722408026755277e-10 -4.953346193424371970e-03
6.020066889632105918e-10 2.413988636850140229e-02
7.023411371237457594e-10 1.690173379148609406e-02
8.026755852842808236e-10 2.003620850043037055e-02
9.030100334448158877e-10 2.805990601578418897e-02
1.003344481605351055e-09 3.175601955398488913e-02
1.103678929765886223e-09 2.888722958717680755e-02
1.204013377926421184e-09 1.355052417171190640e-02
1.304347826086956351e-09 -6.263465926952899165e-03
1.404682274247491519e-09 -1.022377486245003991e-02
1.505016722408026480e-09 7.224729268925143486e-03
1.605351170568561647e-09 8.610504691899929439e-03
1.705685618729096815e-09 4.208706688805591116e-03
1.806020066889631775e-09 9.199889630017785494e-03
1.906354515050166943e-09 1.211763647308616680e-02
2.006688963210702111e-09 1.031561887866417823e-02
2.107023411371237278e-09 6.325222088402693288e-03
2.207357859531772446e-09 2.302505451270272282e-03
2.307692307692307200e-09 -3.952801987167902254e-04
2.408026755852842367e-09 1.651994686003004564e-03
2.508361204013377535e-09 -2.251620445346013723e-04
2.608695652173912702e-09 6.931848536970652841e-03
2.709030100334447870e-09 1.287526699263057128e-02
2.809364548494983038e-09 1.136128383010056447e-02
2.909698996655517792e-09 1.380271210160087698e-02
3.010033444816052959e-09 1.454459629060455422e-02
3.110367892976588127e-09 5.397079338701479996e-03
3.210702341137123294e-09 2.017722806895758982e-03
3.311036789297658462e-09 1.612014221077891826e-04
3.411371237458193629e-09 -8.991391116993199036e-06
3.511705685618728797e-09 6.321177495297996933e-03
3.612040133779263551e-09 3.036979545134085422e-03
3.712374581939798719e-09 1.374306170499432593e-02
3.812709030100333886e-09 1.298546279468962630e-02
3.913043478260868640e-09 3.926754499410062965e-03
4.013377926421404221e-09 9.310155002433926838e-03
4.113712374581938975e-09 5.767880388118743276e-03
4.214046822742474556e-09 3.336989050329532483e-03
4.314381270903009310e-09 4.538631844237974236e-03
4.414715719063544892e-09 5.352548134576213396e-03
4.515050167224079646e-09 5.288944710874109861e-03
4.615384615384614399e-09 3.028971222065036158e-03
4.715719063545149981e-09 9.237925488719291728e-03
4.816053511705684735e-09 4.217291943087303312e-03
4.916387959866220316e-09 8.343648279066889772e-03
5.016722408026755070e-09 5.944237437413019652e-03
5.117056856187290651e-09 4.815430273881669831e-03
5.217391304347825405e-09 8.505457308303376873e-03
5.317725752508360159e-09 3.449157265778744937e-03
5.418060200668895740e-09 3.551429111091559173e-04
5.518394648829430494e-09 5.211404903839326943e-05
5.618729096989966075e-09 6.263696423803889572e-03
5.719063545150500829e-09 1.081514702470915031e-02
5.819397993311035583e-09 7.915427920996894254e-03
5.919732441471571164e-09 6.496161517961300882e-03
6.020066889632105918e-09 3.496518426637883550e-03
6.120401337792641499e-09 6.471870458915960148e-03
6.220735785953176253e-09 6.230956307658626174e-03
6.321070234113711835e-09 9.022762597552256084e-03
6.421404682274246589e-09 5.562409676405250317e-03
6.521739130434781343e-09 9.372745001349606225e-03
6.622073578595316924e-09 1.075155574132216976e-02
6.722408026755851678e-09 1.324148983374162127e-02
6.822742474916387259e-09 9.245490786811970049e-03
6.923076923076922013e-09 9.167377504229960727e-03
7.023411371237457594e-09 4.566650978797834673e-03
7.123745819397992348e-09 8.873743795473593154e-03
7.224080267558527102e-09 1.422814479465913003e-02
7.324414715719062683e-09 9.004913148941265377e-03
7.424749163879597437e-09 7.701311433559346158e-03
7.525083612040133018e-09 6.064911664271196295e-03
7.625418060200667772e-09 6.047161614408222766e-03
7.725752508361202526e-09 8.030436780136812960e-03
7.826086956521737280e-09 7.443643399785930710e-03
7.926421404682273689e-09 3.889891593906779146e-03
8.026755852842808442e-09 -2.698710270966805415e-03
8.127090301003343196e-09 9.412135325053552293e-04
8.227424749163877950e-09 2.976429336199282009e-03
8.327759197324414359e-09 6.981052517829001644e-03
8.428093645484949113e-09 8.047884383187821691e-03
8.528428093645483867e-09 8.238268238427430556e-03
8.628762541806018621e-09 8.478460507145665903e-03
8.729096989966553375e-09 6.297383271141745488e-03
8.829431438127089783e-09 1.132667910733576970e-02
8.929765886287624537e-09 6.747843499818790419e-03
9.030100334448159291e-09 7.359551796518791662e-03
9.130434782608694045e-09 8.953987283842265721e-03
9.230769230769228799e-09 8.579777993075307987e-03
9.331103678929765207e-09 8.630120318593018092e-03
9.431438127090299961e-09 8.800503335872575730e-03
9.531772575250834715e-09 3.927115786654366766e-03
9.632107023411369469e-09 6.086032586212292150e-03
9.732441471571904223e-09 5.065631017711591001e-03
9.832775919732440632e-09 4.109348120401740308e-03
9.933110367892975386e-09 6.420839130995946963e-03
1.003344481605351014e-08 1.272489643824992363e-02
1.013377926421404489e-08 9.721127864131044044e-03
1.023411371237458130e-08 9.557140520053578753e-03
1.033444816053511606e-08 1.640065783278524952e-02
1.043478260869565081e-08 1.563579933679811254e-02
1.053511705685618556e-08 7.808359783035950276e-03
1.063545150501672032e-08 2.201960585330336919e-03
1.073578595317725673e-08 1.203231364089205752e-02
1.083612040133779148e-08 9.002929541867623481e-03
1.093645484949832623e-08 6.635583621782036035e-03
1.103678929765886099e-08 1.198943042350883925e-03
1.113712374581939574e-08 -3.658639125317103688e-04
1.123745819397993215e-08 3.586619613260935181e-04
1.133779264214046690e-08 1.042431594140250800e-02
1.143812709030100166e-08 1.054725342907195801e-02
1.153846153846153641e-08 2.233685517615924092e-04
1.163879598662207117e-08 6.031419264266570102e-03
1.173913043478260757e-08 6.888332708927342660e-03
1.183946488294314233e-08 4.012635013546299138e-03
1.193979933110367708e-08 7.760832312439076841e-03
1.204013377926421184e-08 1.161139521689957821e-02
1.214046822742474824e-08 1.235132927878258846e-02
1.224080267558528300e-08 1.053869556601774726e-02
1.234113712374581775e-08 8.705725967570378948e-03
1.244147157190635251e-08 5.088481177213384325e-03
1.254180602006688726e-08 2.109376588302946335e-03
1.264214046822742367e-08 4.864482216992602540e-03
1.274247491638795842e-08 4.816040745671471349e-03
1.284280936454849318e-08 5.106434529919258621e-03
1.294314381270902793e-08 6.630457969109022388e-03
1.304347826086956269e-08 3.142739952883275619e-03
1.314381270903009909e-08 9.099988950538311083e-03
1.324414715719063385e-08 6.379932420780096147e-03
1.334448160535116860e-08 9.315263746351040708e-03
1.344481605351170336e-08 5.556263495114027555e-03
1.354515050167223811e-08 9.164732805429558204e-03
1.364548494983277452e-08 6.484840697886436536e-03
1.374581939799330927e-08 8.133772334409506213e-03
1.384615384615384403e-08 5.972007637858812307e-03
1.394648829431437878e-08 5.537758513077210322e-03
1.404682274247491519e-08 6.361140069316739351e-03
1.414715719063544994e-08 6.822426864053265927e-03
1.424749163879598470e-08 6.871797962563735984e-03
1.434782608695651945e-08 5.462943261705241298e-03
1.444816053511705420e-08 7.773546564988864822e-03
1.454849498327759061e-08 9.353287230532159394e-03
1.464882943143812537e-08 2.861614488190252718e-03
1.474916387959866012e-08 4.141249809772891595e-03
1.484949832775919487e-08 3.524332944907571270e-03
1.494983277591973128e-08 7.706671606163881250e-03
1.505016722408026604e-08 6.142911298210155385e-03
1.515050167224080079e-08 6.039061293034583659e-03
1.525083612040133554e-08 8.992793582404491615e-03
1.535117056856187030e-08 1.029185924732521802e-02
1.545150501672240505e-08 8.423410108251542378e-03
1.555183946488293981e-08 1.157322006083526776e-02
1.565217391304347456e-08 4.792335438883087856e-03
1.575250836120401262e-08 5.148164683880139363e-03
1.585284280936454738e-08 6.170083796937749984e-03
1.595317725752508213e-08 1.053002489136705550e-02
1.605351170568561688e-08 1.024106200060647537e-02
1.615384615384615164e-08 1.008764472480384866e-02
1.625418060200668639e-08 3.596442901959127220e-03
1.635451505016722115e-08 2.177786857393876514e-03
1.645484949832775590e-08 5.994266582806921477e-03
1.655518394648829065e-08 1.155829227655670415e-02
1.665551839464882872e-08 9.802246237844629978e-03
1.675585284280936347e-08 8.544289949777983742e-03
1.685618729096989823e-08 9.145730164489157890e-03
1.695652173913043298e-08 7.425787163787047826e-03
1.705685618729096773e-08 6.795033196453698597e-03
1.715719063545150249e-08 7.173753617686439918e-03
1.725752508361203724e-08 3.756988813419167260e-03
1.735785953177257200e-08 7.778411615344212049e-03
1.745819397993310675e-08 5.060875008789085180e-03
1.755852842809364150e-08 8.738300358293140876e-03
1.765886287625417957e-08 9.247970227188461942e-03
1.775919732441471432e-08 8.475885396289656315e-03
1.785953177257524907e-08 4.806572144738762917e-03
1.795986622073578383e-08 2.721684055090919062e-03
1.806020066889631858e-08 9.158000155867686721e-04
1.816053511705685334e-08 6.317997013013796313e-03
1.826086956521738809e-08 9.135843309117128858e-03
1.836120401337792284e-08 1.248472884843979461e-02
1.846153846153845760e-08 1.463387155808685593e-02
1.856187290969899566e-08 1.189780202595277364e-02
1.866220735785953041e-08 2.414670795864916775e-03
1.876254180602006517e-08 4.937654224439620189e-03
1.886287625418059992e-08 5.302685578048411778e-03
1.896321070234113468e-08 8.486668339337123668e-03
1.906354515050166943e-08 4.570750440284376825e-03
1.916387959866220418e-08 1.203016399242613603e-02
1.926421404682273894e-08 6.301242824673461765e-03
1.936454849498327369e-08 3.121999067509065046e-03
1.946488294314380845e-08 5.488159455268142896e-03
1.956521739130434651e-08 3.383817108510560681e-03
1.966555183946488126e-08 8.297009258099060508e-03
1.976588628762541602e-08 8.130397949161597554e-03
1.986622073578595077e-08 5.692878338474387581e-03
1.996655518394648553e-08 5.628407140924773788e-03
2.006688963210702028e-08 6.477928202127384259e-03
2.016722408026755503e-08 8.435634949197565180e-03
2.026755852842808979e-08 1.368995982172304705e-02
2.036789297658862454e-08 1.331942404407938235e-02
2.046822742474916260e-08 1.220656360647801898e-02
2.056856187290969736e-08 8.812677998065109389e-03
2.066889632107023211e-08 4.222454391657213223e-03
2.076923076923076687e-08 -3.715066640698264349e-04
2.086956521739130162e-08 7.122944147653469289e-03
2.096989966555183637e-08 1.203253597778594815e-02
2.107023411371237113e-08 8.107040082875487108e-03
2.117056856187290588e-08 1.224811664081865148e-02
2.127090301003344064e-08 1.277262868479502739e-02
2.137123745819397539e-08 1.066187473367915563e-02
2.147157190635451345e-08 7.092317282479521437e-03
2.157190635451504821e-08 3.581798436813852637e-03
2.167224080267558296e-08 4.979038336657345097e-03
2.177257525083611771e-08 3.752643425278512444e-03
2.187290969899665247e-08 8.317801298369289012e-03
2.197324414715718722e-08 9.340760893863370509e-03
2.207357859531772198e-08 8.123832153884348942e-03
2.217391304347825673e-08 6.220831784101249658e-03
2.227424749163879148e-08 3.342069525633417897e-03
2.237458193979932955e-08 1.468234518138311281e-02
2.247491638795986430e-08 1.402974227209004450e-02
2.257525083612039905e-08 1.086073331517815703e-02
2.267558528428093381e-08 9.591174812511151296e-03
2.277591973244146856e-08 3.171756880590148511e-03
2.287625418060200332e-08 8.708317483577854984e-03
2.297658862876253807e-08 5.875969868128276714e-03
2.307692307692307282e-08 5.878316187046555077e-03
2.317725752508360758e-08 7.063727842426542267e-03
2.327759197324414233e-08 1.265882031442103553e-02
2.337792642140468040e-08 1.218670485974241227e-02
2.347826086956521515e-08 1.370346709863263027e-02
2.357859531772574990e-08 1.727641854176240402e-02
2.367892976588628466e-08 6.908549667413730125e-03
2.377926421404681941e-08 1.230453298193219872e-02
2.387959866220735417e-08 9.528993329142736862e-03
2.397993311036788892e-08 9.465326694038465188e-03
2.408026755852842367e-08 4.359456530794190987e-03
2.418060200668895843e-08 6.784466634199569010e-03
2.428093645484949649e-08 1.195781941542106708e-02
2.438127090301003124e-08 8.507171667851618629e-03
2.448160535117056600e-08 6.909504214379468510e-03
2.458193979933110075e-08 7.386734142158473196e-03
2.468227424749163551e-08 4.540667018576544783e-03
2.478260869565217026e-08 9.197546694666776379e-03
2.488294314381270501e-08 6.355410030261855227e-03
2.498327759197323977e-08 9.356279654963679110e-03
2.508361204013377452e-08 5.396733745288500098e-03
2.518394648829430928e-08 6.920744672303038268e-03
2.528428093645484734e-08 6.124902492758795350e-03
2.538461538461538209e-08 9.708203375033310281e-03
2.548494983277591685e-08 6.343492196867374019e-03
2.558528428093645160e-08 4.509006127285256418e-03
2.568561872909698635e-08 6.507196692253367290e-03
2.578595317725752111e-08 5.406037034913495527e-03
2.588628762541805586e-08 7.428569950607900006e-03
2.598662207357859062e-08 8.953963871335053268e-03
2.608695652173912537e-08 5.737476221396137568e-03
2.618729096989966343e-08 6.518402114933407807e-03
2.628762541806019819e-08 5.198439354174752905e-03
2.638795986622073294e-08 6.571880915313970013e-03
2.648829431438126769e-08 5.408830658055321927e-03
2.658862876254180245e-08 1.073938032152365381e-03
2.668896321070233720e-08 6.043041195212320131e-03
2.678929765886287196e-08 1.104805668978066022e-02
2.688963210702340671e-08 8.522234255195370103e-03
2.698996655518394146e-08 1.228974488757177477e-02
2.709030100334447622e-08 6.556404077051559628e-03
2.719063545150501428e-08 1.061072440595760107e-02
2.729096989966554904e-08 5.823516488406814927e-03
2.739130434782608379e-08 4.014876445717899776e-03
2.749163879598661854e-08 9.956819709972834428e-03
2.759197324414715330e-08 9.008597917326196039e-03
2.769230769230768805e-08 7.242357240177064483e-03
2.779264214046822281e-08 1.428280816180866816e-02
2.789297658862875756e-08 9.946768444423811917e-03
2.799331103678929231e-08 8.123337204759363550e-03
2.809364548494983038e-08 3.566974760569300781e-03
2.819397993311036513e-08 3.907040174367408178e-03
2.829431438127089988e-08 1.051317944675009101e-02
2.839464882943143464e-08 1.400444273251991514e-02
2.849498327759196939e-08 7.865489718618896842e-03
2.859531772575250415e-08 5.458968765750480193e-03
2.869565217391303890e-08 6.123508161968037669e-03
2.879598662207357365e-08 7.439851367597842720e-03
2.889632107023410841e-08 3.678593026556845665e-03
2.899665551839464316e-08 3.167492020284666792e-03
2.909698996655518122e-08 7.432289986933465417e-03
2.919732441471571598e-08 5.390607500927276606e-03
2.929765886287625073e-08 3.053545947960562869e-03
2.939799331103678549e-08 1.147679339455678904e-02
2.949832775919732024e-08 7.935884616568604152e-03
2.959866220735785499e-08 6.776143539284137408e-03
2.969899665551838975e-08 8.529258946677224090e-03
2.979933110367892450e-08 5.817795146451294405e-03
2.989966555183946256e-08 1.194884795554591525e-02
2.999999999999999732e-08 1.252982366149665329e-02
