0.000000000000000000e+00 9.999999999999995559e-01
1.003344481605351029e-10 3.125186079144456897e-02
2.006688963210702059e-10 1.255295381907473203e-02
3.010033444816052959e-10 1.589665657564644924e-02
4.013377926421404118e-10 5.865214999033000094e-03
5.016722408026755277e-10 7.787670366375007598e-03
6.020066889632105918e-10 1.087740882568167568e-02
7.023411371237457594e-10 9.768686525290511125e-03
8.026755852842808236e-10 1.781927463971028254e-03
9.030100334448158877e-10 6.347597424758024721e-03
1.003344481605351055e-09 6.193805678775083159e-03
1.103678929765886223e-09 6.757131738764626284e-03
1.204013377926421184e-09 7.755205446586956909e-03
1.304347826086956351e-09 7.077506953938174014e-03
1.404682274247491519e-09 6.238081508518652889e-03
1.505016722408026480e-09 9.332104753916162926e-03
1.605351170568561647e-09 1.041094637592122202e-02
1.705685618729096815e-09 8.696410125388557080e-03
1.806020066889631775e-09 3.794917709413536460e-04
1.906354515050166943e-09 1.977645925629516709e-03
2.006688963210702111e-09 6.514315051708012561e-03
2.107023411371237278e-09 6.842009098669575573e-03
2.207357859531772446e-09 8.792133257234333379e-03
2.307692307692307200e-09 7.135125587286803364e-03
2.408026755852842367e-09 5.832988554672197817e-03
2.508361204013377535e-09 1.073550488168896130e-02
2.608695652173912702e-09 8.405789909189009118e-03
2.709030100334447870e-09 8.095707391771450948e-03
2.809364548494983038e-09 1.105186535359202644e-02
2.909698996655517792e-09 4.185020680162665138e-03
3.010033444816052959e-09 6.772404195903765529e-03
3.110367892976588127e-09 3.130272820805021956e-03
3.210702341137123294e-09 3.594658609632020788e-03
3.311036789297658462e-09 6.017670622575765384e-03
3.411371237458193629e-09 2.341619386012534516e-03
3.511705685618728797e-09 -1.482343636682307252e-03
3.612040133779263551e-09 5.149828423120268381e-03
3.712374581939798719e-09 4.381912407213308172e-03
3.812709030100333886e-09 4.205029383711735881e-03
3.913043478260868640e-09 5.607945820111395925e-03
4.013377926421404221e-09 1.499180423292356679e-02
4.113712374581938975e-09 1.171032191847282480e-02
4.214046822742474556e-09 2.519044605401519511e-03
4.314381270903009310e-09 3.062358923623922837e-04
4.414715719063544892e-09 9.610703139474225526e-03
4.515050167224079646e-09 2.260401981126004649e-03
4.615384615384614399e-09 9.598270748446362938e-03
4.715719063545149981e-09 7.391589907004976825e-03
4.816053511705684735e-09 8.885485122729411961e-03
4.916387959866220316e-09 6.213867048059872576e-03
5.016722408026755070e-09 3.283708342137721566e-03
5.117056856187290651e-09 -4.520464542597592587e-04
5.217391304347825405e-09 1.568301847618677400e-02
5.317725752508360159e-09 8.393328841719052344e-03
5.418060200668895740e-09 8.631191991595177360e-03
5.518394648829430494e-09 9.337279521752853140e-03
5.618729096989966075e-09 8.165652960886520331e-03
5.719063545150500829e-09 1.211172081068015438e-02
5.819397993311035583e-09 1.234354162841032679e-02
5.919732441471571164e-09 8.191295179272698596e-03
6.020066889632105918e-09 1.326568488170206360e-02
6.120401337792641499e-09 1.225468715918474026e-02
6.220735785953176253e-09 9.647631307382180735e-03
6.321070234113711835e-09 6.455491391365342745e-03
6.421404682274246589e-09 8.437882328977757210e-03
6.521739130434781343e-09 7.986362479023279698e-03
6.622073578595316924e-09 6.547969402268406791e-03
6.722408026755851678e-09 5.539235948811017593e-03
6.822742474916387259e-09 7.243682931024815821e-03
6.923076923076922013e-09 5.295250721362032217e-03
7.023411371237457594e-09 1.121544838368108976e-02
7.123745819397992348e-09 7.884731565501897771e-03
7.224080267558527102e-09 5.791551134275001525e-03
7.324414715719062683e-09 3.351317387944017113e-03
7.424749163879597437e-09 4.336008315158788526e-03
7.525083612040133018e-09 4.327632817879453926e-03
7.625418060200667772e-09 3.107366229126308499e-03
7.725752508361202526e-09 7.372989502722789544e-03
7.826086956521737280e-09 3.567016619506654853e-03
7.926421404682273689e-09 4.007855928889651233e-03
8.026755852842808442e-09 4.179531306573260920e-03
8.127090301003343196e-09 8.678836761675381289e-03
8.227424749163877950e-09 5.328735089576090711e-03
8.327759197324414359e-09 1.204125488721318610e-02
8.428093645484949113e-09 8.202189445966085596e-03
8.528428093645483867e-09 1.553218546825998417e-03
8.628762541806018621e-09 7.939086558505397892e-03
8.729096989966553375e-09 7.702793972701516001e-03
8.829431438127089783e-09 7.324581003152870473e-03
8.929765886287624537e-09 4.109052772166815921e-03
9.030100334448159291e-09 1.111413974999178080e-02
9.130434782608694045e-09 1.992854390376311204e-03
9.230769230769228799e-09 1.126570134913335020e-02
9.331103678929765207e-09 7.984725364894364533e-03
9.431438127090299961e-09 9.515150867169520216e-03
9.531772575250834715e-09 5.245149049731650387e-03
9.632107023411369469e-09 7.620279125872288055e-03
9.732441471571904223e-09 1.191227435400462643e-02
9.832775919732440632e-09 6.543368567031706239e-03
9.933110367892975386e-09 2.310750041541725225e-03
1.003344481605351014e-08 6.234028683419828507e-03
1.013377926421404489e-08 1.387223704051612598e-02
1.023411371237458130e-08 6.242240678432244005e-03
1.033444816053511606e-08 1.518905710084599535e-02
1.043478260869565081e-08 3.911399833171787938e-03
1.053511705685618556e-08 6.254218690706476146e-03
1.063545150501672032e-08 3.215462628726770394e-03
1.073578595317725673e-08 1.123344702564266911e-02
1.083612040133779148e-08 1.478692904179771186e-02
1.093645484949832623e-08 1.287247598978747548e-02
1.103678929765886099e-08 9.499935596776622193e-03
1.113712374581939574e-08 1.307423991968747513e-02
1.123745819397993215e-08 1.391723943534620318e-02
1.133779264214046690e-08 1.162316725795406631e-02
1.143812709030100166e-08 7.917531655389276057e-03
1.153846153846153641e-08 4.296286621054126384e-03
1.163879598662207117e-08 3.382229912751634742e-03
1.173913043478260757e-08 7.403032083005832605e-03
1.183946488294314233e-08 5.750284442735903532e-04
1.193979933110367708e-08 1.234242594262052045e-02
1.204013377926421184e-08 6.993362760033759382e-03
1.214046822742474824e-08 1.094109995815022163e-02
1.224080267558528300e-08 8.705780173487019657e-03
1.234113712374581775e-08 3.591215187628485697e-03
1.244147157190635251e-08 4.480929818867564716e-03
1.254180602006688726e-08 2.775925642146181115e-03
1.264214046822742367e-08 4.154460853010762296e-03
1.274247491638795842e-08 5.246347772285156995e-03
1.284280936454849318e-08 4.531560927656899662e-03
1.294314381270902793e-08 8.874025432190332796e-03
1.304347826086956269e-08 1.148389460723874163e-02
1.314381270903009909e-08 1.361392504481011810e-02
1.324414715719063385e-08 5.847246928090491999e-03
1.334448160535116860e-08 6.958923923920312324e-03
1.344481605351170336e-08 1.167942562716395294e-02
1.354515050167223811e-08 1.037931964252540584e-02
1.364548494983277452e-08 5.069946674458769738e-03
1.374581939799330927e-08 5.914063838550222101e-03
1.384615384615384403e-08 5.486473287963387901e-03
1.394648829431437878e-08 3.062370420219341551e-03
1.404682274247491519e-08 1.241057571323352267e-02
1.414715719063544994e-08 5.999740872507649397e-03
1.424749163879598470e-08 1.221099930312910704e-02
1.434782608695651945e-08 8.149515986988249347e-03
1.444816053511705420e-08 7.445013639141539498e-03
1.454849498327759061e-08 2.568736500294957655e-03
1.464882943143812537e-08 1.020973340739987634e-02
1.474916387959866012e-08 1.254325157924103193e-02
1.484949832775919487e-08 9.034609463014884115e-03
1.494983277591973128e-08 7.193208783463445576e-03
1.505016722408026604e-08 7.560127476959492554e-03
1.515050167224080079e-08 8.849862739756023805e-03
1.525083612040133554e-08 6.783902024772669667e-03
1.535117056856187030e-08 7.143812833743560338e-04
1.545150501672240505e-08 3.326614434229325547e-03
1.555183946488293981e-08 1.355954654452387609e-02
1.565217391304347456e-08 6.341668386391773569e-03
1.575250836120401262e-08 9.381555219320039316e-03
1.585284280936454738e-08 9.565839054163624566e-03
1.595317725752508213e-08 1.065297980583450148e-02
1.605351170568561688e-08 1.627647715661855593e-02
1.615384615384615164e-08 8.788270084542207372e-03
1.625418060200668639e-08 6.989764331718018378e-03
1.635451505016722115e-08 6.390197278544476785e-03
1.645484949832775590e-08 7.173865309236392325e-03
1.655518394648829065e-08 8.244024224081198879e-03
1.665551839464882872e-08 1.174207536271637368e-02
1.675585284280936347e-08 1.041500321440902779e-02
1.685618729096989823e-08 8.382119797707683270e-03
1.695652173913043298e-08 9.173838593713797007e-03
1.705685618729096773e-08 7.926217158742140251e-03
1.715719063545150249e-08 1.456676106458852649e-02
1.725752508361203724e-08 3.340701937194525285e-03
1.735785953177257200e-08 4.508214627997594870e-03
1.745819397993310675e-08 1.012671052589755524e-02
1.755852842809364150e-08 3.681627632532111574e-03
1.765886287625417957e-08 2.615257374653501103e-03
1.775919732441471432e-08 3.799605552628381594e-03
1.785953177257524907e-08 4.776442132132271805e-03
1.795986622073578383e-08 1.011229222099028005e-02
1.806020066889631858e-08 7.948344208195368479e-03
1.816053511705685334e-08 2.280672765218947750e-03
1.826086956521738809e-08 1.309251714447969873e-02
1.836120401337792284e-08 4.487959849678225047e-03
1.846153846153845760e-08 7.798637999585853950e-03
1.856187290969899566e-08 4.716044416756534413e-04
1.866220735785953041e-08 1.134889890422046549e-02
1.876254180602006517e-08 8.476096137881255696e-03
1.886287625418059992e-08 6.294809153780610810e-03
1.896321070234113468e-08 2.171292258189892548e-04
1.906354515050166943e-08 8.188202859036493308e-04
1.916387959866220418e-08 9.824771171027285588e-03
1.926421404682273894e-08 8.790611015962641189e-03
1.936454849498327369e-08 5.247065366039489927e-03
1.946488294314380845e-08 4.309883650037330633e-04
1.956521739130434651e-08 2.108569302858339344e-03
1.966555183946488126e-08 8.530650169877402808e-03
1.976588628762541602e-08 1.076789043148332695e-02
1.986622073578595077e-08 1.344603082984361687e-02
1.996655518394648553e-08 2.882151174360083126e-03
2.006688963210702028e-08 9.465795298242731665e-03
2.016722408026755503e-08 6.747560058538800212e-03
2.026755852842808979e-08 2.973494030864372393e-03
2.036789297658862454e-08 8.288276771581514629e-03
2.046822742474916260e-08 9.264755348754163955e-03
2.056856187290969736e-08 -1.903612994453975169e-03
2.066889632107023211e-08 4.061779271151423967e-03
2.076923076923076687e-08 1.116951545352947925e-02
2.086956521739130162e-08 9.079539541882898981e-03
2.096989966555183637e-08 9.566725741413114811e-03
2.107023411371237113e-08 1.405708824215608395e-02
2.117056856187290588e-08 3.074129442229861335e-03
2.127090301003344064e-08 8.081650670107203352e-03
2.137123745819397539e-08 7.881075061862717612e-03
2.147157190635451345e-08 7.598198519680253275e-03
2.157190635451504821e-08 7.348300723049865091e-03
2.167224080267558296e-08 6.680367511273077250e-03
2.177257525083611771e-08 -5.003058285508067823e-04
2.187290969899665247e-08 8.955000170507536328e-03
2.197324414715718722e-08 1.340700217655453087e-02
2.207357859531772198e-08 2.794580708027996109e-03
2.217391304347825673e-08 8.624591107987016059e-03
2.227424749163879148e-08 1.027890309795612134e-02
2.237458193979932955e-08 7.805467664365127976e-03
2.247491638795986430e-08 7.211372589128026492e-03
2.257525083612039905e-08 1.137326698463050900e-02
2.267558528428093381e-08 4.031457021533558366e-03
2.277591973244146856e-08 8.574259620615547542e-03
2.287625418060200332e-08 9.195763526951224870e-03
2.297658862876253807e-08 2.747500624855161045e-03
2.307692307692307282e-08 1.050711583386147729e-02
2.317725752508360758e-08 1.095103776050689731e-02
2.327759197324414233e-08 8.614081521636823141e-03
2.337792642140468040e-08 3.472089803360166402e-03
2.347826086956521515e-08 4.472241230184776685e-03
2.357859531772574990e-08 1.073727984425825767e-02
2.367892976588628466e-08 5.858958472182436428e-03
2.377926421404681941e-08 8.956983326873627083e-03
2.387959866220735417e-08 1.111929176962694540e-02
2.397993311036788892e-08 3.994297386897108920e-03
2.408026755852842367e-08 -5.799588801351257972e-04
2.418060200668895843e-08 7.532232174099894907e-03
2.428093645484949649e-08 5.959582749122186753e-03
2.438127090301003124e-08 3.726805685547766259e-03
2.448160535117056600e-08 9.149603919662721921e-03
2.458193979933110075e-08 1.029387330289776789e-02
2.468227424749163551e-08 9.764697256849572127e-03
2.478260869565217026e-08 1.041529527586389399e-02
2.488294314381270501e-08 7.874767627187218358e-03
2.498327759197323977e-08 8.044916326156659886e-03
2.508361204013377452e-08 6.677867136442733505e-03
2.518394648829430928e-08 1.062294714852259764e-02
2.528428093645484734e-08 6.676111155359177977e-03
2.538461538461538209e-08 1.090319562851408200e-02
2.548494983277591685e-08 1.394856276722017570e-02
2.558528428093645160e-08 9.371237347967463147e-03
2.568561872909698635e-08 2.387686447130985858e-03
2.578595317725752111e-08 7.398729917817009616e-03
2.588628762541805586e-08 7.880404024424352005e-03
2.598662207357859062e-08 1.121787786566799151e-02
2.608695652173912537e-08 9.288935899288192424e-03
2.618729096989966343e-08 1.169144201747033922e-02
2.628762541806019819e-08 6.746809571241921266e-03
2.638795986622073294e-08 8.286162684037819137e-03
2.648829431438126769e-08 9.798544809244434661e-03
2.658862876254180245e-08 1.261301207179705772e-02
2.668896321070233720e-08 3.526645133237024839e-04
2.678929765886287196e-08 1.250669643398731601e-02
2.688963210702340671e-08 6.601214177251284176e-03
2.698996655518394146e-08 1.115451001167295370e-02
2.709030100334447622e-08 2.591025088609988543e-03
2.719063545150501428e-08 6.859899292808485823e-03
2.729096989966554904e-08 3.689357780179651231e-03
2.739130434782608379e-08 -5.078534598769139305e-03
2.749163879598661854e-08 7.438771569135280842e-03
2.759197324414715330e-08 8.925929749636041591e-03
2.769230769230768805e-08 1.199009803664469707e-02
2.779264214046822281e-08 6.735961549391419022e-03
2.789297658862875756e-08 6.744566793393379223e-03
2.799331103678929231e-08 9.716745557187869350e-03
2.809364548494983038e-08 1.144757541277013728e-02
2.819397993311036513e-08 1.213082527642451655e-02
2.829431438127089988e-08 7.488993669263766147e-03
2.839464882943143464e-08 1.026974957764424830e-02
2.849498327759196939e-08 1.344865944991248917e-02
2.859531772575250415e-08 9.700642699039202163e-03
2.869565217391303890e-08 4.540543940529191171e-03
2.879598662207357365e-08 5.161690285907475674e-03
2.889632107023410841e-08 3.111096439963321244e-03
2.899665551839464316e-08 1.282652349200650785e-02
2.909698996655518122e-08 4.878748161329863990e-03
2.919732441471571598e-08 1.006576577689986644e-02
2.929765886287625073e-08 6.917137564872557001e-03
2.939799331103678549e-08 7.572765929674538272e-03
2.949832775919732024e-08 8.426017251271233910e-03
2.959866220735785499e-08 5.925979786396375591e-03
2.969899665551838975e-08 9.475393364414008007e-03
2.979933110367892450e-08 9.241472380018262225e-03
2.989966555183946256e-08 1.243275864886461690e-02
2.999999999999999732e-08 3.479533176245215402e-03
