0.000000000000000000e+00 9.999999999999995559e-01
1.003344481605351029e-10 4.599702746113910889e-03
2.006688963210702059e-10 5.137346771276094307e-03
3.010033444816052959e-10 4.843005418272207721e-03
4.013377926421404118e-10 1.286175415724935371e-02
5.016722408026755277e-10 5.846991813439896338e-03
6.020066889632105918e-10 2.568896237425359955e-03
7.023411371237457594e-10 9.753905653871502296e-03
8.026755852842808236e-10 8.370941240015146445e-03
9.030100334448158877e-10 1.356059083901892635e-02
1.003344481605351055e-09 1.300019869354112918e-03
1.103678929765886223e-09 1.489026317126973531e-02
1.204013377926421184e-09 7.895381898572580853e-03
1.304347826086956351e-09 6.097154800973031419e-03
1.404682274247491519e-09 7.461633077649034405e-03
1.505016722408026480e-09 4.818748136183928152e-03
1.605351170568561647e-09 8.626329871593042820e-03
1.705685618729096815e-09 7.924406992631222169e-03
1.806020066889631775e-09 1.215066648347655140e-02
1.906354515050166943e-09 1.099478645054691173e-02
2.006688963210702111e-09 5.977139520920848360e-03
2.107023411371237278e-09 1.011700722675032416e-02
2.207357859531772446e-09 7.249975820740019866e-03
2.307692307692307200e-09 1.016432385639956353e-02
2.408026755852842367e-09 1.071431363112362520e-02
2.508361204013377535e-09 9.960995573979249812e-03
2.608695652173912702e-09 1.028892243937604839e-02
2.709030100334447870e-09 1.430331805663123505e-02
2.809364548494983038e-09 9.298066697782134821e-03
2.909698996655517792e-09 3.112143874803322604e-03
3.010033444816052959e-09 7.827020473396634898e-03
3.110367892976588127e-09 6.641651992238422654e-03
3.210702341137123294e-09 4.302273809910117826e-03
3.311036789297658462e-09 5.505217237903583735e-04
3.411371237458193629e-09 1.136960429557263598e-02
3.511705685618728797e-09 6.080836734959169099e-03
3.612040133779263551e-09 -8.367104817081635415e-04
3.712374581939798719e-09 7.725134460469372522e-03
3.812709030100333886e-09 4.512099489299647125e-03
3.913043478260868640e-09 1.106490097578265684e-02
4.013377926421404221e-09 5.951835970222211537e-03
4.113712374581938975e-09 8.246856099572510285e-03
4.214046822742474556e-09 7.227642896978176898e-03
4.314381270903009310e-09 1.230894286589969029e-02
4.414715719063544892e-09 1.146239605473765161e-02
4.515050167224079646e-09 3.244795134178819502e-03
4.615384615384614399e-09 1.243748319968498300e-02
4.715719063545149981e-09 6.369639322036731340e-03
4.816053511705684735e-09 1.854007781745466718e-03
4.916387959866220316e-09 8.841057564055643594e-03
5.016722408026755070e-09 -1.627504922800855364e-04
5.117056856187290651e-09 1.076346963875206980e-02
5.217391304347825405e-09 9.060851763248644816e-03
5.317725752508360159e-09 5.945366347807615713e-03
5.418060200668895740e-09 1.073192990647874392e-02
5.518394648829430494e-09 1.049975969770437258e-02
5.618729096989966075e-09 1.395122910735018852e-02
5.719063545150500829e-09 7.280562004286113102e-03
5.819397993311035583e-09 8.779759595712654380e-03
5.919732441471571164e-09 1.219197872180343388e-02
6.020066889632105918e-09 8.493296610243023653e-03
6.120401337792641499e-09 4.820426815712704031e-03
6.220735785953176253e-09 4.709269667176090718e-03
6.321070234113711835e-09 9.777324054457614197e-03
6.421404682274246589e-09 9.753243245137082490e-03
6.521739130434781343e-09 5.082400005414130888e-03
6.622073578595316924e-09 7.352670685613169922e-03
6.722408026755851678e-09 5.371696872023529364e-03
6.822742474916387259e-09 3.404042277398548928e-03
6.923076923076922013e-09 6.879917169066005270e-03
7.023411371237457594e-09 1.095801537991297758e-02
7.123745819397992348e-09 7.764258441029107775e-03
7.224080267558527102e-09 6.721083809501949072e-03
7.324414715719062683e-09 1.060027343793433149e-02
7.424749163879597437e-09 4.777151028012815472e-03
7.525083612040133018e-09 8.350456172149562858e-03
7.625418060200667772e-09 1.215546896274845821e-02
7.725752508361202526e-09 5.129453946708040918e-03
7.826086956521737280e-09 -1.472646957725203595e-03
7.926421404682273689e-09 6.224260861648220344e-03
8.026755852842808442e-09 9.375723368790837148e-03
8.127090301003343196e-09 5.871851312379037548e-03
8.227424749163877950e-09 5.548832235806535826e-03
8.327759197324414359e-09 6.166133580270898029e-03
8.428093645484949113e-09 1.199884172531671261e-02
8.528428093645483867e-09 6.401928635094073991e-03
8.628762541806018621e-09 3.449843053623751453e-03
8.729096989966553375e-09 4.581818323624997982e-03
8.829431438127089783e-09 5.194505644571436459e-03
8.929765886287624537e-09 8.982333652771274865e-03
9.030100334448159291e-09 7.592289243428757516e-03
9.130434782608694045e-09 7.290145855055699467e-03
9.230769230769228799e-09 6.956813132159380721e-03
9.331103678929765207e-09 2.295042595250989734e-03
9.431438127090299961e-09 8.498248586618767364e-03
9.531772575250834715e-09 9.405265745094471691e-03
9.632107023411369469e-09 5.267213500920211317e-03
9.732441471571904223e-09 7.415752315420522447e-03
9.832775919732440632e-09 1.833868235941901043e-02
9.933110367892975386e-09 4.171951455124891031e-03
1.003344481605351014e-08 3.082741899167418861e-03
1.013377926421404489e-08 1.032114915706179060e-02
1.023411371237458130e-08 2.512692535535248489e-03
1.033444816053511606e-08 6.665772785388698884e-03
1.043478260869565081e-08 9.166885555158052826e-03
1.053511705685618556e-08 1.173980564136193824e-02
1.063545150501672032e-08 6.962075525623367608e-03
1.073578595317725673e-08 6.506177588734103276e-03
1.083612040133779148e-08 1.863099150697275844e-03
1.093645484949832623e-08 1.057033439201359240e-02
1.103678929765886099e-08 1.154106475420192332e-02
1.113712374581939574e-08 1.208328331242246312e-02
1.123745819397993215e-08 1.057016333276200593e-02
1.133779264214046690e-08 3.925227544757569666e-03
1.143812709030100166e-08 6.313193770686905716e-03
1.153846153846153641e-08 1.039499465464458969e-02
1.163879598662207117e-08 7.413275234160120533e-03
1.173913043478260757e-08 1.784362659026022049e-02
1.183946488294314233e-08 5.133126674621112454e-03
1.193979933110367708e-08 5.839068188875395568e-03
1.204013377926421184e-08 7.774057433782451815e-03
1.214046822742474824e-08 6.515207883926219835e-03
1.224080267558528300e-08 1.146397040089570073e-02
1.234113712374581775e-08 4.556622156957905630e-03
1.244147157190635251e-08 8.055956379251702493e-03
1.254180602006688726e-08 8.324276761042076825e-03
1.264214046822742367e-08 1.931107410770220231e-02
1.274247491638795842e-08 1.143403915349111739e-02
1.284280936454849318e-08 4.686915859076993401e-03
1.294314381270902793e-08 8.146971094305500288e-03
1.304347826086956269e-08 1.303124713621261685e-02
1.314381270903009909e-08 3.828899549851590665e-03
1.324414715719063385e-08 2.884647175457986414e-03
1.334448160535116860e-08 7.857270549630829964e-03
1.344481605351170336e-08 3.193681320625254942e-03
1.354515050167223811e-08 3.149589643529474015e-03
1.364548494983277452e-08 3.890763774648007406e-03
1.374581939799330927e-08 1.279476619607528010e-02
1.384615384615384403e-08 1.057209238626205007e-02
1.394648829431437878e-08 8.886451528669210911e-03
1.404682274247491519e-08 5.797373328704539044e-03
1.414715719063544994e-08 1.289650547474850174e-02
1.424749163879598470e-08 1.071090662102159620e-02
1.434782608695651945e-08 2.590832833006471471e-03
1.444816053511705420e-08 2.514724321268020733e-03
1.454849498327759061e-08 9.859080127029183280e-03
1.464882943143812537e-08 1.095308108063212417e-02
1.474916387959866012e-08 8.015343770624247868e-03
1.484949832775919487e-08 1.523603199550513723e-02
1.494983277591973128e-08 3.313271354036702743e-03
1.505016722408026604e-08 4.568906740030015748e-03
1.515050167224080079e-08 4.410162351838159758e-03
1.525083612040133554e-08 3.574905070037063572e-03
1.535117056856187030e-08 9.400571377390079184e-03
1.545150501672240505e-08 9.710538679795226516e-03
1.555183946488293981e-08 6.669195963361128007e-03
1.565217391304347456e-08 7.986373861684482184e-03
1.575250836120401262e-08 5.364014401433071962e-03
1.585284280936454738e-08 4.121289518043019275e-03
1.595317725752508213e-08 9.162315828577339422e-03
1.605351170568561688e-08 6.280585973154610702e-03
1.615384615384615164e-08 5.404401882355314331e-03
1.625418060200668639e-08 8.163357302103657620e-03
1.635451505016722115e-08 1.037122495929238691e-02
1.645484949832775590e-08 7.220701769047968045e-03
1.655518394648829065e-08 4.115388197679814564e-03
1.665551839464882872e-08 9.256944885420287025e-03
1.675585284280936347e-08 1.034744788109413956e-02
1.685618729096989823e-08 5.974518804275637252e-03
1.695652173913043298e-08 5.278236334030040992e-03
1.705685618729096773e-08 5.674763593196964842e-03
1.715719063545150249e-08 1.088136458581282287e-02
1.725752508361203724e-08 2.288584929769103479e-03
1.735785953177257200e-08 1.100302020943856596e-02
1.745819397993310675e-08 6.384517491638185167e-03
1.755852842809364150e-08 8.603490450100281794e-03
1.765886287625417957e-08 1.186899059734570355e-02
1.775919732441471432e-08 8.270175647886297832e-03
1.785953177257524907e-08 1.202844009604350436e-02
1.795986622073578383e-08 5.891397390483316295e-03
1.806020066889631858e-08 8.282845283895258481e-03
1.816053511705685334e-08 1.267956832543247828e-02
1.826086956521738809e-08 5.269664222485852950e-03
1.836120401337792284e-08 5.596600378196134318e-03
1.846153846153845760e-08 7.145657900840149575e-03
1.856187290969899566e-08 1.228452734006191868e-03
1.866220735785953041e-08 1.367603028019601444e-02
1.876254180602006517e-08 6.463604134548387586e-03
1.886287625418059992e-08 1.036489329659400112e-02
1.896321070234113468e-08 4.228084651276903944e-03
1.906354515050166943e-08 7.919779505678398515e-03
1.916387959866220418e-08 1.039649360967314674e-02
1.926421404682273894e-08 6.765588923604239427e-03
1.936454849498327369e-08 7.531582179311940503e-03
1.946488294314380845e-08 -3.028319792972079729e-03
1.956521739130434651e-08 8.713691795531828752e-03
1.966555183946488126e-08 7.128887690615547806e-03
1.976588628762541602e-08 6.258693784770058034e-03
1.986622073578595077e-08 6.460574227045477215e-03
1.996655518394648553e-08 1.173126168422353524e-02
2.006688963210702028e-08 1.181638604050303833e-02
2.016722408026755503e-08 5.751592205062097327e-03
2.026755852842808979e-08 1.222423957448958744e-02
2.036789297658862454e-08 1.302201750178184902e-02
2.046822742474916260e-08 7.559056849960445537e-03
2.056856187290969736e-08 7.125594760434700303e-03
2.066889632107023211e-08 7.996689506101016531e-03
2.076923076923076687e-08 8.389310941086094986e-03
2.086956521739130162e-08 4.877377792670166932e-03
2.096989966555183637e-08 1.028362918710649943e-02
2.107023411371237113e-08 1.225653002488064948e-02
2.117056856187290588e-08 4.077720227407706337e-03
2.127090301003344064e-08 3.782007341803362080e-03
2.137123745819397539e-08 8.897615635466970055e-03
2.147157190635451345e-08 7.145735359629353488e-03
2.157190635451504821e-08 1.261418241708464616e-02
2.167224080267558296e-08 1.200733035650271285e-02
2.177257525083611771e-08 1.074266903184974836e-02
2.187290969899665247e-08 5.062279296636791777e-03
2.197324414715718722e-08 1.085857314452404881e-02
2.207357859531772198e-08 3.952312183721991105e-03
2.217391304347825673e-08 8.103707854785846196e-03
2.227424749163879148e-08 9.175575613353489576e-03
2.237458193979932955e-08 6.452180722122618714e-03
2.247491638795986430e-08 1.061407001727332315e-02
2.257525083612039905e-08 2.556951102392820800e-03
2.267558528428093381e-08 4.595983082675276880e-03
2.277591973244146856e-08 1.302807768691423111e-02
2.287625418060200332e-08 2.745553686502504552e-03
2.297658862876253807e-08 2.369996834311121139e-03
2.307692307692307282e-08 8.415973201623917418e-03
2.317725752508360758e-08 5.827813545514620719e-03
2.327759197324414233e-08 2.293878710985039135e-03
2.337792642140468040e-08 8.752032333049870536e-03
2.347826086956521515e-08 1.600189865366468539e-02
2.357859531772574990e-08 1.126937568668405325e-02
2.367892976588628466e-08 5.660368846426244889e-03
2.377926421404681941e-08 4.989677249332175220e-03
2.387959866220735417e-08 4.945707721043918724e-03
2.397993311036788892e-08 5.767063205182549127e-03
2.408026755852842367e-08 5.775993525083398736e-03
2.418060200668895843e-08 1.088684816030363080e-02
2.428093645484949649e-08 8.474174450341225365e-03
2.438127090301003124e-08 1.545075606905967937e-02
2.448160535117056600e-08 2.322994104984139104e-03
2.458193979933110075e-08 4.807999660564868730e-03
2.468227424749163551e-08 6.827206993320436915e-03
2.478260869565217026e-08 1.111314098239954071e-02
2.488294314381270501e-08 1.814416095159018588e-03
2.498327759197323977e-08 6.408292790128397934e-03
2.508361204013377452e-08 2.254023783004285506e-03
2.518394648829430928e-08 8.378706227052645436e-03
2.528428093645484734e-08 8.709004932191882070e-03
2.538461538461538209e-08 1.204652471423743858e-03
2.548494983277591685e-08 9.300357228336822088e-03
2.558528428093645160e-08 7.089615265072334374e-03
2.568561872909698635e-08 5.115478456537737861e-04
2.578595317725752111e-08 1.240818642666976037e-04
2.588628762541805586e-08 -2.978400310327954277e-03
2.598662207357859062e-08 1.287059622420893591e-02
2.608695652173912537e-08 1.021377248181343060e-02
2.618729096989966343e-08 6.055550406172822628e-03
2.628762541806019819e-08 6.798640130961305927e-03
2.638795986622073294e-08 1.399621623704406376e-02
2.648829431438126769e-08 1.441757676177138348e-02
2.658862876254180245e-08 2.362864900348860681e-03
2.668896321070233720e-08 5.991704617928706941e-03
2.678929765886287196e-08 9.615064236707264456e-03
2.688963210702340671e-08 5.627141165127248247e-03
2.698996655518394146e-08 6.818954204765169565e-03
2.709030100334447622e-08 7.465879551000348564e-03
2.719063545150501428e-08 2.860446462683475730e-03
2.729096989966554904e-08 7.531393366325757864e-03
2.739130434782608379e-08 1.404756014566415495e-02
2.749163879598661854e-08 3.269420452566366205e-03
2.759197324414715330e-08 8.083144300034516769e-03
2.769230769230768805e-08 1.097645060520630912e-02
2.779264214046822281e-08 5.676376914275880169e-03
2.789297658862875756e-08 4.370103997276694133e-04
2.799331103678929231e-08 8.412408507265557375e-03
2.809364548494983038e-08 4.699110503639962249e-04
2.819397993311036513e-08 7.906644281370283842e-03
2.829431438127089988e-08 8.101525703700816414e-03
2.839464882943143464e-08 2.302125314248071493e-03
2.849498327759196939e-08 1.280281559244546459e-02
2.859531772575250415e-08 3.104666327387472884e-03
2.869565217391303890e-08 1.075913217179253270e-02
2.879598662207357365e-08 9.308234769533883096e-03
2.889632107023410841e-08 1.201121718299996699e-02
2.899665551839464316e-08 -5.078381205428758073e-03
2.909698996655518122e-08 5.135119892620583840e-03
2.919732441471571598e-08 1.313640185148304274e-02
2.929765886287625073e-08 1.149710110927760175e-02
2.939799331103678549e-08 1.000527645578621130e-02
2.949832775919732024e-08 7.785157993930261026e-03
2.959866220735785499e-08 9.461992095570397748e-03
2.969899665551838975e-08 -3.157410832196022414e-03
2.979933110367892450e-08 7.289114259398068313e-03
2.989966555183946256e-08 8.022537897714801525e-03
2.999999999999999732e-08 4.625085908195512852e-03
