0.000000000000000000e+00 9.999999999999995559e-01
1.003344481605351029e-10 9.627544620859441737e-01
2.006688963210702059e-10 8.670820524581730471e-01
3.010033444816052959e-10 7.499118743157291433e-01
4.013377926421404118e-10 6.454785741700240775e-01
5.016722408026755277e-10 5.692025873708792538e-01
6.020066889632105918e-10 5.184038188363548905e-01
7.023411371237457594e-10 4.827119587112984611e-01
8.026755852842808236e-10 4.523220027258605946e-01
9.030100334448158877e-10 4.204715780166307093e-01
1.003344481605351055e-09 3.841449705600489817e-01
1.103678929765886223e-09 3.453898002463972050e-01
1.204013377926421184e-09 3.105518030036295007e-01
1.304347826086956351e-09 2.854188715905003337e-01
1.404682274247491519e-09 2.698195725937895806e-01
1.505016722408026480e-09 2.571576807451872448e-01
1.605351170568561647e-09 2.394707463725737340e-01
1.705685618729096815e-09 2.130753964954191226e-01
1.806020066889631775e-09 1.801779370139265923e-01
1.906354515050166943e-09 1.464761504059346187e-01
2.006688963210702111e-09 1.177133441546227566e-01
2.107023411371237278e-09 9.722865372513780913e-02
2.207357859531772446e-09 8.482141745091716090e-02
2.307692307692307200e-09 7.710952198255380252e-02
2.408026755852842367e-09 6.966746737617075802e-02
2.508361204013377535e-09 5.994183355993186468e-02
2.608695652173912702e-09 4.867746236903346818e-02
2.709030100334447870e-09 3.860864299778738601e-02
2.809364548494983038e-09 3.173631250725979236e-02
2.909698996655517792e-09 2.765408106311496514e-02
3.010033444816052959e-09 2.400279939096509885e-02
3.110367892976588127e-09 1.819920665492518602e-02
3.210702341137123294e-09 9.088004325201763309e-03
3.311036789297658462e-09 -2.246800090750893097e-03
3.411371237458193629e-09 -1.285638653171006750e-02
3.511705685618728797e-09 -1.953738780475120992e-02
3.612040133779263551e-09 -2.088996215666812789e-02
3.712374581939798719e-09 -1.826311398638957514e-02
3.812709030100333886e-09 -1.467005470411286532e-02
3.913043478260868640e-09 -1.258432752586708704e-02
4.013377926421404221e-09 -1.252763139325146526e-02
4.113712374581938975e-09 -1.337094385904248270e-02
4.214046822742474556e-09 -1.359310655200996615e-02
4.314381270903009310e-09 -1.230104537497979898e-02
4.414715719063544892e-09 -9.625325836142110958e-03
4.515050167224079646e-09 -6.679542584132304277e-03
4.615384615384614399e-09 -5.049913558122247695e-03
4.715719063545149981e-09 -5.728403023572801664e-03
4.816053511705684735e-09 -8.099432227169453546e-03
4.916387959866220316e-09 -1.005086602398761256e-02
5.016722408026755070e-09 -9.447900639744202453e-03
5.117056856187290651e-09 -5.782195778310712277e-03
5.217391304347825405e-09 -5.050558283897594800e-04
5.317725752508360159e-09 4.190717390794101993e-03
5.418060200668895740e-09 6.976868412772565045e-03
5.518394648829430494e-09 8.101344886039474336e-03
5.618729096989966075e-09 8.907005175126575525e-03
5.719063545150500829e-09 1.075831352277018850e-02
5.819397993311035583e-09 1.414078768900415249e-02
5.919732441471571164e-09 1.838755538130414785e-02
6.020066889632105918e-09 2.210484780309456693e-02
6.120401337792641499e-09 2.401436573736172309e-02
6.220735785953176253e-09 2.369373707949322047e-02
6.321070234113711835e-09 2.178031004906352819e-02
6.421404682274246589e-09 1.958026792475656835e-02
6.521739130434781343e-09 1.835365735847001301e-02
6.622073578595316924e-09 1.862617196632716798e-02
6.722408026755851678e-09 1.986045957740803503e-02
6.822742474916387259e-09 2.077895396563657349e-02
6.923076923076922013e-09 2.032228642314003186e-02
7.023411371237457594e-09 1.861948015785068467e-02
7.123745819397992348e-09 1.706157501210096156e-02
7.224080267558527102e-09 1.722044538777156922e-02
7.324414715719062683e-09 1.949253129449835670e-02
7.424749163879597437e-09 2.271861694437985607e-02
7.525083612040133018e-09 2.510578011876354876e-02
7.625418060200667772e-09 2.553954840561379128e-02
7.725752508361202526e-09 2.416259768028323693e-02
7.826086956521737280e-09 2.198224738790468744e-02
7.926421404682273689e-09 2.011183401791770062e-02
8.026755852842808442e-09 1.923839761460552009e-02
8.127090301003343196e-09 1.942202823385384344e-02
8.227424749163877950e-09 2.013125855895377125e-02
8.327759197324414359e-09 2.054721738485342300e-02
8.428093645484949113e-09 2.012275846522856154e-02
8.528428093645483867e-09 1.905892648482598525e-02
8.628762541806018621e-09 1.825009238428538724e-02
8.729096989966553375e-09 1.865245470142320658e-02
8.829431438127089783e-09 2.056259770441404636e-02
8.929765886287624537e-09 2.337908622906291478e-02
9.030100334448159291e-09 2.600731716032376323e-02
9.130434782608694045e-09 2.758878945332745442e-02
9.230769230769228799e-09 2.805181952236314794e-02
9.331103678929765207e-09 2.812116725851753277e-02
9.431438127090299961e-09 2.876468908826341694e-02
9.531772575250834715e-09 3.044233970496388816e-02
9.632107023411369469e-09 3.271318028488760798e-02
9.732441471571904223e-09 3.452771870261697046e-02
9.832775919732440632e-09 3.499685916021767068e-02
9.933110367892975386e-09 3.404403832405620417e-02
1.003344481605351014e-08 3.246177650917096008e-02
1.013377926421404489e-08 3.136789915536679352e-02
1.023411371237458130e-08 3.146290872117372961e-02
1.033444816053511606e-08 3.257664142883057168e-02
1.043478260869565081e-08 3.379865117487007575e-02
1.053511705685618556e-08 3.413203302830546126e-02
1.063545150501672032e-08 3.323099469315027310e-02
1.073578595317725673e-08 3.164483103725507923e-02
1.083612040133779148e-08 3.033744578448841281e-02
1.093645484949832623e-08 2.988861796248760971e-02
1.103678929765886099e-08 3.008557132109852469e-02
1.113712374581939574e-08 3.020848697330345833e-02
1.123745819397993215e-08 2.962707230357650504e-02
1.133779264214046690e-08 2.813196111665716356e-02
1.143812709030100166e-08 2.587663946142889151e-02
1.153846153846153641e-08 2.324702169186968620e-02
1.163879598662207117e-08 2.084557376405405185e-02
1.173913043478260757e-08 1.936847473042274323e-02
1.183946488294314233e-08 1.916625748453981010e-02
1.193979933110367708e-08 1.978263573763440475e-02
1.204013377926421184e-08 2.005498814120974457e-02
1.214046822742474824e-08 1.890930998187922984e-02
1.224080267558528300e-08 1.621749417198732612e-02
1.234113712374581775e-08 1.290240570116941987e-02
1.244147157190635251e-08 1.014710174520078861e-02
1.254180602006688726e-08 8.407306408674547135e-03
1.264214046822742367e-08 7.094128763274009861e-03
1.274247491638795842e-08 5.167063058490636331e-03
1.284280936454849318e-08 2.088955865324229350e-03
1.294314381270902793e-08 -1.664969700730444457e-03
1.304347826086956269e-08 -4.932759153992101291e-03
1.314381270903009909e-08 -6.724902933355991069e-03
1.324414715719063385e-08 -6.920405858021854220e-03
1.334448160535116860e-08 -6.286617754148177487e-03
1.344481605351170336e-08 -5.879621600698001563e-03
1.354515050167223811e-08 -6.341114924714006014e-03
1.364548494983277452e-08 -7.594493428884022818e-03
1.374581939799330927e-08 -9.051335413333194690e-03
1.384615384615384403e-08 -1.007453144357628450e-02
1.394648829431437878e-08 -1.037226001691399571e-02
1.404682274247491519e-08 -1.013170290668059456e-02
1.414715719063544994e-08 -9.843842229089731777e-03
1.424749163879598470e-08 -9.896622809798538006e-03
1.434782608695651945e-08 -1.018263738852692724e-02
1.444816053511705420e-08 -1.005844841638778818e-02
1.454849498327759061e-08 -8.783811993374489313e-03
1.464882943143812537e-08 -6.130247270374524979e-03
1.474916387959866012e-08 -2.623814136849633542e-03
1.484949832775919487e-08 8.056894816347581756e-04
1.494983277591973128e-08 3.436796891447946919e-03
1.505016722408026604e-08 5.093286971563170881e-03
1.515050167224080079e-08 6.020414316816105442e-03
1.525083612040133554e-08 6.568641917209723166e-03
1.535117056856187030e-08 7.002003762086480426e-03
1.545150501672240505e-08 7.459214325691764826e-03
1.555183946488293981e-08 7.932195345566613043e-03
1.565217391304347456e-08 8.262666215266971023e-03
1.575250836120401262e-08 8.276946224295544247e-03
1.585284280936454738e-08 8.015708383233724130e-03
1.595317725752508213e-08 7.795322059347985222e-03
1.605351170568561688e-08 7.949296866470398695e-03
1.615384615384615164e-08 8.477147299498777322e-03
1.625418060200668639e-08 8.986327718935413489e-03
1.635451505016722115e-08 9.011107517106686435e-03
1.645484949832775590e-08 8.390282425091190321e-03
1.655518394648829065e-08 7.364383048833049103e-03
1.665551839464882872e-08 6.383757858958534828e-03
1.675585284280936347e-08 5.856311075448488931e-03
1.685618729096989823e-08 5.980839612666118306e-03
1.695652173913043298e-08 6.648838922143148096e-03
1.705685618729096773e-08 7.423259557287793797e-03
1.715719063545150249e-08 7.703220269865197235e-03
1.725752508361203724e-08 7.087306187028382179e-03
1.735785953177257200e-08 5.698267501266145695e-03
1.745819397993310675e-08 4.165226083666618076e-03
1.755852842809364150e-08 3.223538807533750557e-03
1.765886287625417957e-08 3.225276615361869544e-03
1.775919732441471432e-08 3.922241117438100833e-03
1.785953177257524907e-08 4.666053674172155469e-03
1.795986622073578383e-08 4.886548351485437217e-03
1.806020066889631858e-08 4.534002473365483614e-03
1.816053511705685334e-08 4.165398417307749832e-03
1.826086956521738809e-08 4.564315556894919280e-03
1.836120401337792284e-08 6.149250332586908736e-03
1.846153846153845760e-08 8.649801427095780981e-03
1.856187290969899566e-08 1.131601365028475636e-02
1.866220735785953041e-08 1.342394136117058649e-02
1.876254180602006517e-08 1.460337895537555490e-02
1.886287625418059992e-08 1.481656540062031499e-02
1.896321070234113468e-08 1.423764940855331597e-02
1.906354515050166943e-08 1.325126888112631955e-02
1.916387959866220418e-08 1.241085427358279945e-02
1.926421404682273894e-08 1.212482204608183317e-02
1.936454849498327369e-08 1.227616919184144374e-02
1.946488294314380845e-08 1.228738359104672266e-02
1.956521739130434651e-08 1.173004528234454155e-02
1.966555183946488126e-08 1.086699452295355681e-02
1.976588628762541602e-08 1.047189858295896440e-02
1.986622073578595077e-08 1.106485628901340140e-02
1.996655518394648553e-08 1.237887404999537568e-02
2.006688963210702028e-08 1.359114210406506956e-02
2.016722408026755503e-08 1.399937457940359474e-02
2.026755852842808979e-08 1.345195154095800080e-02
2.036789297658862454e-08 1.227612775750750243e-02
2.046822742474916260e-08 1.098899305165576719e-02
2.056856187290969736e-08 1.008057138828353377e-02
2.066889632107023211e-08 9.858451620728026984e-03
2.076923076923076687e-08 1.029698503913011737e-02
2.086956521739130162e-08 1.102596178651254165e-02
2.096989966555183637e-08 1.156947862692086007e-02
2.107023411371237113e-08 1.164608826375859718e-02
2.117056856187290588e-08 1.123258650421729218e-02
2.127090301003344064e-08 1.039557289837229025e-02
2.137123745819397539e-08 9.180925986709474046e-03
2.147157190635451345e-08 7.696710693539146088e-03
2.157190635451504821e-08 6.182310945860634496e-03
2.167224080267558296e-08 4.871576310355226619e-03
2.177257525083611771e-08 3.810207298377010082e-03
2.187290969899665247e-08 2.910315462138578398e-03
2.197324414715718722e-08 2.190888248242757724e-03
2.207357859531772198e-08 1.851524450950998123e-03
2.217391304347825673e-08 2.031737001523190467e-03
2.227424749163879148e-08 2.549539674221690602e-03
2.237458193979932955e-08 2.966811624349951701e-03
2.247491638795986430e-08 2.925995090547843340e-03
2.257525083612039905e-08 2.398705232710152471e-03
2.267558528428093381e-08 1.640783400176820976e-03
2.277591973244146856e-08 9.720397438968807896e-04
2.287625418060200332e-08 5.768966357096226658e-04
2.297658862876253807e-08 4.009978482051033185e-04
2.307692307692307282e-08 1.808097896690435708e-04
2.317725752508360758e-08 -3.379406873703078148e-04
2.327759197324414233e-08 -1.094015754761904066e-03
2.337792642140468040e-08 -1.641648762856301675e-03
2.347826086956521515e-08 -1.517658251993108526e-03
2.357859531772574990e-08 -7.414818560259289586e-04
2.367892976588628466e-08 1.244168496330631465e-04
2.377926421404681941e-08 4.983451855203519833e-04
2.387959866220735417e-08 3.417080506083959753e-04
2.397993311036788892e-08 1.345127881637231317e-04
2.408026755852842367e-08 3.171607720191575112e-04
2.418060200668895843e-08 8.575051870990931056e-04
2.428093645484949649e-08 1.392949782606341808e-03
2.438127090301003124e-08 1.678255346645532182e-03
2.448160535117056600e-08 1.761436276755574959e-03
2.458193979933110075e-08 1.743696708051212588e-03
2.468227424749163551e-08 1.529699557646475904e-03
2.478260869565217026e-08 9.383528705208846969e-04
2.488294314381270501e-08 2.901344039414957554e-05
2.498327759197323977e-08 -8.001555755331074852e-04
2.508361204013377452e-08 -1.107526723428546404e-03
2.518394648829430928e-08 -7.912914951066622217e-04
2.528428093645484734e-08 -1.650195015432449506e-04
2.538461538461538209e-08 3.170842157871266945e-04
2.548494983277591685e-08 3.886012996382592205e-04
2.558528428093645160e-08 9.474616352128629147e-05
2.568561872909698635e-08 -2.744960011119919503e-04
2.578595317725752111e-08 -3.083361715253786278e-04
2.588628762541805586e-08 3.593164938312549007e-04
2.598662207357859062e-08 1.799421222539110670e-03
2.608695652173912537e-08 3.596812861340697564e-03
2.618729096989966343e-08 5.016486420402237016e-03
2.628762541806019819e-08 5.560232751814223745e-03
2.638795986622073294e-08 5.436030874959494295e-03
2.648829431438126769e-08 5.382757213223405245e-03
2.658862876254180245e-08 5.931065824894062033e-03
2.668896321070233720e-08 6.870299924700673522e-03
2.678929765886287196e-08 7.531029019825259338e-03
2.688963210702340671e-08 7.571669385118842688e-03
2.698996655518394146e-08 7.376110782309717832e-03
2.709030100334447622e-08 7.654930666981917507e-03
2.719063545150501428e-08 8.767084163669898456e-03
2.729096989966554904e-08 1.048379524311808531e-02
2.739130434782608379e-08 1.226074772549832353e-02
2.749163879598661854e-08 1.355121993397471331e-02
2.759197324414715330e-08 1.393038073631053773e-02
2.769230769230768805e-08 1.324837027936629288e-02
2.779264214046822281e-08 1.188756021071338959e-02
2.789297658862875756e-08 1.072796049531539626e-02
2.799331103678929231e-08 1.054053141127110106e-02
2.809364548494983038e-08 1.128537954838812127e-02
2.819397993311036513e-08 1.212857091599519981e-02
2.829431438127089988e-08 1.226264542754315796e-02
2.839464882943143464e-08 1.166256872099890630e-02
2.849498327759196939e-08 1.097996022014567294e-02
2.859531772575250415e-08 1.079540082301699150e-02
2.869565217391303890e-08 1.111430587294821165e-02
2.879598662207357365e-08 1.156117373779389119e-02
2.889632107023410841e-08 1.189318976302980099e-02
2.899665551839464316e-08 1.223790717254387428e-02
2.909698996655518122e-08 1.289524627160810316e-02
2.919732441471571598e-08 1.395562242201185688e-02
2.929765886287625073e-08 1.506253149106028498e-02
2.939799331103678549e-08 1.556614213847185013e-02
2.949832775919732024e-08 1.508902457390486410e-02
2.959866220735785499e-08 1.405786108806344852e-02
2.969899665551838975e-08 1.349622224902605715e-02
2.979933110367892450e-08 1.400185921777485909e-02
2.989966555183946256e-08 1.494991586672303301e-02
2.999999999999999732e-08 1.505389295466491237e-02
