0.000000000000000000e+00 9.999999999999995559e-01
1.003344481605351029e-10 3.876542081973565756e-01
2.006688963210702059e-10 1.224314875088943350e-01
3.010033444816052959e-10 2.512901655899158621e-02
4.013377926421404118e-10 -1.236166974993692380e-02
5.016722408026755277e-10 -1.012507279571382181e-02
6.020066889632105918e-10 2.021069904315839216e-02
7.023411371237457594e-10 1.980557839322818342e-02
8.026755852842808236e-10 1.976902999026308033e-02
9.030100334448158877e-10 2.387902454540068858e-02
1.003344481605351055e-09 3.392382573982320043e-02
1.103678929765886223e-09 2.988895872670566459e-02
1.204013377926421184e-09 1.971297824258001763e-02
1.304347826086956351e-09 -9.343279455344165926e-04
1.404682274247491519e-09 -1.035861307275820833e-02
1.505016722408026480e-09 2.559709448681193617e-03
1.605351170568561647e-09 7.868247621028195971e-03
1.705685618729096815e-09 6.225644543264302264e-03
1.806020066889631775e-09 4.818089365635836938e-03
1.906354515050166943e-09 1.473309996520409150e-02
2.006688963210702111e-09 1.124780548183693281e-02
2.107023411371237278e-09 1.107552311779921861e-02
2.207357859531772446e-09 2.927805499138964439e-03
2.307692307692307200e-09 6.072563803421187224e-04
2.408026755852842367e-09 3.972958456734635314e-04
2.508361204013377535e-09 3.129749327529514173e-04
2.608695652173912702e-09 2.378165339918768273e-06
2.709030100334447870e-09 7.620980275487177630e-03
2.809364548494983038e-09 1.130995999122066074e-02
2.909698996655517792e-09 1.168650897066959501e-02
3.010033444816052959e-09 1.424112564905799690e-02
3.110367892976588127e-09 1.449391335917805772e-02
3.210702341137123294e-09 5.179481717851544369e-03
3.311036789297658462e-09 2.090309811217661452e-03
3.411371237458193629e-09 -1.699999885608454841e-04
3.511705685618728797e-09 -6.716034222085556608e-04
3.612040133779263551e-09 8.202350679301795983e-03
3.712374581939798719e-09 4.124183255980408760e-03
3.812709030100333886e-09 1.690942639005614187e-02
3.913043478260868640e-09 1.398087321568855512e-02
4.013377926421404221e-09 4.649052602768583183e-03
4.113712374581938975e-09 6.760856717260211278e-03
4.214046822742474556e-09 2.634019959729610484e-03
4.314381270903009310e-09 1.827302581743527532e-03
4.414715719063544892e-09 3.387663210932726973e-03
4.515050167224079646e-09 1.517043800447924126e-02
4.615384615384614399e-09 4.338179708984426022e-03
4.715719063545149981e-09 4.652698999695255647e-03
4.816053511705684735e-09 1.086361144983484864e-02
4.916387959866220316e-09 5.614868185114077134e-03
5.016722408026755070e-09 1.038866504584367439e-02
5.117056856187290651e-09 9.685067293593141446e-03
5.217391304347825405e-09 6.605154683339923942e-03
5.317725752508360159e-09 6.214542235747511773e-03
5.418060200668895740e-09 6.476201566814814709e-03
5.518394648829430494e-09 3.331943201189378496e-03
5.618729096989966075e-09 -4.795098669161377593e-05
5.719063545150500829e-09 1.638138460243736706e-04
5.819397993311035583e-09 7.129627663937519039e-03
5.919732441471571164e-09 1.203770368119538858e-02
6.020066889632105918e-09 6.973010789631358536e-03
6.120401337792641499e-09 6.678296619302567794e-03
6.220735785953176253e-09 3.533662589639922740e-03
6.321070234113711835e-09 6.447234218858589709e-03
6.421404682274246589e-09 6.130215891720518229e-03
6.521739130434781343e-09 1.003533864738011608e-02
6.622073578595316924e-09 5.106058685619838805e-03
6.722408026755851678e-09 7.253391817096931440e-03
6.822742474916387259e-09 1.135475942405616417e-02
6.923076923076922013e-09 1.623351703527356471e-02
7.023411371237457594e-09 9.121691060721888802e-03
7.123745819397992348e-09 6.379769587446181521e-03
7.224080267558527102e-09 4.885946675509282577e-03
7.324414715719062683e-09 6.528911518732963791e-03
7.424749163879597437e-09 9.400347911120782857e-03
7.525083612040133018e-09 7.546963062137308602e-03
7.625418060200667772e-09 6.984476128472704576e-03
7.725752508361202526e-09 1.094728288854629472e-02
7.826086956521737280e-09 8.899920704707223532e-03
7.926421404682273689e-09 1.082992161920361476e-02
8.026755852842808442e-09 8.620371739385892726e-03
8.127090301003343196e-09 4.689178364986518015e-03
8.227424749163877950e-09 3.698074060072353755e-03
8.327759197324414359e-09 -2.931546953326930570e-03
8.428093645484949113e-09 3.824619114024588838e-03
8.528428093645483867e-09 6.307393329391764412e-03
8.628762541806018621e-09 9.656366289867343231e-03
8.729096989966553375e-09 6.831535523786523394e-03
8.829431438127089783e-09 1.013309189364634474e-02
8.929765886287624537e-09 9.890906117835423367e-03
9.030100334448159291e-09 6.958202281573247494e-03
9.130434782608694045e-09 1.239523673385579429e-02
9.230769230769228799e-09 6.811291399450944244e-03
9.331103678929765207e-09 8.176372231113563510e-03
9.431438127090299961e-09 9.030355730595419558e-03
9.531772575250834715e-09 8.964254601836758873e-03
9.632107023411369469e-09 8.817848056284148875e-03
9.732441471571904223e-09 9.374139384876894326e-03
9.832775919732440632e-09 2.823114643472789641e-03
9.933110367892975386e-09 5.785131146757587634e-03
1.003344481605351014e-08 7.043411360218803860e-03
1.013377926421404489e-08 5.632981930477465489e-03
1.023411371237458130e-08 7.895464767107422330e-03
1.033444816053511606e-08 1.366023185816256022e-02
1.043478260869565081e-08 1.121021282235151739e-02
1.053511705685618556e-08 7.445064990078298361e-03
1.063545150501672032e-08 1.579279187204043686e-02
1.073578595317725673e-08 1.563932485016031326e-02
1.083612040133779148e-08 1.047573899921319836e-02
1.093645484949832623e-08 7.283046417298954557e-03
1.103678929765886099e-08 9.373565985533285558e-03
1.113712374581939574e-08 6.518862961023101643e-03
1.123745819397993215e-08 9.956300735035011548e-03
1.133779264214046690e-08 3.960086989928748597e-04
1.143812709030100166e-08 -3.366417541053587370e-03
1.153846153846153641e-08 1.326211990485464797e-03
1.163879598662207117e-08 7.938683758909230795e-03
1.173913043478260757e-08 8.500753245115566514e-03
1.183946488294314233e-08 1.288947687282447283e-02
1.193979933110367708e-08 2.094328521699333374e-03
1.204013377926421184e-08 4.003256227135335889e-03
1.214046822742474824e-08 6.073858981524200146e-03
1.224080267558528300e-08 4.797092272310610889e-03
1.234113712374581775e-08 8.585311029588565956e-03
1.244147157190635251e-08 1.305963878474758130e-02
1.254180602006688726e-08 1.254653047610617203e-02
1.264214046822742367e-08 1.057447523332770249e-02
1.274247491638795842e-08 8.982007106295741491e-03
1.284280936454849318e-08 5.399529976334541993e-03
1.294314381270902793e-08 3.055327638278629212e-03
1.304347826086956269e-08 5.362021696577493404e-03
1.314381270903009909e-08 2.529046501159679366e-03
1.324414715719063385e-08 4.729627966768851742e-03
1.334448160535116860e-08 7.027780198322325540e-03
1.344481605351170336e-08 4.920682890407044111e-03
1.354515050167223811e-08 9.674940360407006251e-03
1.364548494983277452e-08 1.154596265586021325e-02
1.374581939799330927e-08 6.267575866870248383e-03
1.384615384615384403e-08 5.095458856856162387e-04
1.394648829431437878e-08 7.480872092807512065e-03
1.404682274247491519e-08 5.129799652092974227e-03
1.414715719063544994e-08 4.348678353164712670e-03
1.424749163879598470e-08 9.708437762725792564e-03
1.434782608695651945e-08 6.305652317737015650e-03
1.444816053511705420e-08 8.351810818025960648e-03
1.454849498327759061e-08 8.145570112938867874e-03
1.464882943143812537e-08 4.687730162627115962e-03
1.474916387959866012e-08 8.341816934536816150e-03
1.484949832775919487e-08 9.770391552473767921e-03
1.494983277591973128e-08 8.690308498042781382e-03
1.505016722408026604e-08 4.691310833409101030e-03
1.515050167224080079e-08 3.794787634004743657e-03
1.525083612040133554e-08 4.914335700247839459e-03
1.535117056856187030e-08 4.152100825078232013e-03
1.545150501672240505e-08 7.119964305457441786e-03
1.555183946488293981e-08 5.256881975229148012e-03
1.565217391304347456e-08 4.981564725523003612e-03
1.575250836120401262e-08 9.133023822829633084e-03
1.585284280936454738e-08 1.032014313102831531e-02
1.595317725752508213e-08 8.477449821511214706e-03
1.605351170568561688e-08 1.243494150443747066e-02
1.615384615384615164e-08 5.432682686964989544e-03
1.625418060200668639e-08 4.807115462200677730e-03
1.635451505016722115e-08 5.232956928584588975e-03
1.645484949832775590e-08 1.060801538114193414e-02
1.655518394648829065e-08 1.241870253095219215e-02
1.665551839464882872e-08 9.644436673112842529e-03
1.675585284280936347e-08 2.418071380148086990e-03
1.685618729096989823e-08 6.129212413167045050e-03
1.695652173913043298e-08 4.171419467040821810e-03
1.705685618729096773e-08 1.197070805312901165e-02
1.715719063545150249e-08 8.840865594810887879e-03
1.725752508361203724e-08 1.190108985737328359e-02
1.735785953177257200e-08 1.090598756955967960e-02
1.745819397993310675e-08 7.988586466970397024e-03
1.755852842809364150e-08 3.198947228594787792e-03
1.765886287625417957e-08 4.954355181633962775e-03
1.775919732441471432e-08 4.757451912158687339e-03
1.785953177257524907e-08 7.974397849882257708e-03
1.795986622073578383e-08 7.735765013728793625e-03
1.806020066889631858e-08 6.454197297469041646e-03
1.816053511705685334e-08 9.926253736245506734e-03
1.826086956521738809e-08 1.095319379933488296e-02
1.836120401337792284e-08 7.447571855417224086e-03
1.846153846153845760e-08 3.251842770196071430e-03
1.856187290969899566e-08 -3.041432805508872007e-05
1.866220735785953041e-08 8.379719444940401246e-04
1.876254180602006517e-08 5.621646255862301073e-03
1.886287625418059992e-08 8.887762762313922496e-03
1.896321070234113468e-08 1.240901090656556724e-02
1.906354515050166943e-08 1.470345827554074385e-02
1.916387959866220418e-08 1.198408901377296873e-02
1.926421404682273894e-08 2.747493459735972973e-03
1.936454849498327369e-08 5.874134831331075633e-03
1.946488294314380845e-08 6.760798772620929195e-03
1.956521739130434651e-08 8.305250647088827098e-03
1.966555183946488126e-08 5.747274043003491525e-03
1.976588628762541602e-08 1.477503068874595413e-02
1.986622073578595077e-08 5.234385027724079362e-03
1.996655518394648553e-08 5.289367913268359922e-03
2.006688963210702028e-08 5.365955674211419710e-03
2.016722408026755503e-08 3.874668331210100094e-03
2.026755852842808979e-08 8.179688963321718465e-03
2.036789297658862454e-08 8.599842819078844583e-03
2.046822742474916260e-08 7.943298215104636906e-03
2.056856187290969736e-08 5.040502608448899427e-03
2.066889632107023211e-08 5.062497434483044165e-03
2.076923076923076687e-08 8.299064484972048725e-03
2.086956521739130162e-08 8.686236107592769720e-03
2.096989966555183637e-08 1.059297049582341201e-02
2.107023411371237113e-08 1.448255750527695750e-02
2.117056856187290588e-08 1.024467061551531839e-02
2.127090301003344064e-08 1.863283849968255801e-03
2.137123745819397539e-08 3.199978681162206524e-03
2.147157190635451345e-08 -5.418731745557982087e-04
2.157190635451504821e-08 6.827925240415740581e-03
2.167224080267558296e-08 1.299333415341130324e-02
2.177257525083611771e-08 9.696004447860315928e-03
2.187290969899665247e-08 1.250511969297030991e-02
2.197324414715718722e-08 1.300048067750661507e-02
2.207357859531772198e-08 1.067627678640969274e-02
2.217391304347825673e-08 6.664310424863074955e-03
2.227424749163879148e-08 3.942203641526923624e-03
2.237458193979932955e-08 6.107899736879500094e-03
2.247491638795986430e-08 1.663539787375133746e-03
2.257525083612039905e-08 1.122569878283961008e-02
2.267558528428093381e-08 1.004297342936058719e-02
2.277591973244146856e-08 9.895414777068407830e-03
2.287625418060200332e-08 1.042913874344503396e-02
2.297658862876253807e-08 5.161239801940700235e-03
2.307692307692307282e-08 7.552180143104369851e-03
2.317725752508360758e-08 1.177975589683141928e-02
2.327759197324414233e-08 1.005433307266180402e-02
2.337792642140468040e-08 9.382367083290359816e-03
2.347826086956521515e-08 6.797011927047262245e-03
2.357859531772574990e-08 1.210190098423736399e-02
2.367892976588628466e-08 1.036553889332882290e-02
2.377926421404681941e-08 6.858392947680351341e-03
2.387959866220735417e-08 6.068040842126287346e-03
2.397993311036788892e-08 8.966603037149325356e-03
2.408026755852842367e-08 1.189373504638079580e-02
2.418060200668895843e-08 9.271294515448242485e-03
2.428093645484949649e-08 1.649452889625363516e-02
2.438127090301003124e-08 1.120314266988743819e-02
2.448160535117056600e-08 3.650362170870023303e-03
2.458193979933110075e-08 1.250971018561422045e-02
2.468227424749163551e-08 1.133871605770844782e-02
2.478260869565217026e-08 8.832348036615785339e-03
2.488294314381270501e-08 5.496328526679347681e-03
2.498327759197323977e-08 6.806852694424421132e-03
2.508361204013377452e-08 1.245555033984986626e-02
2.518394648829430928e-08 8.628454218846193582e-03
2.528428093645484734e-08 6.872417265520004877e-03
2.538461538461538209e-08 7.347604507254315576e-03
2.548494983277591685e-08 4.234812224898050828e-03
2.558528428093645160e-08 7.959707729279674737e-03
2.568561872909698635e-08 7.900576446259662336e-03
2.578595317725752111e-08 1.039404663120381024e-02
2.588628762541805586e-08 7.618453471482487457e-03
2.598662207357859062e-08 6.132896549520342952e-03
2.608695652173912537e-08 4.339362542558963289e-03
2.618729096989966343e-08 1.022739359302371649e-02
2.628762541806019819e-08 7.119987944366428304e-03
2.638795986622073294e-08 4.427344448498276436e-03
2.648829431438126769e-08 3.440622545423043920e-03
2.658862876254180245e-08 7.827272399200030373e-03
2.668896321070233720e-08 7.144710492753406951e-03
2.678929765886287196e-08 1.162631002115949164e-02
2.688963210702340671e-08 9.412639152441905008e-03
2.698996655518394146e-08 5.582925742889262993e-03
2.709030100334447622e-08 7.588846224868493404e-03
2.719063545150501428e-08 4.798963027321002071e-03
2.729096989966554904e-08 5.553316344128411512e-03
2.739130434782608379e-08 1.047516473201302867e-03
2.749163879598661854e-08 4.051088105960952250e-03
2.759197324414715330e-08 8.735202504830272274e-03
2.769230769230768805e-08 6.851218253401477817e-03
2.779264214046822281e-08 8.608234212221874820e-03
2.789297658862875756e-08 1.112648135610619371e-02
2.799331103678929231e-08 5.314028831116616655e-03
2.809364548494983038e-08 1.042306358982904822e-02
2.819397993311036513e-08 5.010948149561522333e-03
2.829431438127089988e-08 4.001122965102982092e-03
2.839464882943143464e-08 1.002979591225669313e-02
2.849498327759196939e-08 9.227478199190793096e-03
2.859531772575250415e-08 7.005543458358430564e-03
2.869565217391303890e-08 1.198813757973926294e-02
2.879598662207357365e-08 9.881879988334629078e-03
2.889632107023410841e-08 9.280855852298451614e-03
2.899665551839464316e-08 2.448470414712358104e-03
2.909698996655518122e-08 2.410699348210755023e-03
2.919732441471571598e-08 7.619650146377851194e-03
2.929765886287625073e-08 1.132124174321201548e-02
2.939799331103678549e-08 8.598100935791348071e-03
2.949832775919732024e-08 4.374741335572901631e-03
2.959866220735785499e-08 2.006390398983137584e-03
2.969899665551838975e-08 6.594653134864855194e-03
2.979933110367892450e-08 1.720555170489177377e-03
2.989966555183946256e-08 4.117159175798086601e-03
2.999999999999999732e-08 4.289854873105756160e-03
