0.000000000000000000e+00 9.999999999999995559e-01
1.003344481605351029e-10 3.994559178094034824e-01
2.006688963210702059e-10 1.405965635964908089e-01
3.010033444816052959e-10 2.841736094810889610e-02
4.013377926421404118e-10 -1.364144078831589987e-02
5.016722408026755277e-10 -8.011621943947373412e-03
6.020066889632105918e-10 1.247940742118966613e-02
7.023411371237457594e-10 2.005545789887801592e-02
8.026755852842808236e-10 2.463646818007684397e-02
9.030100334448158877e-10 1.821699013370708248e-02
1.003344481605351055e-09 3.256054890970153798e-02
1.103678929765886223e-09 3.379624753715123470e-02
1.204013377926421184e-09 2.293668493910984776e-02
1.304347826086956351e-09 8.822568652471161552e-03
1.404682274247491519e-09 -5.917871851022982882e-03
1.505016722408026480e-09 -1.011355365329484612e-02
1.605351170568561647e-09 7.220303575427356770e-03
1.705685618729096815e-09 8.982669360775142817e-03
1.806020066889631775e-09 6.198934999355072348e-03
1.906354515050166943e-09 4.875229787870789463e-03
2.006688963210702111e-09 1.212892382124208281e-02
2.107023411371237278e-09 1.385572361804972459e-02
2.207357859531772446e-09 1.119993395325995060e-02
2.307692307692307200e-09 1.911491971494635143e-03
2.408026755852842367e-09 8.965259505096137387e-05
2.508361204013377535e-09 2.536469957561582507e-04
2.608695652173912702e-09 -1.010552505328356915e-03
2.709030100334447870e-09 1.828261430989950188e-03
2.809364548494983038e-09 7.433716777302412475e-03
2.909698996655517792e-09 1.059778420509751434e-02
3.010033444816052959e-09 1.183350437562684897e-02
3.110367892976588127e-09 1.438982167386186443e-02
3.210702341137123294e-09 1.455215757631794782e-02
3.311036789297658462e-09 4.886255679713367127e-03
3.411371237458193629e-09 2.527771582660716387e-03
3.511705685618728797e-09 -2.059750028231264497e-04
3.612040133779263551e-09 -7.560763938097311929e-04
3.712374581939798719e-09 9.476871810973692273e-03
3.812709030100333886e-09 6.222659223415100832e-03
3.913043478260868640e-09 1.320719597838776113e-02
4.013377926421404221e-09 1.051817986024010908e-02
4.113712374581938975e-09 7.971021657073092126e-03
4.214046822742474556e-09 2.962902525337753230e-03
4.314381270903009310e-09 5.369616165905910336e-03
4.414715719063544892e-09 5.848680493537293697e-03
4.515050167224079646e-09 9.884094576386090718e-04
4.615384615384614399e-09 5.874270570385713500e-03
4.715719063545149981e-09 3.601005076913333779e-03
4.816053511705684735e-09 5.312532774201887513e-03
4.916387959866220316e-09 3.499551647922848237e-03
5.016722408026755070e-09 8.044651125583132320e-03
5.117056856187290651e-09 2.860146861709653328e-03
5.217391304347825405e-09 1.104404977361127076e-02
5.317725752508360159e-09 6.306064787945562210e-03
5.418060200668895740e-09 3.651466884318216224e-03
5.518394648829430494e-09 6.861349748395029202e-03
5.618729096989966075e-09 4.219057110259329460e-03
5.719063545150500829e-09 3.646992574327670000e-03
5.819397993311035583e-09 9.354359118371826688e-04
5.919732441471571164e-09 9.667759914197976163e-04
6.020066889632105918e-09 7.486493305825137230e-03
6.120401337792641499e-09 1.257986856962201028e-02
6.220735785953176253e-09 6.763639639428146826e-03
6.321070234113711835e-09 6.672621187575463950e-03
6.421404682274246589e-09 3.497125243640286565e-03
6.521739130434781343e-09 5.459538465344498936e-03
6.622073578595316924e-09 4.845701716729207235e-03
6.722408026755851678e-09 9.805624737741195154e-03
6.822742474916387259e-09 3.416736425310173443e-03
6.923076923076922013e-09 3.140971978676848544e-03
7.023411371237457594e-09 1.078202176621131068e-02
7.123745819397992348e-09 1.554765698786200051e-02
7.224080267558527102e-09 5.269981745571208909e-03
7.324414715719062683e-09 6.276126749578340297e-03
7.424749163879597437e-09 9.543206475222542132e-03
7.525083612040133018e-09 7.867205135065584096e-03
7.625418060200667772e-09 9.202977918160860915e-03
7.725752508361202526e-09 1.223400011495853756e-02
7.826086956521737280e-09 8.485923165979451788e-03
7.926421404682273689e-09 8.555788549911912816e-03
8.026755852842808442e-09 6.065618707166152944e-03
8.127090301003343196e-09 5.697847163797367838e-03
8.227424749163877950e-09 8.351612598330847986e-03
8.327759197324414359e-09 9.869039045767517837e-03
8.428093645484949113e-09 1.107229131921234205e-02
8.528428093645483867e-09 3.556983283802254807e-03
8.628762541806018621e-09 -2.567625210812729715e-03
8.729096989966553375e-09 4.687302251213559465e-03
8.829431438127089783e-09 9.356442912619906266e-03
8.929765886287624537e-09 1.150248756308138061e-02
9.030100334448159291e-09 5.911224796777058040e-03
9.130434782608694045e-09 1.026295674791551961e-02
9.230769230769228799e-09 1.035935422732717041e-02
9.331103678929765207e-09 7.033540971057073744e-03
9.431438127090299961e-09 1.250204724103236645e-02
9.531772575250834715e-09 6.825613880997218226e-03
9.632107023411369469e-09 7.259955979280546638e-03
9.732441471571904223e-09 8.698826047121599805e-03
9.832775919732440632e-09 1.173365550274783203e-02
9.933110367892975386e-09 1.022852182451956457e-02
1.003344481605351014e-08 9.447670356384140974e-03
1.013377926421404489e-08 3.381173444762726552e-03
1.023411371237458130e-08 5.715462762225394927e-03
1.033444816053511606e-08 7.474373621927037949e-03
1.043478260869565081e-08 7.177327650447116146e-03
1.053511705685618556e-08 8.183701345443872982e-03
1.063545150501672032e-08 9.214720657925229083e-03
1.073578595317725673e-08 1.326138316678285127e-02
1.083612040133779148e-08 8.444977089817163468e-03
1.093645484949832623e-08 1.208987269238611002e-02
1.103678929765886099e-08 1.532747883103514550e-02
1.113712374581939574e-08 1.506531899174226585e-02
1.123745819397993215e-08 7.972410811951016057e-03
1.133779264214046690e-08 1.211549395910359317e-03
1.143812709030100166e-08 1.174705292524052223e-02
1.153846153846153641e-08 9.376984845506513427e-03
1.163879598662207117e-08 7.873040509398368525e-03
1.173913043478260757e-08 2.662573985840359977e-04
1.183946488294314233e-08 -1.700042071368704699e-03
1.193979933110367708e-08 3.876470024507395161e-03
1.204013377926421184e-08 1.141124291660823228e-02
1.214046822742474824e-08 6.397245596876495466e-03
1.224080267558528300e-08 9.555142239207113294e-03
1.234113712374581775e-08 3.220563317763041212e-03
1.244147157190635251e-08 2.823015704586298059e-03
1.254180602006688726e-08 5.705205461693224969e-03
1.264214046822742367e-08 4.752297886062020575e-03
1.274247491638795842e-08 8.204899698523726581e-03
1.284280936454849318e-08 1.141421329912308859e-02
1.294314381270902793e-08 1.188516106321129036e-02
1.304347826086956269e-08 1.127729035828946638e-02
1.314381270903009909e-08 9.806939747468894700e-03
1.324414715719063385e-08 4.594496750733649722e-03
1.334448160535116860e-08 2.536726854402313221e-03
1.344481605351170336e-08 4.713464350584653864e-03
1.354515050167223811e-08 2.296880343634789302e-03
1.364548494983277452e-08 4.150177933488254263e-03
1.374581939799330927e-08 5.950504136650297538e-03
1.384615384615384403e-08 5.353524826720534174e-03
1.394648829431437878e-08 5.552934753117218583e-03
1.404682274247491519e-08 1.356067715331609087e-02
1.414715719063544994e-08 5.484253544704983073e-03
1.424749163879598470e-08 9.967551883152530115e-03
1.434782608695651945e-08 6.131116231480290488e-03
1.444816053511705420e-08 9.202868267199086974e-03
1.454849498327759061e-08 5.992541826568039375e-03
1.464882943143812537e-08 7.940933373825684663e-03
1.474916387959866012e-08 1.163280471818706197e-02
1.484949832775919487e-08 6.228881059313340178e-03
1.494983277591973128e-08 6.573427084226682662e-03
1.505016722408026604e-08 6.042392520759460456e-03
1.515050167224080079e-08 3.163971243504400902e-03
1.525083612040133554e-08 6.787226413377906060e-03
1.535117056856187030e-08 8.309700834451158938e-03
1.545150501672240505e-08 7.785793615285841428e-03
1.555183946488293981e-08 3.833510962086519001e-03
1.565217391304347456e-08 4.424128370866186113e-03
1.575250836120401262e-08 5.019777661239814212e-03
1.585284280936454738e-08 3.958064616996603835e-03
1.595317725752508213e-08 7.328988155829110722e-03
1.605351170568561688e-08 6.242857714747272746e-03
1.615384615384615164e-08 7.738235501817606991e-03
1.625418060200668639e-08 7.073054907669921489e-03
1.635451505016722115e-08 9.692322942994468712e-03
1.645484949832775590e-08 8.584321390250055153e-03
1.655518394648829065e-08 1.369805434037866566e-02
1.665551839464882872e-08 6.156952044377062179e-03
1.675585284280936347e-08 4.643562035026681592e-03
1.685618729096989823e-08 5.203859382841280294e-03
1.695652173913043298e-08 9.344649594496330647e-03
1.705685618729096773e-08 1.279795357757453587e-02
1.715719063545150249e-08 5.994994083880964691e-03
1.725752508361203724e-08 8.255157395481984781e-03
1.735785953177257200e-08 5.261719557125888597e-03
1.745819397993310675e-08 2.227862705131726170e-03
1.755852842809364150e-08 6.713868915581267492e-03
1.765886287625417957e-08 1.149961256879363826e-02
1.775919732441471432e-08 9.659210066688642127e-03
1.785953177257524907e-08 9.768965649105903690e-03
1.795986622073578383e-08 9.376818137960145350e-03
1.806020066889631858e-08 7.577028917467273569e-03
1.816053511705685334e-08 2.680537066079774662e-03
1.826086956521738809e-08 4.805890252104477213e-03
1.836120401337792284e-08 3.898178753993700781e-03
1.846153846153845760e-08 9.693661659555947302e-03
1.856187290969899566e-08 7.840583497262028356e-03
1.866220735785953041e-08 7.316368195559229577e-03
1.876254180602006517e-08 9.809913220256078967e-03
1.886287625418059992e-08 1.119047843902641615e-02
1.896321070234113468e-08 7.500032097104771499e-03
1.906354515050166943e-08 3.803050070837253691e-03
1.916387959866220418e-08 1.724236167918763614e-03
1.926421404682273894e-08 9.542321485133330953e-04
1.936454849498327369e-08 7.120066835947159133e-03
1.946488294314380845e-08 1.077442162410076690e-02
1.956521739130434651e-08 1.071349934467987104e-02
1.966555183946488126e-08 1.372440093949703691e-02
1.976588628762541602e-08 1.113271897397225853e-02
1.986622073578595077e-08 9.267639730633759482e-03
1.996655518394648553e-08 8.549029577281319625e-03
2.006688963210702028e-08 5.918127776224520013e-03
2.016722408026755503e-08 2.139096067746953066e-03
2.026755852842808979e-08 5.602505247569377136e-03
2.036789297658862454e-08 8.123764234691958908e-03
2.046822742474916260e-08 8.756026568127307438e-03
2.056856187290969736e-08 7.344852753260861476e-03
2.066889632107023211e-08 3.825201149832442755e-03
2.076923076923076687e-08 4.608363017649339324e-03
2.086956521739130162e-08 3.397015261219301155e-03
2.096989966555183637e-08 9.128444535312040670e-03
2.107023411371237113e-08 9.118246148357954384e-03
2.117056856187290588e-08 4.874646773801531371e-03
2.127090301003344064e-08 3.468183297866586981e-03
2.137123745819397539e-08 8.207965502007103648e-03
2.147157190635451345e-08 1.074052884764444167e-02
2.157190635451504821e-08 8.673822993320871172e-03
2.167224080267558296e-08 1.055633825269671963e-02
2.177257525083611771e-08 1.381619284601567910e-02
2.187290969899665247e-08 1.043563491920792424e-02
2.197324414715718722e-08 1.238529345390390482e-03
2.207357859531772198e-08 3.158462269166124620e-03
2.217391304347825673e-08 -6.818129167877873525e-04
2.227424749163879148e-08 6.731822852808902642e-03
2.237458193979932955e-08 1.226026410396331354e-02
2.247491638795986430e-08 7.970143763734173839e-03
2.257525083612039905e-08 1.200860558163350730e-02
2.267558528428093381e-08 1.183395095795604889e-02
2.277591973244146856e-08 9.873430415532263860e-03
2.287625418060200332e-08 7.937174043215528343e-03
2.297658862876253807e-08 8.804276118095290260e-03
2.307692307692307282e-08 1.147371712007830280e-02
2.317725752508360758e-08 1.920908911267935710e-03
2.327759197324414233e-08 6.858826185961506769e-03
2.337792642140468040e-08 2.415076002535346874e-03
2.347826086956521515e-08 6.315573941463295884e-03
2.357859531772574990e-08 8.362919445427966988e-03
2.367892976588628466e-08 3.927437472996437792e-03
2.377926421404681941e-08 4.684844301169978353e-03
2.387959866220735417e-08 1.391776850726533267e-02
2.397993311036788892e-08 1.423058826474804181e-02
2.408026755852842367e-08 1.085907090033337401e-02
2.418060200668895843e-08 9.549570420235874157e-03
2.428093645484949649e-08 4.129270507285100200e-03
2.438127090301003124e-08 7.450869946358747165e-03
2.448160535117056600e-08 7.473089802716238565e-03
2.458193979933110075e-08 7.226175477690191702e-03
2.468227424749163551e-08 7.239905478337577485e-03
2.478260869565217026e-08 9.739306378685750817e-03
2.488294314381270501e-08 1.174035972232276813e-02
2.498327759197323977e-08 9.674248908875034136e-03
2.508361204013377452e-08 1.710261034285878723e-02
2.518394648829430928e-08 1.065560950993468467e-02
2.528428093645484734e-08 3.749274046287661994e-03
2.538461538461538209e-08 1.301762229048195919e-02
2.548494983277591685e-08 1.116501310012687348e-02
2.558528428093645160e-08 9.424911893896853465e-03
2.568561872909698635e-08 4.260901883559606654e-03
2.578595317725752111e-08 6.993137929077317648e-03
2.588628762541805586e-08 1.013047748476711245e-02
2.598662207357859062e-08 6.316053313837839689e-03
2.608695652173912537e-08 4.716136204065677663e-03
2.618729096989966343e-08 6.473575678686036700e-03
2.628762541806019819e-08 3.562465955033640181e-03
2.638795986622073294e-08 2.030915904025255153e-03
2.648829431438126769e-08 1.170864045584787440e-02
2.658862876254180245e-08 1.451218809935097762e-02
2.668896321070233720e-08 1.139995526967217850e-02
2.678929765886287196e-08 6.104311276971120803e-03
2.688963210702340671e-08 6.466349791072946440e-03
2.698996655518394146e-08 9.801121925776321367e-03
2.709030100334447622e-08 9.215740280628617609e-03
2.719063545150501428e-08 6.330688940899987377e-03
2.729096989966554904e-08 4.467394672518505694e-03
2.739130434782608379e-08 5.380442939518472606e-03
2.749163879598661854e-08 7.569484357899705987e-03
2.759197324414715330e-08 8.787989047426711386e-03
2.769230769230768805e-08 9.193142019221521577e-03
2.779264214046822281e-08 7.390086910306309202e-03
2.789297658862875756e-08 7.935304725980663401e-03
2.799331103678929231e-08 7.169510667715170947e-03
2.809364548494983038e-08 2.425374095519475682e-03
2.819397993311036513e-08 5.528418089214621155e-03
2.829431438127089988e-08 7.837503550177359621e-04
2.839464882943143464e-08 3.972970456410406144e-03
2.849498327759196939e-08 8.681636372959695633e-03
2.859531772575250415e-08 7.816341105911969386e-03
2.869565217391303890e-08 8.612730448227679664e-03
2.879598662207357365e-08 1.211026095729275665e-02
2.889632107023410841e-08 6.713855410835099791e-03
2.899665551839464316e-08 1.027561429897745973e-02
2.909698996655518122e-08 7.180367679600963178e-03
2.919732441471571598e-08 4.205965944516153535e-03
2.929765886287625073e-08 4.606598115924032469e-03
2.939799331103678549e-08 9.208112148044242731e-03
2.949832775919732024e-08 1.011172994268788074e-02
2.959866220735785499e-08 1.012929373526321765e-02
2.969899665551838975e-08 1.022760294154414530e-02
2.979933110367892450e-08 9.892187612576579941e-03
2.989966555183946256e-08 5.065701565583309932e-03
2.999999999999999732e-08 1.137514097336847409e-03
