0.000000000000000000e+00 9.999999999999995559e-01
1.003344481605351029e-10 9.996534048450511634e-01
2.006688963210702059e-10 9.986150854917437147e-01
3.010033444816052959e-10 9.968894298112576102e-01
4.013377926421404118e-10 9.944837161432766859e-01
5.016722408026755277e-10 9.914080614734492869e-01
6.020066889632105918e-10 9.876753495696000140e-01
7.023411371237457594e-10 9.833011397551512101e-01
8.026755852842808236e-10 9.783035571788766260e-01
9.030100334448158877e-10 9.727031656111418956e-01
1.003344481605351055e-09 9.665228239562615453e-01
1.103678929765886223e-09 9.597875278167751212e-01
1.204013377926421184e-09 9.525242375767417613e-01
1.304347826086956351e-09 9.447616945861671001e-01
1.404682274247491519e-09 9.365302271261868317e-01
1.505016722408026480e-09 9.278615479137026778e-01
1.605351170568561647e-09 9.187885449639885405e-01
1.705685618729096815e-09 9.093450676698867641e-01
1.806020066889631775e-09 8.995657099762729425e-01
1.906354515050166943e-09 8.894855925284936848e-01
2.006688963210702111e-09 8.791401456536396264e-01
2.107023411371237278e-09 8.685648949942755825e-01
2.207357859531772446e-09 8.577952515562857760e-01
2.307692307692307200e-09 8.468663078566780467e-01
2.408026755852842367e-09 8.358126417646727369e-01
2.508361204013377535e-09 8.246681295214102203e-01
2.608695652173912702e-09 8.134657693016776880e-01
2.709030100334447870e-09 8.022375165467665603e-01
2.809364548494983038e-09 7.910141321526700242e-01
2.909698996655517792e-09 7.798250444442061946e-01
3.010033444816052959e-09 7.686982257052150658e-01
3.110367892976588127e-09 7.576600838697483686e-01
3.210702341137123294e-09 7.467353698111521831e-01
3.311036789297658462e-09 7.359471004972032437e-01
3.411371237458193629e-09 7.253164981119588628e-01
3.511705685618728797e-09 7.148629450807261199e-01
3.612040133779263551e-09 7.046039547754160415e-01
3.712374581939798719e-09 6.945551575253020582e-01
3.812709030100333886e-09 6.847303014145503797e-01
3.913043478260868640e-09 6.751412672143547455e-01
4.013377926421404221e-09 6.657980966754653007e-01
4.113712374581938975e-09 6.567090332975573652e-01
4.214046822742474556e-09 6.478805745962810114e-01
4.314381270903009310e-09 6.393175348077668740e-01
4.414715719063544892e-09 6.310231169044676625e-01
4.515050167224079646e-09 6.229989927459197441e-01
4.615384615384614399e-09 6.152453901534749026e-01
4.715719063545149981e-09 6.077611856793272427e-01
4.816053511705684735e-09 6.005440018369690991e-01
4.916387959866220316e-09 5.935903075721870037e-01
5.016722408026755070e-09 5.868955207802287743e-01
5.117056856187290651e-09 5.804541117150368024e-01
5.217391304347825405e-09 5.742597061895384769e-01
5.317725752508360159e-09 5.683051875307757461e-01
5.418060200668895740e-09 5.625827963289270484e-01
5.518394648829430494e-09 5.570842271036954285e-01
5.618729096989966075e-09 5.518007211036435322e-01
5.719063545150500829e-09 5.467231545523739689e-01
5.819397993311035583e-09 5.418421217584094007e-01
5.919732441471571164e-09 5.371480126116530140e-01
6.020066889632105918e-09 5.326310840968250249e-01
6.120401337792641499e-09 5.282815255617150374e-01
6.220735785953176253e-09 5.240895175839314080e-01
6.321070234113711835e-09 5.200452843826388616e-01
6.421404682274246589e-09 5.161391398201397029e-01
6.521739130434781343e-09 5.123615271308271657e-01
6.622073578595316924e-09 5.087030526008405884e-01
6.722408026755851678e-09 5.051545134996622277e-01
6.822742474916387259e-09 5.017069206340067922e-01
6.923076923076922013e-09 4.983515159539584904e-01
7.023411371237457594e-09 4.950797856907923622e-01
7.123745819397992348e-09 4.918834695448981997e-01
7.224080267558527102e-09 4.887545664704397441e-01
7.324414715719062683e-09 4.856853376207520556e-01
7.424749163879597437e-09 4.826683070251197583e-01
7.525083612040133018e-09 4.796962605636896915e-01
7.625418060200667772e-09 4.767622437933188850e-01
7.725752508361202526e-09 4.738595591536303164e-01
7.826086956521737280e-09 4.709817630501794139e-01
7.926421404682273689e-09 4.681226632711917301e-01
8.026755852842808442e-09 4.652763171467509951e-01
8.127090301003343196e-09 4.624370308055925638e-01
8.227424749163877950e-09 4.595993598258606427e-01
8.327759197324414359e-09 4.567581115134707881e-01
8.428093645484949113e-09 4.539083489762336665e-01
8.528428093645483867e-09 4.510453970948553604e-01
8.628762541806018621e-09 4.481648504245074327e-01
8.729096989966553375e-09 4.452625829940538571e-01
8.829431438127089783e-09 4.423347599053589763e-01
8.929765886287624537e-09 4.393778505734790563e-01
9.030100334448159291e-09 4.363886433909837104e-01
9.130434782608694045e-09 4.333642615470997272e-01
9.230769230769228799e-09 4.303021796856705272e-01
9.331103678929765207e-09 4.272002410458080601e-01
9.431438127090299961e-09 4.240566746962205480e-01
9.531772575250834715e-09 4.208701124490034085e-01
9.632107023411369469e-09 4.176396050215694933e-01
9.732441471571904223e-09 4.143646370065882656e-01
9.832775919732440632e-09 4.110451402094034701e-01
9.933110367892975386e-09 4.076815049203635910e-01
1.003344481605351014e-08 4.042745887056564125e-01
1.013377926421404489e-08 4.008257223242878697e-01
1.023411371237458130e-08 3.973367124103603376e-01
1.033444816053511606e-08 3.938098405982452532e-01
1.043478260869565081e-08 3.902478588129701387e-01
1.053511705685618556e-08 3.866539804984060469e-01
1.063545150501672032e-08 3.830318676108396270e-01
1.073578595317725673e-08 3.793856132643401158e-01
1.083612040133779148e-08 3.757197199760649031e-01
1.093645484949832623e-08 3.720390735232916302e-01
1.103678929765886099e-08 3.683489124885324650e-01
1.113712374581939574e-08 3.646547936335512996e-01
1.123745819397993215e-08 3.609625533064841907e-01
1.133779264214046690e-08 3.572782651475642224e-01
1.143812709030100166e-08 3.536081944172364544e-01
1.153846153846153641e-08 3.499587493248382253e-01
1.163879598662207117e-08 3.463364297856702523e-01
1.173913043478260757e-08 3.427477740784683480e-01
1.183946488294314233e-08 3.391993039133240906e-01
1.193979933110367708e-08 3.356974684514440477e-01
1.204013377926421184e-08 3.322485878423089845e-01
1.214046822742474824e-08 3.288587968604502754e-01
1.224080267558528300e-08 3.255339892329560669e-01
1.234113712374581775e-08 3.222797632498365927e-01
1.244147157190635251e-08 3.191013692425033743e-01
1.254180602006688726e-08 3.160036595009584337e-01
1.264214046822742367e-08 3.129910411780783552e-01
1.274247491638795842e-08 3.100674326999203756e-01
1.284280936454849318e-08 3.072362241647274561e-01
1.294314381270902793e-08 3.045002421707757589e-01
1.304347826086956269e-08 3.018617194650022317e-01
1.314381270903009909e-08 2.993222697511632724e-01
1.324414715719063385e-08 2.968828679388527680e-01
1.334448160535116860e-08 2.945438360538534250e-01
1.344481605351170336e-08 2.923048349668491142e-01
1.354515050167223811e-08 2.901648620323701300e-01
1.364548494983277452e-08 2.881222546638411153e-01
1.374581939799330927e-08 2.861746998046648116e-01
1.384615384615384403e-08 2.843192491902623020e-01
1.394648829431437878e-08 2.825523402327555500e-01
1.404682274247491519e-08 2.808698222993426530e-01
1.414715719063544994e-08 2.792669880981401564e-01
1.424749163879598470e-08 2.777386098320651642e-01
1.434782608695651945e-08 2.762789797328429331e-01
1.444816053511705420e-08 2.748819545440213674e-01
1.454849498327759061e-08 2.735410034844364402e-01
1.464882943143812537e-08 2.722492591923018068e-01
1.474916387959866012e-08 2.709995711252907724e-01
1.484949832775919487e-08 2.697845608738541623e-01
1.494983277591973128e-08 2.685966788336839883e-01
1.505016722408026604e-08 2.674282616787059252e-01
1.515050167224080079e-08 2.662715900781848499e-01
1.525083612040133554e-08 2.651189461102945177e-01
1.535117056856187030e-08 2.639626698395609039e-01
1.545150501672240505e-08 2.627952145466194711e-01
1.555183946488293981e-08 2.616092001252977028e-01
1.565217391304347456e-08 2.603974641936706580e-01
1.575250836120401262e-08 2.591531105018986536e-01
1.585284280936454738e-08 2.578695542597427837e-01
1.595317725752508213e-08 2.565405640500394435e-01
1.605351170568561688e-08 2.551603000404344401e-01
1.615384615384615164e-08 2.537233482536493945e-01
1.625418060200668639e-08 2.522247507057839844e-01
1.635451505016722115e-08 2.506600312719597934e-01
1.645484949832775590e-08 2.490252171883045873e-01
1.655518394648829065e-08 2.473168561482073646e-01
1.665551839464882872e-08 2.455320289983065341e-01
1.675585284280936347e-08 2.436683580852361808e-01
1.685618729096989823e-08 2.417240113471889607e-01
1.695652173913043298e-08 2.396977022843894689e-01
1.705685618729096773e-08 2.375886859791691008e-01
1.715719063545150249e-08 2.353967513691398450e-01
1.725752508361203724e-08 2.331222100056787594e-01
1.735785953177257200e-08 2.307658815543413289e-01
1.745819397993310675e-08 2.283290763137653667e-01
1.755852842809364150e-08 2.258135750450291912e-01
1.765886287625417957e-08 2.232216064142859557e-01
1.775919732441471432e-08 2.205558223578711896e-01
1.785953177257524907e-08 2.178192716810975482e-01
1.795986622073578383e-08 2.150153721998150635e-01
1.806020066889631858e-08 2.121478817277555051e-01
1.816053511705685334e-08 2.092208682030196609e-01
1.826086956521738809e-08 2.062386792341298070e-01
1.836120401337792284e-08 2.032059113302638886e-01
1.846153846153845760e-08 2.001273790620028692e-01
1.856187290969899566e-08 1.970080843786183311e-01
1.866220735785953041e-08 1.938531862860423116e-01
1.876254180602006517e-08 1.906679710666561722e-01
1.886287625418059992e-08 1.874578231983792531e-01
1.896321070234113468e-08 1.842281971066612178e-01
1.906354515050166943e-08 1.809845898593365199e-01
1.916387959866220418e-08 1.777325148912862196e-01
1.926421404682273894e-08 1.744774768238464002e-01
1.936454849498327369e-08 1.712249474232652724e-01
1.946488294314380845e-08 1.679803427235308511e-01
1.956521739130434651e-08 1.647490013218382843e-01
1.966555183946488126e-08 1.615361638400515665e-01
1.976588628762541602e-08 1.583469535328999866e-01
1.986622073578595077e-08 1.551863580134507092e-01
1.996655518394648553e-08 1.520592120586663765e-01
2.006688963210702028e-08 1.489701814526095680e-01
2.016722408026755503e-08 1.459237478220405948e-01
2.026755852842808979e-08 1.429241944186889490e-01
2.036789297658862454e-08 1.399755928042158704e-01
2.046822742474916260e-08 1.370817903976574714e-01
2.056856187290969736e-08 1.342463988507194561e-01
2.066889632107023211e-08 1.314727832234421911e-01
2.076923076923076687e-08 1.287640519411932249e-01
2.086956521739130162e-08 1.261230475233721116e-01
2.096989966555183637e-08 1.235523380843229768e-01
2.107023411371237113e-08 1.210542096174174187e-01
2.117056856187290588e-08 1.186306590837740982e-01
2.127090301003344064e-08 1.162833883373002863e-01
2.137123745819397539e-08 1.140137989273626584e-01
2.147157190635451345e-08 1.118229878291279317e-01
2.157190635451504821e-08 1.097117441591847209e-01
2.167224080267558296e-08 1.076805469402141169e-01
2.177257525083611771e-08 1.057295639830109352e-01
2.187290969899665247e-08 1.038586519568759081e-01
2.197324414715718722e-08 1.020673577201690468e-01
2.207357859531772198e-08 1.003549209815244592e-01
2.217391304347825673e-08 9.872027835881753977e-02
2.227424749163879148e-08 9.716206889743135566e-02
2.237458193979932955e-08 9.567864110171045433e-02
2.247491638795986430e-08 9.426806152379056669e-02
2.257525083612039905e-08 9.292812494235587473e-02
2.267558528428093381e-08 9.165636615046030000e-02
2.277591973244146856e-08 9.045007335652863190e-02
2.287625418060200332e-08 8.930630318626270325e-02
2.297658862876253807e-08 8.822189725565418583e-02
2.307692307692307282e-08 8.719350026693167832e-02
2.317725752508360758e-08 8.621757956033787584e-02
2.327759197324414233e-08 8.529044603545367365e-02
2.337792642140468040e-08 8.440827633668182561e-02
2.347826086956521515e-08 8.356713617879574230e-02
2.357859531772574990e-08 8.276300467047448262e-02
2.367892976588628466e-08 8.199179947679925695e-02
2.377926421404681941e-08 8.124940264608107587e-02
2.387959866220735417e-08 8.053168691241366361e-02
2.397993311036788892e-08 7.983454227326144959e-02
2.408026755852842367e-08 7.915390263143629035e-02
2.418060200668895843e-08 7.848577228319640609e-02
2.428093645484949649e-08 7.782625202908290130e-02
2.438127090301003124e-08 7.717156468163338667e-02
2.448160535117056600e-08 7.651807974436472537e-02
2.458193979933110075e-08 7.586233703945687024e-02
2.468227424749163551e-08 7.520106906739947028e-02
2.478260869565217026e-08 7.453122189045825741e-02
2.488294314381270501e-08 7.384997434309327480e-02
2.498327759197323977e-08 7.315475538630980545e-02
2.508361204013377452e-08 7.244325943918300537e-02
2.518394648829430928e-08 7.171345953927771300e-02
2.528428093645484734e-08 7.096361820416252630e-02
2.538461538461538209e-08 7.019229588843126089e-02
2.548494983277591685e-08 6.939835695431516294e-02
2.558528428093645160e-08 6.858097309879179759e-02
2.568561872909698635e-08 6.773962420574616838e-02
2.578595317725752111e-08 6.687409661788792925e-02
2.588628762541805586e-08 6.598447884942981734e-02
2.598662207357859062e-08 6.507115478664676766e-02
2.608695652173912537e-08 6.413479444902439597e-02
2.618729096989966343e-08 6.317634240843619797e-02
2.628762541806019819e-08 6.219700398734770430e-02
2.638795986622073294e-08 6.119822937913024091e-02
2.648829431438126769e-08 6.018169585390614057e-02
2.658862876254180245e-08 5.914928823168544292e-02
2.668896321070233720e-08 5.810307782067625909e-02
2.678929765886287196e-08 5.704530003237041902e-02
2.688963210702340671e-08 5.597833089616777169e-02
2.698996655518394146e-08 5.490466270479872624e-02
2.709030100334447622e-08 5.382687902755590309e-02
2.719063545150501428e-08 5.274762933131738052e-02
2.729096989966554904e-08 5.166960344954259904e-02
2.739130434782608379e-08 5.059550613688354459e-02
2.749163879598661854e-08 4.952803194186645996e-02
2.759197324414715330e-08 4.846984062236975310e-02
2.769230769230768805e-08 4.742353331850790443e-02
2.779264214046822281e-08 4.639162968520525732e-02
2.789297658862875756e-08 4.537654617241411448e-02
2.799331103678929231e-08 4.438057562483145591e-02
2.809364548494983038e-08 4.340586835534654409e-02
2.819397993311036513e-08 4.245441482757453255e-02
2.829431438127089988e-08 4.152803006297518112e-02
2.839464882943143464e-08 4.062833986750881421e-02
2.849498327759196939e-08 3.975676895182438109e-02
2.859531772575250415e-08 3.891453099789636549e-02
2.869565217391303890e-08 3.810262070410470880e-02
2.879598662207357365e-08 3.732180782025056043e-02
2.889632107023410841e-08 3.657263316417581206e-02
2.899665551839464316e-08 3.585540659273949576e-02
2.909698996655518122e-08 3.517020688211247581e-02
2.919732441471571598e-08 3.451688345587437812e-02
2.929765886287625073e-08 3.389505988439373008e-02
2.939799331103678549e-08 3.330413906558218895e-02
2.949832775919732024e-08 3.274330998543791005e-02
2.959866220735785499e-08 3.221155594690888746e-02
2.969899665551838975e-08 3.170766414755783746e-02
2.979933110367892450e-08 3.123023648030813504e-02
2.989966555183946256e-08 3.077770142718165222e-02
2.999999999999999732e-08 3.034832691335632646e-02
