0.000000000000000000e+00 9.999999999999995559e-01
1.003344481605351029e-10 9.671141140066061848e-01
2.006688963210702059e-10 8.810591649673402692e-01
3.010033444816052959e-10 7.717569085017488284e-01
4.013377926421404118e-10 6.692021466630209137e-01
5.016722408026755277e-10 5.899387339075532477e-01
6.020066889632105918e-10 5.350993971108706226e-01
7.023411371237457594e-10 4.971744833523432106e-01
8.026755852842808236e-10 4.673671141589624267e-01
9.030100334448158877e-10 4.388624306982872869e-01
1.003344481605351055e-09 4.074059015698794362e-01
1.103678929765886223e-09 3.720777709540513678e-01
1.204013377926421184e-09 3.360535930857000975e-01
1.304347826086956351e-09 3.050240719890400243e-01
1.404682274247491519e-09 2.830490212732024169e-01
1.505016722408026480e-09 2.690429368931036569e-01
1.605351170568561647e-09 2.571709825828178420e-01
1.705685618729096815e-09 2.408459820050608269e-01
1.806020066889631775e-09 2.168552783363379699e-01
1.906354515050166943e-09 1.866372079321531041e-01
2.006688963210702111e-09 1.546750692963927420e-01
2.107023411371237278e-09 1.259385239433186143e-01
2.207357859531772446e-09 1.038971123654032491e-01
2.307692307692307200e-09 8.943235562616141943e-02
2.408026755852842367e-09 8.067681090945849620e-02
2.508361204013377535e-09 7.405336914757434941e-02
2.608695652173912702e-09 6.633289355528525222e-02
2.709030100334447870e-09 5.649180171455648464e-02
2.809364548494983038e-09 4.595515740969171453e-02
2.909698996655517792e-09 3.706656549806953971e-02
3.010033444816052959e-09 3.111754118630149016e-02
3.110367892976588127e-09 2.744910109930812428e-02
3.210702341137123294e-09 2.401106610468680888e-02
3.311036789297658462e-09 1.867158704867929661e-02
3.411371237458193629e-09 1.041344976056757937e-02
3.511705685618728797e-09 -4.774232144258601374e-05
3.612040133779263551e-09 -1.044199598035700297e-02
3.712374581939798719e-09 -1.799742359416618004e-02
3.812709030100333886e-09 -2.097659092620154930e-02
3.913043478260868640e-09 -1.972861424780767564e-02
4.013377926421404221e-09 -1.640421419880204457e-02
4.113712374581938975e-09 -1.349731804931762411e-02
4.214046822742474556e-09 -1.236223247422421623e-02
4.314381270903009310e-09 -1.276802762621534124e-02
4.414715719063544892e-09 -1.353393147473358309e-02
4.515050167224079646e-09 -1.347903673255902018e-02
4.615384615384614399e-09 -1.203408886828758600e-02
4.715719063545149981e-09 -9.441889604194219146e-03
4.816053511705684735e-09 -6.686770010416458361e-03
4.916387959866220316e-09 -5.089737314306157917e-03
5.016722408026755070e-09 -5.515904046997952698e-03
5.117056856187290651e-09 -7.603433479834945802e-03
5.217391304347825405e-09 -9.732139865113264773e-03
5.317725752508360159e-09 -9.988490400012780754e-03
5.418060200668895740e-09 -7.470559090424145482e-03
5.518394648829430494e-09 -2.885258351799219016e-03
5.618729096989966075e-09 2.017763727503396609e-03
5.719063545150500829e-09 5.655994929343894501e-03
5.819397993311035583e-09 7.530570627358309718e-03
5.919732441471571164e-09 8.311077538340032322e-03
6.020066889632105918e-09 9.227912958256201392e-03
6.120401337792641499e-09 1.127040842706312010e-02
6.220735785953176253e-09 1.463389886250173778e-02
6.321070234113711835e-09 1.863549053646671935e-02
6.421404682274246589e-09 2.209358567126328346e-02
6.521739130434781343e-09 2.395800731012066864e-02
6.622073578595316924e-09 2.384718835634588169e-02
6.722408026755851678e-09 2.221307039613421366e-02
6.822742474916387259e-09 2.008873556635041788e-02
6.923076923076922013e-09 1.858434411211491374e-02
7.023411371237457594e-09 1.835752208926802118e-02
7.123745819397992348e-09 1.927053397072604063e-02
7.224080267558527102e-09 2.044004119698014307e-02
7.324414715719062683e-09 2.077660529404528472e-02
7.424749163879597437e-09 1.978300575758879659e-02
7.525083612040133018e-09 1.804074330451352695e-02
7.625418060200667772e-09 1.689862361067802007e-02
7.725752508361202526e-09 1.749388081871500189e-02
7.826086956521737280e-09 1.986553581721495904e-02
7.926421404682273689e-09 2.289552723179775345e-02
8.026755852842808442e-09 2.509869977897685039e-02
8.127090301003343196e-09 2.557509729954967129e-02
8.227424749163877950e-09 2.441234984875118030e-02
8.327759197324414359e-09 2.240827945969968774e-02
8.428093645484949113e-09 2.051108916057568440e-02
8.528428093645483867e-09 1.939097553874793642e-02
8.628762541806018621e-09 1.925056987850570084e-02
8.729096989966553375e-09 1.980411572802455791e-02
8.829431438127089783e-09 2.042140699396333831e-02
8.929765886287624537e-09 2.047495711451429584e-02
9.030100334448159291e-09 1.976688958493189041e-02
9.130434782608694045e-09 1.873281159873718682e-02
9.230769230769228799e-09 1.820999340283331255e-02
9.331103678929765207e-09 1.889430067120191625e-02
9.431438127090299961e-09 2.087093199797366433e-02
9.531772575250834715e-09 2.354423954364885663e-02
9.632107023411369469e-09 2.599485081599675271e-02
9.732441471571904223e-09 2.752066196977117837e-02
9.832775919732440632e-09 2.803485039232318093e-02
9.933110367892975386e-09 2.809020008887937181e-02
1.003344481605351014e-08 2.850502229504505575e-02
1.013377926421404489e-08 2.980481477301851617e-02
1.023411371237458130e-08 3.183930490518597362e-02
1.033444816053511606e-08 3.384959443328605655e-02
1.043478260869565081e-08 3.495551237871558775e-02
1.053511705685618556e-08 3.473001236019024329e-02
1.063545150501672032e-08 3.347369234436216312e-02
1.073578595317725673e-08 3.202832649389995151e-02
1.083612040133779148e-08 3.127216077310777248e-02
1.093645484949832623e-08 3.160848097704419685e-02
1.103678929765886099e-08 3.273761794665664554e-02
1.113712374581939574e-08 3.384802743195187980e-02
1.123745819397993215e-08 3.413402579361905775e-02
1.133779264214046690e-08 3.332579199275751553e-02
1.143812709030100166e-08 3.185801622786827575e-02
1.153846153846153641e-08 3.053163630745220694e-02
1.163879598662207117e-08 2.992047430103395717e-02
1.173913043478260757e-08 2.999271225829519202e-02
1.183946488294314233e-08 3.021833789898394074e-02
1.193979933110367708e-08 2.999623908311630296e-02
1.204013377926421184e-08 2.900117681536316938e-02
1.214046822742474824e-08 2.723679549724537449e-02
1.224080267558528300e-08 2.492578365481477876e-02
1.234113712374581775e-08 2.245684775122550741e-02
1.244147157190635251e-08 2.037872756566612778e-02
1.254180602006688726e-08 1.923893895293845441e-02
1.264214046822742367e-08 1.921431932611466359e-02
1.274247491638795842e-08 1.981863683355368846e-02
1.284280936454849318e-08 2.005733595749072118e-02
1.294314381270902793e-08 1.904541502129264083e-02
1.304347826086956269e-08 1.663795720546917822e-02
1.314381270903009909e-08 1.353755021976921907e-02
1.324414715719063385e-08 1.075921998907708108e-02
1.334448160535116860e-08 8.872229657068495673e-03
1.344481605351170336e-08 7.614283638043775268e-03
1.354515050167223811e-08 6.157220570655656984e-03
1.364548494983277452e-08 3.791028225384242625e-03
1.374581939799330927e-08 4.992045212251055566e-04
1.384615384615384403e-08 -2.985684892734608194e-03
1.394648829431437878e-08 -5.660145819237001261e-03
1.404682274247491519e-08 -6.901222999636085972e-03
1.414715719063544994e-08 -6.836587074928957009e-03
1.424749163879598470e-08 -6.209262355659549669e-03
1.434782608695651945e-08 -5.879882202003632041e-03
1.444816053511705420e-08 -6.333256783216703947e-03
1.454849498327759061e-08 -7.490332973219313017e-03
1.464882943143812537e-08 -8.870069131849610614e-03
1.474916387959866012e-08 -9.928682292362961403e-03
1.484949832775919487e-08 -1.036216666169853876e-02
1.494983277591973128e-08 -1.024005848863316498e-02
1.505016722408026604e-08 -9.927536931907182324e-03
1.515050167224080079e-08 -9.823472849750642874e-03
1.525083612040133554e-08 -1.003837236824628096e-02
1.535117056856187030e-08 -1.022782812913569823e-02
1.545150501672240505e-08 -9.753799216760172808e-03
1.555183946488293981e-08 -8.114203915280107302e-03
1.565217391304347456e-08 -5.330909032830045968e-03
1.575250836120401262e-08 -1.980295696071534585e-03
1.585284280936454738e-08 1.159354440524419921e-03
1.595317725752508213e-08 3.548357550510924420e-03
1.605351170568561688e-08 5.081597368230564293e-03
1.615384615384615164e-08 5.970205740551573319e-03
1.625418060200668639e-08 6.506101843951711712e-03
1.635451505016722115e-08 6.917204865657402245e-03
1.645484949832775590e-08 7.335708939119525880e-03
1.655518394648829065e-08 7.785386980782127431e-03
1.665551839464882872e-08 8.165824262667067263e-03
1.675585284280936347e-08 8.314266011464992862e-03
1.685618729096989823e-08 8.168580912535694516e-03
1.695652173913043298e-08 7.893014833611728537e-03
1.705685618729096773e-08 7.798400634708108591e-03
1.715719063545150249e-08 8.081517920471499236e-03
1.725752508361203724e-08 8.620605340514583478e-03
1.735785953177257200e-08 9.036171442800645937e-03
1.745819397993310675e-08 8.971357515772373711e-03
1.755852842809364150e-08 8.343293704122132018e-03
1.765886287625417957e-08 7.375644570751230776e-03
1.775919732441471432e-08 6.443990570113864239e-03
1.785953177257524907e-08 5.891175453878953749e-03
1.795986622073578383e-08 5.904629685537480729e-03
1.806020066889631858e-08 6.441692975605204860e-03
1.816053511705685334e-08 7.198153655705461819e-03
1.826086956521738809e-08 7.688568462314070498e-03
1.836120401337792284e-08 7.480462629480355216e-03
1.846153846153845760e-08 6.474092630774551382e-03
1.856187290969899566e-08 5.015637732335579205e-03
1.866220735785953041e-08 3.723181925460021871e-03
1.876254180602006517e-08 3.124578016370679803e-03
1.886287625418059992e-08 3.349306428761803650e-03
1.896321070234113468e-08 4.070272408266340652e-03
1.906354515050166943e-08 4.724215593999210420e-03
1.916387959866220418e-08 4.879911876512034626e-03
1.926421404682273894e-08 4.539580774231736539e-03
1.936454849498327369e-08 4.175203792686042401e-03
1.946488294314380845e-08 4.442510843871171067e-03
1.956521739130434651e-08 5.742500049923474417e-03
1.966555183946488126e-08 7.945550936805864661e-03
1.976588628762541602e-08 1.048360978933816912e-02
1.986622073578595077e-08 1.270745859731076469e-02
1.996655518394648553e-08 1.419664854022187166e-02
2.006688963210702028e-08 1.482172266611841982e-02
2.016722408026755503e-08 1.464998214372905186e-02
2.026755852842808979e-08 1.389935973314791913e-02
2.036789297658862454e-08 1.295788972655349987e-02
2.046822742474916260e-08 1.228649268614383401e-02
2.056856187290969736e-08 1.213252425099265071e-02
2.066889632107023211e-08 1.229652458715980133e-02
2.076923076923076687e-08 1.227398431424729305e-02
2.086956521739130162e-08 1.174006407784420822e-02
2.096989966555183637e-08 1.092558183988052989e-02
2.107023411371237113e-08 1.047196441356100863e-02
2.117056856187290588e-08 1.086832296894108506e-02
2.127090301003344064e-08 1.200677637703474743e-02
2.137123745819397539e-08 1.326058856006718731e-02
2.147157190635451345e-08 1.395953105002621306e-02
2.157190635451504821e-08 1.380346567111537248e-02
2.167224080267558296e-08 1.292684300374277728e-02
2.177257525083611771e-08 1.171236049741029329e-02
2.187290969899665247e-08 1.059460020676928835e-02
2.197324414715718722e-08 9.935698828066103286e-03
2.207357859531772198e-08 9.911745370305416122e-03
2.217391304347825673e-08 1.041722071640450130e-02
2.227424749163879148e-08 1.110367128012969100e-02
2.237458193979932955e-08 1.158525623894405762e-02
2.247491638795986430e-08 1.164841531960733589e-02
2.257525083612039905e-08 1.127948527665170210e-02
2.267558528428093381e-08 1.053493291464145318e-02
2.277591973244146856e-08 9.452089044693983214e-03
2.287625418060200332e-08 8.102219050700078598e-03
2.297658862876253807e-08 6.662365206222924975e-03
2.307692307692307282e-08 5.348820279391337112e-03
2.317725752508360758e-08 4.263420929890919878e-03
2.327759197324414233e-08 3.356300751391679341e-03
2.337792642140468040e-08 2.574532302072944385e-03
2.347826086956521515e-08 2.012343385284104738e-03
2.357859531772574990e-08 1.851913623987029535e-03
2.367892976588628466e-08 2.137645322972580621e-03
2.377926421404681941e-08 2.642259768123169338e-03
2.387959866220735417e-08 2.988591564904299197e-03
2.397993311036788892e-08 2.910447526572891228e-03
2.408026755852842367e-08 2.408593774365943435e-03
2.418060200668895843e-08 1.699428750529701328e-03
2.428093645484949649e-08 1.050709794566305694e-03
2.438127090301003124e-08 6.335105905791627197e-04
2.448160535117056600e-08 4.386995212341041322e-04
2.458193979933110075e-08 2.770340050519261126e-04
2.468227424749163551e-08 -9.450612099497017991e-05
2.478260869565217026e-08 -7.447422572713459973e-04
2.488294314381270501e-08 -1.420695224166793015e-03
2.498327759197323977e-08 -1.684950688732750682e-03
2.508361204013377452e-08 -1.292148299381255588e-03
2.518394648829430928e-08 -4.608605068810748759e-04
2.528428093645484734e-08 2.692318607772537127e-04
2.538461538461538209e-08 5.001060531218050765e-04
2.548494983277591685e-08 3.107137020827085983e-04
2.558528428093645160e-08 1.325492195268177659e-04
2.568561872909698635e-08 3.110218219956185741e-04
2.578595317725752111e-08 8.106733123670489295e-04
2.588628762541805586e-08 1.330733714654273219e-03
2.598662207357859062e-08 1.641395496661590030e-03
2.608695652173912537e-08 1.750840434481382331e-03
2.618729096989966343e-08 1.761964511936116090e-03
2.628762541806019819e-08 1.650125614230227777e-03
2.638795986622073294e-08 1.258033262223096083e-03
2.648829431438126769e-08 5.190616100204169074e-04
2.658862876254180245e-08 -3.600025744442891199e-04
2.668896321070233720e-08 -9.859046971419087747e-04
2.678929765886287196e-08 -1.071174727079509271e-03
2.688963210702340671e-08 -6.551992842668125355e-04
2.698996655518394146e-08 -6.091225288976163769e-05
2.709030100334447622e-08 3.466381345539164271e-04
2.719063545150501428e-08 3.815396326114952729e-04
2.729096989966554904e-08 1.010751232986949882e-04
2.739130434782608379e-08 -2.520000951581234053e-04
2.749163879598661854e-08 -3.395145964658087805e-04
2.759197324414715330e-08 1.563706715290978135e-04
2.769230769230768805e-08 1.355000143805436827e-03
2.779264214046822281e-08 3.009979530548735020e-03
2.789297658862875756e-08 4.550351005477682766e-03
2.799331103678929231e-08 5.426861912935895121e-03
2.809364548494983038e-08 5.543119966335810847e-03
2.819397993311036513e-08 5.360578128069835510e-03
2.829431438127089988e-08 5.504070240841551359e-03
2.839464882943143464e-08 6.195974429918442786e-03
2.849498327759196939e-08 7.072690978254501243e-03
2.859531772575250415e-08 7.580126433761479390e-03
2.869565217391303890e-08 7.549418972243574291e-03
2.879598662207357365e-08 7.373629558218236860e-03
2.889632107023410841e-08 7.643348143536361078e-03
2.899665551839464316e-08 8.650357147270297531e-03
2.909698996655518122e-08 1.022246536959225960e-02
2.919732441471571598e-08 1.192006878124785008e-02
2.929765886287625073e-08 1.328098648390717805e-02
2.939799331103678549e-08 1.392381872929445569e-02
2.949832775919732024e-08 1.363212089662897177e-02
2.959866220735785499e-08 1.254148962123049355e-02
2.969899665551838975e-08 1.124292277963440979e-02
2.979933110367892450e-08 1.051003856411342023e-02
2.989966555183946256e-08 1.073196160005346692e-02
2.999999999999999732e-08 1.156950057286255072e-02
