0.000000000000000000e+00 9.999999999999995559e-01
1.003344481605351029e-10 4.104724991857868766e-01
2.006688963210702059e-10 1.604414541507379055e-01
3.010033444816052959e-10 3.246668883566924263e-02
4.013377926421404118e-10 -1.769678465377872226e-02
5.016722408026755277e-10 -5.057934909604232254e-03
6.020066889632105918e-10 8.632781048800946752e-03
7.023411371237457594e-10 1.834529417128389489e-02
8.026755852842808236e-10 2.361358158847809072e-02
9.030100334448158877e-10 2.040266710536806430e-02
1.003344481605351055e-09 2.810006948582133290e-02
1.103678929765886223e-09 3.159972286066230207e-02
1.204013377926421184e-09 3.005190563219193797e-02
1.304347826086956351e-09 1.935997566881822451e-02
1.404682274247491519e-09 -5.026889261196951751e-03
1.505016722408026480e-09 -1.033243819491658916e-02
1.605351170568561647e-09 2.536102364378978093e-03
1.705685618729096815e-09 8.046336185215545445e-03
1.806020066889631775e-09 5.828476956308109927e-03
1.906354515050166943e-09 3.506706334207159836e-03
2.006688963210702111e-09 1.300643158559994413e-02
2.107023411371237278e-09 1.168531489657278002e-02
2.207357859531772446e-09 1.061438345845239911e-02
2.307692307692307200e-09 8.263244188288823219e-03
2.408026755852842367e-09 2.947091897817229189e-03
2.508361204013377535e-09 -1.243414066467784596e-03
2.608695652173912702e-09 1.146006671994488895e-03
2.709030100334447870e-09 -9.013889153527540263e-04
2.809364548494983038e-09 3.720844756343679154e-03
2.909698996655517792e-09 7.390296284717219610e-03
3.010033444816052959e-09 1.047664233887766159e-02
3.110367892976588127e-09 1.187488191629441914e-02
3.210702341137123294e-09 1.422212346494886905e-02
3.311036789297658462e-09 1.481036663377456077e-02
3.411371237458193629e-09 5.534949737135709188e-03
3.511705685618728797e-09 4.031560831175599706e-03
3.612040133779263551e-09 3.256980162656894495e-04
3.712374581939798719e-09 -8.802631938822760632e-04
3.812709030100333886e-09 7.905364652383851595e-03
3.913043478260868640e-09 6.866305070499889411e-03
4.013377926421404221e-09 8.229761979482278639e-03
4.113712374581938975e-09 9.195853202506532736e-03
4.214046822742474556e-09 1.083470431879632670e-02
4.314381270903009310e-09 3.914430623751895613e-03
4.414715719063544892e-09 9.265535919349747462e-03
4.515050167224079646e-09 4.347496521085445799e-03
4.615384615384614399e-09 2.142755702058405428e-03
4.715719063545149981e-09 4.142195004601852311e-03
4.816053511705684735e-09 1.513779830573049739e-02
4.916387959866220316e-09 3.541938604957478327e-03
5.016722408026755070e-09 3.577230676086258845e-03
5.117056856187290651e-09 8.033744431251160431e-03
5.217391304347825405e-09 8.929931533358888632e-03
5.317725752508360159e-09 6.292835741786552417e-03
5.418060200668895740e-09 8.286380092522060634e-03
5.518394648829430494e-09 5.935494964074602628e-03
5.618729096989966075e-09 2.489302800593989635e-03
5.719063545150500829e-09 6.993656808009779749e-03
5.819397993311035583e-09 4.367569152894255381e-03
5.919732441471571164e-09 3.753292313840973261e-03
6.020066889632105918e-09 7.331788947043237775e-04
6.120401337792641499e-09 1.449091651635002909e-03
6.220735785953176253e-09 7.508375449191587864e-03
6.321070234113711835e-09 1.256291349446310261e-02
6.421404682274246589e-09 7.002573753965679604e-03
6.521739130434781343e-09 6.484010325061745871e-03
6.622073578595316924e-09 3.978155667614862410e-03
6.722408026755851678e-09 2.922839958533358148e-03
6.822742474916387259e-09 1.278865793924334384e-03
6.923076923076922013e-09 6.784536977673451610e-03
7.023411371237457594e-09 1.648526660952766027e-03
7.123745819397992348e-09 4.480608629219090533e-03
7.224080267558527102e-09 1.046510984913607417e-02
7.324414715719062683e-09 1.366699761303575601e-02
7.424749163879597437e-09 9.961135414024831214e-03
7.525083612040133018e-09 8.768203974950154050e-03
7.625418060200667772e-09 8.851351484737608050e-03
7.725752508361202526e-09 3.734100576252261799e-03
7.826086956521737280e-09 6.804462441808116838e-03
7.926421404682273689e-09 1.032529292847534155e-02
8.026755852842808442e-09 7.563663701003363847e-03
8.127090301003343196e-09 7.007140598568724343e-03
8.227424749163877950e-09 1.193814360171679100e-02
8.327759197324414359e-09 9.326164258974868962e-03
8.428093645484949113e-09 8.098758623307382443e-03
8.528428093645483867e-09 7.937502850021704859e-03
8.628762541806018621e-09 6.402695823456564135e-03
8.729096989966553375e-09 5.029548713678919786e-03
8.829431438127089783e-09 -5.596587097952090322e-04
8.929765886287624537e-09 -2.124610301047759071e-03
9.030100334448159291e-09 4.286613381144245387e-03
9.130434782608694045e-09 9.811757337879407556e-03
9.230769230769228799e-09 1.199344806969352209e-02
9.331103678929765207e-09 5.867321472139868863e-03
9.431438127090299961e-09 1.029583103419205378e-02
9.531772575250834715e-09 1.026640213327708294e-02
9.632107023411369469e-09 6.942394902543353591e-03
9.732441471571904223e-09 1.172640162844253674e-02
9.832775919732440632e-09 6.568589684636590154e-03
9.933110367892975386e-09 5.767594868017831243e-03
1.003344481605351014e-08 9.050469299175557814e-03
1.013377926421404489e-08 1.372809952770738529e-02
1.023411371237458130e-08 9.542755281500088851e-03
1.033444816053511606e-08 8.260878812073742597e-03
1.043478260869565081e-08 3.807356389710039434e-03
1.053511705685618556e-08 6.107265625113014046e-03
1.063545150501672032e-08 6.181408397194328858e-03
1.073578595317725673e-08 4.571755886706378724e-03
1.083612040133779148e-08 3.998741606333793171e-03
1.093645484949832623e-08 6.821538404419471256e-03
1.103678929765886099e-08 1.337459964672990838e-02
1.113712374581939574e-08 1.089503609546969148e-02
1.123745819397993215e-08 7.477002061736934962e-03
1.133779264214046690e-08 1.524704151157289973e-02
1.143812709030100166e-08 1.445510961488077548e-02
1.153846153846153641e-08 9.293517961535182476e-03
1.163879598662207117e-08 6.997175070458058234e-03
1.173913043478260757e-08 5.668755619613877715e-03
1.183946488294314233e-08 1.079848524019639752e-02
1.193979933110367708e-08 8.990734889513671280e-03
1.204013377926421184e-08 7.398888527391458796e-03
1.214046822742474824e-08 1.691920527586730782e-03
1.224080267558528300e-08 -5.495608205103462342e-04
1.234113712374581775e-08 3.213119745747298941e-03
1.244147157190635251e-08 1.236610432197559305e-02
1.254180602006688726e-08 6.200111631130079959e-03
1.264214046822742367e-08 9.716451488066796260e-03
1.274247491638795842e-08 2.849051605624867110e-03
1.284280936454849318e-08 4.140712716416822085e-03
1.294314381270902793e-08 6.664453220683140902e-03
1.304347826086956269e-08 3.992969337993576562e-03
1.314381270903009909e-08 7.735119253955016240e-03
1.324414715719063385e-08 6.950941657709648440e-03
1.334448160535116860e-08 9.672287555653477989e-03
1.344481605351170336e-08 1.219968717963256302e-02
1.354515050167223811e-08 9.182941993159065425e-03
1.364548494983277452e-08 2.591493717832034967e-03
1.374581939799330927e-08 2.386480110297539182e-03
1.384615384615384403e-08 8.494108190504423648e-04
1.394648829431437878e-08 2.512989461760336326e-03
1.404682274247491519e-08 5.476270375154451003e-03
1.414715719063544994e-08 5.098745518273837055e-03
1.424749163879598470e-08 7.067628900877345223e-03
1.434782608695651945e-08 4.715964138275527753e-03
1.444816053511705420e-08 9.702204243203938622e-03
1.454849498327759061e-08 1.366415909852028605e-02
1.464882943143812537e-08 6.506334385057566463e-03
1.474916387959866012e-08 4.703699455441186054e-03
1.484949832775919487e-08 4.409436480504179932e-03
1.494983277591973128e-08 8.144069416395002120e-03
1.505016722408026604e-08 7.073675784060229690e-03
1.515050167224080079e-08 8.466757586707373759e-03
1.525083612040133554e-08 6.920657022653191152e-03
1.535117056856187030e-08 6.052102932946804188e-03
1.545150501672240505e-08 5.860181844552277836e-03
1.555183946488293981e-08 5.766023375096889642e-03
1.565217391304347456e-08 3.092040945451186417e-03
1.575250836120401262e-08 6.668420701393904318e-03
1.585284280936454738e-08 8.727295010754631058e-03
1.595317725752508213e-08 8.291494388265180371e-03
1.605351170568561688e-08 4.849445303144098336e-03
1.615384615384615164e-08 2.933128190691067227e-03
1.625418060200668639e-08 4.076750949602122275e-03
1.635451505016722115e-08 3.428737854735475384e-03
1.645484949832775590e-08 8.785747209027194859e-03
1.655518394648829065e-08 7.142227583023723174e-03
1.665551839464882872e-08 7.903105700453660898e-03
1.675585284280936347e-08 2.920685815817161343e-03
1.685618729096989823e-08 7.483279255234611023e-03
1.695652173913043298e-08 7.985212585850174141e-03
1.705685618729096773e-08 8.872339156423591014e-03
1.715719063545150249e-08 9.110361779227582613e-03
1.725752508361203724e-08 4.811477285136451544e-03
1.735785953177257200e-08 5.160718750238285461e-03
1.745819397993310675e-08 5.865983630550427805e-03
1.755852842809364150e-08 1.051540076996579018e-02
1.765886287625417957e-08 1.244422193470958761e-02
1.775919732441471432e-08 8.697991967486695328e-03
1.785953177257524907e-08 3.273157605288769256e-03
1.795986622073578383e-08 6.549416217991529954e-03
1.806020066889631858e-08 3.752604136906928164e-03
1.816053511705685334e-08 8.683720940036264782e-03
1.826086956521738809e-08 1.315736021078310961e-02
1.836120401337792284e-08 9.599146579248518316e-03
1.846153846153845760e-08 8.536281605749223081e-03
1.856187290969899566e-08 9.144501105338076127e-03
1.866220735785953041e-08 8.535219607388205842e-03
1.876254180602006517e-08 3.320316950210319955e-03
1.886287625418059992e-08 5.057356890833324473e-03
1.896321070234113468e-08 3.945793458328805854e-03
1.906354515050166943e-08 9.448493836508888716e-03
1.916387959866220418e-08 7.825665825619077323e-03
1.926421404682273894e-08 6.336042506033346365e-03
1.936454849498327369e-08 9.818654044634493594e-03
1.946488294314380845e-08 9.896192971911193723e-03
1.956521739130434651e-08 8.479886375174921359e-03
1.966555183946488126e-08 4.848000773502341050e-03
1.976588628762541602e-08 2.785903753653483535e-03
1.986622073578595077e-08 4.674176501485566553e-04
1.996655518394648553e-08 4.834746571753582856e-03
2.006688963210702028e-08 1.093255773971010120e-02
2.016722408026755503e-08 1.303771263287001499e-02
2.026755852842808979e-08 1.286279292734312379e-02
2.036789297658862454e-08 1.229412796714161177e-02
2.046822742474916260e-08 1.109640577086097070e-02
2.056856187290969736e-08 3.454511793775947269e-03
2.066889632107023211e-08 5.074702399659116077e-03
2.076923076923076687e-08 6.579679028626779502e-03
2.086956521739130162e-08 8.124002797378552035e-03
2.096989966555183637e-08 6.512461666314546711e-03
2.107023411371237113e-08 1.378206693693149847e-02
2.117056856187290588e-08 5.741447735914256834e-03
2.127090301003344064e-08 9.523720970383332124e-03
2.137123745819397539e-08 6.558666658786170903e-03
2.147157190635451345e-08 2.956356802058798545e-03
2.157190635451504821e-08 3.374376748882687745e-03
2.167224080267558296e-08 7.586174968797283931e-03
2.177257525083611771e-08 8.229600432331297608e-03
2.187290969899665247e-08 5.094927872800989431e-03
2.197324414715718722e-08 3.766365099218440139e-03
2.207357859531772198e-08 8.306047521106694684e-03
2.217391304347825673e-08 1.055311380289261462e-02
2.227424749163879148e-08 8.514916659397169657e-03
2.237458193979932955e-08 1.041104358560620072e-02
2.247491638795986430e-08 1.451135790353059139e-02
2.257525083612039905e-08 1.016097868628983159e-02
2.267558528428093381e-08 5.368870634385279964e-03
2.277591973244146856e-08 4.229686771457731760e-03
2.287625418060200332e-08 -5.409885222741736208e-06
2.297658862876253807e-08 6.197344160548390150e-03
2.307692307692307282e-08 1.099633885536109405e-02
2.317725752508360758e-08 1.039374836011539363e-02
2.327759197324414233e-08 1.518136391498911553e-02
2.337792642140468040e-08 1.141364940165248698e-02
2.347826086956521515e-08 1.259328895949670887e-02
2.357859531772574990e-08 8.774056540868678533e-03
2.367892976588628466e-08 1.157415121709224996e-02
2.377926421404681941e-08 4.262459258029650290e-03
2.387959866220735417e-08 4.828220764320491701e-03
2.397993311036788892e-08 2.498063470078235471e-03
2.408026755852842367e-08 1.138903082117780768e-02
2.418060200668895843e-08 9.388024769517831422e-03
2.428093645484949649e-08 8.975137166321865353e-03
2.438127090301003124e-08 1.102111973783382291e-02
2.448160535117056600e-08 6.369091042404398904e-03
2.458193979933110075e-08 6.176819429092605257e-03
2.468227424749163551e-08 9.944460069313380141e-03
2.478260869565217026e-08 1.449733793275597912e-02
2.488294314381270501e-08 1.071011367285693017e-02
2.498327759197323977e-08 9.589380144825259203e-03
2.508361204013377452e-08 3.653370773121807861e-03
2.518394648829430928e-08 7.229251453312592231e-03
2.528428093645484734e-08 7.626875671785215971e-03
2.538461538461538209e-08 7.226020071478565787e-03
2.548494983277591685e-08 7.415722376369256533e-03
2.558528428093645160e-08 9.239269504422839910e-03
2.568561872909698635e-08 1.194424817061571879e-02
2.578595317725752111e-08 9.179816415484241127e-03
2.588628762541805586e-08 1.511143778231009011e-02
2.598662207357859062e-08 1.615996991565807686e-02
2.608695652173912537e-08 6.940628309715943765e-03
2.618729096989966343e-08 9.673307968409870436e-03
2.628762541806019819e-08 5.874886271687059305e-03
2.638795986622073294e-08 9.592343202769363503e-03
2.648829431438126769e-08 6.888128878478944409e-03
2.658862876254180245e-08 9.263957041723230521e-03
2.668896321070233720e-08 7.616229766350816541e-03
2.678929765886287196e-08 1.150897846281060712e-02
2.688963210702340671e-08 8.888023509331327218e-03
2.698996655518394146e-08 7.221946284468322950e-03
2.709030100334447622e-08 7.679314226173161381e-03
2.719063545150501428e-08 4.423437236089081993e-03
2.729096989966554904e-08 7.742349639137367963e-03
2.739130434782608379e-08 9.348502265712979251e-03
2.749163879598661854e-08 1.380086570462555826e-02
2.759197324414715330e-08 9.631603234704692179e-03
2.769230769230768805e-08 8.161612944130230973e-03
2.779264214046822281e-08 7.099202698900685359e-03
2.789297658862875756e-08 1.291869345417056246e-02
2.799331103678929231e-08 7.985571993038018471e-03
2.809364548494983038e-08 6.708050514180428393e-03
2.819397993311036513e-08 4.511258128503331001e-03
2.829431438127089988e-08 5.907941425863565653e-03
2.839464882943143464e-08 7.530655324800146662e-03
2.849498327759196939e-08 8.943826929110819737e-03
2.859531772575250415e-08 1.002760359660027391e-02
2.869565217391303890e-08 8.071419671517808189e-03
2.879598662207357365e-08 6.270248314099270866e-03
2.889632107023410841e-08 7.613777839816664519e-03
2.899665551839464316e-08 6.697747783782555774e-03
2.909698996655518122e-08 6.612992245102310672e-03
2.919732441471571598e-08 3.701821455021338421e-03
2.929765886287625073e-08 2.142199674472993094e-03
2.939799331103678549e-08 5.202666454721080989e-03
2.949832775919732024e-08 1.105248860413174036e-02
2.959866220735785499e-08 8.769580828671644235e-03
2.969899665551838975e-08 1.019961798030067507e-02
2.979933110367892450e-08 1.038024123058403289e-02
2.989966555183946256e-08 4.098948351710081893e-03
2.999999999999999732e-08 8.493407276165137326e-03
