0.000000000000000000e+00 9.999999999999995559e-01
1.003344481605351029e-10 9.996750803630738424e-01
2.006688963210702059e-10 9.987016099603420738e-01
3.010033444816052959e-10 9.970834456946929825e-01
4.013377926421404118e-10 9.948269870767003642e-01
5.016722408026755277e-10 9.919411335005048347e-01
6.020066889632105918e-10 9.884372249616207862e-01
7.023411371237457594e-10 9.843289667415012767e-01
8.026755852842808236e-10 9.796323387240870595e-01
9.030100334448158877e-10 9.743654901429639192e-01
1.003344481605351055e-09 9.685486206827498279e-01
1.103678929765886223e-09 9.622038489736450817e-01
1.204013377926421184e-09 9.553550696225288075e-01
1.304347826086956351e-09 9.480278000165248686e-01
1.404682274247491519e-09 9.402490182146769904e-01
1.505016722408026480e-09 9.320469933094938098e-01
1.605351170568561647e-09 9.234511096920798856e-01
1.705685618729096815e-09 9.144916866918536558e-01
1.806020066889631775e-09 9.051997950842636254e-01
1.906354515050166943e-09 8.956070719672938329e-01
2.006688963210702111e-09 8.857455354999977937e-01
2.107023411371237278e-09 8.756474009740173869e-01
2.207357859531772446e-09 8.653448996524775172e-01
2.307692307692307200e-09 8.548701017603096419e-01
2.408026755852842367e-09 8.442547449466752951e-01
2.508361204013377535e-09 8.335300694646113895e-01
2.608695652173912702e-09 8.227266612262202905e-01
2.709030100334447870e-09 8.118743037948461527e-01
2.809364548494983038e-09 8.010018402698693141e-01
2.909698996655517792e-09 7.901370459063115081e-01
3.010033444816052959e-09 7.793065121917522875e-01
3.110367892976588127e-09 7.685355429785035719e-01
3.210702341137123294e-09 7.578480631410303703e-01
3.311036789297658462e-09 7.472665400987328344e-01
3.411371237458193629e-09 7.368119184138409716e-01
3.511705685618728797e-09 7.265035675448452412e-01
3.612040133779263551e-09 7.163592427089149339e-01
3.712374581939798719e-09 7.063950586836300616e-01
3.812709030100333886e-09 6.966254762602404060e-01
3.913043478260868640e-09 6.870633009489287568e-01
4.013377926421404221e-09 6.777196934321688682e-01
4.113712374581938975e-09 6.686041911664013515e-01
4.214046822742474556e-09 6.597247404456557662e-01
4.314381270903009310e-09 6.510877381643067618e-01
4.414715719063544892e-09 6.426980824504252565e-01
4.515050167224079646e-09 6.345592312867064377e-01
4.615384615384614399e-09 6.266732681930321514e-01
4.715719063545149981e-09 6.190409740136036953e-01
4.816053511705684735e-09 6.116619038322453905e-01
4.916387959866220316e-09 6.045344680319046926e-01
5.016722408026755070e-09 5.976560165182625006e-01
5.117056856187290651e-09 5.910229251423785302e-01
5.217391304347825405e-09 5.846306833829135741e-01
5.317725752508360159e-09 5.784739823840620021e-01
5.418060200668895740e-09 5.725468024901746444e-01
5.518394648829430494e-09 5.668424994712858433e-01
5.618729096989966075e-09 5.613538886944976491e-01
5.719063545150500829e-09 5.560733265633773792e-01
5.819397993311035583e-09 5.509927886201692049e-01
5.919732441471571164e-09 5.461039437825887521e-01
6.020066889632105918e-09 5.413982242671311340e-01
6.120401337792641499e-09 5.368668908330441747e-01
6.220735785953176253e-09 5.325010930642404272e-01
6.321070234113711835e-09 5.282919244893350408e-01
6.421404682274246589e-09 5.242304724215911538e-01
6.521739130434781343e-09 5.203078624797851104e-01
6.622073578595316924e-09 5.165152978268880979e-01
6.722408026755851678e-09 5.128440932350465387e-01
6.822742474916387259e-09 5.092857041518291661e-01
6.923076923076922013e-09 5.058317510033096820e-01
7.023411371237457594e-09 5.024740390236358545e-01
7.123745819397992348e-09 4.992045739477506960e-01
7.224080267558527102e-09 4.960155739434432554e-01
7.324414715719062683e-09 4.928994781905981504e-01
7.424749163879597437e-09 4.898489525391845900e-01
7.525083612040133018e-09 4.868568926930898488e-01
7.625418060200667772e-09 4.839164253744000499e-01
7.725752508361202526e-09 4.810209079223004558e-01
7.826086956521737280e-09 4.781639267726771059e-01
7.926421404682273689e-09 4.753392952490996803e-01
8.026755852842808442e-09 4.725410510736272052e-01
8.127090301003343196e-09 4.697634539773337670e-01
8.227424749163877950e-09 4.670009837562424937e-01
8.327759197324414359e-09 4.642483390791702913e-01
8.428093645484949113e-09 4.615004373105818791e-01
8.528428093645483867e-09 4.587524155647267343e-01
8.628762541806018621e-09 4.559996331579301843e-01
8.729096989966553375e-09 4.532376755747727359e-01
8.829431438127089783e-09 4.504623600119015969e-01
8.929765886287624537e-09 4.476697425112241557e-01
9.030100334448159291e-09 4.448561266430900996e-01
9.130434782608694045e-09 4.420180736505925911e-01
9.230769230769228799e-09 4.391524139190887133e-01
9.331103678929765207e-09 4.362562595911822494e-01
9.431438127090299961e-09 4.333270181074139193e-01
9.531772575250834715e-09 4.303624064173355857e-01
9.632107023411369469e-09 4.273604655750761205e-01
9.732441471571904223e-09 4.243195754083364246e-01
9.832775919732440632e-09 4.212384689303710350e-01
9.933110367892975386e-09 4.181162461511667705e-01
1.003344481605351014e-08 4.149523869368950679e-01
1.013377926421404489e-08 4.117467625658677854e-01
1.023411371237458130e-08 4.084996456346388638e-01
1.033444816053511606e-08 4.052117179794665902e-01
1.043478260869565081e-08 4.018840762958552082e-01
1.053511705685618556e-08 3.985182351620724095e-01
1.063545150501672032e-08 3.951161272009713343e-01
1.073578595317725673e-08 3.916801001477314692e-01
1.083612040133779148e-08 3.882129106287193210e-01
1.093645484949832623e-08 3.847177144979949670e-01
1.103678929765886099e-08 3.811980536224338079e-01
1.113712374581939574e-08 3.776578390533079643e-01
1.123745819397993215e-08 3.741013305707959757e-01
1.133779264214046690e-08 3.705331126375374651e-01
1.143812709030100166e-08 3.669580668472847140e-01
1.153846153846153641e-08 3.633813410042081027e-01
1.163879598662207117e-08 3.598083150167535882e-01
1.173913043478260757e-08 3.562445638364509226e-01
1.183946488294314233e-08 3.526958177160310903e-01
1.193979933110367708e-08 3.491679201020466139e-01
1.204013377926421184e-08 3.456667835142741008e-01
1.214046822742474824e-08 3.421983437970294029e-01
1.224080267558528300e-08 3.387685131556582574e-01
1.234113712374581775e-08 3.353831324144973536e-01
1.244147157190635251e-08 3.320479229502145690e-01
1.254180602006688726e-08 3.287684387663911689e-01
1.264214046822742367e-08 3.255500191813370803e-01
1.274247491638795842e-08 3.223977426013646119e-01
1.284280936454849318e-08 3.193163818460779679e-01
1.294314381270902793e-08 3.163103614807553643e-01
1.304347826086956269e-08 3.133837175937627673e-01
1.314381270903009909e-08 3.105400604343911963e-01
1.324414715719063385e-08 3.077825402988429992e-01
1.334448160535116860e-08 3.051138170197073007e-01
1.344481605351170336e-08 3.025360333775732880e-01
1.354515050167223811e-08 3.000507927129332231e-01
1.364548494983277452e-08 2.976591409727617488e-01
1.374581939799330927e-08 2.953615533796927206e-01
1.384615384615384403e-08 2.931579258631589191e-01
1.394648829431437878e-08 2.910475713418393395e-01
1.404682274247491519e-08 2.890292208959097664e-01
1.414715719063544994e-08 2.871010298165594943e-01
1.424749163879598470e-08 2.852605884696605143e-01
1.434782608695651945e-08 2.835049378609765802e-01
1.444816053511705420e-08 2.818305897424753792e-01
1.454849498327759061e-08 2.802335510537481422e-01
1.464882943143812537e-08 2.787093524497564201e-01
1.474916387959866012e-08 2.772530806266286230e-01
1.484949832775919487e-08 2.758594141214539830e-01
1.494983277591973128e-08 2.745226622303437725e-01
1.505016722408026604e-08 2.732368066617972269e-01
1.515050167224080079e-08 2.719955455198665994e-01
1.525083612040133554e-08 2.707923391939677793e-01
1.535117056856187030e-08 2.696204577195688290e-01
1.545150501672240505e-08 2.684730291664518820e-01
1.555183946488293981e-08 2.673430886088036806e-01
1.565217391304347456e-08 2.662236272339599252e-01
1.575250836120401262e-08 2.651076411540754241e-01
1.585284280936454738e-08 2.639881794971346007e-01
1.595317725752508213e-08 2.628583913702840502e-01
1.605351170568561688e-08 2.617115713091688889e-01
1.615384615384615164e-08 2.605412028514361156e-01
1.625418060200668639e-08 2.593409999004253619e-01
1.635451505016722115e-08 2.581049455758919198e-01
1.645484949832775590e-08 2.568273282819187320e-01
1.655518394648829065e-08 2.555027747575198127e-01
1.665551839464882872e-08 2.541262799123001903e-01
1.675585284280936347e-08 2.526932332874353704e-01
1.685618729096989823e-08 2.511994420206546952e-01
1.695652173913043298e-08 2.496411502323705456e-01
1.705685618729096773e-08 2.480150547881047607e-01
1.715719063545150249e-08 2.463183174294645839e-01
1.725752508361203724e-08 2.445485733016835028e-01
1.735785953177257200e-08 2.427039359397548113e-01
1.745819397993310675e-08 2.407829988070891714e-01
1.755852842809364150e-08 2.387848335100886399e-01
1.765886287625417957e-08 2.367089848387713413e-01
1.775919732441471432e-08 2.345554628073595604e-01
1.785953177257524907e-08 2.323247318893796320e-01
1.795986622073578383e-08 2.300176976591764288e-01
1.806020066889631858e-08 2.276356910657252597e-01
1.816053511705685334e-08 2.251804505752075247e-01
1.826086956521738809e-08 2.226541024260027535e-01
1.836120401337792284e-08 2.200591392436165306e-01
1.846153846153845760e-08 2.173983972637047457e-01
1.856187290969899566e-08 2.146750324089335416e-01
1.866220735785953041e-08 2.118924954601109634e-01
1.876254180602006517e-08 2.090545065540743708e-01
1.886287625418059992e-08 2.061650292304672838e-01
1.896321070234113468e-08 2.032282442370760556e-01
1.906354515050166943e-08 2.002485232891200728e-01
1.916387959866220418e-08 1.972304029621224086e-01
1.926421404682273894e-08 1.941785588810522878e-01
1.936454849498327369e-08 1.910977803506653527e-01
1.946488294314380845e-08 1.879929455536988314e-01
1.956521739130434651e-08 1.848689974251391810e-01
1.966555183946488126e-08 1.817309202924750067e-01
1.976588628762541602e-08 1.785837173539849831e-01
1.986622073578595077e-08 1.754323890499666916e-01
1.996655518394648553e-08 1.722819123656347262e-01
2.006688963210702028e-08 1.691372210894427908e-01
2.016722408026755503e-08 1.660031870370070883e-01
2.026755852842808979e-08 1.628846022387834547e-01
2.036789297658862454e-08 1.597861620793221693e-01
2.046822742474916260e-08 1.567124493673699437e-01
2.056856187290969736e-08 1.536679193093761220e-01
2.066889632107023211e-08 1.506568853541002950e-01
2.076923076923076687e-08 1.476835058730049943e-01
2.086956521739130162e-08 1.447517716398899201e-01
2.096989966555183637e-08 1.418654940737071879e-01
2.107023411371237113e-08 1.390282942105700581e-01
2.117056856187290588e-08 1.362435923744960142e-01
2.127090301003344064e-08 1.335145985212315700e-01
2.137123745819397539e-08 1.308443032354148494e-01
2.147157190635451345e-08 1.282354693681253821e-01
2.157190635451504821e-08 1.256906243093387776e-01
2.167224080267558296e-08 1.232120528977108942e-01
2.177257525083611771e-08 1.208017909782379551e-01
2.187290969899665247e-08 1.184616196264265953e-01
2.197324414715718722e-08 1.161930600654481477e-01
2.207357859531772198e-08 1.139973693101066499e-01
2.217391304347825673e-08 1.118755365781156641e-01
2.227424749163879148e-08 1.098282805149587565e-01
2.237458193979932955e-08 1.078560472833203776e-01
2.247491638795986430e-08 1.059590095715683411e-01
2.257525083612039905e-08 1.041370665779061955e-01
2.267558528428093381e-08 1.023898450274983579e-01
2.277591973244146856e-08 1.007167012790163296e-01
2.287625418060200332e-08 9.911672457462109009e-02
2.297658862876253807e-08 9.758874148336216248e-02
2.307692307692307282e-08 9.613132158235689062e-02
2.317725752508360758e-08 9.474278441295161390e-02
2.327759197324414233e-08 9.342120774043999321e-02
2.337792642140468040e-08 9.216443713591634945e-02
2.347826086956521515e-08 9.097009688761001356e-02
2.357859531772574990e-08 8.983560223672291956e-02
2.367892976588628466e-08 8.875817291956106247e-02
2.377926421404681941e-08 8.773484798379427296e-02
2.387959866220735417e-08 8.676250183221340118e-02
2.397993311036788892e-08 8.583786143259575230e-02
2.408026755852842367e-08 8.495752461747213546e-02
2.418060200668895843e-08 8.411797938293910648e-02
2.428093645484949649e-08 8.331562408142267895e-02
2.438127090301003124e-08 8.254678838969939370e-02
2.448160535117056600e-08 8.180775492074536526e-02
2.458193979933110075e-08 8.109478133633440944e-02
2.468227424749163551e-08 8.040412280693556846e-02
2.478260869565217026e-08 7.973205465656260649e-02
2.488294314381270501e-08 7.907489502296245754e-02
2.498327759197323977e-08 7.842902735804413439e-02
2.508361204013377452e-08 7.779092258985603747e-02
2.518394648829430928e-08 7.715716076581842497e-02
2.528428093645484734e-08 7.652445199736113146e-02
2.538461538461538209e-08 7.588965652865094225e-02
2.548494983277591685e-08 7.524980375671071198e-02
2.558528428093645160e-08 7.460211003691712139e-02
2.568561872909698635e-08 7.394399511655566637e-02
2.578595317725752111e-08 7.327309704972667648e-02
2.588628762541805586e-08 7.258728545932584264e-02
2.598662207357859062e-08 7.188467302592639607e-02
2.608695652173912537e-08 7.116362509900760192e-02
2.618729096989966343e-08 7.042276734292354790e-02
2.628762541806019819e-08 6.966099134808455273e-02
2.638795986622073294e-08 6.887745815681202421e-02
2.648829431438126769e-08 6.807159967299984682e-02
2.658862876254180245e-08 6.724311794482665250e-02
2.668896321070233720e-08 6.639198233007118088e-02
2.678929765886287196e-08 6.551842457383963425e-02
2.688963210702340671e-08 6.462293184846910898e-02
2.698996655518394146e-08 6.370623782478812558e-02
2.709030100334447622e-08 6.276931186255346740e-02
2.719063545150501428e-08 6.181334642552638314e-02
2.729096989966554904e-08 6.083974284308575620e-02
2.739130434782608379e-08 5.985009555531409231e-02
2.749163879598661854e-08 5.884617499196290180e-02
2.759197324414715330e-08 5.782990924745530503e-02
2.769230769230768805e-08 5.680336472399213910e-02
2.779264214046822281e-08 5.576872592279520646e-02
2.789297658862875756e-08 5.472827456946925684e-02
2.799331103678929231e-08 5.368436826335281492e-02
2.809364548494983038e-08 5.263941884253389714e-02
2.819397993311036513e-08 5.159587065594196942e-02
2.829431438127089988e-08 5.055617893162581838e-02
2.839464882943143464e-08 4.952278842605385700e-02
2.849498327759196939e-08 4.849811253311103743e-02
2.859531772575250415e-08 4.748451302353015602e-02
2.869565217391303890e-08 4.648428057591223045e-02
2.879598662207357365e-08 4.549961624941445404e-02
2.889632107023410841e-08 4.453261403578001598e-02
2.899665551839464316e-08 4.358524461483370693e-02
2.909698996655518122e-08 4.265934042306396973e-02
2.919732441471571598e-08 4.175658212965338567e-02
2.929765886287625073e-08 4.087848659851431310e-02
2.939799331103678549e-08 4.002639639873951938e-02
2.949832775919732024e-08 3.920147090959697628e-02
2.959866220735785499e-08 3.840467904998474957e-02
2.969899665551838975e-08 3.763679364631462854e-02
2.979933110367892450e-08 3.689838743729412923e-02
2.989966555183946256e-08 3.618983069920396478e-02
2.999999999999999732e-08 3.551129046118042115e-02
