0.000000000000000000e+00 9.999999999999995559e-01
1.003344481605351029e-10 6.743994175207657094e-03
2.006688963210702059e-10 2.321391104462390467e-03
3.010033444816052959e-10 6.247866452352830030e-03
4.013377926421404118e-10 6.850912850550077218e-03
5.016722408026755277e-10 1.485185537191740937e-03
6.020066889632105918e-10 6.288689553194589180e-03
7.023411371237457594e-10 8.442723584791199040e-03
8.026755852842808236e-10 4.177978185503695464e-03
9.030100334448158877e-10 8.327977866454330455e-03
1.003344481605351055e-09 1.098978950495550257e-02
1.103678929765886223e-09 7.982756823504348620e-03
1.204013377926421184e-09 1.005892635273687372e-02
1.304347826086956351e-09 6.537095474296133329e-03
1.404682274247491519e-09 7.821046948643051167e-03
1.505016722408026480e-09 1.171214829723287928e-02
1.605351170568561647e-09 9.910598939917763042e-03
1.705685618729096815e-09 3.550508654183089606e-03
1.806020066889631775e-09 1.281741621344261589e-02
1.906354515050166943e-09 4.165516082019835552e-03
2.006688963210702111e-09 7.818850341931532152e-03
2.107023411371237278e-09 1.052753798093845894e-02
2.207357859531772446e-09 4.724876778801487091e-03
2.307692307692307200e-09 9.427759635649011691e-03
2.408026755852842367e-09 7.958855193660133859e-03
2.508361204013377535e-09 5.748304546216762879e-03
2.608695652173912702e-09 9.568059348601635691e-03
2.709030100334447870e-09 7.071661787968558594e-04
2.809364548494983038e-09 1.031515800702491152e-02
2.909698996655517792e-09 8.017397786112424179e-03
3.010033444816052959e-09 6.522766927506688794e-03
3.110367892976588127e-09 6.097519371278261636e-03
3.210702341137123294e-09 4.363843150955763577e-03
3.311036789297658462e-09 6.688338533872024982e-03
3.411371237458193629e-09 3.091127414083389910e-03
3.511705685618728797e-09 1.861033233545593239e-03
3.612040133779263551e-09 1.963970479222625336e-03
3.712374581939798719e-09 9.098437860422064344e-03
3.812709030100333886e-09 3.865848591625229563e-03
3.913043478260868640e-09 3.545785983411554963e-03
4.013377926421404221e-09 1.308174763608127913e-02
4.113712374581938975e-09 3.287528446174030512e-03
4.214046822742474556e-09 4.999198452647733368e-03
4.314381270903009310e-09 2.655744857099464132e-03
4.414715719063544892e-09 1.303045634783137410e-02
4.515050167224079646e-09 9.480898811636048057e-03
4.615384615384614399e-09 3.874969300250791053e-03
4.715719063545149981e-09 1.071528516833276587e-02
4.816053511705684735e-09 1.009379672707431605e-02
4.916387959866220316e-09 5.618033906773717452e-03
5.016722408026755070e-09 3.067842863453126151e-03
5.117056856187290651e-09 3.646329270339416888e-03
5.217391304347825405e-09 1.335920092294027445e-02
5.317725752508360159e-09 4.065291640498213017e-03
5.418060200668895740e-09 7.464393820265339749e-03
5.518394648829430494e-09 4.455137149307906823e-03
5.618729096989966075e-09 3.600327510222817943e-03
5.719063545150500829e-09 1.391651768966642271e-02
5.819397993311035583e-09 6.633980851818428552e-03
5.919732441471571164e-09 5.323755635351886013e-03
6.020066889632105918e-09 5.245957425086422536e-03
6.120401337792641499e-09 6.115750072427557534e-03
6.220735785953176253e-09 1.130414128746186180e-02
6.321070234113711835e-09 9.117510487399074770e-03
6.421404682274246589e-09 8.582084275114058511e-03
6.521739130434781343e-09 1.302559054287282143e-02
6.622073578595316924e-09 7.706672158270227134e-03
6.722408026755851678e-09 5.093606306312290291e-03
6.822742474916387259e-09 8.281494794163835743e-03
6.923076923076922013e-09 1.237776431004932766e-02
7.023411371237457594e-09 1.046167730698723854e-02
7.123745819397992348e-09 6.673326336555969115e-03
7.224080267558527102e-09 8.908039678372944165e-03
7.324414715719062683e-09 7.048350294251356021e-03
7.424749163879597437e-09 9.887403596063616337e-03
7.525083612040133018e-09 7.692214030902612236e-03
7.625418060200667772e-09 1.499259553514436898e-02
7.725752508361202526e-09 8.899869562499088463e-03
7.826086956521737280e-09 1.020942181962874833e-02
7.926421404682273689e-09 7.407621180446843749e-03
8.026755852842808442e-09 4.184989450081821709e-03
8.127090301003343196e-09 6.976032685444145086e-03
8.227424749163877950e-09 7.407273923752308829e-03
8.327759197324414359e-09 6.508960892648175262e-03
8.428093645484949113e-09 1.385274021677475147e-02
8.528428093645483867e-09 7.361607376603495831e-03
8.628762541806018621e-09 7.227394967029525732e-03
8.729096989966553375e-09 8.595057105914681236e-03
8.829431438127089783e-09 9.905187797908998615e-03
8.929765886287624537e-09 4.949310456954247178e-03
9.030100334448159291e-09 3.860160462364733373e-03
9.130434782608694045e-09 7.189374688428269364e-03
9.230769230769228799e-09 7.559837970596342688e-03
9.331103678929765207e-09 6.834782176698742627e-03
9.431438127090299961e-09 9.589606610868801374e-04
9.531772575250834715e-09 8.737397682210467850e-03
9.632107023411369469e-09 1.259832185852606534e-02
9.732441471571904223e-09 9.253015572042283185e-03
9.832775919732440632e-09 1.184958946482040851e-02
9.933110367892975386e-09 6.101027067706399701e-03
1.003344481605351014e-08 9.957602957421547718e-03
1.013377926421404489e-08 7.118579166168338516e-03
1.023411371237458130e-08 1.049283405457988698e-02
1.033444816053511606e-08 9.264530876961265746e-03
1.043478260869565081e-08 1.123368178563080404e-02
1.053511705685618556e-08 5.194975185469334449e-03
1.063545150501672032e-08 1.171902471066385218e-02
1.073578595317725673e-08 8.629906695260473881e-03
1.083612040133779148e-08 7.922493546144595764e-03
1.093645484949832623e-08 1.125680233632211751e-02
1.103678929765886099e-08 1.075266934874732558e-02
1.113712374581939574e-08 1.208774119613948046e-02
1.123745819397993215e-08 7.424231071947866821e-03
1.133779264214046690e-08 8.338178237710172636e-03
1.143812709030100166e-08 7.614749453159692580e-03
1.153846153846153641e-08 6.024717561201962251e-04
1.163879598662207117e-08 6.515333567435331250e-03
1.173913043478260757e-08 6.246061214762024805e-03
1.183946488294314233e-08 6.590892889387451811e-03
1.193979933110367708e-08 -8.736129578357944682e-04
1.204013377926421184e-08 6.789236650252318712e-03
1.214046822742474824e-08 4.236863940982160681e-03
1.224080267558528300e-08 1.130776877425311577e-02
1.234113712374581775e-08 1.117641566675203757e-02
1.244147157190635251e-08 8.882657033192525517e-03
1.254180602006688726e-08 1.094806223508303610e-02
1.264214046822742367e-08 5.927860968703175040e-03
1.274247491638795842e-08 7.881530926573130161e-03
1.284280936454849318e-08 9.477914196442732350e-03
1.294314381270902793e-08 1.046032176593266784e-02
1.304347826086956269e-08 7.154688374556412121e-03
1.314381270903009909e-08 9.086544895534435021e-03
1.324414715719063385e-08 5.808175401758403078e-03
1.334448160535116860e-08 1.932445967047661433e-03
1.344481605351170336e-08 9.118958091121833962e-03
1.354515050167223811e-08 1.320113341801372984e-02
1.364548494983277452e-08 1.075097709949668356e-02
1.374581939799330927e-08 7.261872719302475167e-03
1.384615384615384403e-08 8.376473268362041522e-03
1.394648829431437878e-08 7.423228982117566557e-03
1.404682274247491519e-08 5.314543740809123812e-03
1.414715719063544994e-08 1.077413178025369775e-02
1.424749163879598470e-08 6.043880912549082912e-03
1.434782608695651945e-08 1.218554966041881550e-02
1.444816053511705420e-08 -8.930932900209175148e-04
1.454849498327759061e-08 5.366361916527430387e-03
1.464882943143812537e-08 1.215896697145456111e-02
1.474916387959866012e-08 1.119523060578724374e-02
1.484949832775919487e-08 7.078683198736067210e-03
1.494983277591973128e-08 8.372497654044455326e-03
1.505016722408026604e-08 1.057458832036347815e-02
1.515050167224080079e-08 8.510015308877346557e-03
1.525083612040133554e-08 6.399913258034697038e-03
1.535117056856187030e-08 5.259931946149182247e-03
1.545150501672240505e-08 1.139386859243634101e-02
1.555183946488293981e-08 4.941305814091473056e-03
1.565217391304347456e-08 5.898524346060167976e-03
1.575250836120401262e-08 7.581549896759819107e-03
1.585284280936454738e-08 5.204010096297349668e-03
1.595317725752508213e-08 7.287342355983229478e-03
1.605351170568561688e-08 5.152356175942342806e-04
1.615384615384615164e-08 5.564910835283432000e-03
1.625418060200668639e-08 6.571852712495521338e-03
1.635451505016722115e-08 6.833822161767063967e-03
1.645484949832775590e-08 1.028558170916791907e-02
1.655518394648829065e-08 9.208786674511136236e-03
1.665551839464882872e-08 7.150013232652378467e-03
1.675585284280936347e-08 9.000490191539747484e-03
1.685618729096989823e-08 6.960715441985765826e-03
1.695652173913043298e-08 9.871539827912311979e-03
1.705685618729096773e-08 2.729143960021598522e-03
1.715719063545150249e-08 6.887736280989902558e-03
1.725752508361203724e-08 5.373822861354108152e-03
1.735785953177257200e-08 8.411734274687929225e-03
1.745819397993310675e-08 1.299301218862200166e-02
1.755852842809364150e-08 4.486775211292909522e-03
1.765886287625417957e-08 8.848112581221142386e-03
1.775919732441471432e-08 6.676213588010187702e-03
1.785953177257524907e-08 -1.156822872707347419e-04
1.795986622073578383e-08 8.060002599885639565e-03
1.806020066889631858e-08 4.831435648043762993e-03
1.816053511705685334e-08 1.590896077330418087e-02
1.826086956521738809e-08 1.112552618846503888e-02
1.836120401337792284e-08 1.386303892056692938e-02
1.846153846153845760e-08 9.833297261886165055e-03
1.856187290969899566e-08 9.124145860966456287e-03
1.866220735785953041e-08 3.066649838237146646e-03
1.876254180602006517e-08 6.968658455463871450e-03
1.886287625418059992e-08 6.013232366687529598e-03
1.896321070234113468e-08 9.918619137759373400e-03
1.906354515050166943e-08 1.601356669422038942e-02
1.916387959866220418e-08 4.932751664744350686e-03
1.926421404682273894e-08 1.943753079534797689e-03
1.936454849498327369e-08 7.576107989901571631e-03
1.946488294314380845e-08 7.163232265295762201e-03
1.956521739130434651e-08 5.739880635124526911e-03
1.966555183946488126e-08 8.031027530565620562e-03
1.976588628762541602e-08 7.265948458523836459e-03
1.986622073578595077e-08 7.145965326034638306e-03
1.996655518394648553e-08 1.154485751699618930e-02
2.006688963210702028e-08 7.725723997306638627e-03
2.016722408026755503e-08 1.146645129296894501e-02
2.026755852842808979e-08 1.059066206443217729e-02
2.036789297658862454e-08 6.643953799371983722e-03
2.046822742474916260e-08 4.201378256282026387e-03
2.056856187290969736e-08 1.300451443802330340e-02
2.066889632107023211e-08 6.387701468627965395e-03
2.076923076923076687e-08 5.166039070293019543e-03
2.086956521739130162e-08 7.834319210816920523e-03
2.096989966555183637e-08 1.124705714962392217e-02
2.107023411371237113e-08 1.129375651816049396e-02
2.117056856187290588e-08 1.402456742242966757e-02
2.127090301003344064e-08 7.995716735978918369e-03
2.137123745819397539e-08 4.201306334851568486e-03
2.147157190635451345e-08 4.687731997677148030e-03
2.157190635451504821e-08 7.399146917140273123e-03
2.167224080267558296e-08 1.922132720371583139e-03
2.177257525083611771e-08 5.213879442720591346e-03
2.187290969899665247e-08 1.260101470212773682e-02
2.197324414715718722e-08 4.247499813075398742e-03
2.207357859531772198e-08 1.229726354215216269e-02
2.217391304347825673e-08 4.478254123719474858e-03
2.227424749163879148e-08 5.810131721236010648e-03
2.237458193979932955e-08 9.584165183366084861e-03
2.247491638795986430e-08 6.002249004962479512e-03
2.257525083612039905e-08 6.486228968097842475e-03
2.267558528428093381e-08 8.687549786643133584e-03
2.277591973244146856e-08 1.048804700672670807e-02
2.287625418060200332e-08 8.524030698011615670e-03
2.297658862876253807e-08 1.332491156251057809e-02
2.307692307692307282e-08 8.835930918681487306e-03
2.317725752508360758e-08 6.434794234674953706e-03
2.327759197324414233e-08 8.895532415547675528e-03
2.337792642140468040e-08 8.467924382523412188e-03
2.347826086956521515e-08 9.491727638716475693e-03
2.357859531772574990e-08 7.469335330164625364e-03
2.367892976588628466e-08 3.036256366798033984e-03
2.377926421404681941e-08 4.319048393022654163e-03
2.387959866220735417e-08 1.266138834784194707e-02
2.397993311036788892e-08 9.955554260777762371e-03
2.408026755852842367e-08 9.349642414933466081e-03
2.418060200668895843e-08 2.083792554545260689e-02
2.428093645484949649e-08 9.777354979456176140e-03
2.438127090301003124e-08 6.914679112215391457e-03
2.448160535117056600e-08 4.219736949736480405e-03
2.458193979933110075e-08 5.776279828326431366e-03
2.468227424749163551e-08 1.348345319091551501e-03
2.478260869565217026e-08 2.332767288828976274e-03
2.488294314381270501e-08 2.057464999494631325e-03
2.498327759197323977e-08 5.972883825191449905e-03
2.508361204013377452e-08 8.581254309691539739e-03
2.518394648829430928e-08 1.320968777299348987e-02
2.528428093645484734e-08 2.494843339854916839e-03
2.538461538461538209e-08 1.293020313062230846e-03
2.548494983277591685e-08 4.535204050260751435e-03
2.558528428093645160e-08 1.023335785538291923e-02
2.568561872909698635e-08 6.916186209332431979e-03
2.578595317725752111e-08 5.564938547612726175e-03
2.588628762541805586e-08 6.016937921867302960e-03
2.598662207357859062e-08 5.568549050906979915e-03
2.608695652173912537e-08 1.299389715419456762e-02
2.618729096989966343e-08 9.036984325490540412e-03
2.628762541806019819e-08 1.185929205228472387e-02
2.638795986622073294e-08 2.088745108470221445e-03
2.648829431438126769e-08 7.620511111619732506e-03
2.658862876254180245e-08 -6.102301021748667833e-04
2.668896321070233720e-08 1.601083901911529855e-02
2.678929765886287196e-08 7.421184037326206302e-03
2.688963210702340671e-08 6.826707479572766482e-03
2.698996655518394146e-08 1.437693714131368233e-02
2.709030100334447622e-08 9.582598894581326882e-03
2.719063545150501428e-08 8.814554813523532012e-03
2.729096989966554904e-08 1.174557261478792643e-02
2.739130434782608379e-08 -4.377373596370489283e-04
2.749163879598661854e-08 6.691730951224588581e-03
2.759197324414715330e-08 3.765665920355577411e-03
2.769230769230768805e-08 6.740527563042273025e-03
2.779264214046822281e-08 8.338159077942986636e-03
2.789297658862875756e-08 4.839543120262457081e-03
2.799331103678929231e-08 8.199513416953740919e-03
2.809364548494983038e-08 5.439308664559165847e-03
2.819397993311036513e-08 4.413264142504877766e-03
2.829431438127089988e-08 7.088507122628945160e-03
2.839464882943143464e-08 1.027560798156187255e-02
2.849498327759196939e-08 3.733979447721930828e-03
2.859531772575250415e-08 1.123800113253379564e-02
2.869565217391303890e-08 4.031041540823189148e-03
2.879598662207357365e-08 1.468689267532396515e-02
2.889632107023410841e-08 7.319290301883451394e-03
2.899665551839464316e-08 8.044715362215267354e-03
2.909698996655518122e-08 1.121177085400693919e-02
2.919732441471571598e-08 1.037120713213972832e-02
2.929765886287625073e-08 9.265711418754722997e-03
2.939799331103678549e-08 4.751282038214054218e-03
2.949832775919732024e-08 8.915532384752938161e-03
2.959866220735785499e-08 1.306283215659175337e-02
2.969899665551838975e-08 7.426046008225418125e-03
2.979933110367892450e-08 9.086741095781518743e-03
2.989966555183946256e-08 1.063775117249575637e-02
2.999999999999999732e-08 8.334516646826675701e-03
