0.000000000000000000e+00 9.999999999999995559e-01
1.003344481605351029e-10 9.691053473851432010e-01
2.006688963210702059e-10 8.875760605897555777e-01
3.010033444816052959e-10 7.822864059413748850e-01
4.013377926421404118e-10 6.811269979233042227e-01
5.016722408026755277e-10 6.007846998657612181e-01
6.020066889632105918e-10 5.439697935213415603e-01
7.023411371237457594e-10 5.046225695625444763e-01
8.026755852842808236e-10 4.745951709677433406e-01
9.030100334448158877e-10 4.471839457219465297e-01
1.003344481605351055e-09 4.178603769868922124e-01
1.103678929765886223e-09 3.847545398325909471e-01
1.204013377926421184e-09 3.495279106353756382e-01
1.304347826086956351e-09 3.168881133666828220e-01
1.404682274247491519e-09 2.916418566242258148e-01
1.505016722408026480e-09 2.750215750132833925e-01
1.605351170568561647e-09 2.633908986909038186e-01
1.705685618729096815e-09 2.505245544223675402e-01
1.806020066889631775e-09 2.315340205798401552e-01
1.906354515050166943e-09 2.054216576896698010e-01
2.006688963210702111e-09 1.749195188550151381e-01
2.107023411371237278e-09 1.445456869780689935e-01
2.207357859531772446e-09 1.185100216484982344e-01
2.307692307692307200e-09 9.929366815370291310e-02
2.408026755852842367e-09 8.695757033881990061e-02
2.508361204013377535e-09 7.926845981838001598e-02
2.608695652173912702e-09 7.285558579198096740e-02
2.709030100334447870e-09 6.505574525743158809e-02
2.809364548494983038e-09 5.532417158562454029e-02
2.909698996655517792e-09 4.517267104321590065e-02
3.010033444816052959e-09 3.672266723824482715e-02
3.110367892976588127e-09 3.105110925112276876e-02
3.210702341137123294e-09 2.750317292277991085e-02
3.311036789297658462e-09 2.420889520831424196e-02
3.411371237458193629e-09 1.920741163410466870e-02
3.511705685618728797e-09 1.148121314039024683e-02
3.612040133779263551e-09 1.522797025775608423e-03
3.712374581939798719e-09 -8.743974361662224318e-03
3.812709030100333886e-09 -1.677381784878511847e-02
3.913043478260868640e-09 -2.069818942124321964e-02
4.013377926421404221e-09 -2.038347190336816522e-02
4.113712374581938975e-09 -1.747067694592031178e-02
4.214046822742474556e-09 -1.430671501152410569e-02
4.314381270903009310e-09 -1.255694380768513502e-02
4.414715719063544892e-09 -1.248766379546884138e-02
4.515050167224079646e-09 -1.324550288993072908e-02
4.615384615384614399e-09 -1.366082903310615951e-02
4.715719063545149981e-09 -1.292562361610094177e-02
4.816053511705684735e-09 -1.090195129356021433e-02
4.916387959866220316e-09 -8.164708526211521961e-03
5.016722408026755070e-09 -5.820912526758755673e-03
5.117056856187290651e-09 -5.000702333114641872e-03
5.217391304347825405e-09 -6.114104279566331436e-03
5.317725752508360159e-09 -8.367923576047117326e-03
5.418060200668895740e-09 -1.006262616888115372e-02
5.518394648829430494e-09 -9.615155886634718999e-03
5.618729096989966075e-09 -6.586400178187899399e-03
5.719063545150500829e-09 -1.928802820474490726e-03
5.819397993311035583e-09 2.698572340088028695e-03
5.919732441471571164e-09 5.982018335484506899e-03
6.020066889632105918e-09 7.631893784775868259e-03
6.120401337792641499e-09 8.350470828119410313e-03
6.220735785953176253e-09 9.268627526417971482e-03
6.321070234113711835e-09 1.126371592521832089e-02
6.421404682274246589e-09 1.450231902313522774e-02
6.521739130434781343e-09 1.837442164943988224e-02
6.622073578595316924e-09 2.181262343433046369e-02
6.722408026755851678e-09 2.382821345409862762e-02
6.822742474916387259e-09 2.398916013678725756e-02
6.923076923076922013e-09 2.260343801969807304e-02
7.023411371237457594e-09 2.054831261963495012e-02
7.123745819397992348e-09 1.886269998641445372e-02
7.224080267558527102e-09 1.828348812206321422e-02
7.324414715719062683e-09 1.889676700311992280e-02
7.424749163879597437e-09 2.007185066621910638e-02
7.525083612040133018e-09 2.079924155697862598e-02
7.625418060200667772e-09 2.034533663291522576e-02
7.725752508361202526e-09 1.883451182804670235e-02
7.826086956521737280e-09 1.728095133046385692e-02
7.926421404682273689e-09 1.693873936241597697e-02
8.026755852842808442e-09 1.840439756922096493e-02
8.127090301003343196e-09 2.116386009522077533e-02
8.227424749163877950e-09 2.393228034778089458e-02
8.327759197324414359e-09 2.548674422654068766e-02
8.428093645484949113e-09 2.534274242167417271e-02
8.528428093645483867e-09 2.385772642579955111e-02
8.628762541806018621e-09 2.185725226966792056e-02
8.729096989966553375e-09 2.016263609623492048e-02
8.829431438127089783e-09 1.928573873374808678e-02
8.929765886287624537e-09 1.931056983657256435e-02
9.030100334448159291e-09 1.990265957137241082e-02
9.130434782608694045e-09 2.046269734563621601e-02
9.230769230769228799e-09 2.044630260813438960e-02
9.331103678929765207e-09 1.972286352537412288e-02
9.431438127090299961e-09 1.872151579533554502e-02
9.531772575250834715e-09 1.821013189685253067e-02
9.632107023411369469e-09 1.882531672403593356e-02
9.732441471571904223e-09 2.066834789013208967e-02
9.832775919732440632e-09 2.323093105302616312e-02
9.933110367892975386e-09 2.568208601045884887e-02
1.003344481605351014e-08 2.732944364290499153e-02
1.013377926421404489e-08 2.799082746187624496e-02
1.023411371237458130e-08 2.807420197074587953e-02
1.033444816053511606e-08 2.831509451925260865e-02
1.043478260869565081e-08 2.930809397315980308e-02
1.053511705685618556e-08 3.110928334664596687e-02
1.063545150501672032e-08 3.317052109865712556e-02
1.073578595317725673e-08 3.466350415842141264e-02
1.083612040133779148e-08 3.498838827834719473e-02
1.093645484949832623e-08 3.413941141467614904e-02
1.103678929765886099e-08 3.270835756776829112e-02
1.113712374581939574e-08 3.154531336842169437e-02
1.123745819397993215e-08 3.128718138771034718e-02
1.133779264214046690e-08 3.201286258847266253e-02
1.143812709030100166e-08 3.320779581543417680e-02
1.153846153846153641e-08 3.406851771728557077e-02
1.163879598662207117e-08 3.399108623415912633e-02
1.173913043478260757e-08 3.294708803626263116e-02
1.183946488294314233e-08 3.148331924360249501e-02
1.193979933110367708e-08 3.032865310228728684e-02
1.204013377926421184e-08 2.989341948528281140e-02
1.214046822742474824e-08 3.003405283077491272e-02
1.224080267558528300e-08 3.022512535452802351e-02
1.234113712374581775e-08 2.994003938745526741e-02
1.244147157190635251e-08 2.891751110479606063e-02
1.254180602006688726e-08 2.718038709148714455e-02
1.264214046822742367e-08 2.493781093009623737e-02
1.274247491638795842e-08 2.254414680029328405e-02
1.284280936454849318e-08 2.049618878187531301e-02
1.294314381270902793e-08 1.930105986535574775e-02
1.304347826086956269e-08 1.916404871222229800e-02
1.314381270903009909e-08 1.971561572665367357e-02
1.324414715719063385e-08 2.008878680473531742e-02
1.334448160535116860e-08 1.940795257586455658e-02
1.344481605351170336e-08 1.736824727625840836e-02
1.354515050167223811e-08 1.444907023297372500e-02
1.364548494983277452e-08 1.157002796628694118e-02
1.374581939799330927e-08 9.438166524325811504e-03
1.384615384615384403e-08 8.073090523324406159e-03
1.394648829431437878e-08 6.847426477582486785e-03
1.404682274247491519e-08 4.988787870139167052e-03
1.414715719063544994e-08 2.167853557398599466e-03
1.424749163879598470e-08 -1.236041320529680278e-03
1.434782608695651945e-08 -4.355263848319309607e-03
1.444816053511705420e-08 -6.370732829013873652e-03
1.454849498327759061e-08 -6.999715747659386762e-03
1.464882943143812537e-08 -6.627658908067477796e-03
1.474916387959866012e-08 -6.033799706838088341e-03
1.484949832775919487e-08 -5.925468972709764005e-03
1.494983277591973128e-08 -6.585473621043592962e-03
1.505016722408026604e-08 -7.812476876718207203e-03
1.515050167224080079e-08 -9.122736877162506905e-03
1.525083612040133554e-08 -1.004856235263511602e-02
1.535117056856187030e-08 -1.037234177204692312e-02
1.545150501672240505e-08 -1.020836707327514928e-02
1.555183946488293981e-08 -9.909068141328180104e-03
1.565217391304347456e-08 -9.826868180337658756e-03
1.575250836120401262e-08 -1.004126837600152929e-02
1.585284280936454738e-08 -1.022834453989483403e-02
1.595317725752508213e-08 -9.806262541023716764e-03
1.605351170568561688e-08 -8.303816510690575220e-03
1.615384615384615164e-08 -5.701662331620038424e-03
1.625418060200668639e-08 -2.484612755900734993e-03
1.635451505016722115e-08 6.368552260456448490e-04
1.645484949832775590e-08 3.114658802183540263e-03
1.655518394648829065e-08 4.777425162570520488e-03
1.665551839464882872e-08 5.771869340450716881e-03
1.675585284280936347e-08 6.363054333643116539e-03
1.685618729096989823e-08 6.781267938125113727e-03
1.695652173913043298e-08 7.175147595647914447e-03
1.705685618729096773e-08 7.604017337301753610e-03
1.715719063545150249e-08 8.019393024862646324e-03
1.725752508361203724e-08 8.282303667334046937e-03
1.735785953177257200e-08 8.273341376000038425e-03
1.745819397993310675e-08 8.037293052866816001e-03
1.755852842809364150e-08 7.811853011243190953e-03
1.765886287625417957e-08 7.866686865830191736e-03
1.775919732441471432e-08 8.270318772205732111e-03
1.785953177257524907e-08 8.798375114226037255e-03
1.795986622073578383e-08 9.078094173810490400e-03
1.806020066889631858e-08 8.848123788992278901e-03
1.816053511705685334e-08 8.122394132186091728e-03
1.826086956521738809e-08 7.158849104180522831e-03
1.836120401337792284e-08 6.306095514132508545e-03
1.846153846153845760e-08 5.854928107242389143e-03
1.856187290969899566e-08 5.944969234886673948e-03
1.866220735785953041e-08 6.505772044382257362e-03
1.876254180602006517e-08 7.237651186422329290e-03
1.886287625418059992e-08 7.693088086451062291e-03
1.896321070234113468e-08 7.485033962413242294e-03
1.906354515050166943e-08 6.525449027571726159e-03
1.916387959866220418e-08 5.121215273882427296e-03
1.926421404682273894e-08 3.830368961604071337e-03
1.936454849498327369e-08 3.154930108123563722e-03
1.946488294314380845e-08 3.264061776196479879e-03
1.956521739130434651e-08 3.914431039056381727e-03
1.966555183946488126e-08 4.607819320177275295e-03
1.976588628762541602e-08 4.896426287406535800e-03
1.986622073578595077e-08 4.670130864566997622e-03
1.996655518394648553e-08 4.255103014259561944e-03
2.006688963210702028e-08 4.239408467324580140e-03
2.016722408026755503e-08 5.110263211826246953e-03
2.026755852842808979e-08 6.939209202985318660e-03
2.036789297658862454e-08 9.338451468834406410e-03
2.046822742474916260e-08 1.170408150534701756e-02
2.056856187290969736e-08 1.353408649857096649e-02
2.066889632107023211e-08 1.458585703392075925e-02
2.076923076923076687e-08 1.483767465743932382e-02
2.086956521739130162e-08 1.440932446554532391e-02
2.096989966555183637e-08 1.356052620976032005e-02
2.107023411371237113e-08 1.269038131275085877e-02
2.117056856187290588e-08 1.218743931786383031e-02
2.127090301003344064e-08 1.216298421609963293e-02
2.137123745819397539e-08 1.232645246886043475e-02
2.147157190635451345e-08 1.221034583486347094e-02
2.157190635451504821e-08 1.160941225837763824e-02
2.167224080267558296e-08 1.082846260105656440e-02
2.177257525083611771e-08 1.046983570788593242e-02
2.187290969899665247e-08 1.092992191694529269e-02
2.197324414715718722e-08 1.205863557033153878e-02
2.207357859531772198e-08 1.326842450990570708e-02
2.217391304347825673e-08 1.395239432659697160e-02
2.227424749163879148e-08 1.383416712739562668e-02
2.237458193979932955e-08 1.302390820513684051e-02
2.247491638795986430e-08 1.186100910729807195e-02
2.257525083612039905e-08 1.074192275748344499e-02
2.267558528428093381e-08 1.001074487497345157e-02
2.277591973244146856e-08 9.864008536820621439e-03
2.287625418060200332e-08 1.025952335801416128e-02
2.297658862876253807e-08 1.091831054149698665e-02
2.307692307692307282e-08 1.147516955015168497e-02
2.317725752508360758e-08 1.167775776060519903e-02
2.327759197324414233e-08 1.146433161731797226e-02
2.337792642140468040e-08 1.087961920016361668e-02
2.347826086956521515e-08 9.965082306831081482e-03
2.357859531772574990e-08 8.760372184117702632e-03
2.367892976588628466e-08 7.380813163571769801e-03
2.377926421404681941e-08 6.022859945327654896e-03
2.387959866220735417e-08 4.848800966852277392e-03
2.397993311036788892e-08 3.881143122105214921e-03
2.408026755852842367e-08 3.049837105626428298e-03
2.418060200668895843e-08 2.349593622816431755e-03
2.428093645484949649e-08 1.913186139561868452e-03
2.438127090301003124e-08 1.890969207303071133e-03
2.448160535117056600e-08 2.254647301974544576e-03
2.458193979933110075e-08 2.741564756472746577e-03
2.468227424749163551e-08 3.009663482361706662e-03
2.478260869565217026e-08 2.858937795215284010e-03
2.488294314381270501e-08 2.330706156689889459e-03
2.498327759197323977e-08 1.638116730797486986e-03
2.508361204013377452e-08 1.021568689732138199e-03
2.518394648829430928e-08 6.272274487638665116e-04
2.528428093645484734e-08 4.400224316282513523e-04
2.538461538461538209e-08 2.864992976174124406e-04
2.548494983277591685e-08 -5.684568866841334042e-05
2.558528428093645160e-08 -6.682587063213455119e-04
2.568561872909698635e-08 -1.342831879541236994e-03
2.578595317725752111e-08 -1.684934556652010204e-03
2.588628762541805586e-08 -1.419973805812099494e-03
2.598662207357859062e-08 -6.660802687221056492e-04
2.608695652173912537e-08 1.158995460663603521e-04
2.618729096989966343e-08 4.889586664455708789e-04
2.628762541806019819e-08 3.953270886565651669e-04
2.638795986622073294e-08 1.666793460829152362e-04
2.648829431438126769e-08 1.920078284083288119e-04
2.658862876254180245e-08 5.773030386479272372e-04
2.668896321070233720e-08 1.111633120012486386e-03
2.678929765886287196e-08 1.521036276889872058e-03
2.688963210702340671e-08 1.712020659390743257e-03
2.698996655518394146e-08 1.764990301675668739e-03
2.709030100334447622e-08 1.738019706115582824e-03
2.719063545150501428e-08 1.540366783863225458e-03
2.729096989966554904e-08 1.031348123711296923e-03
2.739130434782608379e-08 2.330892591829634118e-04
2.749163879598661854e-08 -5.857726536127283142e-04
2.759197324414715330e-08 -1.064773870327471528e-03
2.769230769230768805e-08 -1.012149976364455596e-03
2.779264214046822281e-08 -5.403840805579684806e-04
2.789297658862875756e-08 2.655911919761336920e-05
2.799331103678929231e-08 3.737276907977719800e-04
2.809364548494983038e-08 3.647916365335515058e-04
2.819397993311036513e-08 7.567576277698749750e-05
2.829431438127089988e-08 -2.620894271712301011e-04
2.839464882943143464e-08 -3.387141305333830898e-04
2.849498327759196939e-08 1.336982025089852952e-04
2.859531772575250415e-08 1.267799528381942159e-03
2.869565217391303890e-08 2.855260686297744852e-03
2.879598662207357365e-08 4.389516219390289346e-03
2.889632107023410841e-08 5.346165247015626648e-03
2.899665551839464316e-08 5.563652152645071590e-03
2.909698996655518122e-08 5.391328551318063170e-03
2.919732441471571598e-08 5.414844882834862760e-03
2.929765886287625073e-08 5.958383665293687584e-03
2.939799331103678549e-08 6.815026076935960277e-03
2.949832775919732024e-08 7.470172854439231791e-03
2.959866220735785499e-08 7.609158195276773465e-03
2.969899665551838975e-08 7.422929288413962837e-03
2.979933110367892450e-08 7.440002544460011177e-03
2.989966555183946256e-08 8.084637651976468026e-03
2.999999999999999732e-08 9.384686762160214871e-03
