0.000000000000000000e+00 9.999999999999995559e-01
1.003344481605351029e-10 4.207069732324509870e-01
2.006688963210702059e-10 1.806542805786229555e-01
3.010033444816052959e-10 3.878874229364080717e-02
4.013377926421404118e-10 -2.091800059791159433e-02
5.016722408026755277e-10 -6.768573641610290022e-03
6.020066889632105918e-10 6.900837932036611028e-03
7.023411371237457594e-10 2.189139906367021035e-02
8.026755852842808236e-10 1.715232950611281920e-02
9.030100334448158877e-10 1.938729249442983429e-02
1.003344481605351055e-09 2.585259188476798226e-02
1.103678929765886223e-09 3.415276886704612241e-02
1.204013377926421184e-09 3.041638762678157068e-02
1.304347826086956351e-09 1.944971751326944609e-02
1.404682274247491519e-09 7.232794807171157025e-03
1.505016722408026480e-09 -6.249357948041707293e-03
1.605351170568561647e-09 -1.011788308257343186e-02
1.705685618729096815e-09 6.951176744265488532e-03
1.806020066889631775e-09 8.941442972587861776e-03
1.906354515050166943e-09 7.713285574414552662e-03
2.006688963210702111e-09 4.601455694559268561e-03
2.107023411371237278e-09 1.435898693995855437e-02
2.207357859531772446e-09 1.091187289740777958e-02
2.307692307692307200e-09 1.019498496829258395e-02
2.408026755852842367e-09 5.070881621173362053e-03
2.508361204013377535e-09 2.515957691919962387e-03
2.608695652173912702e-09 -1.597456916563651068e-03
2.709030100334447870e-09 1.644566116299417229e-03
2.809364548494983038e-09 -2.884401004671533104e-04
2.909698996655517792e-09 4.793983464264106251e-03
3.010033444816052959e-09 7.530987898633594024e-03
3.110367892976588127e-09 1.048536674851799529e-02
3.210702341137123294e-09 1.182809694500683816e-02
3.311036789297658462e-09 1.380469594509640789e-02
3.411371237458193629e-09 1.544938705387782427e-02
3.511705685618728797e-09 8.082138832927545508e-03
3.612040133779263551e-09 6.133869298146353219e-03
3.712374581939798719e-09 -2.563328866596657849e-04
3.812709030100333886e-09 -1.224675040445283997e-03
3.913043478260868640e-09 4.309793880109543535e-03
4.013377926421404221e-09 5.985622486009963515e-03
4.113712374581938975e-09 3.249958532004848868e-03
4.214046822742474556e-09 1.576470343447974529e-02
4.314381270903009310e-09 1.411334909671595195e-02
4.414715719063544892e-09 5.524528736387476942e-03
4.515050167224079646e-09 4.697970370701061958e-03
4.615384615384614399e-09 3.474712132894826246e-03
4.715719063545149981e-09 5.240687927848803815e-03
4.816053511705684735e-09 1.038933001619708621e-03
4.916387959866220316e-09 5.141175145602550414e-03
5.016722408026755070e-09 7.392647424831772646e-03
5.117056856187290651e-09 5.890559586717003179e-03
5.217391304347825405e-09 5.608493346482066114e-03
5.317725752508360159e-09 1.005981325985489706e-02
5.418060200668895740e-09 5.494298142904770373e-03
5.518394648829430494e-09 9.817594964438885324e-03
5.618729096989966075e-09 9.268384094364996023e-03
5.719063545150500829e-09 6.064235318531961509e-03
5.819397993311035583e-09 4.326457177533323678e-03
5.919732441471571164e-09 7.207959130934274601e-03
6.020066889632105918e-09 4.322987565618778734e-03
6.120401337792641499e-09 3.760159048069299740e-03
6.220735785953176253e-09 5.730825787628326213e-04
6.321070234113711835e-09 1.429064764800674903e-03
6.421404682274246589e-09 7.480865861386491386e-03
6.521739130434781343e-09 1.200593411393357721e-02
6.622073578595316924e-09 7.909332396661521158e-03
6.722408026755851678e-09 5.765125235257594939e-03
6.822742474916387259e-09 6.793049007686569919e-03
6.923076923076922013e-09 2.234109837545615943e-03
7.023411371237457594e-09 -9.657158181847978187e-04
7.123745819397992348e-09 3.980115062917091891e-03
7.224080267558527102e-09 2.908706090784676703e-03
7.324414715719062683e-09 6.189009252152551099e-03
7.424749163879597437e-09 9.671631273096843728e-03
7.525083612040133018e-09 1.102427912719601728e-02
7.625418060200667772e-09 1.632406432068078325e-02
7.725752508361202526e-09 7.283896529163823644e-03
7.826086956521737280e-09 5.813708996112101554e-03
7.926421404682273689e-09 8.637545055334594490e-03
8.026755852842808442e-09 7.859411016245505116e-03
8.127090301003343196e-09 9.452395588620703115e-03
8.227424749163877950e-09 1.382295873885987236e-02
8.327759197324414359e-09 8.964632934488349705e-03
8.428093645484949113e-09 6.679704154123310318e-03
8.528428093645483867e-09 9.255027641930443569e-03
8.628762541806018621e-09 8.229997461610483525e-03
8.729096989966553375e-09 1.059863393912509506e-02
8.829431438127089783e-09 7.933042226747705206e-03
8.929765886287624537e-09 3.798158955750222283e-03
9.030100334448159291e-09 1.736841357822247345e-03
9.130434782608694045e-09 -2.308617546363416102e-03
9.230769230769228799e-09 -1.354345077660996195e-03
9.331103678929765207e-09 4.093007303684650412e-03
9.431438127090299961e-09 9.811846878935831170e-03
9.531772575250834715e-09 1.189040625680827523e-02
9.632107023411369469e-09 5.928016479248173626e-03
9.732441471571904223e-09 1.018238226429700119e-02
9.832775919732440632e-09 9.457279936837535358e-03
9.933110367892975386e-09 6.301150777067277865e-03
1.003344481605351014e-08 1.057534501666606945e-02
1.013377926421404489e-08 5.748819895461756459e-03
1.023411371237458130e-08 5.402026797652855969e-03
1.033444816053511606e-08 8.111220760671344204e-03
1.043478260869565081e-08 8.900823092135912162e-03
1.053511705685618556e-08 6.461555533851501103e-03
1.063545150501672032e-08 8.734300792644228428e-03
1.073578595317725673e-08 8.427691518010307567e-03
1.083612040133779148e-08 3.006351988836923790e-03
1.093645484949832623e-08 5.577157131626723531e-03
1.103678929765886099e-08 7.580259501985273443e-03
1.113712374581939574e-08 6.938993467082947043e-03
1.123745819397993215e-08 8.135473956652160971e-03
1.133779264214046690e-08 8.097589813115483454e-03
1.143812709030100166e-08 1.301661715741204983e-02
1.153846153846153641e-08 9.386525226403052286e-03
1.163879598662207117e-08 8.602674490866001750e-03
1.173913043478260757e-08 1.668010588746437692e-02
1.183946488294314233e-08 1.610768364662338095e-02
1.193979933110367708e-08 1.061592322396111635e-02
1.204013377926421184e-08 8.503655017021652038e-03
1.214046822742474824e-08 8.041052271545163013e-03
1.224080267558528300e-08 8.691965284223590257e-03
1.234113712374581775e-08 9.101419763166664761e-03
1.244147157190635251e-08 6.958176912724670093e-03
1.254180602006688726e-08 1.827649568708413679e-03
1.264214046822742367e-08 -5.859728594358857732e-04
1.274247491638795842e-08 3.618900633290668585e-03
1.284280936454849318e-08 1.127477283348409312e-02
1.294314381270902793e-08 7.172410509378390753e-03
1.304347826086956269e-08 1.298869850849596573e-02
1.314381270903009909e-08 7.159874406508304548e-04
1.324414715719063385e-08 6.028644101240155685e-03
1.334448160535116860e-08 6.701783139577741077e-03
1.344481605351170336e-08 2.755651987042057049e-03
1.354515050167223811e-08 9.796345649563107869e-03
1.364548494983277452e-08 5.690513528140937576e-03
1.374581939799330927e-08 1.190241358803887164e-02
1.384615384615384403e-08 1.473368670738680469e-02
1.394648829431437878e-08 9.371926846237907047e-03
1.404682274247491519e-08 8.446401749873677992e-03
1.414715719063544994e-08 5.450381400409850911e-03
1.424749163879598470e-08 3.239706998629128358e-03
1.434782608695651945e-08 4.900468774278876095e-03
1.444816053511705420e-08 2.283595732018150332e-03
1.454849498327759061e-08 4.123588090893069193e-03
1.464882943143812537e-08 5.283007579493737005e-03
1.474916387959866012e-08 5.614007386583218413e-03
1.484949832775919487e-08 2.875540438994711456e-03
1.494983277591973128e-08 8.843184259846188430e-03
1.505016722408026604e-08 7.888210368031467815e-03
1.515050167224080079e-08 6.043166788987353738e-03
1.525083612040133554e-08 1.194975297433088172e-03
1.535117056856187030e-08 5.400602089463146099e-03
1.545150501672240505e-08 7.382669287927843584e-03
1.555183946488293981e-08 6.744232538003394617e-03
1.565217391304347456e-08 8.740027762237385228e-03
1.575250836120401262e-08 6.680022154461329881e-03
1.585284280936454738e-08 6.102409207091355828e-03
1.595317725752508213e-08 6.118754105920774441e-03
1.605351170568561688e-08 6.110772345049957782e-03
1.615384615384615164e-08 3.571165233883239008e-03
1.625418060200668639e-08 8.135218374884475509e-03
1.635451505016722115e-08 9.489295356943096629e-03
1.645484949832775590e-08 8.947905879073096355e-03
1.655518394648829065e-08 9.339410524152989487e-03
1.665551839464882872e-08 4.305574910611570903e-03
1.675585284280936347e-08 5.828846021634056900e-03
1.685618729096989823e-08 2.128409500738431565e-03
1.695652173913043298e-08 9.440876068908884630e-03
1.705685618729096773e-08 8.067228245863984626e-03
1.715719063545150249e-08 2.814070304344465541e-03
1.725752508361203724e-08 2.353872846136823710e-03
1.735785953177257200e-08 9.430640945534370101e-03
1.745819397993310675e-08 1.024839573738807810e-02
1.755852842809364150e-08 8.592828239240998811e-03
1.765886287625417957e-08 1.364734924144327469e-02
1.775919732441471432e-08 5.849399448414404484e-03
1.785953177257524907e-08 4.840512170624412976e-03
1.795986622073578383e-08 4.886937558047674962e-03
1.806020066889631858e-08 6.643119904811280001e-03
1.816053511705685334e-08 1.075136771539768853e-02
1.826086956521738809e-08 1.106416394679179960e-02
1.836120401337792284e-08 1.033493537415381899e-02
1.846153846153845760e-08 2.400233574923270330e-03
1.856187290969899566e-08 6.556068972527998202e-03
1.866220735785953041e-08 3.994859424526531026e-03
1.876254180602006517e-08 8.904108208645943393e-03
1.886287625418059992e-08 1.318905268237375965e-02
1.896321070234113468e-08 9.624664988721972139e-03
1.906354515050166943e-08 8.641879459625710636e-03
1.916387959866220418e-08 9.281371905912706027e-03
1.926421404682273894e-08 7.421055539556026780e-03
1.936454849498327369e-08 2.196102657132373379e-03
1.946488294314380845e-08 4.308379617228363240e-03
1.956521739130434651e-08 4.785903373055101773e-03
1.966555183946488126e-08 6.252061008411196816e-03
1.976588628762541602e-08 7.377616210443803044e-03
1.986622073578595077e-08 5.052618611192390141e-03
1.996655518394648553e-08 8.372959923575791497e-03
2.006688963210702028e-08 7.477592314982350018e-03
2.016722408026755503e-08 1.067961881263878275e-02
2.026755852842808979e-08 6.767675509455440414e-03
2.036789297658862454e-08 -3.704548882336479703e-05
2.046822742474916260e-08 -3.552340781173632042e-03
2.056856187290969736e-08 1.170912212288424117e-03
2.066889632107023211e-08 5.909201272809990087e-03
2.076923076923076687e-08 1.025024492167882911e-02
2.086956521739130162e-08 1.068857149638726203e-02
2.096989966555183637e-08 1.329156208841881202e-02
2.107023411371237113e-08 1.089595661313597953e-02
2.117056856187290588e-08 1.063606701391275194e-02
2.127090301003344064e-08 9.579496739793231727e-03
2.137123745819397539e-08 5.094522215824059778e-03
2.147157190635451345e-08 4.324379985368564244e-03
2.157190635451504821e-08 9.028865615216468549e-03
2.167224080267558296e-08 5.241810130970405053e-03
2.177257525083611771e-08 1.465320651583231285e-02
2.187290969899665247e-08 5.234005098126427898e-03
2.197324414715718722e-08 9.218480631511793630e-03
2.207357859531772198e-08 6.591655023464979175e-03
2.217391304347825673e-08 2.946616702680897835e-03
2.227424749163879148e-08 3.327008851924627419e-03
2.237458193979932955e-08 8.648982649959544022e-03
2.247491638795986430e-08 9.266753053530489906e-03
2.257525083612039905e-08 4.901585311198631070e-03
2.267558528428093381e-08 3.494365456120061136e-03
2.277591973244146856e-08 5.374716716439751144e-03
2.287625418060200332e-08 7.373877482775233888e-03
2.297658862876253807e-08 8.700899683060875009e-03
2.307692307692307282e-08 1.298753628377410582e-02
2.317725752508360758e-08 1.332272954149339023e-02
2.327759197324414233e-08 1.298127818901807090e-02
2.337792642140468040e-08 9.370383520961096668e-03
2.347826086956521515e-08 6.402002654907015290e-04
2.357859531772574990e-08 1.659974884733663326e-03
2.367892976588628466e-08 1.064151836717108952e-03
2.377926421404681941e-08 8.022950352515448302e-03
2.387959866220735417e-08 1.322247250794554227e-02
2.397993311036788892e-08 8.506740221056708143e-03
2.408026755852842367e-08 1.198680522633131275e-02
2.418060200668895843e-08 1.136092984329101739e-02
2.428093645484949649e-08 9.860149275910551694e-03
2.438127090301003124e-08 8.595391398535597721e-03
2.448160535117056600e-08 1.037797740430680335e-02
2.458193979933110075e-08 7.497141596043163311e-03
2.468227424749163551e-08 4.394758800428812985e-03
2.478260869565217026e-08 4.516859820143985516e-03
2.488294314381270501e-08 9.610844242926368589e-03
2.498327759197323977e-08 1.005527452932204746e-02
2.508361204013377452e-08 9.516267416800058138e-03
2.518394648829430928e-08 1.108634512004020786e-02
2.528428093645484734e-08 6.297517614418595734e-03
2.538461538461538209e-08 6.039469603143829586e-03
2.548494983277591685e-08 1.150798744260496040e-02
2.558528428093645160e-08 1.438595493434294097e-02
2.568561872909698635e-08 1.084904231795886208e-02
2.578595317725752111e-08 9.405482793540285297e-03
2.588628762541805586e-08 5.529181983426038720e-03
2.598662207357859062e-08 1.140172777642831439e-02
2.608695652173912537e-08 1.040578180593476620e-02
2.618729096989966343e-08 6.358203450124889390e-03
2.628762541806019819e-08 2.727570264883062007e-03
2.638795986622073294e-08 8.118326633286074984e-03
2.648829431438126769e-08 1.267371087780190531e-02
2.658862876254180245e-08 1.295527480929665846e-02
2.668896321070233720e-08 1.035001781104502930e-02
2.678929765886287196e-08 1.713102499978933976e-02
2.688963210702340671e-08 5.893162683074390853e-03
2.698996655518394146e-08 3.649246780612919010e-03
2.709030100334447622e-08 1.155272735972511303e-02
2.719063545150501428e-08 1.134334575912912882e-02
2.729096989966554904e-08 9.455031830728474751e-03
2.739130434782608379e-08 4.013676878219657462e-03
2.749163879598661854e-08 7.733485556733378161e-03
2.759197324414715330e-08 7.763993740702358239e-03
2.769230769230768805e-08 6.737667446259661304e-03
2.779264214046822281e-08 7.004575087269606336e-03
2.789297658862875756e-08 6.928114694464484156e-03
2.799331103678929231e-08 8.722658658527632919e-03
2.809364548494983038e-08 4.786217437604487965e-03
2.819397993311036513e-08 8.549004644218500398e-03
2.829431438127089988e-08 8.708036429139342713e-03
2.839464882943143464e-08 1.368883294158441954e-02
2.849498327759196939e-08 9.856394273722025173e-03
2.859531772575250415e-08 8.127364341086304803e-03
2.869565217391303890e-08 6.836831919550124224e-03
2.879598662207357365e-08 1.081184628351512279e-02
2.889632107023410841e-08 9.326927321114893837e-03
2.899665551839464316e-08 6.417249887421697628e-03
2.909698996655518122e-08 3.734611883877297835e-03
2.919732441471571598e-08 3.379027875068236347e-03
2.929765886287625073e-08 7.929673653015396895e-03
2.939799331103678549e-08 5.616888765721304508e-03
2.949832775919732024e-08 1.089429655865331581e-02
2.959866220735785499e-08 1.240781589739521455e-02
2.969899665551838975e-08 5.245889002088377322e-03
2.979933110367892450e-08 6.522377367629307414e-03
2.989966555183946256e-08 4.049198460964008664e-03
2.999999999999999732e-08 3.054320628614344297e-03
