0.000000000000000000e+00 9.999999999999995559e-01
1.003344481605351029e-10 2.368190553474447749e-02
2.006688963210702059e-10 4.766867990608616990e-03
3.010033444816052959e-10 7.606153008231419065e-03
4.013377926421404118e-10 8.556352792719445349e-03
5.016722408026755277e-10 1.467361158324258230e-02
6.020066889632105918e-10 7.210750812852769615e-03
7.023411371237457594e-10 5.776120771237144499e-03
8.026755852842808236e-10 5.514173593128439410e-03
9.030100334448158877e-10 3.651915094541980517e-03
1.003344481605351055e-09 6.684886280875964107e-03
1.103678929765886223e-09 5.554057326867659940e-03
1.204013377926421184e-09 9.461630814046537163e-03
1.304347826086956351e-09 9.744242882447524956e-03
1.404682274247491519e-09 1.114099026067065165e-02
1.505016722408026480e-09 9.746390739758662922e-03
1.605351170568561647e-09 7.223974001123444413e-03
1.705685618729096815e-09 3.559154529847766493e-03
1.806020066889631775e-09 4.578932374509981154e-03
1.906354515050166943e-09 1.047416273677957178e-02
2.006688963210702111e-09 5.164052224611638021e-03
2.107023411371237278e-09 1.097412198633640826e-02
2.207357859531772446e-09 5.348908639971850995e-03
2.307692307692307200e-09 5.817947454024019298e-03
2.408026755852842367e-09 1.194159242102695723e-02
2.508361204013377535e-09 1.119870775392469570e-02
2.608695652173912702e-09 7.770289207213064951e-03
2.709030100334447870e-09 1.585512536631629443e-02
2.809364548494983038e-09 5.383682669819470600e-03
2.909698996655517792e-09 1.282004828256345409e-02
3.010033444816052959e-09 7.543347095158824990e-03
3.110367892976588127e-09 7.299928970069747419e-03
3.210702341137123294e-09 1.037695971513659214e-02
3.311036789297658462e-09 4.142498591142964974e-03
3.411371237458193629e-09 8.476289392198138248e-03
3.511705685618728797e-09 1.399462897196471906e-02
3.612040133779263551e-09 3.743775167508183073e-03
3.712374581939798719e-09 1.313755943364268777e-02
3.812709030100333886e-09 9.197810528569726890e-03
3.913043478260868640e-09 1.204859946953618262e-02
4.013377926421404221e-09 5.188168060073565860e-03
4.113712374581938975e-09 2.357681513089559915e-03
4.214046822742474556e-09 7.370813344340998788e-03
4.314381270903009310e-09 7.348770836829781813e-03
4.414715719063544892e-09 1.168321153198659951e-02
4.515050167224079646e-09 1.164967369898105461e-02
4.615384615384614399e-09 5.667358680818910741e-03
4.715719063545149981e-09 2.333042502311753839e-03
4.816053511705684735e-09 5.577066594712413311e-03
4.916387959866220316e-09 4.979533499764468921e-03
5.016722408026755070e-09 6.687361012124894144e-03
5.117056856187290651e-09 7.271000882292085431e-03
5.217391304347825405e-09 3.936354770377492249e-03
5.317725752508360159e-09 7.744202461790501181e-03
5.418060200668895740e-09 5.286626641259305204e-03
5.518394648829430494e-09 3.440098836512910097e-03
5.618729096989966075e-09 7.262774380924117389e-03
5.719063545150500829e-09 2.678042606722725281e-03
5.819397993311035583e-09 3.495621009380686737e-03
5.919732441471571164e-09 6.873001099946146088e-03
6.020066889632105918e-09 3.931450268814572560e-03
6.120401337792641499e-09 1.304528122498230074e-02
6.220735785953176253e-09 1.068675816681626325e-02
6.321070234113711835e-09 4.132281020106164798e-03
6.421404682274246589e-09 6.058307726023700983e-03
6.521739130434781343e-09 7.033548007452662329e-03
6.622073578595316924e-09 1.228756962432454511e-02
6.722408026755851678e-09 1.194558077492576323e-02
6.822742474916387259e-09 1.089845382384876764e-02
6.923076923076922013e-09 1.664034407564305004e-03
7.023411371237457594e-09 7.648001887272520838e-03
7.123745819397992348e-09 9.609809801379525646e-03
7.224080267558527102e-09 7.975730283656485772e-03
7.324414715719062683e-09 7.050109021278789211e-03
7.424749163879597437e-09 7.318603748427437126e-03
7.525083612040133018e-09 1.367055976179417081e-03
7.625418060200667772e-09 2.860762927745666949e-03
7.725752508361202526e-09 1.060073811116209533e-02
7.826086956521737280e-09 1.393888127469164982e-02
7.926421404682273689e-09 7.198036041281002592e-03
8.026755852842808442e-09 7.642969331620276703e-03
8.127090301003343196e-09 1.068443437695910242e-02
8.227424749163877950e-09 8.944445142572702429e-03
8.327759197324414359e-09 6.322394935552784825e-03
8.428093645484949113e-09 1.065698822807439362e-02
8.528428093645483867e-09 1.225782701784097414e-02
8.628762541806018621e-09 6.581625785476714723e-03
8.729096989966553375e-09 1.334288529510399210e-02
8.829431438127089783e-09 9.087280174395251375e-03
8.929765886287624537e-09 6.364532981181023584e-03
9.030100334448159291e-09 4.101658869926479156e-03
9.130434782608694045e-09 4.519445218537025688e-03
9.230769230769228799e-09 -1.917673473273633772e-03
9.331103678929765207e-09 7.163153881134618622e-03
9.431438127090299961e-09 1.106676844549135154e-02
9.531772575250834715e-09 6.899088188593807507e-03
9.632107023411369469e-09 1.258517669529797371e-02
9.732441471571904223e-09 6.201288326982883591e-03
9.832775919732440632e-09 6.494438255768546914e-03
9.933110367892975386e-09 7.741618920248925263e-03
1.003344481605351014e-08 8.676996709937297506e-03
1.013377926421404489e-08 1.170291607894324154e-02
1.023411371237458130e-08 8.926434651724430083e-03
1.033444816053511606e-08 8.656854430934616401e-03
1.043478260869565081e-08 7.183291307408563517e-03
1.053511705685618556e-08 -9.681022516137072816e-04
1.063545150501672032e-08 7.350863709311475890e-03
1.073578595317725673e-08 7.871315506000840442e-03
1.083612040133779148e-08 5.316492718854864442e-03
1.093645484949832623e-08 3.564917336391373870e-03
1.103678929765886099e-08 1.030853763072954454e-02
1.113712374581939574e-08 5.156094726670067824e-03
1.123745819397993215e-08 2.194308645565995041e-03
1.133779264214046690e-08 1.127585315449865580e-02
1.143812709030100166e-08 9.480092422659770757e-03
1.153846153846153641e-08 1.541382228375273375e-02
1.163879598662207117e-08 8.660861850725504532e-03
1.173913043478260757e-08 7.854920794301124484e-03
1.183946488294314233e-08 -7.268577155337056610e-04
1.193979933110367708e-08 1.153677542789115912e-02
1.204013377926421184e-08 8.790370998751264459e-03
1.214046822742474824e-08 8.893214733562434735e-03
1.224080267558528300e-08 4.019650637681347442e-03
1.234113712374581775e-08 1.321067154306997636e-02
1.244147157190635251e-08 1.306211237965220970e-02
1.254180602006688726e-08 1.253196104269825931e-02
1.264214046822742367e-08 6.818034809838487663e-03
1.274247491638795842e-08 1.162456796033554431e-02
1.284280936454849318e-08 7.239763073632606710e-03
1.294314381270902793e-08 8.485990995579978380e-03
1.304347826086956269e-08 5.254671137949930813e-03
1.314381270903009909e-08 7.154912910514834787e-03
1.324414715719063385e-08 3.385282327347520059e-03
1.334448160535116860e-08 1.673444875980709687e-03
1.344481605351170336e-08 1.262112178284535919e-03
1.354515050167223811e-08 5.484784677460425792e-03
1.364548494983277452e-08 1.080014976982410918e-02
1.374581939799330927e-08 8.393864194568407405e-03
1.384615384615384403e-08 6.248237313883200916e-03
1.394648829431437878e-08 9.269193932890102197e-03
1.404682274247491519e-08 2.362944564310748372e-03
1.414715719063544994e-08 3.446296908110487150e-03
1.424749163879598470e-08 5.732931918314010042e-03
1.434782608695651945e-08 2.727727509563448831e-03
1.444816053511705420e-08 1.287746834658642968e-03
1.454849498327759061e-08 9.589381375772351723e-03
1.464882943143812537e-08 1.083881198693306333e-02
1.474916387959866012e-08 8.452634493572730098e-03
1.484949832775919487e-08 9.156868087185555949e-03
1.494983277591973128e-08 8.916085720432639569e-03
1.505016722408026604e-08 1.162971547409351845e-02
1.515050167224080079e-08 7.323450787250889923e-03
1.525083612040133554e-08 7.580066711796356986e-03
1.535117056856187030e-08 1.205860866145140077e-02
1.545150501672240505e-08 -1.562145369349011905e-03
1.555183946488293981e-08 6.704765147103787168e-03
1.565217391304347456e-08 6.795267026947608875e-03
1.575250836120401262e-08 1.174927994664529303e-02
1.585284280936454738e-08 6.680636845085606741e-03
1.595317725752508213e-08 8.051925468704217506e-03
1.605351170568561688e-08 8.669736140837909846e-03
1.615384615384615164e-08 8.792940145621692613e-03
1.625418060200668639e-08 4.959743628169225801e-03
1.635451505016722115e-08 1.645728963425939669e-03
1.645484949832775590e-08 2.449070626971215636e-03
1.655518394648829065e-08 2.400709880971839318e-03
1.665551839464882872e-08 2.669504246456786030e-04
1.675585284280936347e-08 7.181509296987888258e-03
1.685618729096989823e-08 6.884658602762871830e-03
1.695652173913043298e-08 6.648034710656321698e-03
1.705685618729096773e-08 6.411764583012278564e-03
1.715719063545150249e-08 6.244882757207783665e-03
1.725752508361203724e-08 7.437257759815028672e-03
1.735785953177257200e-08 5.136045268939568205e-03
1.745819397993310675e-08 2.942944348100514848e-03
1.755852842809364150e-08 -1.029519982869008844e-03
1.765886287625417957e-08 4.343100183869970377e-03
1.775919732441471432e-08 1.245293169578204871e-02
1.785953177257524907e-08 7.486235990659598563e-03
1.795986622073578383e-08 9.132500939710973958e-03
1.806020066889631858e-08 7.890332989606623978e-03
1.816053511705685334e-08 1.493697543841242086e-02
1.826086956521738809e-08 1.150642681769931640e-02
1.836120401337792284e-08 1.151082145585576900e-02
1.846153846153845760e-08 6.173338776968157783e-03
1.856187290969899566e-08 3.788000835567278696e-03
1.866220735785953041e-08 6.340482612712449936e-03
1.876254180602006517e-08 -1.132573967774547349e-03
1.886287625418059992e-08 6.411976754298997182e-03
1.896321070234113468e-08 1.036352484507449892e-02
1.906354515050166943e-08 9.181481783386489376e-03
1.916387959866220418e-08 6.063486838334166719e-03
1.926421404682273894e-08 1.121343005061169185e-02
1.936454849498327369e-08 7.440452442758412575e-03
1.946488294314380845e-08 -2.501737109396402390e-05
1.956521739130434651e-08 8.262557736953940815e-03
1.966555183946488126e-08 -1.032894323194965061e-03
1.976588628762541602e-08 8.233693239415614332e-03
1.986622073578595077e-08 1.003240762940153102e-02
1.996655518394648553e-08 3.801247405119743961e-03
2.006688963210702028e-08 6.788229533828820349e-03
2.016722408026755503e-08 7.309319983892782237e-03
2.026755852842808979e-08 8.703767568994193182e-03
2.036789297658862454e-08 5.313861381773974865e-03
2.046822742474916260e-08 1.122516738090660951e-02
2.056856187290969736e-08 7.973299026055898422e-03
2.066889632107023211e-08 7.037068595318488572e-03
2.076923076923076687e-08 1.146196136622745602e-02
2.086956521739130162e-08 4.661067928113607310e-03
2.096989966555183637e-08 7.781505870540292823e-03
2.107023411371237113e-08 9.557316839943978681e-03
2.117056856187290588e-08 -3.742044189089561860e-04
2.127090301003344064e-08 6.210410819172643322e-03
2.137123745819397539e-08 6.839060252216277482e-03
2.147157190635451345e-08 9.687119646968191805e-03
2.157190635451504821e-08 5.334004121306959965e-03
2.167224080267558296e-08 5.212047512034675111e-03
2.177257525083611771e-08 1.173241882833327317e-02
2.187290969899665247e-08 8.916586406937217213e-03
2.197324414715718722e-08 3.239491308114323277e-03
2.207357859531772198e-08 7.701804488619780516e-03
2.217391304347825673e-08 4.206261151443442189e-03
2.227424749163879148e-08 5.075389866271652096e-03
2.237458193979932955e-08 9.656802459242752254e-03
2.247491638795986430e-08 1.008509977008989651e-02
2.257525083612039905e-08 1.267595811128390676e-02
2.267558528428093381e-08 8.701872064168045262e-03
2.277591973244146856e-08 9.392620637294617214e-03
2.287625418060200332e-08 2.124841673791596879e-03
2.297658862876253807e-08 1.148491466366953137e-02
2.307692307692307282e-08 3.135744543684586272e-03
2.317725752508360758e-08 8.351225740500735698e-03
2.327759197324414233e-08 1.073933664463930238e-02
2.337792642140468040e-08 6.005461156667975600e-03
2.347826086956521515e-08 -7.914015238913156992e-04
2.357859531772574990e-08 7.909259594798575058e-03
2.367892976588628466e-08 1.304771203385179414e-02
2.377926421404681941e-08 3.506380092834951445e-03
2.387959866220735417e-08 1.257014786774880884e-02
2.397993311036788892e-08 1.318132424600294839e-02
2.408026755852842367e-08 3.059380633846654849e-03
2.418060200668895843e-08 5.021316676796531639e-03
2.428093645484949649e-08 9.254121044012183356e-03
2.438127090301003124e-08 8.560103856871822958e-03
2.448160535117056600e-08 8.040076490539336748e-03
2.458193979933110075e-08 7.353562606315857016e-03
2.468227424749163551e-08 7.094675210748763866e-03
2.478260869565217026e-08 7.016006469825972376e-03
2.488294314381270501e-08 8.540217192881359443e-03
2.498327759197323977e-08 6.385566861923307972e-04
2.508361204013377452e-08 1.270534552484482022e-02
2.518394648829430928e-08 1.004580069134031022e-02
2.528428093645484734e-08 9.531863599163862416e-03
2.538461538461538209e-08 1.133380213314691756e-02
2.548494983277591685e-08 8.398972618235887172e-03
2.558528428093645160e-08 2.577084488354698145e-03
2.568561872909698635e-08 1.029473754832777900e-02
2.578595317725752111e-08 5.523829400888293113e-03
2.588628762541805586e-08 4.699585137283112009e-03
2.598662207357859062e-08 6.945748319631358560e-03
2.608695652173912537e-08 9.988058657512052796e-03
2.618729096989966343e-08 7.886074221068026593e-03
2.628762541806019819e-08 -1.468872831698292674e-03
2.638795986622073294e-08 6.697518598530709764e-03
2.648829431438126769e-08 8.595819976320570599e-03
2.658862876254180245e-08 4.926937875128830670e-03
2.668896321070233720e-08 8.497950752021846479e-03
2.678929765886287196e-08 1.862814314935406276e-03
2.688963210702340671e-08 1.070727421296054083e-02
2.698996655518394146e-08 7.546815731562941422e-03
2.709030100334447622e-08 2.492971834251496953e-03
2.719063545150501428e-08 7.108227426717536254e-03
2.729096989966554904e-08 5.373238619731402280e-03
2.739130434782608379e-08 2.899892656821985958e-03
2.749163879598661854e-08 9.264843132342930054e-03
2.759197324414715330e-08 3.738658194324284700e-03
2.769230769230768805e-08 6.120328841241635780e-03
2.779264214046822281e-08 4.952672730859308814e-03
2.789297658862875756e-08 7.051642898702026319e-03
2.799331103678929231e-08 5.674991478695353211e-03
2.809364548494983038e-08 9.352845522514944762e-03
2.819397993311036513e-08 8.196856826763255707e-03
2.829431438127089988e-08 3.943440165250923501e-03
2.839464882943143464e-08 1.679348486416635915e-03
2.849498327759196939e-08 5.819776625919410515e-03
2.859531772575250415e-08 6.163660099243174935e-03
2.869565217391303890e-08 2.884785555610829000e-03
2.879598662207357365e-08 1.578039818669578487e-02
2.889632107023410841e-08 1.529060162663509193e-02
2.899665551839464316e-08 1.136997919549937938e-02
2.909698996655518122e-08 8.727170181797761980e-03
2.919732441471571598e-08 3.464095182160802436e-03
2.929765886287625073e-08 2.957526154149966915e-03
2.939799331103678549e-08 1.296052971481638505e-02
2.949832775919732024e-08 5.644956591731414321e-03
2.959866220735785499e-08 9.213010136864718119e-03
2.969899665551838975e-08 1.015959373177682291e-02
2.979933110367892450e-08 1.151932795061402781e-02
2.989966555183946256e-08 4.771588974183197870e-03
2.999999999999999732e-08 5.463776136898307843e-03
