0.000000000000000000e+00 9.999999999999995559e-01
1.003344481605351029e-10 1.046930806752090388e-02
2.006688963210702059e-10 9.818024446824460960e-03
3.010033444816052959e-10 8.164255139361621672e-03
4.013377926421404118e-10 6.396339696645682131e-03
5.016722408026755277e-10 5.128777514153740578e-03
6.020066889632105918e-10 9.743169167146967583e-03
7.023411371237457594e-10 1.402968111373832649e-02
8.026755852842808236e-10 9.092319240268292857e-03
9.030100334448158877e-10 8.822751739459013323e-03
1.003344481605351055e-09 7.821341455765492071e-03
1.103678929765886223e-09 3.673391643438888351e-03
1.204013377926421184e-09 1.410844580399276023e-03
1.304347826086956351e-09 -1.597477563508152391e-03
1.404682274247491519e-09 9.357293946280804617e-03
1.505016722408026480e-09 9.275662851605403006e-03
1.605351170568561647e-09 1.110892707086528521e-02
1.705685618729096815e-09 8.021985231027263866e-03
1.806020066889631775e-09 9.525673407135148638e-03
1.906354515050166943e-09 1.473006439206877780e-02
2.006688963210702111e-09 9.931680991057683858e-03
2.107023411371237278e-09 6.895674446184844788e-04
2.207357859531772446e-09 9.692249363384025998e-03
2.307692307692307200e-09 7.221594401209537398e-03
2.408026755852842367e-09 9.004086319082265505e-03
2.508361204013377535e-09 1.346285641881341715e-03
2.608695652173912702e-09 1.000542861539479612e-02
2.709030100334447870e-09 1.462505679401072088e-02
2.809364548494983038e-09 1.067642039497926701e-02
2.909698996655517792e-09 4.433622898796998543e-03
3.010033444816052959e-09 5.922799915651742221e-03
3.110367892976588127e-09 2.481129732994656611e-03
3.210702341137123294e-09 8.436987369906959189e-03
3.311036789297658462e-09 3.164725512953756037e-03
3.411371237458193629e-09 1.440804324290714290e-02
3.511705685618728797e-09 1.417063700520215623e-02
3.612040133779263551e-09 5.655815265496875154e-03
3.712374581939798719e-09 4.540270824460707066e-03
3.812709030100333886e-09 7.466595226753997006e-03
3.913043478260868640e-09 1.871272557858745522e-03
4.013377926421404221e-09 9.672939286769039260e-03
4.113712374581938975e-09 5.838269324406293592e-03
4.214046822742474556e-09 9.701467359351375122e-03
4.314381270903009310e-09 1.454230108632426988e-03
4.414715719063544892e-09 1.112059072642041305e-02
4.515050167224079646e-09 9.096093196405918846e-03
4.615384615384614399e-09 9.072597797527519672e-03
4.715719063545149981e-09 9.655087833311412626e-03
4.816053511705684735e-09 6.511096282567086987e-03
4.916387959866220316e-09 2.799821682724541044e-03
5.016722408026755070e-09 6.147790476532132529e-03
5.117056856187290651e-09 5.921555968197478141e-03
5.217391304347825405e-09 4.182503079294614019e-03
5.317725752508360159e-09 8.048956443997279386e-03
5.418060200668895740e-09 8.142761684291548868e-03
5.518394648829430494e-09 7.141367774678384836e-03
5.618729096989966075e-09 6.268869187292351597e-03
5.719063545150500829e-09 4.344335084327462931e-03
5.819397993311035583e-09 7.673669420382401782e-03
5.919732441471571164e-09 4.773013150591942123e-03
6.020066889632105918e-09 7.790147532660311562e-03
6.120401337792641499e-09 7.206547190067200473e-03
6.220735785953176253e-09 9.054873074233098576e-03
6.321070234113711835e-09 4.155787593492647584e-03
6.421404682274246589e-09 1.389074773271771306e-02
6.521739130434781343e-09 1.330477446385185634e-02
6.622073578595316924e-09 8.858197971026967113e-03
6.722408026755851678e-09 5.413155250149965202e-03
6.822742474916387259e-09 7.274611310137834089e-03
6.923076923076922013e-09 8.983026690613848952e-03
7.023411371237457594e-09 1.006559651488707526e-02
7.123745819397992348e-09 6.192755836532993358e-03
7.224080267558527102e-09 9.340925929283726281e-03
7.324414715719062683e-09 3.523131644467945248e-03
7.424749163879597437e-09 5.389298515629780892e-03
7.525083612040133018e-09 6.804269293633325062e-03
7.625418060200667772e-09 1.255857240942856445e-02
7.725752508361202526e-09 1.053155158070902091e-02
7.826086956521737280e-09 4.536850776320341602e-03
7.926421404682273689e-09 5.129312971840174762e-03
8.026755852842808442e-09 9.724975722563391350e-03
8.127090301003343196e-09 8.040204810417872147e-03
8.227424749163877950e-09 3.226842880775957975e-03
8.327759197324414359e-09 1.849730885477593456e-02
8.428093645484949113e-09 1.073853820364095366e-02
8.528428093645483867e-09 3.325181454057076630e-03
8.628762541806018621e-09 5.509699793525871594e-03
8.729096989966553375e-09 2.139542007798280604e-03
8.829431438127089783e-09 7.210352274006529005e-03
8.929765886287624537e-09 8.454627416360483566e-03
9.030100334448159291e-09 4.290404746449516180e-03
9.130434782608694045e-09 4.628811800161738120e-03
9.230769230769228799e-09 1.018208274035534849e-02
9.331103678929765207e-09 1.449549918748271188e-02
9.431438127090299961e-09 -7.456983926229249909e-04
9.531772575250834715e-09 6.586385724323888351e-03
9.632107023411369469e-09 -5.491390835107212622e-04
9.732441471571904223e-09 3.168339692055544866e-03
9.832775919732440632e-09 1.026091091139706875e-02
9.933110367892975386e-09 6.060902998273094353e-03
1.003344481605351014e-08 1.095576514922699807e-02
1.013377926421404489e-08 1.165515064718189095e-02
1.023411371237458130e-08 1.220573655246492799e-02
1.033444816053511606e-08 7.384975252364591250e-03
1.043478260869565081e-08 7.076858151625851738e-03
1.053511705685618556e-08 8.820542856538552551e-03
1.063545150501672032e-08 1.569346455523017506e-02
1.073578595317725673e-08 3.956522752116356685e-03
1.083612040133779148e-08 4.942353533271476480e-03
1.093645484949832623e-08 1.199822115356365647e-02
1.103678929765886099e-08 6.724641328177440036e-03
1.113712374581939574e-08 9.795938901019624057e-03
1.123745819397993215e-08 7.626576988588568140e-03
1.133779264214046690e-08 -5.212456014017708729e-04
1.143812709030100166e-08 1.363611327678181627e-02
1.153846153846153641e-08 1.671458222446499386e-02
1.163879598662207117e-08 7.343909924983882051e-03
1.173913043478260757e-08 8.994319661191286369e-03
1.183946488294314233e-08 3.721748078401364811e-03
1.193979933110367708e-08 9.532915769326487376e-03
1.204013377926421184e-08 5.063081473990416019e-03
1.214046822742474824e-08 1.212022332264123779e-02
1.224080267558528300e-08 7.220416213605756681e-03
1.234113712374581775e-08 9.003910785282322193e-03
1.244147157190635251e-08 6.010437147006214911e-03
1.254180602006688726e-08 2.822126688722645209e-03
1.264214046822742367e-08 1.050104094970874362e-02
1.274247491638795842e-08 5.804353778402208952e-03
1.284280936454849318e-08 5.068405889141356681e-03
1.294314381270902793e-08 1.015117446138149269e-02
1.304347826086956269e-08 4.193622267373666758e-03
1.314381270903009909e-08 1.389078210346564313e-02
1.324414715719063385e-08 6.743408550701458608e-03
1.334448160535116860e-08 6.187870691728643811e-03
1.344481605351170336e-08 6.476948074174884284e-04
1.354515050167223811e-08 1.285809080384449354e-02
1.364548494983277452e-08 5.072088153985542837e-03
1.374581939799330927e-08 4.527041250217606928e-04
1.384615384615384403e-08 2.118131238112792164e-03
1.394648829431437878e-08 5.611409773709139653e-03
1.404682274247491519e-08 5.513565405273000708e-03
1.414715719063544994e-08 6.690830963268838867e-03
1.424749163879598470e-08 1.132682128609199639e-02
1.434782608695651945e-08 7.934916702880875222e-03
1.444816053511705420e-08 1.174245267879300489e-02
1.454849498327759061e-08 9.163717192301763098e-03
1.464882943143812537e-08 1.324099059347652423e-02
1.474916387959866012e-08 2.333774470998153938e-04
1.484949832775919487e-08 1.171970232290431985e-02
1.494983277591973128e-08 8.153920079704770826e-03
1.505016722408026604e-08 1.090822225502727357e-03
1.515050167224080079e-08 8.440364184448398074e-03
1.525083612040133554e-08 7.803140774538930464e-03
1.535117056856187030e-08 8.278333406656837243e-03
1.545150501672240505e-08 2.087298093956056061e-03
1.555183946488293981e-08 1.256617610432876099e-02
1.565217391304347456e-08 8.419758252610669638e-03
1.575250836120401262e-08 4.582948116301948857e-03
1.585284280936454738e-08 3.880587514960686518e-03
1.595317725752508213e-08 1.011710331442229431e-02
1.605351170568561688e-08 4.747735159980904715e-03
1.615384615384615164e-08 4.630357190947871973e-03
1.625418060200668639e-08 9.463894774647072655e-03
1.635451505016722115e-08 1.249587034301577557e-03
1.645484949832775590e-08 6.908194604475776171e-03
1.655518394648829065e-08 1.127340066582871447e-02
1.665551839464882872e-08 1.279549319488148401e-02
1.675585284280936347e-08 6.569005467778232972e-03
1.685618729096989823e-08 2.067702714956322699e-03
1.695652173913043298e-08 7.770042063269533283e-03
1.705685618729096773e-08 6.629435120262587577e-03
1.715719063545150249e-08 1.594151082271337561e-03
1.725752508361203724e-08 1.008433720867457813e-02
1.735785953177257200e-08 5.189480461124365042e-03
1.745819397993310675e-08 4.427690252062270980e-03
1.755852842809364150e-08 7.290821207508082179e-03
1.765886287625417957e-08 7.693127897874037398e-03
1.775919732441471432e-08 6.680975710994604792e-03
1.785953177257524907e-08 9.118337160534422574e-04
1.795986622073578383e-08 2.211379454805230665e-03
1.806020066889631858e-08 1.015896435846095139e-02
1.816053511705685334e-08 8.717472456588522614e-03
1.826086956521738809e-08 7.757450012738416160e-03
1.836120401337792284e-08 6.910444497386333471e-03
1.846153846153845760e-08 1.356488815300314118e-03
1.856187290969899566e-08 7.960811881227082554e-03
1.866220735785953041e-08 4.240527075302797863e-03
1.876254180602006517e-08 1.153924009212698581e-02
1.886287625418059992e-08 4.270414723586589238e-03
1.896321070234113468e-08 1.325475822172143305e-02
1.906354515050166943e-08 9.966743209350006211e-03
1.916387959866220418e-08 9.686581228092435228e-03
1.926421404682273894e-08 1.742379168035737558e-02
1.936454849498327369e-08 9.839750325928930952e-03
1.946488294314380845e-08 4.337615408736557147e-03
1.956521739130434651e-08 6.255788338474932084e-03
1.966555183946488126e-08 7.137047102737699954e-03
1.976588628762541602e-08 3.927979880920737243e-03
1.986622073578595077e-08 8.074994575917305434e-03
1.996655518394648553e-08 1.065330511492127742e-02
2.006688963210702028e-08 4.600165758253143243e-03
2.016722408026755503e-08 5.015551440294970659e-03
2.026755852842808979e-08 7.095073221371706040e-03
2.036789297658862454e-08 8.507097324457963891e-03
2.046822742474916260e-08 1.014035902167003886e-02
2.056856187290969736e-08 3.454274834630567583e-03
2.066889632107023211e-08 8.613986958601629190e-03
2.076923076923076687e-08 9.904472630406809322e-03
2.086956521739130162e-08 1.497360200635279061e-02
2.096989966555183637e-08 9.038673730335011758e-03
2.107023411371237113e-08 5.565381597552656982e-03
2.117056856187290588e-08 6.209967040287709197e-03
2.127090301003344064e-08 3.851569441393032367e-03
2.137123745819397539e-08 6.521922301686482529e-03
2.147157190635451345e-08 8.471323990312952523e-03
2.157190635451504821e-08 4.872866459341936886e-03
2.167224080267558296e-08 7.221253553239079942e-03
2.177257525083611771e-08 4.124705669967003961e-03
2.187290969899665247e-08 5.669571438366093410e-03
2.197324414715718722e-08 8.269985886046472834e-03
2.207357859531772198e-08 8.633811257097055367e-03
2.217391304347825673e-08 4.517732194796317963e-03
2.227424749163879148e-08 1.078482473875107261e-02
2.237458193979932955e-08 6.384177568027447555e-03
2.247491638795986430e-08 1.062423743695030225e-02
2.257525083612039905e-08 4.006781673723109477e-03
2.267558528428093381e-08 1.211337267834898535e-02
2.277591973244146856e-08 -8.485740752348302444e-04
2.287625418060200332e-08 5.898812682858089324e-03
2.297658862876253807e-08 1.267693675169661964e-02
2.307692307692307282e-08 -7.212583391027567372e-04
2.317725752508360758e-08 1.211630328448191213e-02
2.327759197324414233e-08 6.442219045449876398e-03
2.337792642140468040e-08 1.087575728464235461e-03
2.347826086956521515e-08 1.116811758237157802e-02
2.357859531772574990e-08 1.664858309553808244e-02
2.367892976588628466e-08 2.385008870039567828e-03
2.377926421404681941e-08 6.850486977223689371e-03
2.387959866220735417e-08 5.068469464449257625e-03
2.397993311036788892e-08 5.170641536563880258e-03
2.408026755852842367e-08 5.574591167280082415e-03
2.418060200668895843e-08 4.490263716879945577e-03
2.428093645484949649e-08 6.564881744780988460e-03
2.438127090301003124e-08 8.539720099852753446e-03
2.448160535117056600e-08 3.258729244772088154e-03
2.458193979933110075e-08 1.135508421428050620e-02
2.468227424749163551e-08 -3.257867727274903289e-03
2.478260869565217026e-08 7.002727859784332529e-03
2.488294314381270501e-08 5.622904741615547368e-03
2.498327759197323977e-08 1.339503127321391845e-02
2.508361204013377452e-08 6.394988682917677157e-03
2.518394648829430928e-08 6.700406739734570370e-03
2.528428093645484734e-08 7.688680187543203010e-03
2.538461538461538209e-08 4.548538898011823296e-03
2.548494983277591685e-08 4.636360784506100667e-03
2.558528428093645160e-08 8.875604763828065513e-03
2.568561872909698635e-08 7.383106746429439482e-03
2.578595317725752111e-08 3.816807099686845769e-03
2.588628762541805586e-08 4.548340503143470138e-03
2.598662207357859062e-08 5.849750361817430098e-03
2.608695652173912537e-08 6.045826385031393725e-03
2.618729096989966343e-08 7.179352244859979471e-03
2.628762541806019819e-08 4.520338872615714543e-03
2.638795986622073294e-08 8.187744840804811464e-03
2.648829431438126769e-08 3.111715194019694115e-03
2.658862876254180245e-08 6.846760588721382754e-03
2.668896321070233720e-08 6.049308984301295621e-03
2.678929765886287196e-08 1.325282557168254959e-02
2.688963210702340671e-08 6.587208974794832306e-03
2.698996655518394146e-08 4.761753467526885775e-03
2.709030100334447622e-08 9.684032566925012547e-03
2.719063545150501428e-08 8.238611988861950508e-03
2.729096989966554904e-08 1.054224437854164344e-02
2.739130434782608379e-08 5.762685562454002673e-03
2.749163879598661854e-08 5.700809597146640553e-03
2.759197324414715330e-08 3.571287424024749586e-03
2.769230769230768805e-08 8.390508834261576135e-03
2.779264214046822281e-08 2.664307171635980475e-03
2.789297658862875756e-08 6.925258759677208401e-03
2.799331103678929231e-08 4.741470703942143525e-03
2.809364548494983038e-08 1.252236233248361225e-02
2.819397993311036513e-08 1.055441911489872486e-02
2.829431438127089988e-08 7.087103939336036884e-03
2.839464882943143464e-08 1.020125699846792348e-02
2.849498327759196939e-08 5.068020639126063175e-03
2.859531772575250415e-08 9.264910847496003396e-03
2.869565217391303890e-08 4.736096678558130227e-03
2.879598662207357365e-08 1.100934302982136716e-02
2.889632107023410841e-08 5.274689852611193393e-03
2.899665551839464316e-08 6.637382986664236255e-03
2.909698996655518122e-08 1.353644739092590109e-02
2.919732441471571598e-08 9.308184924531434645e-03
2.929765886287625073e-08 7.714102441709193118e-03
2.939799331103678549e-08 4.930711616776312263e-03
2.949832775919732024e-08 2.836085646065540818e-03
2.959866220735785499e-08 5.029489982052227567e-03
2.969899665551838975e-08 5.103776650310921405e-03
2.979933110367892450e-08 1.861516449041912720e-03
2.989966555183946256e-08 1.052296020667588088e-02
2.999999999999999732e-08 1.216365836036874953e-02
