0.000000000000000000e+00 9.999999999999995559e-01
1.003344481605351029e-10 9.709798556989435170e-01
2.006688963210702059e-10 8.937881151377756739e-01
3.010033444816052959e-10 7.925293044266433773e-01
4.013377926421404118e-10 6.930354530634323940e-01
5.016722408026755277e-10 6.119083037163163263e-01
6.020066889632105918e-10 5.532078764170325069e-01
7.023411371237457594e-10 5.122944796084742958e-01
8.026755852842808236e-10 4.817534036105149409e-01
9.030100334448158877e-10 4.550648881325389805e-01
1.003344481605351055e-09 4.275655292995873547e-01
1.103678929765886223e-09 3.967354759266370490e-01
1.204013377926421184e-09 3.629575881553606109e-01
1.304347826086956351e-09 3.297078042069482295e-01
1.404682274247491519e-09 3.017683358278845929e-01
1.505016722408026480e-09 2.819975279848155880e-01
1.605351170568561647e-09 2.690540421729018528e-01
1.705685618729096815e-09 2.579985950677520234e-01
1.806020066889631775e-09 2.433066061567088767e-01
1.906354515050166943e-09 2.219575838735620144e-01
2.006688963210702111e-09 1.945948365674874392e-01
2.107023411371237278e-09 1.645745467260817663e-01
2.207357859531772446e-09 1.361041176659618379e-01
2.307692307692307200e-09 1.126227758542526214e-01
2.408026755852842367e-09 9.579603932869955318e-02
2.508361204013377535e-09 8.510400088259383045e-02
2.608695652173912702e-09 7.815807736914942572e-02
2.709030100334447870e-09 7.187281846933032958e-02
2.809364548494983038e-09 6.406633731364863582e-02
2.909698996655517792e-09 5.451648539613249828e-02
3.010033444816052959e-09 4.472807736390575079e-02
3.110367892976588127e-09 3.661884633757984259e-02
3.210702341137123294e-09 3.112614337062276013e-02
3.311036789297658462e-09 2.765323942130044899e-02
3.411371237458193629e-09 2.451556336348581500e-02
3.511705685618728797e-09 1.989917794955589278e-02
3.612040133779263551e-09 1.276270012849423097e-02
3.712374581939798719e-09 3.367385348618046406e-03
3.812709030100333886e-09 -6.711114599370413339e-03
3.913043478260868640e-09 -1.517691411776853072e-02
4.013377926421404221e-09 -2.008329182475233898e-02
4.113712374581938975e-09 -2.085532547254645430e-02
4.214046822742474556e-09 -1.858877376606304227e-02
4.314381270903009310e-09 -1.536336135057570461e-02
4.414715719063544892e-09 -1.303560100675272074e-02
4.515050167224079646e-09 -1.234934513120104944e-02
4.615384615384614399e-09 -1.286945293116112561e-02
4.715719063545149981e-09 -1.356300844379073819e-02
4.816053511705684735e-09 -1.348107709805913476e-02
4.916387959866220316e-09 -1.217059536664776356e-02
5.016722408026755070e-09 -9.809177795248411047e-03
5.117056856187290651e-09 -7.162110504508443012e-03
5.217391304347825405e-09 -5.320195513180651405e-03
5.317725752508360159e-09 -5.155585809169452652e-03
5.418060200668895740e-09 -6.701257396585421147e-03
5.518394648829430494e-09 -8.921115633931924610e-03
5.618729096989966075e-09 -1.018609869846605689e-02
5.719063545150500829e-09 -9.230548001116202494e-03
5.819397993311035583e-09 -5.925796956418074614e-03
5.919732441471571164e-09 -1.315877308864267514e-03
6.020066889632105918e-09 3.073223563328419429e-03
6.120401337792641499e-09 6.126732584021354032e-03
6.220735785953176253e-09 7.661055591759520673e-03
6.321070234113711835e-09 8.348936542236895519e-03
6.421404682274246589e-09 9.222739328703540712e-03
6.521739130434781343e-09 1.109110213975336365e-02
6.622073578595316924e-09 1.414277901939473350e-02
6.722408026755851678e-09 1.787286399820233948e-02
6.822742474916387259e-09 2.133294549775265406e-02
6.923076923076922013e-09 2.358034641318592500e-02
7.023411371237457594e-09 2.410996457922602934e-02
7.123745819397992348e-09 2.306462087478640052e-02
7.224080267558527102e-09 2.114724333735878981e-02
7.324414715719062683e-09 1.930676213589654910e-02
7.424749163879597437e-09 1.833967107442505823e-02
7.525083612040133018e-09 1.854666657644930480e-02
7.625418060200667772e-09 1.957820337635528263e-02
7.725752508361202526e-09 2.059097956812299193e-02
7.826086956521737280e-09 2.072643873297384115e-02
7.926421404682273689e-09 1.969179793703998427e-02
8.026755852842808442e-09 1.804873012381720890e-02
8.127090301003343196e-09 1.692903528036475078e-02
8.227424749163877950e-09 1.730369882724631589e-02
8.327759197324414359e-09 1.931195636929824641e-02
8.428093645484949113e-09 2.214631028207565688e-02
8.528428093645483867e-09 2.456266211014798001e-02
8.628762541806018621e-09 2.561282431886298394e-02
8.729096989966553375e-09 2.508800616205159387e-02
8.829431438127089783e-09 2.346410515061555027e-02
8.929765886287624537e-09 2.152636445728063272e-02
9.030100334448159291e-09 1.998472158482344010e-02
9.130434782608694045e-09 1.924779116116222266e-02
9.230769230769228799e-09 1.934212685376080626e-02
9.331103678929765207e-09 1.993274008873760841e-02
9.431438127090299961e-09 2.046679241637553576e-02
9.531772575250834715e-09 2.045389400547164421e-02
9.632107023411369469e-09 1.977251565614392484e-02
9.732441471571904223e-09 1.879718055473653809e-02
9.832775919732440632e-09 1.821992992734922101e-02
9.933110367892975386e-09 1.865333785829171448e-02
1.003344481605351014e-08 2.026537936083848412e-02
1.013377926421404489e-08 2.267248636090659145e-02
1.023411371237458130e-08 2.514275426820405598e-02
1.033444816053511606e-08 2.698013410171642631e-02
1.043478260869565081e-08 2.787890936430710911e-02
1.053511705685618556e-08 2.806707308369896584e-02
1.063545150501672032e-08 2.816154820440444628e-02
1.073578595317725673e-08 2.880121284238560189e-02
1.083612040133779148e-08 3.025411167122677575e-02
1.093645484949832623e-08 3.223278012212744958e-02
1.103678929765886099e-08 3.404222856821077087e-02
1.113712374581939574e-08 3.497861808242885145e-02
1.123745819397993215e-08 3.473561417237672200e-02
1.133779264214046690e-08 3.357788442476113133e-02
1.143812709030100166e-08 3.219531741313978734e-02
1.153846153846153641e-08 3.133649693124045815e-02
1.163879598662207117e-08 3.142249639319435323e-02
1.173913043478260757e-08 3.233465063129779826e-02
1.183946488294314233e-08 3.348451690539587522e-02
1.193979933110367708e-08 3.414281803592651710e-02
1.204013377926421184e-08 3.386020208977152252e-02
1.214046822742474824e-08 3.273010695045716623e-02
1.224080267558528300e-08 3.131259652546300454e-02
1.234113712374581775e-08 3.025781600025085824e-02
1.244147157190635251e-08 2.988976534699980953e-02
1.254180602006688726e-08 3.004123665718219649e-02
1.264214046822742367e-08 3.022500619423201459e-02
1.274247491638795842e-08 2.996287227562496186e-02
1.284280936454849318e-08 2.901176670364360652e-02
1.294314381270902793e-08 2.738185801683897316e-02
1.304347826086956269e-08 2.525172347333062492e-02
1.314381270903009909e-08 2.292710023588269419e-02
1.324414715719063385e-08 2.084354294806680177e-02
1.334448160535116860e-08 1.947926181123216249e-02
1.344481605351170336e-08 1.910752281044762746e-02
1.354515050167223811e-08 1.952942638109540427e-02
1.364548494983277452e-08 2.004815047404819722e-02
1.374581939799330927e-08 1.980604888189942125e-02
1.384615384615384403e-08 1.830241113082407139e-02
1.394648829431437878e-08 1.572016479699593974e-02
1.404682274247491519e-08 1.280243085519671906e-02
1.414715719063544994e-08 1.035200211937655108e-02
1.424749163879598470e-08 8.706148194786040087e-03
1.434782608695651945e-08 7.548862231484414903e-03
1.444816053511705420e-08 6.172840085497952219e-03
1.454849498327759061e-08 3.994406927293166557e-03
1.464882943143812537e-08 9.719579789851227501e-04
1.474916387959866012e-08 -2.335950347729852123e-03
1.484949832775919487e-08 -5.092481498999534666e-03
1.494983277591973128e-08 -6.666737545962675079e-03
1.505016722408026604e-08 -6.977168325526748524e-03
1.515050167224080079e-08 -6.499685310684130170e-03
1.525083612040133554e-08 -5.967284032419048999e-03
1.535117056856187030e-08 -5.970375432813134278e-03
1.545150501672240505e-08 -6.694901294042399434e-03
1.555183946488293981e-08 -7.912277224129755232e-03
1.565217391304347456e-08 -9.171485627759526707e-03
1.575250836120401262e-08 -1.005473932624371264e-02
1.585284280936454738e-08 -1.037144835769590601e-02
1.595317725752508213e-08 -1.022428995311171034e-02
1.605351170568561688e-08 -9.930012465427769455e-03
1.615384615384615164e-08 -9.819073757200227209e-03
1.625418060200668639e-08 -9.998868921475174976e-03
1.635451505016722115e-08 -1.022168593017611961e-02
1.645484949832775590e-08 -9.975706233278281224e-03
1.655518394648829065e-08 -8.781339448605998688e-03
1.665551839464882872e-08 -6.510052456815300544e-03
1.675585284280936347e-08 -3.498519597401656637e-03
1.685618729096989823e-08 -3.721880821010250563e-04
1.695652173913043298e-08 2.288500414360012183e-03
1.705685618729096773e-08 4.200305307469392492e-03
1.715719063545150249e-08 5.404608808300279121e-03
1.725752508361203724e-08 6.120746181649692509e-03
1.735785953177257200e-08 6.583035578107885449e-03
1.745819397993310675e-08 6.963327198934080205e-03
1.755852842809364150e-08 7.358742152932691398e-03
1.765886287625417957e-08 7.780793258663566518e-03
1.775919732441471432e-08 8.144072171016288400e-03
1.785953177257524907e-08 8.312109053570194972e-03
1.795986622073578383e-08 8.216299094520091231e-03
1.806020066889631858e-08 7.960350483187307591e-03
1.816053511705685334e-08 7.791767648615647961e-03
1.826086956521738809e-08 7.927565783898232049e-03
1.836120401337792284e-08 8.368344913894791223e-03
1.846153846153845760e-08 8.865707813045084831e-03
1.856187290969899566e-08 9.079931875980065681e-03
1.866220735785953041e-08 8.801711078415430656e-03
1.876254180602006517e-08 8.071325983893084047e-03
1.886287625418059992e-08 7.135253420305857214e-03
1.896321070234113468e-08 6.311149648632160408e-03
1.906354515050166943e-08 5.862701329412205523e-03
1.916387959866220418e-08 5.920925894436816772e-03
1.926421404682273894e-08 6.433558812475377586e-03
1.936454849498327369e-08 7.144984419748241430e-03
1.946488294314380845e-08 7.655511602707673960e-03
1.956521739130434651e-08 7.588827586135439909e-03
1.966555183946488126e-08 6.802290394042144299e-03
1.976588628762541602e-08 5.501972028302804484e-03
1.986622073578595077e-08 4.163228143349117019e-03
1.996655518394648553e-08 3.287998540752145628e-03
2.006688963210702028e-08 3.142393704016311663e-03
2.016722408026755503e-08 3.626661404061991972e-03
2.026755852842808979e-08 4.344789542167024760e-03
2.036789297658862454e-08 4.833329584398388980e-03
2.046822742474916260e-08 4.832883545533734129e-03
2.056856187290969736e-08 4.458802200996704948e-03
2.066889632107023211e-08 4.162504663494720133e-03
2.076923076923076687e-08 4.481952574512860013e-03
2.086956521739130162e-08 5.720201948857678471e-03
2.096989966555183637e-08 7.760501052668991075e-03
2.107023411371237113e-08 1.014035277547969266e-02
2.117056856187290588e-08 1.231261580441008960e-02
2.127090301003344064e-08 1.388841383006367280e-02
2.137123745819397539e-08 1.471217149429803785e-02
2.147157190635451345e-08 1.480083886652356663e-02
2.157190635451504821e-08 1.428798287137569324e-02
2.167224080267558296e-08 1.343497174073179749e-02
2.177257525083611771e-08 1.261679899777661158e-02
2.187290969899665247e-08 1.217116821690787665e-02
2.197324414715718722e-08 1.216885989723229776e-02
2.207357859531772198e-08 1.232713938221372853e-02
2.217391304347825673e-08 1.221911632627058902e-02
2.227424749163879148e-08 1.165297885911953726e-02
2.237458193979932955e-08 1.088909275712997803e-02
2.247491638795986430e-08 1.047294031440385541e-02
2.257525083612039905e-08 1.080689781054702467e-02
2.267558528428093381e-08 1.182527510726233064e-02
2.277591973244146856e-08 1.303530356683998796e-02
2.287625418060200332e-08 1.385461242312642852e-02
2.297658862876253807e-08 1.394731610042833359e-02
2.307692307692307282e-08 1.333151627106187245e-02
2.317725752508360758e-08 1.227383268391737774e-02
2.327759197324414233e-08 1.113140330745238799e-02
2.337792642140468040e-08 1.024356439038717759e-02
2.347826086956521515e-08 9.852812966953415630e-03
2.357859531772574990e-08 1.001966337078784297e-02
2.367892976588628466e-08 1.057855829048053899e-02
2.377926421404681941e-08 1.121086323258924447e-02
2.387959866220735417e-08 1.161454502073066067e-02
2.397993311036788892e-08 1.164008652926056334e-02
2.408026755852842367e-08 1.128746480694635054e-02
2.418060200668895843e-08 1.060447061518025869e-02
2.428093645484949649e-08 9.621575278204693923e-03
2.438127090301003124e-08 8.389170983114898131e-03
2.448160535117056600e-08 7.038813207410727149e-03
2.458193979933110075e-08 5.754542947613862022e-03
2.468227424749163551e-08 4.660022371896574075e-03
2.478260869565217026e-08 3.750095556331968939e-03
2.488294314381270501e-08 2.959422868173069640e-03
2.498327759197323977e-08 2.299307303733802432e-03
2.508361204013377452e-08 1.900623353185397534e-03
2.518394648829430928e-08 1.895410763263126680e-03
2.528428093645484734e-08 2.249942431356266245e-03
2.538461538461538209e-08 2.723550986694941826e-03
2.548494983277591685e-08 3.003200880714671037e-03
2.558528428093645160e-08 2.895117180660487441e-03
2.568561872909698635e-08 2.418433314389396675e-03
2.578595317725752111e-08 1.755514066476794458e-03
2.588628762541805586e-08 1.129968090772007607e-03
2.598662207357859062e-08 6.969108637433526869e-04
2.608695652173912537e-08 4.768698316441409134e-04
2.618729096989966343e-08 3.425448641020045412e-04
2.628762541806019819e-08 8.650503085027173161e-05
2.638795986622073294e-08 -4.242873893621750686e-04
2.648829431438126769e-08 -1.095497198545338771e-03
2.658862876254180245e-08 -1.605429852426510035e-03
2.668896321070233720e-08 -1.618671497421662799e-03
2.678929765886287196e-08 -1.069581329909833831e-03
2.688963210702340671e-08 -2.601849277804551110e-04
2.698996655518394146e-08 3.488304330192125609e-04
2.709030100334447622e-08 4.937723744179391052e-04
2.719063545150501428e-08 2.984668694118897559e-04
2.729096989966554904e-08 1.330652272314547090e-04
2.739130434782608379e-08 2.824288732224356988e-04
2.749163879598661854e-08 7.311865007917312063e-04
2.759197324414715330e-08 1.237695870598968595e-03
2.769230769230768805e-08 1.582423480988229400e-03
2.779264214046822281e-08 1.729756641463597562e-03
2.789297658862875756e-08 1.766583330744950046e-03
2.799331103678929231e-08 1.725139167996173712e-03
2.809364548494983038e-08 1.504923037805189342e-03
2.819397993311036513e-08 9.840976295942775037e-04
2.829431438127089988e-08 2.011441754483009586e-04
2.839464882943143464e-08 -5.892354856946072734e-04
2.849498327759196939e-08 -1.058652334137923697e-03
2.859531772575250415e-08 -1.029277970630970013e-03
2.869565217391303890e-08 -5.924224666694656583e-04
2.879598662207357365e-08 -3.599942606363976463e-05
2.889632107023410841e-08 3.426426457791033591e-04
2.899665551839464316e-08 3.924713017435803482e-04
2.909698996655518122e-08 1.524591803823136579e-04
2.919732441471571598e-08 -1.896719973646730350e-04
2.929765886287625073e-08 -3.619822850558489929e-04
2.939799331103678549e-08 -8.533136113603265877e-05
2.949832775919732024e-08 8.075335503508103158e-04
2.959866220735785499e-08 2.232183692541404862e-03
2.969899665551838975e-08 3.807497866825871463e-03
2.979933110367892450e-08 5.018748239114816448e-03
2.989966555183946256e-08 5.541669501940375483e-03
2.999999999999999732e-08 5.490091827299039065e-03
