0.000000000000000000e+00 9.999999999999995559e-01
1.003344481605351029e-10 4.302107344995429461e-01
2.006688963210702059e-10 1.999433794832759514e-01
3.010033444816052959e-10 4.733106920420793173e-02
4.013377926421404118e-10 -1.876806704309365997e-02
5.016722408026755277e-10 -1.098745268618417543e-02
6.020066889632105918e-10 7.661837307465241970e-04
7.023411371237457594e-10 2.397335235410844034e-02
8.026755852842808236e-10 1.927424520873384159e-02
9.030100334448158877e-10 2.121489776067461350e-02
1.003344481605351055e-09 1.874223032821802776e-02
1.103678929765886223e-09 3.221150171560448194e-02
1.204013377926421184e-09 3.411501737245466875e-02
1.304347826086956351e-09 2.774492425059051776e-02
1.404682274247491519e-09 1.653199602355280226e-02
1.505016722408026480e-09 -6.229726963190530473e-03
1.605351170568561647e-09 -1.033416656268329112e-02
1.705685618729096815e-09 8.763990710023417379e-04
1.806020066889631775e-09 8.307616184132097029e-03
1.906354515050166943e-09 6.902651593919995748e-03
2.006688963210702111e-09 3.978191097341687507e-03
2.107023411371237278e-09 5.842350263001117906e-03
2.207357859531772446e-09 1.217556751635254404e-02
2.307692307692307200e-09 1.379547174395681988e-02
2.408026755852842367e-09 1.156046987486035807e-02
2.508361204013377535e-09 3.183410263834839625e-03
2.608695652173912702e-09 1.356132859580316992e-03
2.709030100334447870e-09 -6.517888549760773908e-04
2.809364548494983038e-09 1.754127038768076279e-03
2.909698996655517792e-09 1.224985322763028593e-04
3.010033444816052959e-09 5.213717886187424315e-03
3.110367892976588127e-09 7.605202413149988322e-03
3.210702341137123294e-09 1.047705580435853365e-02
3.311036789297658462e-09 1.168736373470827782e-02
3.411371237458193629e-09 1.349589460583305867e-02
3.511705685618728797e-09 1.607491871070141146e-02
3.612040133779263551e-09 1.105159760442574711e-02
3.712374581939798719e-09 7.087981646503994579e-03
3.812709030100333886e-09 -8.711568966989359074e-04
3.913043478260868640e-09 -1.118399932115903082e-05
4.013377926421404221e-09 3.485476162670269880e-04
4.113712374581938975e-09 7.782449585934935431e-03
4.214046822742474556e-09 5.246465787965406968e-03
4.314381270903009310e-09 1.384834105127119575e-02
4.414715719063544892e-09 9.599614344113853101e-03
4.515050167224079646e-09 8.468379921080479086e-03
4.615384615384614399e-09 3.477419449949151545e-03
4.715719063545149981e-09 9.326291710444556057e-03
4.816053511705684735e-09 4.320753122508252768e-03
4.916387959866220316e-09 1.887665473273685609e-03
5.016722408026755070e-09 2.221254320033203260e-03
5.117056856187290651e-09 1.111414408973681982e-02
5.217391304347825405e-09 1.070598193538928235e-03
5.317725752508360159e-09 4.344097994069341488e-03
5.418060200668895740e-09 3.382392913733553788e-03
5.518394648829430494e-09 7.748481149168120335e-03
5.618729096989966075e-09 3.965376716535329825e-03
5.719063545150500829e-09 1.090821195993751588e-02
5.819397993311035583e-09 9.813837250576728372e-03
5.919732441471571164e-09 6.408095247766622260e-03
6.020066889632105918e-09 5.579804609799779089e-03
6.120401337792641499e-09 7.593743270123286607e-03
6.220735785953176253e-09 4.264004513026721857e-03
6.321070234113711835e-09 3.760616902694630462e-03
6.421404682274246589e-09 7.515622012220207065e-04
6.521739130434781343e-09 9.440340838156222568e-04
6.622073578595316924e-09 7.132569756409277290e-03
6.722408026755851678e-09 1.087001682035306296e-02
6.822742474916387259e-09 9.953132456374167575e-03
6.923076923076922013e-09 4.772323231946751926e-03
7.023411371237457594e-09 1.101773251824926005e-02
7.123745819397992348e-09 5.013628006863926102e-03
7.224080267558527102e-09 2.979352728701710733e-03
7.324414715719062683e-09 5.388649678972696339e-03
7.424749163879597437e-09 9.667247979643047578e-03
7.525083612040133018e-09 4.292478891214581045e-03
7.625418060200667772e-09 2.908922195038742085e-03
7.725752508361202526e-09 1.032130591417944332e-02
7.826086956521737280e-09 1.486865136290922360e-02
7.926421404682273689e-09 9.016851572605153603e-03
8.026755852842808442e-09 8.794294317675291697e-03
8.127090301003343196e-09 7.923704432492427452e-03
8.227424749163877950e-09 4.263483623957512597e-03
8.327759197324414359e-09 6.706764461682509539e-03
8.428093645484949113e-09 8.265878224384447595e-03
8.528428093645483867e-09 1.036797581554901870e-02
8.628762541806018621e-09 8.129955408790389901e-03
8.729096989966553375e-09 8.045739374903913138e-03
8.829431438127089783e-09 6.818586740833517540e-03
8.929765886287624537e-09 6.279243089840395864e-03
9.030100334448159291e-09 1.091867919172792231e-02
9.130434782608694045e-09 8.407136247084376346e-03
9.230769230769228799e-09 3.283808282368153638e-03
9.331103678929765207e-09 1.295087228308057026e-03
9.431438127090299961e-09 -2.458371365452855471e-03
9.531772575250834715e-09 -1.577835409354761765e-03
9.632107023411369469e-09 4.310266101564868592e-03
9.732441471571904223e-09 9.631544109514299234e-03
9.832775919732440632e-09 1.106884478273461973e-02
9.933110367892975386e-09 6.825567826283758695e-03
1.003344481605351014e-08 9.385922806793898718e-03
1.013377926421404489e-08 8.441035186021003667e-03
1.023411371237458130e-08 6.606436243484619872e-03
1.033444816053511606e-08 8.872754971536434693e-03
1.043478260869565081e-08 8.012181458283008928e-03
1.053511705685618556e-08 4.661060475542730917e-03
1.063545150501672032e-08 1.017119301474647859e-02
1.073578595317725673e-08 9.241215215667158284e-03
1.083612040133779148e-08 1.110087404014297764e-02
1.093645484949832623e-08 1.073985984721781417e-02
1.103678929765886099e-08 8.884364765145504744e-03
1.113712374581939574e-08 3.981914715721254425e-03
1.123745819397993215e-08 6.084406891167157098e-03
1.133779264214046690e-08 6.059717534861272514e-03
1.143812709030100166e-08 5.081589041435547772e-03
1.153846153846153641e-08 5.240092901840767876e-03
1.163879598662207117e-08 8.149087181681932690e-03
1.173913043478260757e-08 1.233863454088625182e-02
1.183946488294314233e-08 1.307198234215344035e-02
1.193979933110367708e-08 8.414902447210357433e-03
1.204013377926421184e-08 1.117592152074885735e-02
1.214046822742474824e-08 1.661950556621779804e-02
1.224080267558528300e-08 1.618671080832412984e-02
1.234113712374581775e-08 1.172548264250461436e-02
1.244147157190635251e-08 7.871956433072755874e-03
1.254180602006688726e-08 8.355421370658993110e-03
1.264214046822742367e-08 8.773473860998842050e-03
1.274247491638795842e-08 9.009570220597165266e-03
1.284280936454849318e-08 7.442085552218048392e-03
1.294314381270902793e-08 1.128127329738649615e-03
1.304347826086956269e-08 -1.763786957182333654e-03
1.314381270903009909e-08 3.247567850282349119e-03
1.324414715719063385e-08 7.956438372846603990e-03
1.334448160535116860e-08 1.002599054955219046e-02
1.344481605351170336e-08 1.094017061485144139e-02
1.354515050167223811e-08 1.354592785194013056e-03
1.364548494983277452e-08 4.147913531139376005e-03
1.374581939799330927e-08 9.816145425167494172e-04
1.384615384615384403e-08 1.422230972155778968e-04
1.394648829431437878e-08 6.534747529589135170e-03
1.404682274247491519e-08 8.921337958040296071e-03
1.414715719063544994e-08 1.086965250375714412e-02
1.424749163879598470e-08 1.096790787997282794e-02
1.434782608695651945e-08 1.187378462022421581e-02
1.444816053511705420e-08 9.147071629441649518e-03
1.454849498327759061e-08 3.407036265537422785e-03
1.464882943143812537e-08 3.478476504801789656e-03
1.474916387959866012e-08 1.266310192534834738e-03
1.484949832775919487e-08 5.304421855890296272e-03
1.494983277591973128e-08 2.105336543371529815e-03
1.505016722408026604e-08 4.381701758719106637e-03
1.515050167224080079e-08 6.202684510736462646e-03
1.525083612040133554e-08 5.367625986861911634e-03
1.535117056856187030e-08 3.485164323527171430e-03
1.545150501672240505e-08 9.400181240533739269e-03
1.555183946488293981e-08 7.025543999925913316e-03
1.565217391304347456e-08 5.981373905042803620e-03
1.575250836120401262e-08 1.022042150635094591e-03
1.585284280936454738e-08 5.136944181812438427e-03
1.595317725752508213e-08 7.809857930528565570e-03
1.605351170568561688e-08 7.081748411892224877e-03
1.615384615384615164e-08 8.083757065624232185e-03
1.625418060200668639e-08 1.068106234208385762e-02
1.635451505016722115e-08 6.244626040798206476e-03
1.645484949832775590e-08 8.131932893089412889e-03
1.655518394648829065e-08 8.141137518235400453e-03
1.665551839464882872e-08 5.474179740377840657e-03
1.675585284280936347e-08 7.569589755847630844e-03
1.685618729096989823e-08 4.826340356839941420e-03
1.695652173913043298e-08 3.807915260564981308e-03
1.705685618729096773e-08 5.950192670517626646e-03
1.715719063545150249e-08 4.526109322729717464e-03
1.725752508361203724e-08 5.954520817838489244e-03
1.735785953177257200e-08 5.257939224684451268e-03
1.745819397993310675e-08 3.619697455168889837e-03
1.755852842809364150e-08 8.503054264386689098e-03
1.765886287625417957e-08 7.131769635606996331e-03
1.775919732441471432e-08 6.311701285267115775e-03
1.785953177257524907e-08 8.010020349198402256e-04
1.795986622073578383e-08 9.160697573954733330e-03
1.806020066889631858e-08 9.440095212583252127e-03
1.816053511705685334e-08 8.417375079873274171e-03
1.826086956521738809e-08 1.301498987029462914e-02
1.836120401337792284e-08 6.387944150252749045e-03
1.846153846153845760e-08 4.636395139771860505e-03
1.856187290969899566e-08 5.098510859034966966e-03
1.866220735785953041e-08 7.201727908776022098e-03
1.876254180602006517e-08 1.103338986766770266e-02
1.886287625418059992e-08 1.078292379776677606e-02
1.896321070234113468e-08 1.031183892890161560e-02
1.906354515050166943e-08 2.520060248977637300e-03
1.916387959866220418e-08 6.608946665463254905e-03
1.926421404682273894e-08 3.711307501859296368e-03
1.936454849498327369e-08 8.380913119612273462e-03
1.946488294314380845e-08 1.214351214024643119e-02
1.956521739130434651e-08 9.627125852244752466e-03
1.966555183946488126e-08 1.125740067555252612e-02
1.976588628762541602e-08 9.927669139152914962e-03
1.986622073578595077e-08 7.956730538192059027e-03
1.996655518394648553e-08 4.471109072155859433e-03
2.006688963210702028e-08 7.521545834056451649e-03
2.016722408026755503e-08 7.020898907037689991e-03
2.026755852842808979e-08 3.072753881516568624e-03
2.036789297658862454e-08 9.126235017069800337e-03
2.046822742474916260e-08 7.630915821292362511e-03
2.056856187290969736e-08 7.847800281375666084e-03
2.066889632107023211e-08 9.879901131302541717e-03
2.076923076923076687e-08 1.022816798542214821e-02
2.086956521739130162e-08 8.477914451699021525e-03
2.096989966555183637e-08 4.749050286006257192e-03
2.107023411371237113e-08 1.065860842418570086e-03
2.117056856187290588e-08 -2.321339305379526742e-03
2.127090301003344064e-08 3.721980347512171983e-03
2.137123745819397539e-08 5.954377186021458067e-03
2.147157190635451345e-08 8.556653069494993963e-03
2.157190635451504821e-08 1.178227535474726806e-02
2.167224080267558296e-08 1.403429070034997554e-02
2.177257525083611771e-08 1.102480262074971053e-02
2.187290969899665247e-08 1.050816166585789510e-02
2.197324414715718722e-08 9.954581306691715967e-03
2.207357859531772198e-08 5.130926893051002136e-03
2.217391304347825673e-08 4.670137686772397184e-03
2.227424749163879148e-08 9.099394113037105949e-03
2.237458193979932955e-08 6.047609807830581739e-03
2.247491638795986430e-08 1.361844115949218358e-02
2.257525083612039905e-08 6.512122082868152841e-03
2.267558528428093381e-08 9.022741979921910030e-03
2.277591973244146856e-08 4.243109496324991639e-03
2.287625418060200332e-08 5.542472580923993482e-03
2.297658862876253807e-08 3.509940056800445012e-03
2.307692307692307282e-08 9.448909757712923782e-03
2.317725752508360758e-08 8.632897352460935925e-03
2.327759197324414233e-08 1.019522486165715114e-02
2.337792642140468040e-08 6.851322401713411635e-03
2.347826086956521515e-08 5.554090142499645139e-03
2.357859531772574990e-08 7.334139197603496869e-03
2.367892976588628466e-08 1.052690576253845212e-02
2.377926421404681941e-08 9.724588476569965070e-03
2.387959866220735417e-08 1.066206844781529203e-02
2.397993311036788892e-08 1.435522163706708619e-02
2.408026755852842367e-08 1.018493576460087306e-02
2.418060200668895843e-08 7.431068915124393673e-03
2.428093645484949649e-08 3.683822062713532509e-03
2.438127090301003124e-08 5.876249437950229523e-04
2.448160535117056600e-08 1.771617125703164094e-03
2.458193979933110075e-08 1.050032493414950439e-02
2.468227424749163551e-08 1.538385387497815011e-02
2.478260869565217026e-08 1.098442575268866739e-02
2.488294314381270501e-08 1.230229251075751380e-02
2.498327759197323977e-08 1.185699843934430280e-02
2.508361204013377452e-08 9.760969761035329789e-03
2.518394648829430928e-08 8.690308358679498316e-03
2.528428093645484734e-08 1.047011551522789019e-02
2.538461538461538209e-08 6.822953610851021332e-03
2.548494983277591685e-08 4.454014131170249205e-03
2.558528428093645160e-08 3.267687682518682652e-03
2.568561872909698635e-08 1.152693599274070418e-02
2.578595317725752111e-08 8.067610233250342017e-03
2.588628762541805586e-08 7.180230408062657568e-03
2.598662207357859062e-08 9.303993563698445546e-03
2.608695652173912537e-08 3.880833203042469322e-03
2.618729096989966343e-08 3.761299923432725751e-03
2.628762541806019819e-08 1.368761258547967694e-02
2.638795986622073294e-08 1.296685014618116465e-02
2.648829431438126769e-08 1.004278098958190542e-02
2.658862876254180245e-08 9.852807393319467158e-03
2.668896321070233720e-08 8.138848457429901859e-03
2.678929765886287196e-08 4.635935171859225518e-03
2.688963210702340671e-08 9.292071687535973304e-03
2.698996655518394146e-08 5.836555272155398259e-03
2.709030100334447622e-08 7.234651626562497995e-03
2.719063545150501428e-08 7.397354499067918150e-03
2.729096989966554904e-08 9.152042126606278402e-03
2.739130434782608379e-08 1.228083264017157741e-02
2.749163879598661854e-08 1.025545603711025371e-02
2.759197324414715330e-08 1.355309742227531374e-02
2.769230769230768805e-08 1.714123160373580076e-02
2.779264214046822281e-08 4.302808629174130310e-03
2.789297658862875756e-08 4.974629513240138266e-03
2.799331103678929231e-08 9.962401682212979753e-03
2.809364548494983038e-08 1.113250950122163241e-02
2.819397993311036513e-08 9.236676052895347044e-03
2.829431438127089988e-08 4.070047542464019265e-03
2.839464882943143464e-08 7.703665984097044471e-03
2.849498327759196939e-08 7.613935658015796859e-03
2.859531772575250415e-08 7.884597452778467630e-03
2.869565217391303890e-08 8.152203168422083798e-03
2.879598662207357365e-08 7.225978344869553142e-03
2.889632107023410841e-08 7.581356973035816016e-03
2.899665551839464316e-08 4.116743905953288048e-03
2.909698996655518122e-08 5.452798937692814041e-03
2.919732441471571598e-08 1.162137196747711591e-02
2.929765886287625073e-08 1.508504314210076976e-02
2.939799331103678549e-08 1.155770345834132920e-02
2.949832775919732024e-08 4.621189738452938060e-03
2.959866220735785499e-08 6.922132722261956951e-03
2.969899665551838975e-08 4.368813958037811446e-03
2.979933110367892450e-08 1.020826159956966447e-02
2.989966555183946256e-08 6.426946651195638432e-03
2.999999999999999732e-08 7.370729056393360810e-03
