0.000000000000000000e+00 9.999999999999995559e-01
1.003344481605351029e-10 9.997144506723268931e-01
2.006688963210702059e-10 9.988587979146781315e-01
3.010033444816052959e-10 9.974360215505414518e-01
4.013377926421404118e-10 9.954510684893521644e-01
5.016722408026755277e-10 9.929108236914421237e-01
6.020066889632105918e-10 9.898240698364730861e-01
7.023411371237457594e-10 9.862014360093095400e-01
8.026755852842808236e-10 9.820553358019863399e-01
9.030100334448158877e-10 9.773998953114002575e-01
1.003344481605351055e-09 9.722508715889210951e-01
1.103678929765886223e-09 9.666255621695413192e-01
1.204013377926421184e-09 9.605427063738276594e-01
1.304347826086956351e-09 9.540223791352275828e-01
1.404682274247491519e-09 9.470858781577004004e-01
1.505016722408026480e-09 9.397556052536999438e-01
1.605351170568561647e-09 9.320549427499353889e-01
1.705685618729096815e-09 9.240081258776932094e-01
1.806020066889631775e-09 9.156401120856719755e-01
1.906354515050166943e-09 9.069764482260770366e-01
2.006688963210702111e-09 8.980431365691569079e-01
2.107023411371237278e-09 8.888665005973881428e-01
2.207357859531772446e-09 8.794730515183333264e-01
2.307692307692307200e-09 8.698893564149539070e-01
2.408026755852842367e-09 8.601419089241409965e-01
2.508361204013377535e-09 8.502570032988078230e-01
2.608695652173912702e-09 8.402606126664630137e-01
2.709030100334447870e-09 8.301782722482584642e-01
2.809364548494983038e-09 8.200349682476324453e-01
2.909698996655517792e-09 8.098550330574364464e-01
3.010033444816052959e-09 7.996620473695043030e-01
3.110367892976588127e-09 7.894787497016887423e-01
3.210702341137123294e-09 7.793269537851660322e-01
3.311036789297658462e-09 7.692274741800440019e-01
3.411371237458193629e-09 7.592000604107671524e-01
3.511705685618728797e-09 7.492633398352851470e-01
3.612040133779263551e-09 7.394347693841526459e-01
3.712374581939798719e-09 7.297305962284981184e-01
3.812709030100333886e-09 7.201658273598223747e-01
3.913043478260868640e-09 7.107542079906118415e-01
4.013377926421404221e-09 7.015082086134623029e-01
4.113712374581938975e-09 6.924390204884648403e-01
4.214046822742474556e-09 6.835565592645906907e-01
4.314381270903009310e-09 6.748694763813122277e-01
4.414715719063544892e-09 6.663851778421863159e-01
4.515050167224079646e-09 6.581098499030438864e-01
4.615384615384614399e-09 6.500484911741721827e-01
4.715719063545149981e-09 6.422049505987110773e-01
4.816053511705684735e-09 6.345819707386746167e-01
4.916387959866220316e-09 6.271812357757035050e-01
5.016722408026755070e-09 6.200034236159456258e-01
5.117056856187290651e-09 6.130482614773579142e-01
5.217391304347825405e-09 6.063145843331907425e-01
5.317725752508360159e-09 5.998003955872975856e-01
5.418060200668895740e-09 5.935029293650503357e-01
5.518394648829430494e-09 5.874187138177497935e-01
5.618729096989966075e-09 5.815436348582062598e-01
5.719063545150500829e-09 5.758729997702283221e-01
5.819397993311035583e-09 5.704016001647143064e-01
5.919732441471571164e-09 5.651237737893785029e-01
6.020066889632105918e-09 5.600334647373874652e-01
6.120401337792641499e-09 5.551242816417819581e-01
6.220735785953176253e-09 5.503895534869448491e-01
6.321070234113711835e-09 5.458223827149687457e-01
6.421404682274246589e-09 5.414156953529871696e-01
6.521739130434781343e-09 5.371622879367385917e-01
6.622073578595316924e-09 5.330548710552661662e-01
6.722408026755851678e-09 5.290861093910966817e-01
6.822742474916387259e-09 5.252486581789403974e-01
6.923076923076922013e-09 5.215351960533478604e-01
7.023411371237457594e-09 5.179384543013177966e-01
7.123745819397992348e-09 5.144512425791147869e-01
7.224080267558527102e-09 5.110664711930292814e-01
7.324414715719062683e-09 5.077771700811380962e-01
7.424749163879597437e-09 5.045765046669036247e-01
7.525083612040133018e-09 5.014577887854034799e-01
7.625418060200667772e-09 4.984144949088398224e-01
7.725752508361202526e-09 4.954402619195472646e-01
7.826086956521737280e-09 4.925289006958650795e-01
7.926421404682273689e-09 4.896743977888649568e-01
8.026755852842808442e-09 4.868709174760285641e-01
8.127090301003343196e-09 4.841128024815556374e-01
8.227424749163877950e-09 4.813945736521683116e-01
8.327759197324414359e-09 4.787109288721759226e-01
8.428093645484949113e-09 4.760567414923987384e-01
8.528428093645483867e-09 4.734270585345243254e-01
8.628762541806018621e-09 4.708170989159101705e-01
8.729096989966553375e-09 4.682222519200413546e-01
8.829431438127089783e-09 4.656380761151754366e-01
8.929765886287624537e-09 4.630602988985556556e-01
9.030100334448159291e-09 4.604848168163365729e-01
9.130434782608694045e-09 4.579076967805089660e-01
9.230769230769228799e-09 4.553251782740366238e-01
9.331103678929765207e-09 4.527336766046274885e-01
9.431438127090299961e-09 4.501297872364612429e-01
9.531772575250834715e-09 4.475102911982766773e-01
9.632107023411369469e-09 4.448721615358920412e-01
9.732441471571904223e-09 4.422125707479402368e-01
9.832775919732440632e-09 4.395288991157348946e-01
9.933110367892975386e-09 4.368187438121332589e-01
1.003344481605351014e-08 4.340799286503737031e-01
1.013377926421404489e-08 4.313105143124517094e-01
1.023411371237458130e-08 4.285088088779481219e-01
1.033444816053511606e-08 4.256733784585601255e-01
1.043478260869565081e-08 4.228030577311205351e-01
1.053511705685618556e-08 4.198969601527672291e-01
1.063545150501672032e-08 4.169544876362433206e-01
1.073578595317725673e-08 4.139753394611408455e-01
1.083612040133779148e-08 4.109595201982455537e-01
1.093645484949832623e-08 4.079073464289660333e-01
1.103678929765886099e-08 4.048194520500638105e-01
1.113712374581939574e-08 4.016967919654014230e-01
1.123745819397993215e-08 3.985406439810465495e-01
1.133779264214046690e-08 3.953526087375824893e-01
1.143812709030100166e-08 3.921346075336641368e-01
1.153846153846153641e-08 3.888888779174188848e-01
1.163879598662207117e-08 3.856179669469461113e-01
1.173913043478260757e-08 3.823247220475713415e-01
1.183946488294314233e-08 3.790122794213212076e-01
1.193979933110367708e-08 3.756840499929291477e-01
1.204013377926421184e-08 3.723437029062011683e-01
1.214046822742474824e-08 3.689951466143563397e-01
1.224080267558528300e-08 3.656425076376554895e-01
1.234113712374581775e-08 3.622901070908372545e-01
1.244147157190635251e-08 3.589424351112402434e-01
1.254180602006688726e-08 3.556041233456327944e-01
1.264214046822742367e-08 3.522799156793664510e-01
1.274247491638795842e-08 3.489746374151843633e-01
1.284280936454849318e-08 3.456931631305647512e-01
1.294314381270902793e-08 3.424403834615956654e-01
1.304347826086956269e-08 3.392211710778160194e-01
1.314381270903009909e-08 3.360403461260337843e-01
1.324414715719063385e-08 3.329026414316630378e-01
1.334448160535116860e-08 3.298126677534989337e-01
1.344481605351170336e-08 3.267748793919711958e-01
1.354515050167223811e-08 3.237935404517432447e-01
1.364548494983277452e-08 3.208726920570494356e-01
1.374581939799330927e-08 3.180161208124100414e-01
1.384615384615384403e-08 3.152273287924207135e-01
1.394648829431437878e-08 3.125095053322717864e-01
1.404682274247491519e-08 3.098655008756699414e-01
1.414715719063544994e-08 3.072978031190884973e-01
1.424749163879598470e-08 3.048085156709699484e-01
1.434782608695651945e-08 3.023993394218856268e-01
1.444816053511705420e-08 3.000715567969923225e-01
1.454849498327759061e-08 2.978260190356914472e-01
1.464882943143812537e-08 2.956631366155079710e-01
1.474916387959866012e-08 2.935828729081718658e-01
1.484949832775919487e-08 2.915847411260445443e-01
1.494983277591973128e-08 2.896678045867090989e-01
1.505016722408026604e-08 2.878306802930880592e-01
1.515050167224080079e-08 2.860715457961841568e-01
1.525083612040133554e-08 2.843881492778050357e-01
1.535117056856187030e-08 2.827778227617355755e-01
1.545150501672240505e-08 2.812374983340780177e-01
1.555183946488293981e-08 2.797637272271729092e-01
1.565217391304347456e-08 2.783527015969154972e-01
1.575250836120401262e-08 2.770002788006331595e-01
1.585284280936454738e-08 2.757020079622147235e-01
1.595317725752508213e-08 2.744531585930671813e-01
1.605351170568561688e-08 2.732487510218867266e-01
1.615384615384615164e-08 2.720835883732961036e-01
1.625418060200668639e-08 2.709522898252140766e-01
1.635451505016722115e-08 2.698493248674583844e-01
1.645484949832775590e-08 2.687690482795623281e-01
1.655518394648829065e-08 2.677057355441093689e-01
1.665551839464882872e-08 2.666536184130313680e-01
1.675585284280936347e-08 2.656069203481946084e-01
1.685618729096989823e-08 2.645598915641317328e-01
1.695652173913043298e-08 2.635068434098333801e-01
1.705685618729096773e-08 2.624421818379431559e-01
1.715719063545150249e-08 2.613604397233272314e-01
1.725752508361203724e-08 2.602563078086182480e-01
1.735785953177257200e-08 2.591246640717496108e-01
1.745819397993310675e-08 2.579606013294608036e-01
1.755852842809364150e-08 2.567594529110385770e-01
1.765886287625417957e-08 2.555168162578860813e-01
1.775919732441471432e-08 2.542285743266514686e-01
1.785953177257524907e-08 2.528909146963033705e-01
1.795986622073578383e-08 2.515003463024851893e-01
1.806020066889631858e-08 2.500537137454221792e-01
1.816053511705685334e-08 2.485482091403705962e-01
1.826086956521738809e-08 2.469813815018225278e-01
1.836120401337792284e-08 2.453511436741969975e-01
1.846153846153845760e-08 2.436557768423403270e-01
1.856187290969899566e-08 2.418939326746183949e-01
1.866220735785953041e-08 2.400646331695522329e-01
1.876254180602006517e-08 2.381672682936421259e-01
1.886287625418059992e-08 2.362015915131384092e-01
1.896321070234113468e-08 2.341677133359105767e-01
1.906354515050166943e-08 2.320660929911745329e-01
1.916387959866220418e-08 2.298975283845872963e-01
1.926421404682273894e-08 2.276631444740714050e-01
1.936454849498327369e-08 2.253643802176878430e-01
1.946488294314380845e-08 2.230029742489307298e-01
1.956521739130434651e-08 2.205809494370201407e-01
1.966555183946488126e-08 2.181005964901715222e-01
1.976588628762541602e-08 2.155644567584998894e-01
1.986622073578595077e-08 2.129753043902791743e-01
1.996655518394648553e-08 2.103361279908290138e-01
2.006688963210702028e-08 2.076501119274802853e-01
2.016722408026755503e-08 2.049206174170196959e-01
2.026755852842808979e-08 2.021511635238877891e-01
2.036789297658862454e-08 1.993454081883674900e-01
2.046822742474916260e-08 1.965071293942259045e-01
2.056856187290969736e-08 1.936402065749253110e-01
2.066889632107023211e-08 1.907486023467866443e-01
2.076923076923076687e-08 1.878363446465339259e-01
2.086956521739130162e-08 1.849075093396430336e-01
2.096989966555183637e-08 1.819662033550303870e-01
2.107023411371237113e-08 1.790165483909955668e-01
2.117056856187290588e-08 1.760626652271251313e-01
2.127090301003344064e-08 1.731086586672054561e-01
2.137123745819397539e-08 1.701586031291976719e-01
2.147157190635451345e-08 1.672165288901040492e-01
2.157190635451504821e-08 1.642864089861917343e-01
2.167224080267558296e-08 1.613721467625996442e-01
2.177257525083611771e-08 1.584775640609087100e-01
2.187290969899665247e-08 1.556063900288165436e-01
2.197324414715718722e-08 1.527622505326662605e-01
2.207357859531772198e-08 1.499486581512173844e-01
2.217391304347825673e-08 1.471690027277109958e-01
2.227424749163879148e-08 1.444265424569245448e-01
2.237458193979932955e-08 1.417243954844981946e-01
2.247491638795986430e-08 1.390655319972662896e-01
2.257525083612039905e-08 1.364527667855762461e-01
2.267558528428093381e-08 1.338887522615305470e-01
2.277591973244146856e-08 1.313759719206423204e-01
2.287625418060200332e-08 1.289167342384470449e-01
2.297658862876253807e-08 1.265131669980482099e-01
2.307692307692307282e-08 1.241672120492662013e-01
2.317725752508360758e-08 1.218806205048956481e-01
2.327759197324414233e-08 1.196549483844251693e-01
2.337792642140468040e-08 1.174915527203173604e-01
2.347826086956521515e-08 1.153915881464664811e-01
2.357859531772574990e-08 1.133560039926322233e-01
2.367892976588628466e-08 1.113855419123869483e-01
2.377926421404681941e-08 1.094807340753043701e-01
2.387959866220735417e-08 1.076419019566817736e-01
2.397993311036788892e-08 1.058691557599386740e-01
2.408026755852842367e-08 1.041623945079149793e-01
2.418060200668895843e-08 1.025213068395425253e-01
2.428093645484949649e-08 1.009453725477534591e-01
2.438127090301003124e-08 9.943386489299219089e-02
2.448160535117056600e-08 9.798585372430265727e-02
2.458193979933110075e-08 9.660020943668662374e-02
2.468227424749163551e-08 9.527560778927797458e-02
2.478260869565217026e-08 9.401053560390570940e-02
2.488294314381270501e-08 9.280329735786013723e-02
2.498327759197323977e-08 9.165202267820768411e-02
2.508361204013377452e-08 9.055467473788542110e-02
2.518394648829430928e-08 8.950905954614403470e-02
2.528428093645484734e-08 8.851283611778468230e-02
2.538461538461538209e-08 8.756352749716331263e-02
2.548494983277591685e-08 8.665853260422529125e-02
2.558528428093645160e-08 8.579513886099893183e-02
2.568561872909698635e-08 8.497053554814586185e-02
2.578595317725752111e-08 8.418182783245505008e-02
2.588628762541805586e-08 8.342605139770481459e-02
2.598662207357859062e-08 8.270018760322220275e-02
2.608695652173912537e-08 8.200117908686019308e-02
2.618729096989966343e-08 8.132594572210363748e-02
2.628762541806019819e-08 8.067140083271363837e-02
2.638795986622073294e-08 8.003446756282024677e-02
2.648829431438126769e-08 7.941209529577086812e-02
2.658862876254180245e-08 7.880127601140979321e-02
2.668896321070233720e-08 7.819906046887005469e-02
2.678929765886287196e-08 7.760257410045903748e-02
2.688963210702340671e-08 7.700903250184912285e-02
2.698996655518394146e-08 7.641575640457334839e-02
2.709030100334447622e-08 7.582018601878579012e-02
2.719063545150501428e-08 7.521989463736733494e-02
2.729096989966554904e-08 7.461260139673250857e-02
2.739130434782608379e-08 7.399618309507738356e-02
2.749163879598661854e-08 7.336868497526606581e-02
2.759197324414715330e-08 7.272833038701667641e-02
2.769230769230768805e-08 7.207352925144885902e-02
2.779264214046822281e-08 7.140288526030667826e-02
2.789297658862875756e-08 7.071520175217808901e-02
2.799331103678929231e-08 7.000948621869494681e-02
2.809364548494983038e-08 6.928495340489407295e-02
2.819397993311036513e-08 6.854102697954223000e-02
2.829431438127089988e-08 6.777733976314143094e-02
2.839464882943143464e-08 6.699373251341551871e-02
2.849498327759196939e-08 6.619025128019961901e-02
2.859531772575250415e-08 6.536714335368408457e-02
2.869565217391303890e-08 6.452485184177342292e-02
2.879598662207357365e-08 6.366400892378284992e-02
2.889632107023410841e-08 6.278542783869195398e-02
2.899665551839464316e-08 6.189009367658547534e-02
2.909698996655518122e-08 6.097915305163596755e-02
2.919732441471571598e-08 6.005390274391372851e-02
2.929765886287625073e-08 5.911577740536474307e-02
2.939799331103678549e-08 5.816633643239341178e-02
2.949832775919732024e-08 5.720725011355969059e-02
2.959866220735785499e-08 5.624028516589400783e-02
2.969899665551838975e-08 5.526728977720859332e-02
2.979933110367892450e-08 5.429017827450984685e-02
2.989966555183946256e-08 5.331091554018183021e-02
2.999999999999999732e-08 5.233150129801231176e-02
