0.000000000000000000e+00 9.999999999999995559e-01
1.003344481605351029e-10 1.212001913506253331e-02
2.006688963210702059e-10 8.667304865536368946e-03
3.010033444816052959e-10 7.560530071446757566e-03
4.013377926421404118e-10 6.885014609958936722e-03
5.016722408026755277e-10 8.497829947935523626e-03
6.020066889632105918e-10 9.962408159757497883e-03
7.023411371237457594e-10 7.832305737007555155e-03
8.026755852842808236e-10 1.308976873580812959e-02
9.030100334448158877e-10 4.493061977561098493e-03
1.003344481605351055e-09 1.038517572337031326e-02
1.103678929765886223e-09 -9.824614220980368729e-04
1.204013377926421184e-09 8.845599668936989998e-03
1.304347826086956351e-09 9.728680841816161884e-03
1.404682274247491519e-09 -9.138281634001073480e-04
1.505016722408026480e-09 4.180428060683675021e-03
1.605351170568561647e-09 1.185203566541740555e-02
1.705685618729096815e-09 8.027339414033045351e-03
1.806020066889631775e-09 6.425970611467339035e-03
1.906354515050166943e-09 8.993429220366760263e-03
2.006688963210702111e-09 1.178682330143711841e-02
2.107023411371237278e-09 5.407853555091111757e-03
2.207357859531772446e-09 2.658127385366972420e-03
2.307692307692307200e-09 2.862671255141350547e-03
2.408026755852842367e-09 1.401849201621013612e-02
2.508361204013377535e-09 6.214214619185601252e-03
2.608695652173912702e-09 1.724705327007223024e-02
2.709030100334447870e-09 6.362488844702218239e-03
2.809364548494983038e-09 1.946577179370265502e-03
2.909698996655517792e-09 -2.272154360890708130e-03
3.010033444816052959e-09 7.532376891634866983e-03
3.110367892976588127e-09 9.506076849903139642e-03
3.210702341137123294e-09 7.187959104694470816e-03
3.311036789297658462e-09 1.033288126496709376e-02
3.411371237458193629e-09 7.004501557320043630e-04
3.511705685618728797e-09 4.346822289212205585e-03
3.612040133779263551e-09 7.373742116041895681e-03
3.712374581939798719e-09 7.642125521812931019e-03
3.812709030100333886e-09 9.603791376017370429e-03
3.913043478260868640e-09 4.438783297324193876e-03
4.013377926421404221e-09 1.312262922965385693e-02
4.113712374581938975e-09 3.321197610227763844e-03
4.214046822742474556e-09 2.155890628787062932e-03
4.314381270903009310e-09 9.010982630076888947e-03
4.414715719063544892e-09 5.357690035739430534e-03
4.515050167224079646e-09 7.646307677124233176e-03
4.615384615384614399e-09 9.870087595165421765e-03
4.715719063545149981e-09 1.104312875006361293e-02
4.816053511705684735e-09 9.752341419425216221e-03
4.916387959866220316e-09 2.589707304853442523e-03
5.016722408026755070e-09 5.224694105295859918e-03
5.117056856187290651e-09 1.460346252237854081e-02
5.217391304347825405e-09 1.235391477818565883e-02
5.317725752508360159e-09 1.457195116064084230e-02
5.418060200668895740e-09 1.584792119835211691e-02
5.518394648829430494e-09 1.254670161705232108e-02
5.618729096989966075e-09 7.944292052160947804e-03
5.719063545150500829e-09 9.657434978792660968e-03
5.819397993311035583e-09 2.171211011858984862e-03
5.919732441471571164e-09 1.269928430062512194e-02
6.020066889632105918e-09 8.843839103244615155e-03
6.120401337792641499e-09 9.995946028128239666e-03
6.220735785953176253e-09 7.450328972674393271e-03
6.321070234113711835e-09 8.858125232208835173e-03
6.421404682274246589e-09 4.446838058946043191e-03
6.521739130434781343e-09 2.836043720614814245e-03
6.622073578595316924e-09 7.041908944814878613e-03
6.722408026755851678e-09 1.042156446826498530e-02
6.822742474916387259e-09 6.439702874274161803e-04
6.923076923076922013e-09 2.582141596450945528e-03
7.023411371237457594e-09 8.732646241004131740e-03
7.123745819397992348e-09 5.579996790679861256e-03
7.224080267558527102e-09 1.388718147740151607e-02
7.324414715719062683e-09 5.726493900600124892e-03
7.424749163879597437e-09 1.530794074440736813e-03
7.525083612040133018e-09 9.019618819819996691e-03
7.625418060200667772e-09 1.417517580062548424e-03
7.725752508361202526e-09 1.152411629035950125e-02
7.826086956521737280e-09 1.115673534293994823e-02
7.926421404682273689e-09 6.988484933779640952e-03
8.026755852842808442e-09 5.904903234666486304e-03
8.127090301003343196e-09 5.464995879455871244e-03
8.227424749163877950e-09 1.786082427649827650e-02
8.327759197324414359e-09 3.329991613517462121e-03
8.428093645484949113e-09 4.206156429573419328e-04
8.528428093645483867e-09 5.059043917813435542e-03
8.628762541806018621e-09 1.179388935088785013e-03
8.729096989966553375e-09 1.688918916373809143e-02
8.829431438127089783e-09 7.091511300622155636e-03
8.929765886287624537e-09 6.130623048559392593e-03
9.030100334448159291e-09 1.203852066338880443e-02
9.130434782608694045e-09 6.264868079662912377e-03
9.230769230769228799e-09 9.961242984761312785e-03
9.331103678929765207e-09 1.052509963846352207e-03
9.431438127090299961e-09 6.918903470806963413e-03
9.531772575250834715e-09 4.276493689535042046e-03
9.632107023411369469e-09 6.317759200692760202e-03
9.732441471571904223e-09 -2.747338333616142951e-04
9.832775919732440632e-09 5.294243408947574281e-03
9.933110367892975386e-09 3.039400148148868001e-03
1.003344481605351014e-08 -2.633957496980040159e-05
1.013377926421404489e-08 7.175294288847325862e-03
1.023411371237458130e-08 7.545128166332683642e-03
1.033444816053511606e-08 5.557755989254852674e-03
1.043478260869565081e-08 8.218813182037792986e-03
1.053511705685618556e-08 9.066444878630182391e-03
1.063545150501672032e-08 1.068039087168448815e-02
1.073578595317725673e-08 1.101176826420695656e-02
1.083612040133779148e-08 7.298176044907629667e-03
1.093645484949832623e-08 9.644435031839728584e-03
1.103678929765886099e-08 1.034434629659808889e-02
1.113712374581939574e-08 1.037582295792184757e-02
1.123745819397993215e-08 7.133523875826777542e-03
1.133779264214046690e-08 7.503628546617990488e-03
1.143812709030100166e-08 8.397859633305769511e-03
1.153846153846153641e-08 7.507869784754714684e-03
1.163879598662207117e-08 1.133819763324219257e-02
1.173913043478260757e-08 4.324061008852728150e-03
1.183946488294314233e-08 7.451126493970296714e-03
1.193979933110367708e-08 6.461689853913421371e-03
1.204013377926421184e-08 8.995646252664517284e-03
1.214046822742474824e-08 5.424472833437337001e-03
1.224080267558528300e-08 6.568354670898396939e-03
1.234113712374581775e-08 5.769760882608008026e-03
1.244147157190635251e-08 9.132676287216402733e-03
1.254180602006688726e-08 6.607633432163541841e-03
1.264214046822742367e-08 7.007570588057104172e-03
1.274247491638795842e-08 1.759094514353656824e-02
1.284280936454849318e-08 1.161063536210104816e-02
1.294314381270902793e-08 9.038443020701471958e-03
1.304347826086956269e-08 5.477509154766258166e-03
1.314381270903009909e-08 8.249374444077644739e-03
1.324414715719063385e-08 6.162252950381769817e-03
1.334448160535116860e-08 3.686296111102262737e-03
1.344481605351170336e-08 4.204642979544103570e-03
1.354515050167223811e-08 8.515778521034373522e-03
1.364548494983277452e-08 8.159846612624692408e-03
1.374581939799330927e-08 5.588906182906811480e-03
1.384615384615384403e-08 1.124959992465495405e-02
1.394648829431437878e-08 4.851396583812337023e-03
1.404682274247491519e-08 1.291820322413828048e-02
1.414715719063544994e-08 5.730567474272219367e-03
1.424749163879598470e-08 8.105492798084710029e-03
1.434782608695651945e-08 1.006984794756438095e-02
1.444816053511705420e-08 9.705875966808368699e-03
1.454849498327759061e-08 8.088984224706122217e-03
1.464882943143812537e-08 9.657602548676532533e-03
1.474916387959866012e-08 5.841587315443073219e-03
1.484949832775919487e-08 5.441501835595545511e-03
1.494983277591973128e-08 5.011163814306397388e-03
1.505016722408026604e-08 8.421100627788188561e-03
1.515050167224080079e-08 7.382775359318850122e-03
1.525083612040133554e-08 3.576156317527401114e-03
1.535117056856187030e-08 5.563599699984431331e-03
1.545150501672240505e-08 3.787594061152225675e-03
1.555183946488293981e-08 1.719825414503022096e-03
1.565217391304347456e-08 8.766576595370384820e-03
1.575250836120401262e-08 7.230420210942227650e-03
1.585284280936454738e-08 1.511298352699006267e-02
1.595317725752508213e-08 1.387703982448679207e-02
1.605351170568561688e-08 1.049979026101084678e-02
1.615384615384615164e-08 8.805845064553586080e-03
1.625418060200668639e-08 5.286626150574391496e-03
1.635451505016722115e-08 7.901816295725344261e-03
1.645484949832775590e-08 2.360415328801010112e-03
1.655518394648829065e-08 9.617909347501002806e-03
1.665551839464882872e-08 5.985859489074657133e-03
1.675585284280936347e-08 1.078354587079626004e-02
1.685618729096989823e-08 8.031470237705484391e-03
1.695652173913043298e-08 6.564116745995943018e-03
1.705685618729096773e-08 5.021907191508537260e-03
1.715719063545150249e-08 6.842905065618173910e-03
1.725752508361203724e-08 3.018319486910156502e-03
1.735785953177257200e-08 7.814441311498795603e-03
1.745819397993310675e-08 6.087983405822565593e-03
1.755852842809364150e-08 1.042174044736395196e-02
1.765886287625417957e-08 5.001919600800293700e-03
1.775919732441471432e-08 9.951349070139526090e-03
1.785953177257524907e-08 5.016635816172647019e-03
1.795986622073578383e-08 -2.024022671541593488e-03
1.806020066889631858e-08 1.107102641083539118e-02
1.816053511705685334e-08 8.000617114257932774e-03
1.826086956521738809e-08 -1.297668364539043134e-03
1.836120401337792284e-08 1.316292756060508280e-02
1.846153846153845760e-08 1.219387959742014235e-02
1.856187290969899566e-08 1.120167300921844425e-02
1.866220735785953041e-08 8.388710407353667034e-03
1.876254180602006517e-08 8.295113403098077279e-03
1.886287625418059992e-08 1.099857431471182659e-02
1.896321070234113468e-08 3.713473238659743565e-03
1.906354515050166943e-08 8.711711329846874227e-03
1.916387959866220418e-08 7.806176525179057100e-03
1.926421404682273894e-08 3.860253047459517341e-03
1.936454849498327369e-08 7.846778250197443058e-03
1.946488294314380845e-08 1.554511565460717486e-03
1.956521739130434651e-08 5.987329193468364161e-03
1.966555183946488126e-08 1.042221343006355556e-02
1.976588628762541602e-08 9.281508925386058526e-03
1.986622073578595077e-08 9.922328447446121177e-03
1.996655518394648553e-08 1.301182971314102099e-02
2.006688963210702028e-08 1.090181342066874788e-02
2.016722408026755503e-08 6.780568845796807430e-03
2.026755852842808979e-08 1.120305969623878496e-02
2.036789297658862454e-08 -2.520502864421868380e-04
2.046822742474916260e-08 8.891835296965284671e-03
2.056856187290969736e-08 1.086724434280249806e-02
2.066889632107023211e-08 4.511856176611699076e-03
2.076923076923076687e-08 7.293467561751694299e-03
2.086956521739130162e-08 1.125586195271589471e-02
2.096989966555183637e-08 9.035585502049454584e-03
2.107023411371237113e-08 7.675445594785850270e-03
2.117056856187290588e-08 6.076222006410857135e-03
2.127090301003344064e-08 1.117081143151719622e-02
2.137123745819397539e-08 1.352945010871352098e-02
2.147157190635451345e-08 6.270728399755345732e-03
2.157190635451504821e-08 1.565070112623506010e-02
2.167224080267558296e-08 1.364251413369750761e-02
2.177257525083611771e-08 1.144380776951061697e-02
2.187290969899665247e-08 1.215303035849439779e-02
2.197324414715718722e-08 4.710600883732284951e-03
2.207357859531772198e-08 6.530303627201814246e-03
2.217391304347825673e-08 6.006633203345946789e-03
2.227424749163879148e-08 9.418083418994145639e-03
2.237458193979932955e-08 7.316430023346259456e-03
2.247491638795986430e-08 1.191440304817653270e-02
2.257525083612039905e-08 5.518857551675126864e-03
2.267558528428093381e-08 1.490096950208506799e-02
2.277591973244146856e-08 9.901882580169522538e-03
2.287625418060200332e-08 2.529468517627479936e-04
2.297658862876253807e-08 8.207704318896820103e-03
2.307692307692307282e-08 1.092178608369069083e-02
2.317725752508360758e-08 6.814945390102512129e-03
2.327759197324414233e-08 7.512120039848324028e-03
2.337792642140468040e-08 4.499800051554495028e-03
2.347826086956521515e-08 4.264481016040717887e-03
2.357859531772574990e-08 1.197628511119388194e-02
2.367892976588628466e-08 8.154811448172424176e-03
2.377926421404681941e-08 8.281490797890082856e-03
2.387959866220735417e-08 6.044908705592509646e-03
2.397993311036788892e-08 1.170818094746150714e-02
2.408026755852842367e-08 9.068859127243400139e-03
2.418060200668895843e-08 1.033607518563573607e-02
2.428093645484949649e-08 1.015505445313362627e-02
2.438127090301003124e-08 4.287956245152961185e-03
2.448160535117056600e-08 9.563142123907256154e-03
2.458193979933110075e-08 1.152181992110130199e-02
2.468227424749163551e-08 1.111789735745472713e-02
2.478260869565217026e-08 4.264754120813740029e-03
2.488294314381270501e-08 7.552903706015985826e-03
2.498327759197323977e-08 9.969163170648782935e-03
2.508361204013377452e-08 8.579474280043896187e-03
2.518394648829430928e-08 5.560204995454173967e-03
2.528428093645484734e-08 9.620589532621516907e-03
2.538461538461538209e-08 4.458193516434025803e-03
2.548494983277591685e-08 1.030991147602143033e-02
2.558528428093645160e-08 -1.606379391626046923e-03
2.568561872909698635e-08 5.310782145632945810e-03
2.578595317725752111e-08 9.045519925299835146e-03
2.588628762541805586e-08 1.134875505116774395e-02
2.598662207357859062e-08 1.091144355055094755e-03
2.608695652173912537e-08 1.077753495730448229e-02
2.618729096989966343e-08 1.193287013237477427e-02
2.628762541806019819e-08 9.870058086111297910e-03
2.638795986622073294e-08 4.854476480988885803e-03
2.648829431438126769e-08 7.906110309309898054e-03
2.658862876254180245e-08 8.971352148654925321e-03
2.668896321070233720e-08 4.752574571232676473e-03
2.678929765886287196e-08 7.976359065903616472e-03
2.688963210702340671e-08 1.096784077571963346e-03
2.698996655518394146e-08 5.431518559012832315e-03
2.709030100334447622e-08 8.492061133749216964e-03
2.719063545150501428e-08 1.925903779900627879e-03
2.729096989966554904e-08 1.392753153802623114e-02
2.739130434782608379e-08 -2.981083634747696068e-03
2.749163879598661854e-08 1.681040426548078724e-03
2.759197324414715330e-08 1.365810283011048912e-02
2.769230769230768805e-08 2.767763601816781646e-03
2.779264214046822281e-08 1.881495277534866572e-03
2.789297658862875756e-08 3.525710406731402940e-03
2.799331103678929231e-08 7.630524727462003470e-03
2.809364548494983038e-08 4.986029408901124227e-03
2.819397993311036513e-08 9.777708432685073073e-03
2.829431438127089988e-08 2.312173196503841677e-03
2.839464882943143464e-08 1.814427997738679186e-03
2.849498327759196939e-08 7.204330711432630797e-03
2.859531772575250415e-08 4.606579037706037480e-03
2.869565217391303890e-08 7.555516216523148337e-03
2.879598662207357365e-08 1.468449368273274346e-02
2.889632107023410841e-08 1.481273192399322307e-02
2.899665551839464316e-08 1.234606557970776772e-02
2.909698996655518122e-08 1.312047205131131565e-02
2.919732441471571598e-08 7.998355571213748572e-03
2.929765886287625073e-08 8.479544323593869032e-03
2.939799331103678549e-08 4.520689913538459767e-03
2.949832775919732024e-08 5.943722167110514036e-03
2.959866220735785499e-08 6.594715322771897009e-03
2.969899665551838975e-08 6.645442458290550143e-03
2.979933110367892450e-08 5.241981060005339831e-03
2.989966555183946256e-08 1.012907448751147743e-02
2.999999999999999732e-08 6.036565243631155861e-03
