0.000000000000000000e+00 9.999999999999995559e-01
1.003344481605351029e-10 4.390669430368286941e-01
2.006688963210702059e-10 2.172385182239346402e-01
3.010033444816052959e-10 5.671157265468700082e-02
4.013377926421404118e-10 -1.018013241362281454e-02
5.016722408026755277e-10 -1.350315728635313045e-02
6.020066889632105918e-10 -7.626440853269927760e-03
7.023411371237457594e-10 1.844374378279143092e-02
8.026755852842808236e-10 2.038815314434437934e-02
9.030100334448158877e-10 2.559888695201365319e-02
1.003344481605351055e-09 1.983477365523113670e-02
1.103678929765886223e-09 2.808327660011128435e-02
1.204013377926421184e-09 3.129440948990046267e-02
1.304347826086956351e-09 2.997010190256709644e-02
1.404682274247491519e-09 1.917609998459249634e-02
1.505016722408026480e-09 6.343281374653645006e-03
1.605351170568561647e-09 -6.242267504366167015e-03
1.705685618729096815e-09 -1.022696571425126336e-02
1.806020066889631775e-09 6.449794715600257883e-03
1.906354515050166943e-09 8.023471401146320056e-03
2.006688963210702111e-09 6.344604006458230000e-03
2.107023411371237278e-09 3.955720979093809743e-03
2.207357859531772446e-09 1.240892374447074599e-02
2.307692307692307200e-09 1.230914145767949934e-02
2.408026755852842367e-09 1.310793972701009696e-02
2.508361204013377535e-09 1.137178748154979782e-02
2.608695652173912702e-09 2.088887207703207707e-03
2.709030100334447870e-09 6.916622180339732605e-04
2.809364548494983038e-09 1.599358011802505530e-04
2.909698996655517792e-09 1.766015094721971055e-03
3.010033444816052959e-09 2.901057258188372446e-04
3.110367892976588127e-09 5.308761934311014355e-03
3.210702341137123294e-09 7.522525233167350403e-03
3.311036789297658462e-09 1.059652820719225730e-02
3.411371237458193629e-09 1.140671751118613186e-02
3.511705685618728797e-09 1.399446530437448849e-02
3.612040133779263551e-09 1.506381323575553197e-02
3.712374581939798719e-09 1.200201644310314002e-02
3.812709030100333886e-09 8.254142282720530049e-03
3.913043478260868640e-09 1.489170335016182494e-03
4.013377926421404221e-09 -4.176592068252374043e-05
4.113712374581938975e-09 -7.687957967048012669e-04
4.214046822742474556e-09 9.102260702705989789e-03
4.314381270903009310e-09 6.846800498712139402e-03
4.414715719063544892e-09 7.142398136941506201e-03
4.515050167224079646e-09 1.193940549452735846e-02
4.615384615384614399e-09 1.404151977952965320e-02
4.715719063545149981e-09 4.765311571945972727e-03
4.816053511705684735e-09 4.665822887158096142e-03
4.916387959866220316e-09 4.363522383247197753e-03
5.016722408026755070e-09 6.223522763060651553e-03
5.117056856187290651e-09 3.284162091300923611e-03
5.217391304347825405e-09 4.143948020615416221e-03
5.317725752508360159e-09 1.531311477681144943e-02
5.418060200668895740e-09 3.700977673469742039e-03
5.518394648829430494e-09 3.225051673654287781e-03
5.618729096989966075e-09 4.002175076988393268e-03
5.719063545150500829e-09 8.848342150522121169e-03
5.819397993311035583e-09 2.973580097578919744e-03
5.919732441471571164e-09 1.136214649211700345e-02
6.020066889632105918e-09 9.259085930212287638e-03
6.120401337792641499e-09 6.568659890729901425e-03
6.220735785953176253e-09 5.879815354392876198e-03
6.321070234113711835e-09 7.575823275262741179e-03
6.421404682274246589e-09 4.329177164037565674e-03
6.521739130434781343e-09 3.752086047005381321e-03
6.622073578595316924e-09 9.360876456682616382e-04
6.722408026755851678e-09 2.027535280187642524e-04
6.822742474916387259e-09 6.317085066479464356e-03
6.923076923076922013e-09 1.068237252657429012e-02
7.023411371237457594e-09 1.202600650080463442e-02
7.123745819397992348e-09 5.390456497583058157e-03
7.224080267558527102e-09 8.777565786578454474e-03
7.324414715719062683e-09 4.125173991847285934e-03
7.424749163879597437e-09 5.979806338066727227e-03
7.525083612040133018e-09 2.868177510252058453e-03
7.625418060200667772e-09 6.504749900441289881e-03
7.725752508361202526e-09 1.764595164551263553e-03
7.826086956521737280e-09 6.484859456947736529e-03
7.926421404682273689e-09 1.003736558836412079e-02
8.026755852842808442e-09 1.104515515376959175e-02
8.127090301003343196e-09 1.636660935756068316e-02
8.227424749163877950e-09 5.528267804594481222e-03
8.327759197324414359e-09 6.726421961453942291e-03
8.428093645484949113e-09 1.135344501842227606e-02
8.528428093645483867e-09 4.895247295909854052e-03
8.628762541806018621e-09 7.234051377641591632e-03
8.729096989966553375e-09 9.772486035024128062e-03
8.829431438127089783e-09 8.424240323695094540e-03
8.929765886287624537e-09 7.332853448137576814e-03
9.030100334448159291e-09 1.005078535697596920e-02
9.130434782608694045e-09 6.118268171246117604e-03
9.230769230769228799e-09 5.761628403656045630e-03
9.331103678929765207e-09 1.072648556692450475e-02
9.431438127090299961e-09 8.481674438588524684e-03
9.531772575250834715e-09 3.355020182788999005e-03
9.632107023411369469e-09 1.815141243592276275e-03
9.732441471571904223e-09 -1.311374608772950803e-03
9.832775919732440632e-09 -2.432054761275532963e-03
9.933110367892975386e-09 4.686718380402539637e-03
1.003344481605351014e-08 7.871544608813769647e-03
1.013377926421404489e-08 8.792829624354049634e-03
1.023411371237458130e-08 7.907413187783379413e-03
1.033444816053511606e-08 6.887915887838989490e-03
1.043478260869565081e-08 1.226022782673030775e-02
1.053511705685618556e-08 1.006496227917320387e-02
1.063545150501672032e-08 6.843751482547451997e-03
1.073578595317725673e-08 1.272428719489545126e-02
1.083612040133779148e-08 6.659935484221095152e-03
1.093645484949832623e-08 5.664420971214038751e-03
1.103678929765886099e-08 8.628527357257541677e-03
1.113712374581939574e-08 9.209256658932107528e-03
1.123745819397993215e-08 6.477253901325856489e-03
1.133779264214046690e-08 8.678610526384130525e-03
1.143812709030100166e-08 9.379866638297089387e-03
1.153846153846153641e-08 2.905345514344567521e-03
1.163879598662207117e-08 5.967864569185632462e-03
1.173913043478260757e-08 6.987199214368642122e-03
1.183946488294314233e-08 5.260222248873774181e-03
1.193979933110367708e-08 3.972979243644306734e-03
1.204013377926421184e-08 7.326617112226223652e-03
1.214046822742474824e-08 1.355194076322232405e-02
1.224080267558528300e-08 1.250550559709346331e-02
1.234113712374581775e-08 8.257084297360781436e-03
1.244147157190635251e-08 1.180026015888667110e-02
1.254180602006688726e-08 1.652408782523201100e-02
1.264214046822742367e-08 1.618811578420562350e-02
1.274247491638795842e-08 1.132546011972240113e-02
1.284280936454849318e-08 8.540805931133561152e-03
1.294314381270902793e-08 7.071665082170372485e-03
1.304347826086956269e-08 1.089320006793571133e-02
1.314381270903009909e-08 9.219145723988275351e-03
1.324414715719063385e-08 7.871623547411565197e-03
1.334448160535116860e-08 -4.338783249658975704e-04
1.344481605351170336e-08 -3.362127645241289563e-03
1.354515050167223811e-08 -3.563375441870447920e-04
1.364548494983277452e-08 1.302845730852055916e-03
1.374581939799330927e-08 1.115521705428850277e-02
1.384615384615384403e-08 6.204620572736256959e-03
1.394648829431437878e-08 4.831284141738655460e-03
1.404682274247491519e-08 3.440237564291911878e-03
1.414715719063544994e-08 4.495359944053674631e-03
1.424749163879598470e-08 6.893605077193019036e-03
1.434782608695651945e-08 3.289883391920138660e-03
1.444816053511705420e-08 9.802521547297398177e-03
1.454849498327759061e-08 6.749955024546524726e-03
1.464882943143812537e-08 1.442630019901920344e-02
1.474916387959866012e-08 1.319735109496373605e-02
1.484949832775919487e-08 1.102190865603164954e-02
1.494983277591973128e-08 9.886305312332505091e-03
1.505016722408026604e-08 2.518309457009423619e-03
1.515050167224080079e-08 1.986998886945601402e-03
1.525083612040133554e-08 6.839538401722444413e-04
1.535117056856187030e-08 4.362771640130255757e-03
1.545150501672240505e-08 2.900850862570161521e-03
1.555183946488293981e-08 4.484145571132896330e-03
1.565217391304347456e-08 6.350168133443756698e-03
1.575250836120401262e-08 5.364164521272541883e-03
1.585284280936454738e-08 3.281573502801984378e-03
1.595317725752508213e-08 9.014622842350838300e-03
1.605351170568561688e-08 8.038388731365810405e-03
1.615384615384615164e-08 6.318366334279409448e-03
1.625418060200668639e-08 3.899105308431031949e-03
1.635451505016722115e-08 4.557927602800567086e-03
1.645484949832775590e-08 8.722602455272076422e-03
1.655518394648829065e-08 6.000265257882589701e-03
1.665551839464882872e-08 7.636407474422042020e-03
1.675585284280936347e-08 1.139678755142976840e-02
1.685618729096989823e-08 6.188971803235286152e-03
1.695652173913043298e-08 6.044950222816362906e-03
1.705685618729096773e-08 6.583063978729527220e-03
1.715719063545150249e-08 6.687307660708718612e-03
1.725752508361203724e-08 3.606835794334571285e-03
1.735785953177257200e-08 6.403737802796970018e-03
1.745819397993310675e-08 9.596076861226980614e-03
1.755852842809364150e-08 9.024166982434205300e-03
1.765886287625417957e-08 9.435360708254974041e-03
1.775919732441471432e-08 5.128682497037025979e-03
1.785953177257524907e-08 6.279189311765247423e-03
1.795986622073578383e-08 4.759407372663027394e-03
1.806020066889631858e-08 6.663931258833613938e-03
1.816053511705685334e-08 7.109000717216261075e-03
1.826086956521738809e-08 6.736150134709747474e-03
1.836120401337792284e-08 9.213135101125790802e-03
1.846153846153845760e-08 3.034745230052570894e-03
1.856187290969899566e-08 7.925945473244301598e-03
1.866220735785953041e-08 8.818846273069700509e-03
1.876254180602006517e-08 8.375463389906629211e-03
1.886287625418059992e-08 1.280928279872449969e-02
1.896321070234113468e-08 6.389072031973324142e-03
1.906354515050166943e-08 4.677786199984137507e-03
1.916387959866220418e-08 4.964032068687751834e-03
1.926421404682273894e-08 6.597849097307839118e-03
1.936454849498327369e-08 1.052301398208254669e-02
1.946488294314380845e-08 1.215555728029397292e-02
1.956521739130434651e-08 8.567919554266924254e-03
1.966555183946488126e-08 4.483023190679159137e-03
1.976588628762541602e-08 5.971500617942823892e-03
1.986622073578595077e-08 2.234046247582003458e-03
1.996655518394648553e-08 5.240174382596475555e-03
2.006688963210702028e-08 1.247776429824866071e-02
2.016722408026755503e-08 8.695587721080099558e-03
2.026755852842808979e-08 1.026128750830398659e-02
2.036789297658862454e-08 1.064446769947055386e-02
2.046822742474916260e-08 9.429801911162527181e-03
2.056856187290969736e-08 8.651016992112157272e-03
2.066889632107023211e-08 3.022436886702695950e-03
2.076923076923076687e-08 4.270137684970401817e-03
2.086956521739130162e-08 4.820247759555625587e-03
2.096989966555183637e-08 5.270918154670662867e-03
2.107023411371237113e-08 7.768603417534491150e-03
2.117056856187290588e-08 6.631679235637858751e-03
2.127090301003344064e-08 8.801954193631342585e-03
2.137123745819397539e-08 8.746224144122943106e-03
2.147157190635451345e-08 1.182963659369888967e-02
2.157190635451504821e-08 7.926683800429421001e-03
2.167224080267558296e-08 4.898732759992177090e-03
2.177257525083611771e-08 2.297351026910714536e-03
2.187290969899665247e-08 -1.301172526369110370e-03
2.197324414715718722e-08 3.935652602984005162e-03
2.207357859531772198e-08 6.057513776352595539e-03
2.217391304347825673e-08 8.617391238042428070e-03
2.227424749163879148e-08 1.128125967095576845e-02
2.237458193979932955e-08 1.355317641191991496e-02
2.247491638795986430e-08 1.089270881255477441e-02
2.257525083612039905e-08 1.062657295830799625e-02
2.267558528428093381e-08 6.704405776996339751e-03
2.277591973244146856e-08 4.906027770341920766e-03
2.287625418060200332e-08 6.765233539592680270e-03
2.297658862876253807e-08 5.476889290126957591e-03
2.307692307692307282e-08 6.749477322511219374e-03
2.317725752508360758e-08 8.154219848414944946e-03
2.327759197324414233e-08 1.004370511686911334e-02
2.337792642140468040e-08 6.288795708150662911e-03
2.347826086956521515e-08 4.081235559269659127e-03
2.357859531772574990e-08 5.295945196684595513e-03
2.367892976588628466e-08 3.932869356635788904e-03
2.377926421404681941e-08 3.783956679453642866e-03
2.387959866220735417e-08 7.325431256995602186e-03
2.397993311036788892e-08 8.773668625933034662e-03
2.408026755852842367e-08 4.950781355573138226e-03
2.418060200668895843e-08 4.227621263506097134e-03
2.428093645484949649e-08 4.694785740772156220e-03
2.438127090301003124e-08 5.066544493974420478e-03
2.448160535117056600e-08 8.363018802252085784e-03
2.458193979933110075e-08 1.261387320517621917e-02
2.468227424749163551e-08 1.210548443823477455e-02
2.478260869565217026e-08 1.318120188815029466e-02
2.488294314381270501e-08 1.028476193833743890e-02
2.498327759197323977e-08 5.271606781595907648e-03
2.508361204013377452e-08 4.047891724796939990e-03
2.518394648829430928e-08 5.606366701577534997e-04
2.528428093645484734e-08 1.697955043369303715e-03
2.538461538461538209e-08 1.022851654811393271e-02
2.548494983277591685e-08 1.461076786691989371e-02
2.558528428093645160e-08 9.160725595901982043e-03
2.568561872909698635e-08 1.197433984989544446e-02
2.578595317725752111e-08 1.103027632116210591e-02
2.588628762541805586e-08 1.076383077381769596e-02
2.598662207357859062e-08 8.199593187354513660e-03
2.608695652173912537e-08 1.144100408936520909e-02
2.618729096989966343e-08 3.573412450045489359e-03
2.628762541806019819e-08 7.538064696582871815e-03
2.638795986622073294e-08 5.452890964295843863e-04
2.648829431438126769e-08 6.901366970457142522e-03
2.658862876254180245e-08 2.332760122906828507e-03
2.668896321070233720e-08 8.144436271092646284e-03
2.678929765886287196e-08 8.565445117319537421e-03
2.688963210702340671e-08 1.009291581695348668e-02
2.698996655518394146e-08 6.388571826696928802e-03
2.709030100334447622e-08 6.244784937572688509e-03
2.719063545150501428e-08 1.050441790487597477e-02
2.729096989966554904e-08 1.434120836479338759e-02
2.739130434782608379e-08 1.067515160102819154e-02
2.749163879598661854e-08 9.184505454491460885e-03
2.759197324414715330e-08 6.865808455123256077e-03
2.769230769230768805e-08 9.700737998936653089e-03
2.779264214046822281e-08 1.104562416017139913e-02
2.789297658862875756e-08 5.939078066234389046e-03
2.799331103678929231e-08 7.214306207165086492e-03
2.809364548494983038e-08 6.630974482184467250e-03
2.819397993311036513e-08 9.487274238938799703e-03
2.829431438127089988e-08 1.211715918451955129e-02
2.839464882943143464e-08 1.019854391645513662e-02
2.849498327759196939e-08 1.325722531983575259e-02
2.859531772575250415e-08 1.689133961611399143e-02
2.869565217391303890e-08 4.594398292003355061e-03
2.879598662207357365e-08 4.015698284332881729e-03
2.889632107023410841e-08 1.178933047398885228e-02
2.899665551839464316e-08 1.092623517843689489e-02
2.909698996655518122e-08 9.225211982311062875e-03
2.919732441471571598e-08 5.351551319933237419e-03
2.929765886287625073e-08 9.210367568363585916e-03
2.939799331103678549e-08 7.675893472463092559e-03
2.949832775919732024e-08 1.293721893957861316e-02
2.959866220735785499e-08 8.650401197705215317e-03
2.969899665551838975e-08 5.889054420537741252e-03
2.979933110367892450e-08 6.491701267510892673e-03
2.989966555183946256e-08 5.283873676818222689e-03
2.999999999999999732e-08 3.702305089295791600e-03
