0.000000000000000000e+00 9.999999999999995559e-01
1.003344481605351029e-10 9.997323095206227528e-01
2.006688963210702059e-10 9.989301127356408072e-01
3.010033444816052959e-10 9.975960287824092720e-01
4.013377926421404118e-10 9.957344068515222579e-01
5.016722408026755277e-10 9.933513022525469749e-01
6.020066889632105918e-10 9.904544431514163971e-01
7.023411371237457594e-10 9.870531882222790543e-01
8.026755852842808236e-10 9.831584755223334859e-01
9.030100334448158877e-10 9.787827629612320113e-01
1.003344481605351055e-09 9.739399607964667194e-01
1.103678929765886223e-09 9.686453566422483785e-01
1.204013377926421184e-09 9.629155335312720165e-01
1.304347826086956351e-09 9.567682816160161252e-01
1.404682274247491519e-09 9.502225041384230186e-01
1.505016722408026480e-09 9.432981183336487385e-01
1.605351170568561647e-09 9.360159519647365256e-01
1.705685618729096815e-09 9.283976362103395497e-01
1.806020066889631775e-09 9.204654956467871463e-01
1.906354515050166943e-09 9.122424360787860786e-01
2.006688963210702111e-09 9.037518309797356597e-01
2.107023411371237278e-09 8.950174073030751076e-01
2.207357859531772446e-09 8.860631314202883635e-01
2.307692307692307200e-09 8.769130959292846805e-01
2.408026755852842367e-09 8.675914080590163557e-01
2.508361204013377535e-09 8.581220803726319346e-01
2.608695652173912702e-09 8.485289244424212285e-01
2.709030100334447870e-09 8.388354481356572467e-01
2.809364548494983038e-09 8.290647571115183911e-01
2.909698996655517792e-09 8.192394610859902171e-01
3.010033444816052959e-09 8.093815853744580346e-01
3.110367892976588127e-09 7.995124881710748976e-01
3.210702341137123294e-09 7.896527839704307050e-01
3.311036789297658462e-09 7.798222734810896783e-01
3.411371237458193629e-09 7.700398803227209710e-01
3.511705685618728797e-09 7.603235947394374472e-01
3.612040133779263551e-09 7.506904245020340483e-01
3.712374581939798719e-09 7.411563531117664194e-01
3.812709030100333886e-09 7.317363053585680399e-01
3.913043478260868640e-09 7.224441202277879226e-01
4.013377926421404221e-09 7.132925310921333084e-01
4.113712374581938975e-09 7.042931530700410336e-01
4.214046822742474556e-09 6.954564773786228171e-01
4.314381270903009310e-09 6.867918724591403068e-01
4.414715719063544892e-09 6.783075916059998489e-01
4.515050167224079646e-09 6.700107867869573575e-01
4.615384615384614399e-09 6.619075283028721390e-01
4.715719063545149981e-09 6.540028299002489387e-01
4.816053511705684735e-09 6.463006789192128343e-01
4.916387959866220316e-09 6.388040710336236883e-01
5.016722408026755070e-09 6.315150491189392978e-01
5.117056856187290651e-09 6.244347457672275725e-01
5.217391304347825405e-09 6.175634289574902791e-01
5.317725752508360159e-09 6.109005503831231865e-01
5.418060200668895740e-09 6.044447959368994816e-01
5.518394648829430494e-09 5.981941378571734580e-01
5.618729096989966075e-09 5.921458880469072650e-01
5.719063545150500829e-09 5.862967520894435403e-01
5.819397993311035583e-09 5.806428835014181278e-01
5.919732441471571164e-09 5.751799377835530303e-01
6.020066889632105918e-09 5.699031258539904998e-01
6.120401337792641499e-09 5.648072664759492545e-01
6.220735785953176253e-09 5.598868373214727079e-01
6.321070234113711835e-09 5.551360243454505072e-01
6.421404682274246589e-09 5.505487691785766469e-01
6.521739130434781343e-09 5.461188142839779047e-01
6.622073578595316924e-09 5.418397456595208661e-01
6.722408026755851678e-09 5.377050329058183920e-01
6.822742474916387259e-09 5.337080665182833972e-01
6.923076923076922013e-09 5.298421922998078903e-01
7.023411371237457594e-09 5.261007428283213105e-01
7.123745819397992348e-09 5.224770659502575576e-01
7.224080267558527102e-09 5.189645503064066467e-01
7.324414715719062683e-09 5.155566479304072303e-01
7.424749163879597437e-09 5.122468939919246900e-01
7.525083612040133018e-09 5.090289237860382565e-01
7.625418060200667772e-09 5.058964870972696426e-01
7.725752508361202526e-09 5.028434600907907281e-01
7.826086956521737280e-09 4.998638549044621127e-01
7.926421404682273689e-09 4.969518271332876713e-01
8.026755852842808442e-09 4.941016814125587242e-01
8.127090301003343196e-09 4.913078753172673840e-01
8.227424749163877950e-09 4.885650218033092962e-01
8.327759197324414359e-09 4.858678904205332438e-01
8.428093645484949113e-09 4.832114075289078436e-01
8.528428093645483867e-09 4.805906557470043805e-01
8.628762541806018621e-09 4.780008728568147514e-01
8.729096989966553375e-09 4.754374503807218266e-01
8.829431438127089783e-09 4.728959320354618190e-01
8.929765886287624537e-09 4.703720122543400550e-01
9.030100334448159291e-09 4.678615349530460543e-01
9.130434782608694045e-09 4.653604926964184374e-01
9.230769230769228799e-09 4.628650264037232898e-01
9.331103678929765207e-09 4.603714257087352379e-01
9.431438127090299961e-09 4.578761300684580648e-01
9.531772575250834715e-09 4.553757306910189984e-01
9.632107023411369469e-09 4.528669733294524713e-01
9.732441471571904223e-09 4.503467619640603714e-01
9.832775919732440632e-09 4.478121633721557360e-01
9.933110367892975386e-09 4.452604125605562624e-01
1.003344481605351014e-08 4.426889190135139263e-01
1.013377926421404489e-08 4.400952736871397430e-01
1.023411371237458130e-08 4.374772566610841129e-01
1.033444816053511606e-08 4.348328453395179372e-01
1.043478260869565081e-08 4.321602230765577701e-01
1.053511705685618556e-08 4.294577880864113850e-01
1.063545150501672032e-08 4.267241624858416627e-01
1.073578595317725673e-08 4.239582013062307420e-01
1.083612040133779148e-08 4.211590013046780934e-01
1.093645484949832623e-08 4.183259093982763521e-01
1.103678929765886099e-08 4.154585305430258946e-01
1.113712374581939574e-08 4.125567348788040656e-01
1.123745819397993215e-08 4.096206639643745206e-01
1.133779264214046690e-08 4.066507359315688630e-01
1.143812709030100166e-08 4.036476493954188616e-01
1.153846153846153641e-08 4.006123859670590037e-01
1.163879598662207117e-08 3.975462112285150784e-01
1.173913043478260757e-08 3.944506740428954661e-01
1.183946488294314233e-08 3.913276040898072683e-01
1.193979933110367708e-08 3.881791075338399399e-01
1.204013377926421184e-08 3.850075607534509947e-01
1.214046822742474824e-08 3.818156020783159965e-01
1.224080267558528300e-08 3.786061215049183470e-01
1.234113712374581775e-08 3.753822483825725032e-01
1.244147157190635251e-08 3.721473370849370244e-01
1.254180602006688726e-08 3.689049507050934373e-01
1.264214046822742367e-08 3.656588428351775222e-01
1.274247491638795842e-08 3.624129375140641152e-01
1.284280936454849318e-08 3.591713074484609303e-01
1.294314381270902793e-08 3.559381506337159218e-01
1.304347826086956269e-08 3.527177655204095652e-01
1.314381270903009909e-08 3.495145248911857294e-01
1.324414715719063385e-08 3.463328486290437880e-01
1.334448160535116860e-08 3.431771755732734852e-01
1.344481605351170336e-08 3.400519346721988523e-01
1.354515050167223811e-08 3.369615156527566713e-01
1.364548494983277452e-08 3.339102394355331627e-01
1.374581939799330927e-08 3.309023285301511130e-01
1.384615384615384403e-08 3.279418776497304289e-01
1.394648829431437878e-08 3.250328247845322149e-01
1.404682274247491519e-08 3.221789229738061255e-01
1.414715719063544994e-08 3.193837130113060807e-01
1.424749163879598470e-08 3.166504973139772083e-01
1.434782608695651945e-08 3.139823151750051888e-01
1.444816053511705420e-08 3.113819196118477461e-01
1.454849498327759061e-08 3.088517560071729617e-01
1.464882943143812537e-08 3.063939427259349535e-01
1.474916387959866012e-08 3.040102538752982864e-01
1.484949832775919487e-08 3.017021043559542925e-01
1.494983277591973128e-08 2.994705373337591126e-01
1.505016722408026604e-08 2.973162142397703378e-01
1.515050167224080079e-08 2.952394073849011202e-01
1.525083612040133554e-08 2.932399952527682263e-01
1.535117056856187030e-08 2.913174605111410465e-01
1.545150501672240505e-08 2.894708907589221281e-01
1.555183946488293981e-08 2.876989820020774413e-01
1.565217391304347456e-08 2.860000448286046382e-01
1.575250836120401262e-08 2.843720132297296588e-01
1.585284280936454738e-08 2.828124559922894354e-01
1.595317725752508213e-08 2.813185905658960317e-01
1.605351170568561688e-08 2.798872992882102118e-01
1.615384615384615164e-08 2.785151478326675645e-01
1.625418060200668639e-08 2.771984057254655021e-01
1.635451505016722115e-08 2.759330687627129519e-01
1.645484949832775590e-08 2.747148831444918282e-01
1.655518394648829065e-08 2.735393711303001907e-01
1.665551839464882872e-08 2.724018580100481257e-01
1.675585284280936347e-08 2.712975001765187688e-01
1.685618729096989823e-08 2.702213140790553081e-01
1.695652173913043298e-08 2.691682058342018680e-01
1.705685618729096773e-08 2.681330012671302998e-01
1.715719063545150249e-08 2.671104761578988462e-01
1.725752508361203724e-08 2.660953864688760939e-01
1.735785953177257200e-08 2.650824983339572505e-01
1.745819397993310675e-08 2.640666175964258011e-01
1.755852842809364150e-08 2.630426186903584984e-01
1.765886287625417957e-08 2.620054726702253922e-01
1.775919732441471432e-08 2.609502742046593271e-01
1.785953177257524907e-08 2.598722673631104763e-01
1.795986622073578383e-08 2.587668700381043352e-01
1.806020066889631858e-08 2.576296968609064764e-01
1.816053511705685334e-08 2.564565804843892960e-01
1.826086956521738809e-08 2.552435911236157762e-01
1.836120401337792284e-08 2.539870542618914984e-01
1.846153846153845760e-08 2.526835664476314025e-01
1.856187290969899566e-08 2.513300091251204349e-01
1.866220735785953041e-08 2.499235604599532312e-01
1.876254180602006517e-08 2.484617051374242713e-01
1.886287625418059992e-08 2.469422421292405134e-01
1.896321070234113468e-08 2.453632904404662862e-01
1.906354515050166943e-08 2.437232928644505192e-01
1.916387959866220418e-08 2.420210177884616065e-01
1.926421404682273894e-08 2.402555591067635499e-01
1.936454849498327369e-08 2.384263343107722033e-01
1.946488294314380845e-08 2.365330808376495675e-01
1.956521739130434651e-08 2.345758507691383943e-01
1.966555183946488126e-08 2.325550039815502401e-01
1.976588628762541602e-08 2.304711998555389330e-01
1.986622073578595077e-08 2.283253876606110011e-01
1.996655518394648553e-08 2.261187957342045973e-01
2.006688963210702028e-08 2.238529195786416737e-01
2.016722408026755503e-08 2.215295090013253143e-01
2.026755852842808979e-08 2.191505544242687009e-01
2.036789297658862454e-08 2.167182724884423317e-01
2.046822742474916260e-08 2.142350910765973837e-01
2.056856187290969736e-08 2.117036338752207592e-01
2.066889632107023211e-08 2.091267045922184653e-01
2.076923076923076687e-08 2.065072709418891428e-01
2.086956521739130162e-08 2.038484485028563276e-01
2.096989966555183637e-08 2.011534845479963363e-01
2.107023411371237113e-08 1.984257419381396659e-01
2.117056856187290588e-08 1.956686831635706392e-01
2.127090301003344064e-08 1.928858546092265258e-01
2.137123745819397539e-08 1.900808711111277305e-01
2.147157190635451345e-08 1.872574008630797371e-01
2.157190635451504821e-08 1.844191507242044226e-01
2.167224080267558296e-08 1.815698519694833313e-01
2.177257525083611771e-08 1.787132465173608686e-01
2.187290969899665247e-08 1.758530736606414846e-01
2.197324414715718722e-08 1.729930573195360144e-01
2.207357859531772198e-08 1.701368938288383426e-01
2.217391304347825673e-08 1.672882402649261968e-01
2.227424749163879148e-08 1.644507033126421103e-01
2.237458193979932955e-08 1.616278286671649078e-01
2.247491638795986430e-08 1.588230909617815156e-01
2.257525083612039905e-08 1.560398842090204574e-01
2.267558528428093381e-08 1.532815127399456134e-01
2.277591973244146856e-08 1.505511826245141127e-01
2.287625418060200332e-08 1.478519935547762398e-01
2.297658862876253807e-08 1.451869311723118505e-01
2.307692307692307282e-08 1.425588598216167291e-01
2.317725752508360758e-08 1.399705157121398924e-01
2.327759197324414233e-08 1.374245004732621844e-01
2.337792642140468040e-08 1.349232750886462384e-01
2.347826086956521515e-08 1.324691541989985732e-01
2.357859531772574990e-08 1.300643007652943495e-01
2.367892976588628466e-08 1.277107210878421217e-01
2.377926421404681941e-08 1.254102601801237726e-01
2.387959866220735417e-08 1.231645975000404819e-01
2.397993311036788892e-08 1.209752430449544114e-01
2.408026755852842367e-08 1.188435338206285524e-01
2.418060200668895843e-08 1.167706306977671638e-01
2.428093645484949649e-08 1.147575156732449780e-01
2.438127090301003124e-08 1.128049895562186211e-01
2.448160535117056600e-08 1.109136701020498744e-01
2.458193979933110075e-08 1.090839906192838937e-01
2.468227424749163551e-08 1.073161990767378393e-01
2.478260869565217026e-08 1.056103577390305054e-01
2.488294314381270501e-08 1.039663433595608699e-01
2.498327759197323977e-08 1.023838479600019252e-01
2.508361204013377452e-08 1.008623802247802237e-01
2.518394648829430928e-08 9.940126753775203883e-02
2.528428093645484734e-08 9.799965868635952815e-02
2.538461538461538209e-08 9.665652725595702544e-02
2.548494983277591685e-08 9.537067573376123431e-02
2.558528428093645160e-08 9.414074033802022345e-02
2.568561872909698635e-08 9.296519658355721638e-02
2.578595317725752111e-08 9.184236558986683119e-02
2.588628762541805586e-08 9.077042113248279254e-02
2.598662207357859062e-08 8.974739743245620238e-02
2.608695652173912537e-08 8.877119767255307881e-02
2.618729096989966343e-08 8.783960322227518658e-02
2.628762541806019819e-08 8.695028354710854224e-02
2.638795986622073294e-08 8.610080677059320231e-02
2.648829431438126769e-08 8.528865085097712961e-02
2.658862876254180245e-08 8.451121532744929055e-02
2.668896321070233720e-08 8.376583358433700721e-02
2.678929765886287196e-08 8.304978557528622241e-02
2.688963210702340671e-08 8.236031094340746928e-02
2.698996655518394146e-08 8.169462246775008318e-02
2.709030100334447622e-08 8.104991976133890663e-02
2.719063545150501428e-08 8.042340314145048075e-02
2.729096989966554904e-08 7.981228758888160579e-02
2.739130434782608379e-08 7.921381670973769162e-02
2.749163879598661854e-08 7.862527661079299346e-02
2.759197324414715330e-08 7.804400959779142499e-02
2.769230769230768805e-08 7.746742760520489157e-02
2.779264214046822281e-08 7.689302526596732135e-02
2.789297658862875756e-08 7.631839253057373651e-02
2.799331103678929231e-08 7.574122674668053168e-02
2.809364548494983038e-08 7.515934411295877027e-02
2.819397993311036513e-08 7.457069042442338036e-02
2.829431438127089988e-08 7.397335103075906859e-02
2.839464882943143464e-08 7.336555993425761257e-02
2.849498327759196939e-08 7.274570795982088223e-02
2.859531772575250415e-08 7.211234993602094745e-02
2.869565217391303890e-08 7.146421083337774205e-02
2.879598662207357365e-08 7.080019081374824830e-02
2.889632107023410841e-08 7.011936915294388062e-02
2.899665551839464316e-08 6.942100700732123375e-02
2.909698996655518122e-08 6.870454900404242282e-02
2.919732441471571598e-08 6.796962364388201006e-02
2.929765886287625073e-08 6.721604251477814040e-02
2.939799331103678549e-08 6.644379832369107231e-02
2.949832775919732024e-08 6.565306176364818502e-02
2.959866220735785499e-08 6.484417724202828914e-02
2.969899665551838975e-08 6.401765750507729114e-02
2.979933110367892450e-08 6.317417720226324584e-02
2.989966555183946256e-08 6.231456544228755612e-02
2.999999999999999732e-08 6.143979740028814723e-02
