0.000000000000000000e+00 9.999999999999995559e-01
1.003344481605351029e-10 9.744039246429022638e-01
2.006688963210702059e-10 9.053307720483444454e-01
3.010033444816052959e-10 8.121003339405409305e-01
4.013377926421404118e-10 7.166382183691676344e-01
5.016722408026755277e-10 6.348371526686169553e-01
6.020066889632105918e-10 5.727888802776527344e-01
7.023411371237457594e-10 5.284927253764847288e-01
8.026755852842808236e-10 4.961904773128297252e-01
9.030100334448158877e-10 4.699362760320373589e-01
1.003344481605351055e-09 4.450519527521433760e-01
1.103678929765886223e-09 4.183558281462517181e-01
1.204013377926421184e-09 3.885024926242458543e-01
1.304347826086956351e-09 3.565652450329083734e-01
1.404682274247491519e-09 3.258595985668271688e-01
1.505016722408026480e-09 3.003049085042933664e-01
1.605351170568561647e-09 2.820124397334399791e-01
1.705685618729096815e-09 2.697571769741239911e-01
1.806020066889631775e-09 2.594926215145171300e-01
1.906354515050166943e-09 2.465459614773825858e-01
2.006688963210702111e-09 2.279704103085702926e-01
2.107023411371237278e-09 2.036586130337533773e-01
2.207357859531772446e-09 1.759131358803660283e-01
2.307692307692307200e-09 1.481549672266128381e-01
2.408026755852842367e-09 1.236197979860297058e-01
2.508361204013377535e-09 1.044475001801636188e-01
2.608695652173912702e-09 9.118089538579302045e-02
2.709030100334447870e-09 8.268833358548396961e-02
2.809364548494983038e-09 7.664734858935537409e-02
2.909698996655517792e-09 7.057337629727235273e-02
3.010033444816052959e-09 6.296580185974309796e-02
3.110367892976588127e-09 5.390890774982754624e-02
3.210702341137123294e-09 4.474553035617705177e-02
3.311036789297658462e-09 3.706471006661143930e-02
3.411371237458193629e-09 3.168530692018629163e-02
3.511705685618728797e-09 2.822652087130159484e-02
3.612040133779263551e-09 2.538200239435552119e-02
3.712374581939798719e-09 2.159737954208269459e-02
3.812709030100333886e-09 1.576561395900202486e-02
3.913043478260868640e-09 7.703081624008142544e-03
4.013377926421404221e-09 -1.700068794901418018e-03
4.113712374581938975e-09 -1.072841847943038426e-02
4.214046822742474556e-09 -1.748883233780221952e-02
4.314381270903009310e-09 -2.074402403256822916e-02
4.414715719063544892e-09 -2.050493888389288283e-02
4.515050167224079646e-09 -1.799942316514707361e-02
4.615384615384614399e-09 -1.500315736699393311e-02
4.715719063545149981e-09 -1.294790488496272082e-02
4.816053511705684735e-09 -1.234916761933585461e-02
4.916387959866220316e-09 -1.281809854068218651e-02
5.016722408026755070e-09 -1.350144116211358242e-02
5.117056856187290651e-09 -1.358604304363290709e-02
5.217391304347825405e-09 -1.261963252404061514e-02
5.317725752508360159e-09 -1.063170995227615337e-02
5.418060200668895740e-09 -8.129516233593842012e-03
5.518394648829430494e-09 -5.963899351330874919e-03
5.618729096989966075e-09 -5.001241191734843300e-03
5.719063545150500829e-09 -5.654616758727269710e-03
5.819397993311035583e-09 -7.530357275355749162e-03
5.919732441471571164e-09 -9.489291503288165008e-03
6.020066889632105918e-09 -1.018432529852765847e-02
6.120401337792641499e-09 -8.781452418458426251e-03
6.220735785953176253e-09 -5.406402384300547370e-03
6.321070234113711835e-09 -1.037408398277260210e-03
6.421404682274246589e-09 3.058695714332913297e-03
6.521739130434781343e-09 5.974507925141335496e-03
6.622073578595316924e-09 7.531137394678550506e-03
6.722408026755851678e-09 8.234761846223149009e-03
6.822742474916387259e-09 8.929907094650402916e-03
6.923076923076922013e-09 1.036593874910832561e-02
7.023411371237457594e-09 1.286496809022396985e-02
7.123745819397992348e-09 1.619697206582795465e-02
7.224080267558527102e-09 1.968652492429452672e-02
7.324414715719062683e-09 2.249880492578045649e-02
7.424749163879597437e-09 2.398384349100240662e-02
7.525083612040133018e-09 2.393194995900632671e-02
7.625418060200667772e-09 2.263935427328154018e-02
7.725752508361202526e-09 2.077694916548543033e-02
7.826086956521737280e-09 1.913245658556593509e-02
7.926421404682273689e-09 1.831994819120585580e-02
8.026755852842808442e-09 1.854322422743343024e-02
8.127090301003343196e-09 1.949853910510315411e-02
8.227424749163877950e-09 2.049414414508147347e-02
8.327759197324414359e-09 2.079386978843207959e-02
8.428093645484949113e-09 2.004999646966379792e-02
8.528428093645483867e-09 1.857211615931851634e-02
8.628762541806018621e-09 1.721822382942384683e-02
8.729096989966553375e-09 1.692060074552282148e-02
8.829431438127089783e-09 1.812481854305661444e-02
8.929765886287624537e-09 2.050702261095005766e-02
9.030100334448159291e-09 2.315188506061129775e-02
9.130434782608694045e-09 2.505620343097744035e-02
9.230769230769228799e-09 2.562099428374854659e-02
9.331103678929765207e-09 2.485280546839410687e-02
9.431438127090299961e-09 2.323331081514627347e-02
9.531772575250834715e-09 2.142254175318037551e-02
9.632107023411369469e-09 1.999141225866255325e-02
9.732441471571904223e-09 1.926981600779801088e-02
9.832775919732440632e-09 1.929130045329300810e-02
9.933110367892975386e-09 1.980464070152360145e-02
1.003344481605351014e-08 2.036694444406872070e-02
1.013377926421404489e-08 2.053470217161664640e-02
1.023411371237458130e-08 2.009740572983082993e-02
1.033444816053511606e-08 1.922496873633862402e-02
1.043478260869565081e-08 1.841725565466927408e-02
1.053511705685618556e-08 1.826010783707943813e-02
1.063545150501672032e-08 1.911982589919688016e-02
1.073578595317725673e-08 2.094807065430098411e-02
1.083612040133779148e-08 2.329876274352573121e-02
1.093645484949832623e-08 2.553802284749786405e-02
1.103678929765886099e-08 2.713608768607814539e-02
1.113712374581939574e-08 2.790368523584330768e-02
1.123745819397993215e-08 2.806692359604661194e-02
1.133779264214046690e-08 2.814350808432946466e-02
1.143812709030100166e-08 2.867075905833822019e-02
1.153846153846153641e-08 2.991408868008786290e-02
1.163879598662207117e-08 3.170911080239937480e-02
1.173913043478260757e-08 3.353029458531775475e-02
1.183946488294314233e-08 3.475570536544154293e-02
1.193979933110367708e-08 3.498524809233960475e-02
1.204013377926421184e-08 3.424269114419883214e-02
1.214046822742474824e-08 3.296333719830035758e-02
1.224080267558528300e-08 3.178585975907358141e-02
1.234113712374581775e-08 3.125689225884879796e-02
1.244147157190635251e-08 3.158421292754792081e-02
1.254180602006688726e-08 3.254598747320185115e-02
1.264214046822742367e-08 3.360013853847095000e-02
1.274247491638795842e-08 3.415348441670604945e-02
1.284280936454849318e-08 3.386600052080698808e-02
1.294314381270902793e-08 3.282683344363038214e-02
1.304347826086956269e-08 3.149212318678323852e-02
1.314381270903009909e-08 3.041298405818606415e-02
1.324414715719063385e-08 2.992026510341748435e-02
1.334448160535116860e-08 2.996292856819484512e-02
1.344481605351170336e-08 3.018504357124108389e-02
1.354515050167223811e-08 3.015684632677071569e-02
1.364548494983277452e-08 2.958543712134639042e-02
1.374581939799330927e-08 2.838760210209732848e-02
1.384615384615384403e-08 2.664515928426736471e-02
1.394648829431437878e-08 2.454732610544453630e-02
1.404682274247491519e-08 2.238258330657700787e-02
1.414715719063544994e-08 2.053383775551013632e-02
1.424749163879598470e-08 1.938359952748812051e-02
1.434782608695651945e-08 1.911441491688324265e-02
1.444816053511705420e-08 1.952418206202032047e-02
1.454849498327759061e-08 2.002712386904548225e-02
1.464882943143812537e-08 1.990685293057835314e-02
1.474916387959866012e-08 1.869835095738605485e-02
1.484949832775919487e-08 1.645621161872167296e-02
1.494983277591973128e-08 1.372222213181475275e-02
1.505016722408026604e-08 1.120132070337047370e-02
1.515050167224080079e-08 9.347717655870073708e-03
1.525083612040133554e-08 8.117205760105817430e-03
1.535117056856187030e-08 7.028878196772943981e-03
1.545150501672240505e-08 5.485267654538474036e-03
1.555183946488293981e-08 3.151211371968298293e-03
1.565217391304347456e-08 1.710322924184325653e-04
1.575250836120401262e-08 -2.891117612127437186e-03
1.585284280936454738e-08 -5.342208011363777306e-03
1.595317725752508213e-08 -6.712871001541206861e-03
1.605351170568561688e-08 -6.979003247815163472e-03
1.615384615384615164e-08 -6.544735871675152507e-03
1.625418060200668639e-08 -6.017246347202171060e-03
1.635451505016722115e-08 -5.911961649341478456e-03
1.645484949832775590e-08 -6.444225025353690975e-03
1.655518394648829065e-08 -7.492028409732520017e-03
1.665551839464882872e-08 -8.712069245985361657e-03
1.675585284280936347e-08 -9.725001098005142675e-03
1.685618729096989823e-08 -1.028101356878674891e-02
1.695652173913043298e-08 -1.034998623714037530e-02
1.705685618729096773e-08 -1.011429576381848994e-02
1.715719063545150249e-08 -9.865977302586138170e-03
1.725752508361203724e-08 -9.838943646418062475e-03
1.735785953177257200e-08 -1.004770704191472290e-02
1.745819397993310675e-08 -1.022796626280909373e-02
1.755852842809364150e-08 -9.939896559202004295e-03
1.765886287625417957e-08 -8.799502847027846145e-03
1.775919732441471432e-08 -6.707296767436885486e-03
1.785953177257524907e-08 -3.928304180283104068e-03
1.795986622073578383e-08 -9.696365618143912984e-04
1.806020066889631858e-08 1.662065778548896472e-03
1.816053511705685334e-08 3.667159210457756821e-03
1.826086956521738809e-08 5.011629021226353224e-03
1.836120401337792284e-08 5.844024410572376191e-03
1.846153846153845760e-08 6.366175440074569626e-03
1.856187290969899566e-08 6.747898936547156237e-03
1.866220735785953041e-08 7.102843560469159108e-03
1.876254180602006517e-08 7.485248143319631238e-03
1.886287625418059992e-08 7.877891976974568666e-03
1.896321070234113468e-08 8.191505636097926035e-03
1.906354515050166943e-08 8.314295024785067420e-03
1.916387959866220418e-08 8.205371447271372215e-03
1.926421404682273894e-08 7.963288614007248481e-03
1.936454849498327369e-08 7.795533053043273222e-03
1.946488294314380845e-08 7.888176760441753185e-03
1.956521739130434651e-08 8.265451875085334105e-03
1.966555183946488126e-08 8.749816631134868863e-03
1.976588628762541602e-08 9.058953869092221597e-03
1.986622073578595077e-08 8.970818852922012726e-03
1.996655518394648553e-08 8.442976023811464559e-03
2.006688963210702028e-08 7.620347145508910881e-03
2.016722408026755503e-08 6.753192890876271934e-03
2.026755852842808979e-08 6.094577506423554461e-03
2.036789297658862454e-08 5.825414132424195854e-03
2.046822742474916260e-08 6.007988280184552339e-03
2.056856187290969736e-08 6.554084526028550531e-03
2.066889632107023211e-08 7.220625979363304477e-03
2.076923076923076687e-08 7.668403530032143894e-03
2.086956521739130162e-08 7.594070712622970690e-03
2.096989966555183637e-08 6.883571740870779443e-03
2.107023411371237113e-08 5.695187399814398595e-03
2.117056856187290588e-08 4.407971167122872944e-03
2.127090301003344064e-08 3.451847321670170610e-03
2.137123745819397539e-08 3.108287559639659643e-03
2.147157190635451345e-08 3.385017588696886959e-03
2.157190635451504821e-08 4.023959137116716114e-03
2.167224080267558296e-08 4.635163676199521160e-03
2.177257525083611771e-08 4.895463513543656456e-03
2.187290969899665247e-08 4.722363505184966163e-03
2.197324414715718722e-08 4.336151568240614179e-03
2.207357859531772198e-08 4.165246636591082852e-03
2.217391304347825673e-08 4.629376771814330480e-03
2.227424749163879148e-08 5.914892184930901908e-03
2.237458193979932955e-08 7.874544854034166985e-03
2.247491638795986430e-08 1.010908174880964343e-02
2.257525083612039905e-08 1.216541608845877857e-02
2.267558528428093381e-08 1.371391138822196896e-02
2.277591973244146856e-08 1.460803358997864350e-02
2.287625418060200332e-08 1.484331337596894902e-02
2.297658862876253807e-08 1.450814744699051653e-02
2.307692307692307282e-08 1.378442664072724450e-02
2.317725752508360758e-08 1.295636645209786823e-02
2.327759197324414233e-08 1.234062245954704179e-02
2.337792642140468040e-08 1.212524303633264258e-02
2.347826086956521515e-08 1.223046830582185003e-02
2.357859531772574990e-08 1.233923248568720085e-02
2.367892976588628466e-08 1.212468381054855951e-02
2.377926421404681941e-08 1.152091134891099038e-02
2.387959866220735417e-08 1.081552832488111987e-02
2.397993311036788892e-08 1.047025987090277784e-02
2.408026755852842367e-08 1.079660201873241555e-02
2.418060200668895843e-08 1.173247702399917228e-02
2.428093645484949649e-08 1.287836971448061939e-02
2.438127090301003124e-08 1.374217812646118253e-02
2.448160535117056600e-08 1.399820742532045109e-02
2.458193979933110075e-08 1.359767557334040991e-02
2.468227424749163551e-08 1.271607218376678318e-02
2.478260869565217026e-08 1.163537413288199575e-02
2.488294314381270501e-08 1.065046586616151363e-02
2.498327759197323977e-08 1.000915585607387373e-02
2.508361204013377452e-08 9.852590461428096733e-03
2.518394648829430928e-08 1.015780608367893370e-02
2.528428093645484734e-08 1.073341487925349828e-02
2.538461538461538209e-08 1.130334463318526453e-02
2.548494983277591685e-08 1.163685100355939597e-02
2.558528428093645160e-08 1.163153536085412623e-02
2.568561872909698635e-08 1.129536882105082983e-02
2.578595317725752111e-08 1.066859468243825000e-02
2.588628762541805586e-08 9.776328606115622030e-03
2.598662207357859062e-08 8.654236039442890840e-03
2.608695652173912537e-08 7.398224114395224316e-03
2.618729096989966343e-08 6.158320125798683216e-03
2.628762541806019819e-08 5.062460187286703037e-03
2.638795986622073294e-08 4.143927743435601649e-03
2.648829431438126769e-08 3.354621895424160071e-03
2.658862876254180245e-08 2.659572369497712613e-03
2.668896321070233720e-08 2.117239734456908412e-03
2.678929765886287196e-08 1.855235534316915583e-03
2.688963210702340671e-08 1.952152820885339271e-03
2.698996655518394146e-08 2.331638513250950014e-03
2.709030100334447622e-08 2.768552210198615970e-03
2.719063545150501428e-08 3.007446931078145563e-03
2.729096989966554904e-08 2.900097372188589762e-03
2.739130434782608379e-08 2.465636108849368104e-03
2.749163879598661854e-08 1.851688782952551088e-03
2.759197324414715330e-08 1.245184084186029983e-03
2.769230769230768805e-08 7.895067453430435096e-04
2.779264214046822281e-08 5.308536266748317863e-04
2.789297658862875756e-08 3.978668045540481417e-04
2.799331103678929231e-08 2.302410121187749032e-04
2.809364548494983038e-08 -1.280408487756359848e-04
2.819397993311036513e-08 -7.020834989418713729e-04
2.829431438127089988e-08 -1.317013562724255122e-03
2.839464882943143464e-08 -1.671244144387064702e-03
2.849498327759196939e-08 -1.535237690374453194e-03
2.859531772575250415e-08 -9.372371711471653944e-04
2.869565217391303890e-08 -1.771527706934149845e-04
2.879598662207357365e-08 3.660482019560826108e-04
2.889632107023410841e-08 4.950184081075625648e-04
2.899665551839464316e-08 3.181503082175783127e-04
2.909698996655518122e-08 1.411527338788668220e-04
2.919732441471571598e-08 2.223202708541407915e-04
2.929765886287625073e-08 5.938497298105893749e-04
2.939799331103678549e-08 1.080883382186281468e-03
2.949832775919732024e-08 1.473100191041245947e-03
2.959866220735785499e-08 1.682418533719424753e-03
2.969899665551838975e-08 1.756208113636993249e-03
2.979933110367892450e-08 1.761896606191362723e-03
2.989966555183946256e-08 1.674803542433231677e-03
2.999999999999999732e-08 1.385258139610991059e-03
