0.000000000000000000e+00 9.999999999999995559e-01
1.003344481605351029e-10 9.997490517248294184e-01
2.006688963210702059e-10 9.989969755847003530e-01
3.010033444816052959e-10 9.977460736627765669e-01
4.013377926421404118e-10 9.960001695483197137e-01
5.016722408026755277e-10 9.937645886078783075e-01
6.020066889632105918e-10 9.910461305545584798e-01
7.023411371237457594e-10 9.878530345031230064e-01
8.026755852842808236e-10 9.841949367496789502e-01
9.030100334448158877e-10 9.800828215637604757e-01
1.003344481605351055e-09 9.755289653273460093e-01
1.103678929765886223e-09 9.705468743993450609e-01
1.204013377926421184e-09 9.651512171250367089e-01
1.304347826086956351e-09 9.593577504474802842e-01
1.404682274247491519e-09 9.531832416118054541e-01
1.505016722408026480e-09 9.466453854832002079e-01
1.605351170568561647e-09 9.397627180252023926e-01
1.705685618729096815e-09 9.325545265063053257e-01
1.806020066889631775e-09 9.250407570198153628e-01
1.906354515050166943e-09 9.172419199142144430e-01
2.006688963210702111e-09 9.091789937389328502e-01
2.107023411371237278e-09 9.008733283133725234e-01
2.207357859531772446e-09 8.923465475253025136e-01
2.307692307692307200e-09 8.836204524583828324e-01
2.408026755852842367e-09 8.747169254376815362e-01
2.508361204013377535e-09 8.656578355667796654e-01
2.608695652173912702e-09 8.564649463105470373e-01
2.709030100334447870e-09 8.471598256541573724e-01
2.809364548494983038e-09 8.377637593416342732e-01
2.909698996655517792e-09 8.282976676664259852e-01
3.010033444816052959e-09 8.187820262525316029e-01
3.110367892976588127e-09 8.092367912278477515e-01
3.210702341137123294e-09 7.996813291520309397e-01
3.311036789297658462e-09 7.901343520196394410e-01
3.411371237458193629e-09 7.806138576160179809e-01
3.511705685618728797e-09 7.711370754586940324e-01
3.612040133779263551e-09 7.617204185113993775e-01
3.712374581939798719e-09 7.523794408115785926e-01
3.812709030100333886e-09 7.431288011058440057e-01
3.913043478260868640e-09 7.339822325416377469e-01
4.013377926421404221e-09 7.249525184178182702e-01
4.113712374581938975e-09 7.160514739523134997e-01
4.214046822742474556e-09 7.072899339818113917e-01
4.314381270903009310e-09 6.986777464669909898e-01
4.414715719063544892e-09 6.902237716373758047e-01
4.515050167224079646e-09 6.819358865728479824e-01
4.615384615384614399e-09 6.738209949844214952e-01
4.715719063545149981e-09 6.658850419253418140e-01
4.816053511705684735e-09 6.581330331351309404e-01
4.916387959866220316e-09 6.505690586940504616e-01
5.016722408026755070e-09 6.431963206437416591e-01
5.117056856187290651e-09 6.360171642116517754e-01
5.217391304347825405e-09 6.290331122623462612e-01
5.317725752508360159e-09 6.222449025879818185e-01
5.418060200668895740e-09 6.156525276430997451e-01
5.518394648829430494e-09 6.092552763254467374e-01
5.618729096989966075e-09 6.030517774047046142e-01
5.719063545150500829e-09 5.970400442047057998e-01
5.819397993311035583e-09 5.912175201518011791e-01
5.919732441471571164e-09 5.855811248123982127e-01
6.020066889632105918e-09 5.801273000560811521e-01
6.120401337792641499e-09 5.748520559969938493e-01
6.220735785953176253e-09 5.697510163850354470e-01
6.321070234113711835e-09 5.648194631396791232e-01
6.421404682274246589e-09 5.600523797425580597e-01
6.521739130434781343e-09 5.554444932301259019e-01
6.622073578595316924e-09 5.509903145543610936e-01
6.722408026755851678e-09 5.466841771073541745e-01
6.822742474916387259e-09 5.425202732343842316e-01
6.923076923076922013e-09 5.384926885894197879e-01
7.023411371237457594e-09 5.345954342165875062e-01
7.123745819397992348e-09 5.308224762706984512e-01
7.224080267558527102e-09 5.271677633191278467e-01
7.324414715719062683e-09 5.236252511958993106e-01
7.424749163879597437e-09 5.201889254064653301e-01
7.525083612040133018e-09 5.168528211081238055e-01
7.625418060200667772e-09 5.136110407160365821e-01
7.725752508361202526e-09 5.104577692081736506e-01
7.826086956521737280e-09 5.073872872240228205e-01
7.926421404682273689e-09 5.043939820713675415e-01
8.026755852842808442e-09 5.014723567727233933e-01
8.127090301003343196e-09 4.986170372979878973e-01
8.227424749163877950e-09 4.958227781424132674e-01
8.327759197324414359e-09 4.930844664190851545e-01
8.428093645484949113e-09 4.903971246426341857e-01
8.528428093645483867e-09 4.877559123859182000e-01
8.628762541806018621e-09 4.851561269939045351e-01
8.729096989966553375e-09 4.825932035389820518e-01
8.829431438127089783e-09 4.800627141995357228e-01
8.929765886287624537e-09 4.775603672388974430e-01
9.030100334448159291e-09 4.750820057548645892e-01
9.130434782608694045e-09 4.726236063610129157e-01
9.230769230769228799e-09 4.701812779501521877e-01
9.331103678929765207e-09 4.677512606776934589e-01
9.431438127090299961e-09 4.653299252885810811e-01
9.531772575250834715e-09 4.629137728960309728e-01
9.632107023411369469e-09 4.604994353037946131e-01
9.732441471571904223e-09 4.580836759462951768e-01
9.832775919732440632e-09 4.556633915029757453e-01
9.933110367892975386e-09 4.532356142247957465e-01
1.003344481605351014e-08 4.507975149922637259e-01
1.013377926421404489e-08 4.483464071059208300e-01
1.023411371237458130e-08 4.458797507920301828e-01
1.033444816053511606e-08 4.433951583886115433e-01
1.043478260869565081e-08 4.408904001600872924e-01
1.053511705685618556e-08 4.383634106728963586e-01
1.063545150501672032e-08 4.358122956496592870e-01
1.073578595317725673e-08 4.332353392060248609e-01
1.083612040133779148e-08 4.306310113623431635e-01
1.093645484949832623e-08 4.279979757119352635e-01
1.103678929765886099e-08 4.253350971190758556e-01
1.113712374581939574e-08 4.226414493129663219e-01
1.123745819397993215e-08 4.199163222390281391e-01
1.133779264214046690e-08 4.171592290258385183e-01
1.143812709030100166e-08 4.143699124249782817e-01
1.153846153846153641e-08 4.115483505819890198e-01
1.163879598662207117e-08 4.086947619994997782e-01
1.173913043478260757e-08 4.058096095583562657e-01
1.183946488294314233e-08 4.028936034692033874e-01
1.193979933110367708e-08 3.999477030353368878e-01
1.204013377926421184e-08 3.969731171176653639e-01
1.214046822742474824e-08 3.939713032041762264e-01
1.224080267558528300e-08 3.909439649992431653e-01
1.234113712374581775e-08 3.878930484622894470e-01
1.244147157190635251e-08 3.848207362405788312e-01
1.254180602006688726e-08 3.817294404570423794e-01
1.264214046822742367e-08 3.786217938309036080e-01
1.274247491638795842e-08 3.755006391262166177e-01
1.284280936454849318e-08 3.723690169411137396e-01
1.294314381270902793e-08 3.692301518683349659e-01
1.304347826086956269e-08 3.660874370753128826e-01
1.314381270903009909e-08 3.629444173694933440e-01
1.324414715719063385e-08 3.598047708314973114e-01
1.334448160535116860e-08 3.566722891149855523e-01
1.344481605351170336e-08 3.535508565274944059e-01
1.354515050167223811e-08 3.504444280208931506e-01
1.364548494983277452e-08 3.473570062333259378e-01
1.374581939799330927e-08 3.442926177363825890e-01
1.384615384615384403e-08 3.412552886516875272e-01
1.394648829431437878e-08 3.382490198099625256e-01
1.404682274247491519e-08 3.352777616328426746e-01
1.414715719063544994e-08 3.323453889232086400e-01
1.424749163879598470e-08 3.294556757534876645e-01
1.434782608695651945e-08 3.266122706432439404e-01
1.444816053511705420e-08 3.238186722173933552e-01
1.454849498327759061e-08 3.210782055345463570e-01
1.464882943143812537e-08 3.183939992713306633e-01
1.474916387959866012e-08 3.157689639431002782e-01
1.484949832775919487e-08 3.132057713342727423e-01
1.494983277591973128e-08 3.107068353027170882e-01
1.505016722408026604e-08 3.082742941122361136e-01
1.515050167224080079e-08 3.059099944353633749e-01
1.525083612040133554e-08 3.036154771555415466e-01
1.535117056856187030e-08 3.013919650834032127e-01
1.545150501672240505e-08 2.992403526864886865e-01
1.555183946488293981e-08 2.971611979154579197e-01
1.565217391304347456e-08 2.951547161928513852e-01
1.575250836120401262e-08 2.932207766129034110e-01
1.585284280936454738e-08 2.913589003829731294e-01
1.595317725752508213e-08 2.895682615190227072e-01
1.605351170568561688e-08 2.878476897894063358e-01
1.615384615384615164e-08 2.861956758832193137e-01
1.625418060200668639e-08 2.846103787617583758e-01
1.635451505016722115e-08 2.830896351344374118e-01
1.645484949832775590e-08 2.816309709839400766e-01
1.655518394648829065e-08 2.802316150496284575e-01
1.665551839464882872e-08 2.788885141634021014e-01
1.675585284280936347e-08 2.775983503184499823e-01
1.685618729096989823e-08 2.763575593387704865e-01
1.695652173913043298e-08 2.751623510060655642e-01
1.705685618729096773e-08 2.740087304907192212e-01
1.715719063545150249e-08 2.728925209251402140e-01
1.725752508361203724e-08 2.718093869508288463e-01
1.735785953177257200e-08 2.707548590651659981e-01
1.745819397993310675e-08 2.697243585901497598e-01
1.755852842809364150e-08 2.687132230831201229e-01
1.765886287625417957e-08 2.677167320089222646e-01
1.775919732441471432e-08 2.667301324939321816e-01
1.785953177257524907e-08 2.657486649848691540e-01
1.795986622073578383e-08 2.647675886393006106e-01
1.806020066889631858e-08 2.637822062801347123e-01
1.816053511705685334e-08 2.627878887531154284e-01
1.826086956521738809e-08 2.617800985342982889e-01
1.836120401337792284e-08 2.607544124435834942e-01
1.846153846153845760e-08 2.597065433305113524e-01
1.856187290969899566e-08 2.586323606095596306e-01
1.866220735785953041e-08 2.575279095339977897e-01
1.876254180602006517e-08 2.563894291098237632e-01
1.886287625418059992e-08 2.552133685642859473e-01
1.896321070234113468e-08 2.539964022968602686e-01
1.906354515050166943e-08 2.527354432541469853e-01
1.916387959866220418e-08 2.514276546838604132e-01
1.926421404682273894e-08 2.500704602367552765e-01
1.936454849498327369e-08 2.486615523988450205e-01
1.946488294314380845e-08 2.471988992494847381e-01
1.956521739130434651e-08 2.456807495537104702e-01
1.966555183946488126e-08 2.441056362095118115e-01
1.976588628762541602e-08 2.424723780823858366e-01
1.986622073578595077e-08 2.407800802704669896e-01
1.996655518394648553e-08 2.390281328536721650e-01
2.006688963210702028e-08 2.372162081895676233e-01
2.016722408026755503e-08 2.353442568269966673e-01
2.026755852842808979e-08 2.334125021158466040e-01
2.036789297658862454e-08 2.314214335976512160e-01
2.046822742474916260e-08 2.293717992669923600e-01
2.056856187290969736e-08 2.272645967978639270e-01
2.066889632107023211e-08 2.251010638323011070e-01
2.076923076923076687e-08 2.228826674306607913e-01
2.086956521739130162e-08 2.206110927839910751e-01
2.096989966555183637e-08 2.182882312889839749e-01
2.107023411371237113e-08 2.159161680850993359e-01
2.117056856187290588e-08 2.134971691516521775e-01
2.127090301003344064e-08 2.110336680600034542e-01
2.137123745819397539e-08 2.085282524725824982e-01
2.147157190635451345e-08 2.059836504763542797e-01
2.157190635451504821e-08 2.034027168336129121e-01
2.167224080267558296e-08 2.007884192277245017e-01
2.177257525083611771e-08 1.981438245757398131e-01
2.187290969899665247e-08 1.954720854737382330e-01
2.197324414715718722e-08 1.927764268344575871e-01
2.207357859531772198e-08 1.900601327702721166e-01
2.217391304347825673e-08 1.873265337680269094e-01
2.227424749163879148e-08 1.845789941956785807e-01
2.237458193979932955e-08 1.818209001742342457e-01
2.247491638795986430e-08 1.790556478421957143e-01
2.257525083612039905e-08 1.762866320336710368e-01
2.267558528428093381e-08 1.735172353856000715e-01
2.277591973244146856e-08 1.707508178841887214e-01
2.287625418060200332e-08 1.679907068557361105e-01
2.297658862876253807e-08 1.652401874026045436e-01
2.307692307692307282e-08 1.625024932811609257e-01
2.317725752508360758e-08 1.597807982151489559e-01
2.327759197324414233e-08 1.570782076351426304e-01
2.337792642140468040e-08 1.543977508325057590e-01
2.347826086956521515e-08 1.517423735146352093e-01
2.357859531772574990e-08 1.491149307471953955e-01
2.367892976588628466e-08 1.465181802685425194e-01
2.377926421404681941e-08 1.439547761615700694e-01
2.387959866220735417e-08 1.414272628687468225e-01
2.397993311036788892e-08 1.389380695371359997e-01
2.408026755852842367e-08 1.364895046816314017e-01
2.418060200668895843e-08 1.340837511564750006e-01
2.428093645484949649e-08 1.317228614272824838e-01
2.438127090301003124e-08 1.294087531382337730e-01
2.448160535117056600e-08 1.271432049717287627e-01
2.458193979933110075e-08 1.249278528006063371e-01
2.468227424749163551e-08 1.227641861358972353e-01
2.478260869565217026e-08 1.206535448759857992e-01
2.488294314381270501e-08 1.185971163659084726e-01
2.498327759197323977e-08 1.165959327782684768e-01
2.508361204013377452e-08 1.146508688298272932e-01
2.518394648829430928e-08 1.127626398501938576e-01
2.528428093645484734e-08 1.109318002211126253e-01
2.538461538461538209e-08 1.091587422066043478e-01
2.548494983277591685e-08 1.074436951955964337e-01
2.558528428093645160e-08 1.057867253796528212e-01
2.568561872909698635e-08 1.041877358889428395e-01
2.578595317725752111e-08 1.026464674096538854e-01
2.588628762541805586e-08 1.011624993056301075e-01
2.598662207357859062e-08 9.973525126610198466e-02
2.608695652173912537e-08 9.836398549995171992e-02
2.618729096989966343e-08 9.704780949504389354e-02
2.628762541806019819e-08 9.578567935874919559e-02
2.638795986622073294e-08 9.457640375291573309e-02
2.648829431438126769e-08 9.341864843323215151e-02
2.658862876254180245e-08 9.231094139919719666e-02
2.668896321070233720e-08 9.125167865681230173e-02
2.678929765886287196e-08 9.023913059168152395e-02
2.688963210702340671e-08 8.927144894549045306e-02
2.698996655518394146e-08 8.834667438389302851e-02
2.709030100334447622e-08 8.746274463871958615e-02
2.719063545150501428e-08 8.661750320219256671e-02
2.729096989966554904e-08 8.580870854555958105e-02
2.739130434782608379e-08 8.503404382928769767e-02
2.749163879598661854e-08 8.429112706678087985e-02
2.759197324414715330e-08 8.357752169853793767e-02
2.769230769230768805e-08 8.289074752883482389e-02
2.779264214046822281e-08 8.222829197244875543e-02
2.789297658862875756e-08 8.158762155470361543e-02
2.799331103678929231e-08 8.096619360426528245e-02
2.809364548494983038e-08 8.036146807469919662e-02
2.819397993311036513e-08 7.977091942787546686e-02
2.829431438127089988e-08 7.919204850990581301e-02
2.839464882943143464e-08 7.862239434846358954e-02
2.849498327759196939e-08 7.805954579910120983e-02
2.859531772575250415e-08 7.750115296756565630e-02
2.869565217391303890e-08 7.694493833513682546e-02
2.879598662207357365e-08 7.638870751469174769e-02
2.889632107023410841e-08 7.583035956652629805e-02
2.899665551839464316e-08 7.526789680494866408e-02
2.909698996655518122e-08 7.469943402928072573e-02
2.919732441471571598e-08 7.412320711614572843e-02
2.929765886287625073e-08 7.353758091376316752e-02
2.939799331103678549e-08 7.294105638337936015e-02
2.949832775919732024e-08 7.233227693789581747e-02
2.959866220735785499e-08 7.171003393318096941e-02
2.969899665551838975e-08 7.107327127340587469e-02
2.979933110367892450e-08 7.042108909798477923e-02
2.989966555183946256e-08 6.975274652426635691e-02
2.999999999999999732e-08 6.906766342694871386e-02
