0.000000000000000000e+00 9.999999999999995559e-01
1.003344481605351029e-10 5.647831171246242739e-03
2.006688963210702059e-10 3.934584126928192434e-03
3.010033444816052959e-10 1.137406592625923862e-02
4.013377926421404118e-10 1.250940744412633310e-02
5.016722408026755277e-10 2.390343498815823784e-03
6.020066889632105918e-10 8.925182471713108065e-03
7.023411371237457594e-10 1.059751961371934760e-02
8.026755852842808236e-10 7.209169359834028540e-03
9.030100334448158877e-10 7.662147529034694753e-03
1.003344481605351055e-09 8.114611994499386360e-03
1.103678929765886223e-09 4.846408086123872756e-03
1.204013377926421184e-09 1.254629163298729908e-02
1.304347826086956351e-09 1.072439011693556224e-02
1.404682274247491519e-09 6.755424362590436299e-03
1.505016722408026480e-09 6.588064974409320838e-03
1.605351170568561647e-09 4.114381890593906202e-03
1.705685618729096815e-09 5.739014659562979501e-03
1.806020066889631775e-09 1.282163510863375613e-02
1.906354515050166943e-09 7.322876379527387680e-03
2.006688963210702111e-09 1.632141936507919104e-03
2.107023411371237278e-09 1.083145955720367891e-02
2.207357859531772446e-09 6.720900071239449373e-03
2.307692307692307200e-09 2.568223509438966393e-03
2.408026755852842367e-09 3.281696868812557667e-03
2.508361204013377535e-09 1.162567155295016717e-02
2.608695652173912702e-09 7.344887758188844637e-03
2.709030100334447870e-09 9.229736250278475565e-03
2.809364548494983038e-09 3.084453249847321672e-03
2.909698996655517792e-09 9.078065624225530386e-03
3.010033444816052959e-09 4.826825947068518093e-03
3.110367892976588127e-09 1.937904556893979774e-03
3.210702341137123294e-09 9.780435969309355521e-03
3.311036789297658462e-09 4.454635551602975294e-03
3.411371237458193629e-09 1.219893164122715090e-02
3.511705685618728797e-09 9.060559799711893209e-03
3.612040133779263551e-09 1.112993427276997085e-02
3.712374581939798719e-09 6.142259306210059652e-03
3.812709030100333886e-09 7.180585009669684937e-03
3.913043478260868640e-09 1.290939683246211667e-02
4.013377926421404221e-09 5.723242055257746208e-03
4.113712374581938975e-09 1.914204673472762533e-02
4.214046822742474556e-09 9.313157334821717953e-03
4.314381270903009310e-09 1.210462070427652942e-02
4.414715719063544892e-09 -1.286544675230215362e-04
4.515050167224079646e-09 7.920629508272405278e-03
4.615384615384614399e-09 1.074110095469713033e-02
4.715719063545149981e-09 1.272385297595062838e-02
4.816053511705684735e-09 1.380629287122075305e-02
4.916387959866220316e-09 3.922623900512022671e-03
5.016722408026755070e-09 7.092762098426569697e-03
5.117056856187290651e-09 4.857204601264203739e-03
5.217391304347825405e-09 1.111640145790654052e-02
5.317725752508360159e-09 6.736303221414923631e-03
5.418060200668895740e-09 7.176767079343927824e-03
5.518394648829430494e-09 7.469937481519911895e-03
5.618729096989966075e-09 9.665108187000883908e-03
5.719063545150500829e-09 7.423806026038364848e-03
5.819397993311035583e-09 9.374418815098057439e-03
5.919732441471571164e-09 2.833439992756005103e-03
6.020066889632105918e-09 3.028956934021690035e-03
6.120401337792641499e-09 5.475549469415921626e-03
6.220735785953176253e-09 9.282911469742806745e-03
6.321070234113711835e-09 7.570929964083120307e-03
6.421404682274246589e-09 7.394677693421940201e-03
6.521739130434781343e-09 1.248506111571463968e-02
6.622073578595316924e-09 7.590023682470124246e-03
6.722408026755851678e-09 1.248936298415292794e-02
6.822742474916387259e-09 1.151414258006067982e-02
6.923076923076922013e-09 4.112852266361696763e-03
7.023411371237457594e-09 7.038863846636643842e-03
7.123745819397992348e-09 7.979293907094854241e-03
7.224080267558527102e-09 7.699962245109366263e-03
7.324414715719062683e-09 1.255834258750215988e-02
7.424749163879597437e-09 8.553137805833728458e-03
7.525083612040133018e-09 9.342559220158315469e-03
7.625418060200667772e-09 7.021056693006280311e-03
7.725752508361202526e-09 4.953486190894443482e-03
7.826086956521737280e-09 7.412863952360474774e-03
7.926421404682273689e-09 6.445697530252671864e-03
8.026755852842808442e-09 4.482474148773745240e-03
8.127090301003343196e-09 1.205170734999959706e-02
8.227424749163877950e-09 1.119962327983184749e-02
8.327759197324414359e-09 7.123726694784193215e-03
8.428093645484949113e-09 1.142170354631406523e-02
8.528428093645483867e-09 -1.412177104206708937e-03
8.628762541806018621e-09 9.675793070309717057e-04
8.729096989966553375e-09 9.390991480758292126e-03
8.829431438127089783e-09 5.956797608451669043e-03
8.929765886287624537e-09 5.002138401291347965e-03
9.030100334448159291e-09 7.160023723400177169e-03
9.130434782608694045e-09 6.827107824385338433e-03
9.230769230769228799e-09 5.447581444234649017e-03
9.331103678929765207e-09 1.036578889772062258e-02
9.431438127090299961e-09 2.332124373092681405e-03
9.531772575250834715e-09 6.461721120539689472e-03
9.632107023411369469e-09 1.120959104164332212e-02
9.732441471571904223e-09 8.483392363937010926e-04
9.832775919732440632e-09 7.167078748956157846e-03
9.933110367892975386e-09 2.869475113592331959e-03
1.003344481605351014e-08 6.195623644356208076e-03
1.013377926421404489e-08 -9.792080191284762217e-04
1.023411371237458130e-08 7.076533805911398682e-03
1.033444816053511606e-08 1.272363984754595022e-02
1.043478260869565081e-08 1.061376189050599293e-02
1.053511705685618556e-08 9.010678874597858809e-03
1.063545150501672032e-08 1.058577612037174369e-02
1.073578595317725673e-08 1.181078115174994357e-02
1.083612040133779148e-08 -5.013480622268178671e-03
1.093645484949832623e-08 9.705524395613618349e-03
1.103678929765886099e-08 1.149418802696578965e-02
1.113712374581939574e-08 1.448950744633264141e-02
1.123745819397993215e-08 8.122985234908295174e-03
1.133779264214046690e-08 6.868424992691180703e-03
1.143812709030100166e-08 9.513063913034884231e-03
1.153846153846153641e-08 4.070302491384505603e-03
1.163879598662207117e-08 1.084955607994964912e-02
1.173913043478260757e-08 5.791064342675489827e-03
1.183946488294314233e-08 1.197270357349839755e-02
1.193979933110367708e-08 4.359387280989284082e-03
1.204013377926421184e-08 6.422223959408300542e-03
1.214046822742474824e-08 1.301367458549059809e-02
1.224080267558528300e-08 8.909608806657205726e-03
1.234113712374581775e-08 1.155878547001267485e-02
1.244147157190635251e-08 1.013568963181258990e-02
1.254180602006688726e-08 7.905657399585330064e-03
1.264214046822742367e-08 8.741033405161878489e-03
1.274247491638795842e-08 1.119868295830243020e-02
1.284280936454849318e-08 7.743217187082152009e-03
1.294314381270902793e-08 5.625451534552577612e-03
1.304347826086956269e-08 5.901603834037988036e-03
1.314381270903009909e-08 1.023255748148954244e-02
1.324414715719063385e-08 5.661524991704271030e-03
1.334448160535116860e-08 1.472018206594069177e-03
1.344481605351170336e-08 6.831464870691405893e-03
1.354515050167223811e-08 7.588264140371533788e-03
1.364548494983277452e-08 6.253325563417959539e-03
1.374581939799330927e-08 3.907090648279328872e-03
1.384615384615384403e-08 5.955164067525522270e-03
1.394648829431437878e-08 3.097218877645886194e-03
1.404682274247491519e-08 2.257255046853986515e-03
1.414715719063544994e-08 9.701584713390895912e-03
1.424749163879598470e-08 6.582296063681096487e-03
1.434782608695651945e-08 1.033138023792654590e-02
1.444816053511705420e-08 6.410252640852765783e-03
1.454849498327759061e-08 3.687302181379596179e-03
1.464882943143812537e-08 8.066375828311111301e-03
1.474916387959866012e-08 1.149922731341065062e-02
1.484949832775919487e-08 1.354031928850983266e-02
1.494983277591973128e-08 6.003148246424025100e-03
1.505016722408026604e-08 8.187686177333834692e-03
1.515050167224080079e-08 7.511296188099978073e-03
1.525083612040133554e-08 5.236477326928620259e-03
1.535117056856187030e-08 6.358095713856839332e-03
1.545150501672240505e-08 8.515674745624602845e-03
1.555183946488293981e-08 1.175790213357840244e-02
1.565217391304347456e-08 5.282928757930164046e-03
1.575250836120401262e-08 9.812447984268415219e-03
1.585284280936454738e-08 1.261840048518879029e-02
1.595317725752508213e-08 2.666405954301902421e-03
1.605351170568561688e-08 1.090198329022388189e-02
1.615384615384615164e-08 8.940356080536070865e-03
1.625418060200668639e-08 1.228779903680131402e-02
1.635451505016722115e-08 5.317774420005389781e-03
1.645484949832775590e-08 1.842174623168303660e-03
1.655518394648829065e-08 8.939770669016428722e-03
1.665551839464882872e-08 1.219580696398204003e-02
1.675585284280936347e-08 4.056154610940686245e-03
1.685618729096989823e-08 1.456905809787619778e-02
1.695652173913043298e-08 8.764443851392430748e-03
1.705685618729096773e-08 8.404436935864940603e-03
1.715719063545150249e-08 8.020504818810787750e-03
1.725752508361203724e-08 9.148932535613450538e-04
1.735785953177257200e-08 1.044735504954244498e-02
1.745819397993310675e-08 9.471948016254573208e-03
1.755852842809364150e-08 8.727536987801225513e-03
1.765886287625417957e-08 5.877602622337620673e-03
1.775919732441471432e-08 7.441014714432227922e-03
1.785953177257524907e-08 1.484437922848722696e-03
1.795986622073578383e-08 6.118306702878033125e-03
1.806020066889631858e-08 4.262264146368396553e-03
1.816053511705685334e-08 1.327890797609356660e-02
1.826086956521738809e-08 9.268898884702371499e-03
1.836120401337792284e-08 2.521835608384276600e-03
1.846153846153845760e-08 8.749357189764699755e-03
1.856187290969899566e-08 4.454357250424371278e-03
1.866220735785953041e-08 6.804445688240041458e-03
1.876254180602006517e-08 8.749431530076328539e-03
1.886287625418059992e-08 3.859915530323329742e-03
1.896321070234113468e-08 7.487923061388718389e-03
1.906354515050166943e-08 6.008476622331443764e-03
1.916387959866220418e-08 1.809701314776867914e-03
1.926421404682273894e-08 9.030767818786488571e-03
1.936454849498327369e-08 5.990266960738940827e-03
1.946488294314380845e-08 7.470901346940756783e-03
1.956521739130434651e-08 8.435378780171774726e-03
1.966555183946488126e-08 1.199313968384496491e-02
1.976588628762541602e-08 1.090129311447008038e-02
1.986622073578595077e-08 3.716485377244876237e-03
1.996655518394648553e-08 1.466519343735610617e-03
2.006688963210702028e-08 1.169766497775116126e-02
2.016722408026755503e-08 8.537902524737954468e-03
2.026755852842808979e-08 7.252313580971272641e-03
2.036789297658862454e-08 6.556099571598561146e-03
2.046822742474916260e-08 8.409933061686773390e-03
2.056856187290969736e-08 6.654816069490499322e-03
2.066889632107023211e-08 5.002287440288118690e-03
2.076923076923076687e-08 2.485103341664703265e-03
2.086956521739130162e-08 5.123635284002317838e-03
2.096989966555183637e-08 5.956173831489471396e-03
2.107023411371237113e-08 2.741890592125713344e-03
2.117056856187290588e-08 7.519958914978895799e-03
2.127090301003344064e-08 4.034470897517148345e-03
2.137123745819397539e-08 3.360796712369789122e-03
2.147157190635451345e-08 1.280212472012805421e-02
2.157190635451504821e-08 1.477191519269774496e-02
2.167224080267558296e-08 3.754585805712846655e-03
2.177257525083611771e-08 8.088108866158204291e-03
2.187290969899665247e-08 6.830790728687662940e-03
2.197324414715718722e-08 5.328715396890240652e-03
2.207357859531772198e-08 7.987619559162585647e-03
2.217391304347825673e-08 6.429298537636138691e-03
2.227424749163879148e-08 5.317841221067475324e-03
2.237458193979932955e-08 8.722241610784069524e-03
2.247491638795986430e-08 1.082484976451636785e-02
2.257525083612039905e-08 9.489104296067122149e-03
2.267558528428093381e-08 8.742623809704511487e-03
2.277591973244146856e-08 9.082479632057015306e-03
2.287625418060200332e-08 9.630479219433440985e-03
2.297658862876253807e-08 2.443985455504252453e-03
2.307692307692307282e-08 1.024423070324789221e-02
2.317725752508360758e-08 8.155940459795278652e-03
2.327759197324414233e-08 1.116982368193134706e-02
2.337792642140468040e-08 1.464832719058546846e-02
2.347826086956521515e-08 8.941039523984549778e-03
2.357859531772574990e-08 8.399320082869653897e-03
2.367892976588628466e-08 6.373583320104955069e-03
2.377926421404681941e-08 4.605311358142042018e-03
2.387959866220735417e-08 1.126393854590959122e-02
2.397993311036788892e-08 1.188919610265357432e-02
2.408026755852842367e-08 3.129717283419040583e-03
2.418060200668895843e-08 1.434933678185323566e-02
2.428093645484949649e-08 4.984170048993279492e-03
2.438127090301003124e-08 8.793339040645017576e-03
2.448160535117056600e-08 6.160459480780587291e-03
2.458193979933110075e-08 1.136401056203467826e-02
2.468227424749163551e-08 -9.059563655672744475e-04
2.478260869565217026e-08 1.167599022499428082e-02
2.488294314381270501e-08 8.572442205427787190e-03
2.498327759197323977e-08 9.186177858322553888e-03
2.508361204013377452e-08 1.166355444126962806e-02
2.518394648829430928e-08 7.156202077241561633e-03
2.528428093645484734e-08 8.051902796793537070e-03
2.538461538461538209e-08 1.308401415430483078e-02
2.548494983277591685e-08 1.415319481714396622e-02
2.558528428093645160e-08 7.855765234793690363e-03
2.568561872909698635e-08 -7.775643096187643405e-05
2.578595317725752111e-08 7.681629631944045418e-03
2.588628762541805586e-08 5.991179895889584862e-03
2.598662207357859062e-08 1.016786598585957616e-02
2.608695652173912537e-08 1.291533814808259670e-02
2.618729096989966343e-08 6.566170612565971551e-03
2.628762541806019819e-08 1.138058932072070518e-02
2.638795986622073294e-08 9.471295175822376858e-03
2.648829431438126769e-08 4.192584855024575514e-03
2.658862876254180245e-08 7.275101146666558202e-03
2.668896321070233720e-08 5.932466672405467198e-03
2.678929765886287196e-08 1.007254689374158414e-02
2.688963210702340671e-08 9.930488998772211973e-03
2.698996655518394146e-08 4.440010903011521771e-03
2.709030100334447622e-08 5.577027693472990863e-03
2.719063545150501428e-08 1.395550255739098564e-02
2.729096989966554904e-08 1.015282182908925669e-02
2.739130434782608379e-08 5.351610113207116992e-03
2.749163879598661854e-08 8.410109176022114233e-03
2.759197324414715330e-08 9.515066778849024312e-03
2.769230769230768805e-08 8.841864060513272838e-03
2.779264214046822281e-08 9.117738614022942098e-03
2.789297658862875756e-08 1.441440130826775537e-02
2.799331103678929231e-08 4.617075983069738460e-03
2.809364548494983038e-08 7.955602978379897050e-03
2.819397993311036513e-08 4.856633762763086157e-03
2.829431438127089988e-08 3.327507883297703591e-03
2.839464882943143464e-08 1.118000063247017416e-02
2.849498327759196939e-08 4.668865388139241575e-03
2.859531772575250415e-08 5.309196980085363095e-04
2.869565217391303890e-08 1.132599284148293542e-02
2.879598662207357365e-08 8.774821903988018479e-03
2.889632107023410841e-08 7.579209114492113653e-03
2.899665551839464316e-08 5.776894390460137613e-03
2.909698996655518122e-08 2.839261119866599327e-03
2.919732441471571598e-08 1.021567972169071421e-02
2.929765886287625073e-08 8.817365292952957651e-03
2.939799331103678549e-08 4.063877487981748353e-03
2.949832775919732024e-08 7.899185511131558493e-03
2.959866220735785499e-08 1.087317667943360315e-02
2.969899665551838975e-08 7.440480058782625652e-03
2.979933110367892450e-08 8.454566102497111657e-03
2.989966555183946256e-08 9.376664141332232208e-03
2.999999999999999732e-08 1.407997514189942775e-02
