0.000000000000000000e+00 9.999999999999995559e-01
1.003344481605351029e-10 2.561590760643506909e-02
2.006688963210702059e-10 6.391350862541627167e-03
3.010033444816052959e-10 7.587201219466238600e-04
4.013377926421404118e-10 1.466667544462514280e-02
5.016722408026755277e-10 1.265090999198675674e-02
6.020066889632105918e-10 3.220361194479394104e-03
7.023411371237457594e-10 7.276230077342116936e-03
8.026755852842808236e-10 8.060225946200217859e-03
9.030100334448158877e-10 1.617444468386126585e-02
1.003344481605351055e-09 9.044208733091672198e-03
1.103678929765886223e-09 4.650029495147396143e-03
1.204013377926421184e-09 6.363069911689750446e-03
1.304347826086956351e-09 6.621986418989281482e-03
1.404682274247491519e-09 1.615221061718865106e-02
1.505016722408026480e-09 -7.098005746580077170e-04
1.605351170568561647e-09 9.496485693963184482e-03
1.705685618729096815e-09 5.231472446904274036e-03
1.806020066889631775e-09 6.205779401881160971e-03
1.906354515050166943e-09 5.998050733121656694e-03
2.006688963210702111e-09 4.590539586993548637e-03
2.107023411371237278e-09 5.999321745640219007e-03
2.207357859531772446e-09 2.222526758956464357e-03
2.307692307692307200e-09 5.036076993978192730e-03
2.408026755852842367e-09 4.749745459496489131e-03
2.508361204013377535e-09 1.082739711703646808e-02
2.608695652173912702e-09 6.166063120459443908e-03
2.709030100334447870e-09 5.921080710369597787e-03
2.809364548494983038e-09 1.216534498073558327e-03
2.909698996655517792e-09 5.508349866256439034e-03
3.010033444816052959e-09 5.527132519243998197e-03
3.110367892976588127e-09 7.226302182405063695e-03
3.210702341137123294e-09 1.331157546999943257e-02
3.311036789297658462e-09 5.796665344903402170e-03
3.411371237458193629e-09 4.682401018120213761e-03
3.511705685618728797e-09 1.213132696334080773e-02
3.612040133779263551e-09 9.436642057559473107e-03
3.712374581939798719e-09 1.102856463785151404e-02
3.812709030100333886e-09 7.357672254547068316e-03
3.913043478260868640e-09 2.029596698237584335e-03
4.013377926421404221e-09 9.031098166748205078e-03
4.113712374581938975e-09 1.222878550415252077e-02
4.214046822742474556e-09 4.251600252169141815e-03
4.314381270903009310e-09 7.605841824097573506e-03
4.414715719063544892e-09 8.056188008384999877e-03
4.515050167224079646e-09 1.180569665989558703e-02
4.615384615384614399e-09 5.514956736537973952e-04
4.715719063545149981e-09 4.241347875763969502e-03
4.816053511705684735e-09 1.342863326414714745e-02
4.916387959866220316e-09 4.344004607165854320e-03
5.016722408026755070e-09 1.288516722492529486e-02
5.117056856187290651e-09 9.027954765112741753e-03
5.217391304347825405e-09 1.045736369811059788e-02
5.317725752508360159e-09 1.270514589301211840e-02
5.418060200668895740e-09 6.832740979621746910e-03
5.518394648829430494e-09 1.019771859981919923e-02
5.618729096989966075e-09 1.199308465343094238e-02
5.719063545150500829e-09 8.728942788168717742e-03
5.819397993311035583e-09 5.810176759594209810e-03
5.919732441471571164e-09 1.264866851600926663e-02
6.020066889632105918e-09 8.535218631191106992e-03
6.120401337792641499e-09 4.728770478043424486e-03
6.220735785953176253e-09 6.631417835630574846e-03
6.321070234113711835e-09 1.556791951617711965e-02
6.421404682274246589e-09 1.688155614042847683e-02
6.521739130434781343e-09 9.660324600620944988e-03
6.622073578595316924e-09 8.252112630982074565e-03
6.722408026755851678e-09 2.336915912461349273e-03
6.822742474916387259e-09 5.965025926560997734e-03
6.923076923076922013e-09 1.192589873472584515e-02
7.023411371237457594e-09 5.254496226796782736e-03
7.123745819397992348e-09 5.371641032969678986e-03
7.224080267558527102e-09 8.947358069127286234e-03
7.324414715719062683e-09 1.144923187898692213e-02
7.424749163879597437e-09 1.084983164616344295e-02
7.525083612040133018e-09 3.772056936402516485e-03
7.625418060200667772e-09 8.123855309417407633e-03
7.725752508361202526e-09 7.937902118224022738e-03
7.826086956521737280e-09 3.012186201023479143e-03
7.926421404682273689e-09 5.428266007048652628e-03
8.026755852842808442e-09 9.906133034715736488e-03
8.127090301003343196e-09 2.424037792739455657e-03
8.227424749163877950e-09 1.052158955814833964e-02
8.327759197324414359e-09 1.076173435920815477e-02
8.428093645484949113e-09 7.130013137379971264e-03
8.528428093645483867e-09 2.513020074626613840e-03
8.628762541806018621e-09 9.464326666010224737e-03
8.729096989966553375e-09 1.022505662511227244e-02
8.829431438127089783e-09 9.380364222079140210e-03
8.929765886287624537e-09 9.315674031365584959e-03
9.030100334448159291e-09 8.517149146808292853e-03
9.130434782608694045e-09 5.185587285633515287e-03
9.230769230769228799e-09 5.747267305167758598e-03
9.331103678929765207e-09 5.130117996008525666e-03
9.431438127090299961e-09 4.975564426916448402e-03
9.531772575250834715e-09 3.388578664040483787e-03
9.632107023411369469e-09 6.678163731294772115e-03
9.732441471571904223e-09 7.275370529477893575e-03
9.832775919732440632e-09 1.264970150773297650e-02
9.933110367892975386e-09 -6.120689302299214211e-04
1.003344481605351014e-08 6.612845722783020075e-03
1.013377926421404489e-08 1.066043151731962957e-02
1.023411371237458130e-08 1.314749819665870026e-02
1.033444816053511606e-08 6.444109812502378694e-03
1.043478260869565081e-08 1.057853172028371674e-02
1.053511705685618556e-08 2.850970996973740523e-04
1.063545150501672032e-08 8.484107062877067548e-03
1.073578595317725673e-08 3.930503965289598375e-03
1.083612040133779148e-08 6.650206960330426811e-03
1.093645484949832623e-08 5.495521908265499876e-03
1.103678929765886099e-08 5.542240871271501487e-03
1.113712374581939574e-08 1.176025737213935544e-02
1.123745819397993215e-08 1.308650487244522251e-02
1.133779264214046690e-08 1.405152231385874313e-02
1.143812709030100166e-08 5.975542797608026854e-03
1.153846153846153641e-08 6.658060585930922204e-03
1.163879598662207117e-08 9.371519262929487240e-03
1.173913043478260757e-08 6.807166746848952385e-03
1.183946488294314233e-08 5.606167139224696450e-03
1.193979933110367708e-08 5.563058255874611495e-03
1.204013377926421184e-08 7.897625269931386402e-03
1.214046822742474824e-08 1.336074890200567196e-02
1.224080267558528300e-08 5.610688534150038397e-03
1.234113712374581775e-08 1.322862854908126752e-02
1.244147157190635251e-08 -3.304640815456753086e-04
1.254180602006688726e-08 4.791571739817227990e-03
1.264214046822742367e-08 3.630665615037279720e-03
1.274247491638795842e-08 3.835301847549347273e-03
1.284280936454849318e-08 9.376156962844996515e-03
1.294314381270902793e-08 8.348560410198588300e-03
1.304347826086956269e-08 4.465137586056679847e-03
1.314381270903009909e-08 1.125145389339072231e-02
1.324414715719063385e-08 1.271942218421309029e-02
1.334448160535116860e-08 6.284362248102974731e-03
1.344481605351170336e-08 8.497887918857086748e-03
1.354515050167223811e-08 1.091765596108658885e-02
1.364548494983277452e-08 7.838812773538803014e-03
1.374581939799330927e-08 1.805988027985739501e-03
1.384615384615384403e-08 7.005567235798672125e-03
1.394648829431437878e-08 -1.286242892994942473e-03
1.404682274247491519e-08 9.537076831483200234e-03
1.414715719063544994e-08 6.366802699176336150e-03
1.424749163879598470e-08 4.304058445911149514e-03
1.434782608695651945e-08 5.654236960399319084e-03
1.444816053511705420e-08 6.091411084646704277e-03
1.454849498327759061e-08 8.071402806509470410e-03
1.464882943143812537e-08 4.815760596150376119e-03
1.474916387959866012e-08 1.169344173456078606e-02
1.484949832775919487e-08 -1.713644511592411507e-03
1.494983277591973128e-08 7.464824973100490056e-03
1.505016722408026604e-08 3.414439329493568730e-03
1.515050167224080079e-08 1.296215797941686898e-02
1.525083612040133554e-08 3.729240493906183732e-03
1.535117056856187030e-08 9.323357553308951606e-03
1.545150501672240505e-08 9.407812875751125903e-03
1.555183946488293981e-08 7.588918723074555145e-03
1.565217391304347456e-08 6.606079667778355993e-03
1.575250836120401262e-08 8.473277481373012177e-03
1.585284280936454738e-08 3.201456951470919073e-03
1.595317725752508213e-08 8.769004055345613891e-03
1.605351170568561688e-08 8.051430732973157908e-03
1.615384615384615164e-08 7.655834841614127598e-03
1.625418060200668639e-08 6.325558215372673043e-03
1.635451505016722115e-08 8.655354721186650849e-03
1.645484949832775590e-08 7.933875816880538862e-03
1.655518394648829065e-08 1.024744251693234486e-02
1.665551839464882872e-08 8.216877890737068341e-03
1.675585284280936347e-08 7.045454155821622572e-03
1.685618729096989823e-08 4.373149455586532695e-03
1.695652173913043298e-08 8.416904027398922766e-03
1.705685618729096773e-08 1.376671064200918771e-03
1.715719063545150249e-08 8.679298995248435969e-03
1.725752508361203724e-08 5.105207975218236521e-03
1.735785953177257200e-08 7.531197634598659103e-03
1.745819397993310675e-08 3.734888379232895097e-03
1.755852842809364150e-08 9.612141636716482751e-03
1.765886287625417957e-08 9.199278775874670036e-03
1.775919732441471432e-08 9.291773384075377104e-03
1.785953177257524907e-08 5.593117564445910898e-03
1.795986622073578383e-08 6.019833676832944333e-03
1.806020066889631858e-08 5.855177678784339972e-03
1.816053511705685334e-08 -1.486463617878315937e-03
1.826086956521738809e-08 8.829381370588135561e-03
1.836120401337792284e-08 6.346131628176289279e-03
1.846153846153845760e-08 9.318218682207510609e-03
1.856187290969899566e-08 1.115161466488232347e-02
1.866220735785953041e-08 4.643003384994482188e-03
1.876254180602006517e-08 9.200352148212208314e-03
1.886287625418059992e-08 8.233885448154891484e-03
1.896321070234113468e-08 5.980425135915259233e-03
1.906354515050166943e-08 1.009944214952035284e-02
1.916387959866220418e-08 8.581295080215907770e-03
1.926421404682273894e-08 6.151479524570234968e-03
1.936454849498327369e-08 6.055265546584664461e-03
1.946488294314380845e-08 2.756031922977492978e-03
1.956521739130434651e-08 9.496215607951621895e-03
1.966555183946488126e-08 9.171154425738285709e-03
1.976588628762541602e-08 1.226648571908522251e-02
1.986622073578595077e-08 3.859697817364888053e-03
1.996655518394648553e-08 5.808985681391411193e-03
2.006688963210702028e-08 5.626932254874649451e-03
2.016722408026755503e-08 9.169555552563230655e-03
2.026755852842808979e-08 7.574038387348967956e-03
2.036789297658862454e-08 1.095250071727207723e-02
2.046822742474916260e-08 8.020983939856033904e-03
2.056856187290969736e-08 1.072422788673803480e-02
2.066889632107023211e-08 7.334126756111497905e-03
2.076923076923076687e-08 4.816143408882326594e-03
2.086956521739130162e-08 8.287618211510009228e-03
2.096989966555183637e-08 7.846359259379697424e-04
2.107023411371237113e-08 8.549642883820669087e-03
2.117056856187290588e-08 6.131425303906199928e-03
2.127090301003344064e-08 8.560817692571312879e-03
2.137123745819397539e-08 1.142435430709289566e-02
2.147157190635451345e-08 1.747296419927836172e-02
2.157190635451504821e-08 9.677441043052719544e-03
2.167224080267558296e-08 1.060162771264660034e-02
2.177257525083611771e-08 1.114858440491148933e-02
2.187290969899665247e-08 6.319573204444327991e-03
2.197324414715718722e-08 3.207920746961317841e-03
2.207357859531772198e-08 3.780241200118049892e-04
2.217391304347825673e-08 9.967438839384471991e-03
2.227424749163879148e-08 1.188439572767713455e-02
2.237458193979932955e-08 3.564061433004759531e-04
2.247491638795986430e-08 2.908388742384933074e-03
2.257525083612039905e-08 9.689872775953971631e-03
2.267558528428093381e-08 1.164090581296644764e-02
2.277591973244146856e-08 6.188071557020514632e-03
2.287625418060200332e-08 3.821918292163746424e-04
2.297658862876253807e-08 9.047336458096277498e-03
2.307692307692307282e-08 1.648657144846572657e-03
2.317725752508360758e-08 7.889977318054004415e-03
2.327759197324414233e-08 1.204322105644380254e-02
2.337792642140468040e-08 1.344971854827393780e-02
2.347826086956521515e-08 4.728781497463324483e-03
2.357859531772574990e-08 4.924285927020202389e-03
2.367892976588628466e-08 7.555638977830686151e-03
2.377926421404681941e-08 6.778044123819484609e-03
2.387959866220735417e-08 4.290660994049760868e-03
2.397993311036788892e-08 5.336399509318444541e-03
2.408026755852842367e-08 7.309290520646536705e-03
2.418060200668895843e-08 9.467129866517721634e-03
2.428093645484949649e-08 3.252377470174656025e-03
2.438127090301003124e-08 3.931238949426515798e-03
2.448160535117056600e-08 9.079159118511974380e-03
2.458193979933110075e-08 9.365633209286126568e-03
2.468227424749163551e-08 7.305982967475591755e-03
2.478260869565217026e-08 -5.885797308007716458e-03
2.488294314381270501e-08 -1.922305714072137595e-03
2.498327759197323977e-08 3.814276275522215844e-03
2.508361204013377452e-08 1.238987849054882379e-02
2.518394648829430928e-08 4.243341749207880063e-03
2.528428093645484734e-08 2.104341684170784720e-03
2.538461538461538209e-08 6.234517088822185901e-03
2.548494983277591685e-08 -5.727773696917983414e-04
2.558528428093645160e-08 7.568382175055838983e-03
2.568561872909698635e-08 9.583572316617130354e-03
2.578595317725752111e-08 4.059171890331331536e-03
2.588628762541805586e-08 4.772208754253211976e-03
2.598662207357859062e-08 2.995651351310206836e-03
2.608695652173912537e-08 4.598272803449093317e-03
2.618729096989966343e-08 3.524986740097407322e-03
2.628762541806019819e-08 9.805830554146664074e-03
2.638795986622073294e-08 8.812903718828053040e-03
2.648829431438126769e-08 5.752690232993456533e-03
2.658862876254180245e-08 6.211915406826045219e-03
2.668896321070233720e-08 5.786300291532001094e-03
2.678929765886287196e-08 3.508304481284722429e-03
2.688963210702340671e-08 1.247972583775908660e-03
2.698996655518394146e-08 1.738211318539366248e-03
2.709030100334447622e-08 8.098467308243699481e-03
2.719063545150501428e-08 7.905810880552636977e-03
2.729096989966554904e-08 4.829518721618052297e-03
2.739130434782608379e-08 1.021673973370932839e-02
2.749163879598661854e-08 2.787833505507451848e-03
2.759197324414715330e-08 1.075440326355411435e-03
2.769230769230768805e-08 8.164815138011349491e-03
2.779264214046822281e-08 9.826137084531783028e-03
2.789297658862875756e-08 1.345049352353703230e-02
2.799331103678929231e-08 1.025076137694543033e-02
2.809364548494983038e-08 1.091315925818713527e-02
2.819397993311036513e-08 1.170258085721986342e-02
2.829431438127089988e-08 1.012178294280674691e-02
2.839464882943143464e-08 1.406153122021330370e-03
2.849498327759196939e-08 1.004441674866709752e-02
2.859531772575250415e-08 6.427131565460897714e-03
2.869565217391303890e-08 1.386124105767965776e-02
2.879598662207357365e-08 2.985833342820052097e-03
2.889632107023410841e-08 1.143203777882031806e-02
2.899665551839464316e-08 5.426497334381527420e-03
2.909698996655518122e-08 1.057976628909655659e-03
2.919732441471571598e-08 2.240955082787475430e-03
2.929765886287625073e-08 7.768781729580038521e-03
2.939799331103678549e-08 1.405880915602257183e-02
2.949832775919732024e-08 5.515256610491386241e-03
2.959866220735785499e-08 1.055404327913050597e-02
2.969899665551838975e-08 1.376176941705130503e-02
2.979933110367892450e-08 7.656447060944353983e-03
2.989966555183946256e-08 6.102748392903856872e-03
2.999999999999999732e-08 8.000357079356409939e-03
