0.000000000000000000e+00 9.999999999999995559e-01
1.003344481605351029e-10 9.997794609831903712e-01
2.006688963210702059e-10 9.991184376361803565e-01
3.010033444816052959e-10 9.980187083722884545e-01
4.013377926421404118e-10 9.964832282401979713e-01
5.016722408026755277e-10 9.945161155205021197e-01
6.020066889632105918e-10 9.921226330740766652e-01
7.023411371237457594e-10 9.893091645545246671e-01
8.026755852842808236e-10 9.860831856276014440e-01
9.030100334448158877e-10 9.824532303702113722e-01
1.003344481605351055e-09 9.784288530499695158e-01
1.103678929765886223e-09 9.740205855133261537e-01
1.204013377926421184e-09 9.692398904356120948e-01
1.304347826086956351e-09 9.640991107099237123e-01
1.404682274247491519e-09 9.586114152733744564e-01
1.505016722408026480e-09 9.527907416887183567e-01
1.605351170568561647e-09 9.466517358166106622e-01
1.705685618729096815e-09 9.402096889286590820e-01
1.806020066889631775e-09 9.334804726238783434e-01
1.906354515050166943e-09 9.264804719210676387e-01
2.006688963210702111e-09 9.192265169070139574e-01
2.107023411371237278e-09 9.117358133251249885e-01
2.207357859531772446e-09 9.040258724912353383e-01
2.307692307692307200e-09 8.961144409228116725e-01
2.408026755852842367e-09 8.880194300646648831e-01
2.508361204013377535e-09 8.797588464886396675e-01
2.608695652173912702e-09 8.713507229365955453e-01
2.709030100334447870e-09 8.628130505654525439e-01
2.809364548494983038e-09 8.541637127402295082e-01
2.909698996655517792e-09 8.454204207059691223e-01
3.010033444816052959e-09 8.366006514523678383e-01
3.110367892976588127e-09 8.277215880659450908e-01
3.210702341137123294e-09 8.188000628438687478e-01
3.311036789297658462e-09 8.098525034212753493e-01
3.411371237458193629e-09 8.008948821402499529e-01
3.511705685618728797e-09 7.919426688637908329e-01
3.612040133779263551e-09 7.830107874122486100e-01
3.712374581939798719e-09 7.741135757731021361e-01
3.812709030100333886e-09 7.652647502077665198e-01
3.913043478260868640e-09 7.564773733515733900e-01
4.013377926421404221e-09 7.477638263753747516e-01
4.113712374581938975e-09 7.391357852496118763e-01
4.214046822742474556e-09 7.306042011243214507e-01
4.314381270903009310e-09 7.221792848116926899e-01
4.414715719063544892e-09 7.138704953315770929e-01
4.515050167224079646e-09 7.056865324550144480e-01
4.615384615384614399e-09 6.976353331565292581e-01
4.715719063545149981e-09 6.897240718628602218e-01
4.816053511705684735e-09 6.819591643640485756e-01
4.916387959866220316e-09 6.743462752325757315e-01
5.016722408026755070e-09 6.668903285776498491e-01
5.117056856187290651e-09 6.595955219448846885e-01
5.217391304347825405e-09 6.524653431566009854e-01
5.317725752508360159e-09 6.455025898749021662e-01
5.418060200668895740e-09 6.387093916585580011e-01
5.518394648829430494e-09 6.320872342756762574e-01
5.618729096989966075e-09 6.256369860271135952e-01
5.719063545150500829e-09 6.193589258306445577e-01
5.819397993311035583e-09 6.132527728130198197e-01
5.919732441471571164e-09 6.073177171562140764e-01
6.020066889632105918e-09 6.015524519453030461e-01
6.120401337792641499e-09 5.959552057685260085e-01
6.220735785953176253e-09 5.905237758250446722e-01
6.321070234113711835e-09 5.852555613026595438e-01
6.421404682274246589e-09 5.801475967961861047e-01
6.521739130434781343e-09 5.751965855471795619e-01
6.622073578595316924e-09 5.703989322971544373e-01
6.722408026755851678e-09 5.657507755592027232e-01
6.822742474916387259e-09 5.612480191268278684e-01
6.923076923076922013e-09 5.568863626537741141e-01
7.023411371237457594e-09 5.526613311544213980e-01
7.123745819397992348e-09 5.485683032908286183e-01
7.224080267558527102e-09 5.446025383295540756e-01
7.324414715719062683e-09 5.407592016687944314e-01
7.424749163879597437e-09 5.370333888540131939e-01
7.525083612040133018e-09 5.334201480178870636e-01
7.625418060200667772e-09 5.299145006979663064e-01
7.725752508361202526e-09 5.265114610027068487e-01
7.826086956521737280e-09 5.232060531133976289e-01
7.926421404682273689e-09 5.199933271257901612e-01
8.026755852842808442e-09 5.168683732508259077e-01
8.127090301003343196e-09 5.138263344086088091e-01
8.227424749163877950e-09 5.108624172635908289e-01
8.327759197324414359e-09 5.079719017616970422e-01
8.428093645484949113e-09 5.051501492417403982e-01
8.528428093645483867e-09 5.023926092038784041e-01
8.628762541806018621e-09 4.996948248269756920e-01
8.729096989966553375e-09 4.970524373345049929e-01
8.829431438127089783e-09 4.944611893150095971e-01
8.929765886287624537e-09 4.919169271081313410e-01
9.030100334448159291e-09 4.894156023707699754e-01
9.130434782608694045e-09 4.869532729400883886e-01
9.230769230769228799e-09 4.845261031108209493e-01
9.331103678929765207e-09 4.821303634437235641e-01
9.431438127090299961e-09 4.797624302200423352e-01
9.531772575250834715e-09 4.774187846536577795e-01
9.632107023411369469e-09 4.750960119681191807e-01
9.732441471571904223e-09 4.727908004402155417e-01
9.832775919732440632e-09 4.704999405051158434e-01
9.933110367892975386e-09 4.682203240105428654e-01
1.003344481605351014e-08 4.659489436990312816e-01
1.013377926421404489e-08 4.636828929881665062e-01
1.023411371237458130e-08 4.614193661089258103e-01
1.033444816053511606e-08 4.591556586519603966e-01
1.043478260869565081e-08 4.568891685609945408e-01
1.053511705685618556e-08 4.546173976015978613e-01
1.063545150501672032e-08 4.523379533225329041e-01
1.073578595317725673e-08 4.500485515158232364e-01
1.083612040133779148e-08 4.477470191707317304e-01
1.093645484949832623e-08 4.454312979061373912e-01
1.103678929765886099e-08 4.430994478554245442e-01
1.113712374581939574e-08 4.407496519681050606e-01
1.123745819397993215e-08 4.383802206830453851e-01
1.133779264214046690e-08 4.359895969194987342e-01
1.143812709030100166e-08 4.335763613242094028e-01
1.153846153846153641e-08 4.311392377057589043e-01
1.163879598662207117e-08 4.286770985811249601e-01
1.173913043478260757e-08 4.261889707541894334e-01
1.183946488294314233e-08 4.236740408417034032e-01
1.193979933110367708e-08 4.211316606590442269e-01
1.204013377926421184e-08 4.185613523760077781e-01
1.214046822742474824e-08 4.159628133518732396e-01
1.224080267558528300e-08 4.133359205590860785e-01
1.234113712374581775e-08 4.106807345060962677e-01
1.244147157190635251e-08 4.079975025721714887e-01
1.254180602006688726e-08 4.052866616703220126e-01
1.264214046822742367e-08 4.025488401588224185e-01
1.274247491638795842e-08 3.997848589271087993e-01
1.284280936454849318e-08 3.969957315880482951e-01
1.294314381270902793e-08 3.941826637156180535e-01
1.304347826086956269e-08 3.913470510748532361e-01
1.314381270903009909e-08 3.884904767994198371e-01
1.324414715719063385e-08 3.856147074812633635e-01
1.334448160535116860e-08 3.827216881463837983e-01
1.344481605351170336e-08 3.798135361007933253e-01
1.354515050167223811e-08 3.768925336410179905e-01
1.364548494983277452e-08 3.739611196340136834e-01
1.374581939799330927e-08 3.710218799819742230e-01
1.384615384615384403e-08 3.680775369980947564e-01
1.394648829431437878e-08 3.651309377298416758e-01
1.404682274247491519e-08 3.621850412765313942e-01
1.414715719063544994e-08 3.592429051579679733e-01
1.424749163879598470e-08 3.563076708004108140e-01
1.434782608695651945e-08 3.533825482151635167e-01
1.444816053511705420e-08 3.504707999534962259e-01
1.454849498327759061e-08 3.475757244293599668e-01
1.464882943143812537e-08 3.447006387083451640e-01
1.474916387959866012e-08 3.418488608675192553e-01
1.484949832775919487e-08 3.390236920360789608e-01
1.494983277591973128e-08 3.362283982311310426e-01
1.505016722408026604e-08 3.334661921063317158e-01
1.515050167224080079e-08 3.307402147335258280e-01
1.525083612040133554e-08 3.280535175389252545e-01
1.535117056856187030e-08 3.254090445157323819e-01
1.545150501672240505e-08 3.228096148344385408e-01
1.555183946488293981e-08 3.202579059703369313e-01
1.565217391304347456e-08 3.177564374650772017e-01
1.575250836120401262e-08 3.153075554353969578e-01
1.585284280936454738e-08 3.129134179375244740e-01
1.595317725752508213e-08 3.105759812901922601e-01
1.605351170568561688e-08 3.082969874528004306e-01
1.615384615384615164e-08 3.060779525480615826e-01
1.625418060200668639e-08 3.039201566105267927e-01
1.635451505016722115e-08 3.018246346337993269e-01
1.645484949832775590e-08 2.997921689800608358e-01
1.655518394648829065e-08 2.978232832058678170e-01
1.665551839464882872e-08 2.959182373480733208e-01
1.675585284280936347e-08 2.940770247033216434e-01
1.685618729096989823e-08 2.922993701239052777e-01
1.695652173913043298e-08 2.905847298419808045e-01
1.705685618729096773e-08 2.889322928232982979e-01
1.715719063545150249e-08 2.873409836407928020e-01
1.725752508361203724e-08 2.858094668477219047e-01
1.735785953177257200e-08 2.843361528195859078e-01
1.745819397993310675e-08 2.829192050239294765e-01
1.755852842809364150e-08 2.815565486673783924e-01
1.765886287625417957e-08 2.802458806599853469e-01
1.775919732441471432e-08 2.789846808282248625e-01
1.785953177257524907e-08 2.777702242998459914e-01
1.795986622073578383e-08 2.765995949763376816e-01
1.806020066889631858e-08 2.754697000020252529e-01
1.816053511705685334e-08 2.743772851328539764e-01
1.826086956521738809e-08 2.733189509027651454e-01
1.836120401337792284e-08 2.722911694812590877e-01
1.846153846153845760e-08 2.712903021123009850e-01
1.856187290969899566e-08 2.703126170221613056e-01
1.866220735785953041e-08 2.693543076821206528e-01
1.876254180602006517e-08 2.684115113111870676e-01
1.886287625418059992e-08 2.674803275040831263e-01
1.896321070234113468e-08 2.665568368707338376e-01
1.906354515050166943e-08 2.656371195753025050e-01
1.916387959866220418e-08 2.647172736654587744e-01
1.926421404682273894e-08 2.637934330859704191e-01
1.936454849498327369e-08 2.628617852748574846e-01
1.946488294314380845e-08 2.619185882451785519e-01
1.956521739130434651e-08 2.609601870609820073e-01
1.966555183946488126e-08 2.599830296219905468e-01
1.976588628762541602e-08 2.589836816781359019e-01
1.986622073578595077e-08 2.579588410020515199e-01
1.996655518394648553e-08 2.569053506549987542e-01
2.006688963210702028e-08 2.558202112893758762e-01
2.016722408026755503e-08 2.547005924388686116e-01
2.026755852842808979e-08 2.535438427553681207e-01
2.036789297658862454e-08 2.523474991599423123e-01
2.046822742474916260e-08 2.511092948833246741e-01
2.056856187290969736e-08 2.498271663795096076e-01
2.066889632107023211e-08 2.484992591040493803e-01
2.076923076923076687e-08 2.471239321564724367e-01
2.086956521739130162e-08 2.456997617938150302e-01
2.096989966555183637e-08 2.442255438295367065e-01
2.107023411371237113e-08 2.427002949389968356e-01
2.117056856187290588e-08 2.411232528991870128e-01
2.127090301003344064e-08 2.394938757964664988e-01
2.137123745819397539e-08 2.378118402416177224e-01
2.147157190635451345e-08 2.360770386365914075e-01
2.157190635451504821e-08 2.342895755418061554e-01
2.167224080267558296e-08 2.324497631967996081e-01
2.177257525083611771e-08 2.305581162503753390e-01
2.187290969899665247e-08 2.286153457591400540e-01
2.197324414715718722e-08 2.266223525154847096e-01
2.207357859531772198e-08 2.245802197676256273e-01
2.217391304347825673e-08 2.224902053952993730e-01
2.227424749163879148e-08 2.203537336051166473e-01
2.237458193979932955e-08 2.181723862094347988e-01
2.247491638795986430e-08 2.159478935519418552e-01
2.257525083612039905e-08 2.136821251419752377e-01
2.267558528428093381e-08 2.113770800579678200e-01
2.277591973244146856e-08 2.090348771783522575e-01
2.287625418060200332e-08 2.066577452958020533e-01
2.297658862876253807e-08 2.042480131678948985e-01
2.307692307692307282e-08 2.018080995541804146e-01
2.317725752508360758e-08 1.993405032862834714e-01
2.327759197324414233e-08 1.968477934141079633e-01
2.337792642140468040e-08 1.943325994674841850e-01
2.347826086956521515e-08 1.917976018687657658e-01
2.357859531772574990e-08 1.892455225279799091e-01
2.367892976588628466e-08 1.866791156482182912e-01
2.377926421404681941e-08 1.841011587650584758e-01
2.387959866220735417e-08 1.815144440399877601e-01
2.397993311036788892e-08 1.789217698240857246e-01
2.408026755852842367e-08 1.763259325046621362e-01
2.418060200668895843e-08 1.737297186441662256e-01
2.428093645484949649e-08 1.711358974175225811e-01
2.438127090301003124e-08 1.685472133511306536e-01
2.448160535117056600e-08 1.659663793641119323e-01
2.458193979933110075e-08 1.633960701100317658e-01
2.468227424749163551e-08 1.608389156152592037e-01
2.478260869565217026e-08 1.582974952083888442e-01
2.488294314381270501e-08 1.557743317337271505e-01
2.498327759197323977e-08 1.532718860407512040e-01
2.508361204013377452e-08 1.507925517406751570e-01
2.518394648829430928e-08 1.483386502208090818e-01
2.528428093645484734e-08 1.459124259072485386e-01
2.538461538461538209e-08 1.435160417665845567e-01
2.548494983277591685e-08 1.411515750377517198e-01
2.558528428093645160e-08 1.388210131858203245e-01
2.568561872909698635e-08 1.365262500704567394e-01
2.578595317725752111e-08 1.342690823229066299e-01
2.588628762541805586e-08 1.320512059266655824e-01
2.598662207357859062e-08 1.298742129984577220e-01
2.608695652173912537e-08 1.277395887677235942e-01
2.618729096989966343e-08 1.256487087544769232e-01
2.628762541806019819e-08 1.236028361471070841e-01
2.638795986622073294e-08 1.216031193834311852e-01
2.648829431438126769e-08 1.196505899400202855e-01
2.658862876254180245e-08 1.177461603364855502e-01
2.668896321070233720e-08 1.158906223629986715e-01
2.678929765886287196e-08 1.140846455407913823e-01
2.688963210702340671e-08 1.123287758267124264e-01
2.698996655518394146e-08 1.106234345740818303e-01
2.709030100334447622e-08 1.089689177630534384e-01
2.719063545150501428e-08 1.073653955144515532e-01
2.729096989966554904e-08 1.058129119015676772e-01
2.739130434782608379e-08 1.043113850746747590e-01
2.749163879598661854e-08 1.028606077130226337e-01
2.759197324414715330e-08 1.014602478188148527e-01
2.769230769230768805e-08 1.001098498671229714e-01
2.779264214046822281e-08 9.880883632487227897e-02
2.789297658862875756e-08 9.755650955093125853e-02
2.799331103678929231e-08 9.635205408796250481e-02
2.809364548494983038e-08 9.519453935505285680e-02
2.819397993311036513e-08 9.408292274824825441e-02
2.829431438127089988e-08 9.301605315398968343e-02
2.839464882943143464e-08 9.199267487809867361e-02
2.849498327759196939e-08 9.101143199041403231e-02
2.859531772575250415e-08 9.007087308246522483e-02
2.869565217391303890e-08 8.916945643270025867e-02
2.879598662207357365e-08 8.830555557080413398e-02
2.889632107023410841e-08 8.747746522957267068e-02
2.899665551839464316e-08 8.668340766967844169e-02
2.909698996655518122e-08 8.592153935951760135e-02
2.919732441471571598e-08 8.518995798918437001e-02
2.929765886287625073e-08 8.448670979452668761e-02
2.939799331103678549e-08 8.380979716421901871e-02
2.949832775919732024e-08 8.315718649988326772e-02
2.959866220735785499e-08 8.252681629652791617e-02
2.969899665551838975e-08 8.191660540799233781e-02
2.979933110367892450e-08 8.132446145970301243e-02
2.989966555183946256e-08 8.074828936890685038e-02
2.999999999999999732e-08 8.018599993066245768e-02
