0.000000000000000000e+00 9.999999999999995559e-01
1.003344481605351029e-10 4.701090250260166470e-01
2.006688963210702059e-10 2.596435796381192929e-01
3.010033444816052959e-10 8.283083742456534559e-02
4.013377926421404118e-10 2.546683330117133562e-02
5.016722408026755277e-10 -1.810472931937029406e-02
6.020066889632105918e-10 -8.233436192092003988e-03
7.023411371237457594e-10 -1.252875728115854584e-03
8.026755852842808236e-10 1.950323883346568449e-02
9.030100334448158877e-10 1.942946353612372279e-02
1.003344481605351055e-09 2.298221531187037009e-02
1.103678929765886223e-09 1.975757462345495777e-02
1.204013377926421184e-09 2.309858842786828917e-02
1.304347826086956351e-09 3.338201069696490608e-02
1.404682274247491519e-09 3.351130215019504366e-02
1.505016722408026480e-09 3.018177904132623990e-02
1.605351170568561647e-09 1.946099309489226006e-02
1.705685618729096815e-09 7.170318886597922860e-03
1.806020066889631775e-09 -6.068237038046399995e-03
1.906354515050166943e-09 -9.889440509154346498e-03
2.006688963210702111e-09 1.330674432307049756e-03
2.107023411371237278e-09 8.155361207388110018e-03
2.207357859531772446e-09 9.014013068826343469e-03
2.307692307692307200e-09 7.625664913914396298e-03
2.408026755852842367e-09 4.551321341739762022e-03
2.508361204013377535e-09 1.183849793594188293e-02
2.608695652173912702e-09 1.220018181428721149e-02
2.709030100334447870e-09 1.362056270087555997e-02
2.809364548494983038e-09 1.061336286076647664e-02
2.909698996655517792e-09 6.399080745859767744e-03
3.010033444816052959e-09 2.686340760576329083e-03
3.110367892976588127e-09 2.781855542543900175e-04
3.210702341137123294e-09 5.011608029460051014e-04
3.311036789297658462e-09 1.765990862205378976e-03
3.411371237458193629e-09 -2.316419317389732885e-04
3.511705685618728797e-09 2.337680060923906077e-03
3.612040133779263551e-09 7.402541580583198166e-03
3.712374581939798719e-09 1.365156019250784482e-02
3.812709030100333886e-09 1.231134187744148747e-02
3.913043478260868640e-09 1.221009144419477055e-02
4.013377926421404221e-09 1.355501590193847194e-02
4.113712374581938975e-09 1.544662593338523744e-02
4.214046822742474556e-09 1.229962279611163459e-02
4.314381270903009310e-09 7.740575660083422356e-03
4.414715719063544892e-09 2.718774652284195164e-03
4.515050167224079646e-09 1.929578340937711592e-04
4.615384615384614399e-09 -8.657195263705181731e-04
4.715719063545149981e-09 2.588029563511576423e-04
4.816053511705684735e-09 9.301644858032172627e-03
4.916387959866220316e-09 6.760965001358012517e-03
5.016722408026755070e-09 6.131141045852532383e-03
5.117056856187290651e-09 1.551748937544322055e-02
5.217391304347825405e-09 1.287806378535156886e-02
5.317725752508360159e-09 8.118429454480123597e-03
5.418060200668895740e-09 3.723216393167016851e-03
5.518394648829430494e-09 8.343522658332687761e-03
5.618729096989966075e-09 2.408447055157072678e-03
5.719063545150500829e-09 5.668211438492353794e-03
5.819397993311035583e-09 3.358392910168607123e-03
5.919732441471571164e-09 4.423752248855565040e-03
6.020066889632105918e-09 1.233694581553448216e-02
6.120401337792641499e-09 1.575850114700966774e-03
6.220735785953176253e-09 5.879952017094977265e-03
6.321070234113711835e-09 5.432592637852650883e-03
6.421404682274246589e-09 9.166516698757133305e-03
6.521739130434781343e-09 9.575913835558842735e-03
6.622073578595316924e-09 2.971515654820172572e-03
6.722408026755851678e-09 1.094402694024802780e-02
6.822742474916387259e-09 9.415052853095771251e-03
6.923076923076922013e-09 5.934066141719250911e-03
7.023411371237457594e-09 2.930260332555383474e-03
7.123745819397992348e-09 6.194461339330933208e-03
7.224080267558527102e-09 8.746011739181415445e-03
7.324414715719062683e-09 3.933784571414264061e-03
7.424749163879597437e-09 3.760282702307606376e-03
7.525083612040133018e-09 5.958856829822517997e-04
7.625418060200667772e-09 -9.867436517436880931e-06
7.725752508361202526e-09 6.404530943815541638e-03
7.826086956521737280e-09 7.803123305081889789e-03
7.926421404682273689e-09 1.264681082664359871e-02
8.026755852842808442e-09 9.057204282516450461e-03
8.127090301003343196e-09 4.781064984734836876e-03
8.227424749163877950e-09 9.652952017688679748e-03
8.327759197324414359e-09 3.793828842792019290e-03
8.428093645484949113e-09 2.942981014525644905e-03
8.528428093645483867e-09 -9.660958787276299796e-04
8.628762541806018621e-09 3.801042185576107568e-03
8.729096989966553375e-09 9.310354636863249489e-03
8.829431438127089783e-09 2.938692392254743137e-03
8.929765886287624537e-09 4.652818683991758603e-03
9.030100334448159291e-09 1.037814131515919953e-02
9.130434782608694045e-09 1.116853162626631549e-02
9.230769230769228799e-09 1.577141406263462067e-02
9.331103678929765207e-09 7.036740842541762582e-03
9.431438127090299961e-09 8.894518951197806847e-03
9.531772575250834715e-09 6.569461524531488954e-03
9.632107023411369469e-09 7.471734882005535289e-03
9.732441471571904223e-09 7.492083647496683083e-03
9.832775919732440632e-09 8.344203032124533626e-03
9.933110367892975386e-09 9.782504345430481987e-03
1.003344481605351014e-08 9.511336299388245541e-03
1.013377926421404489e-08 8.483432592910039594e-03
1.023411371237458130e-08 6.688227226902689927e-03
1.033444816053511606e-08 1.078457764690247955e-02
1.043478260869565081e-08 8.972554748213951506e-03
1.053511705685618556e-08 6.153854765063023619e-03
1.063545150501672032e-08 9.482432592810527069e-03
1.073578595317725673e-08 8.678745706285628803e-03
1.083612040133779148e-08 4.114787126179048071e-03
1.093645484949832623e-08 6.885590931286418234e-03
1.103678929765886099e-08 4.259608631801996802e-03
1.113712374581939574e-08 -2.938863745104544796e-03
1.123745819397993215e-08 1.993466088853344548e-03
1.133779264214046690e-08 3.680107113547398216e-03
1.143812709030100166e-08 9.624062681780044815e-03
1.153846153846153641e-08 9.514959640486170961e-03
1.163879598662207117e-08 8.166026322111641020e-03
1.173913043478260757e-08 7.123751694732395091e-03
1.183946488294314233e-08 1.112254846596384683e-02
1.193979933110367708e-08 9.732165054257765902e-03
1.204013377926421184e-08 6.057311789245840676e-03
1.214046822742474824e-08 8.403254979059530255e-03
1.224080267558528300e-08 1.179018955628158456e-02
1.234113712374581775e-08 6.824757971008263251e-03
1.244147157190635251e-08 5.665409551430299583e-03
1.254180602006688726e-08 8.098106512895240916e-03
1.264214046822742367e-08 9.783815007775337191e-03
1.274247491638795842e-08 9.792166993646045370e-03
1.284280936454849318e-08 1.067608052157021509e-02
1.294314381270902793e-08 8.047535364704677674e-03
1.304347826086956269e-08 6.999871131781743028e-03
1.314381270903009909e-08 2.625827313855287962e-03
1.324414715719063385e-08 5.964093345242209125e-03
1.334448160535116860e-08 6.497823405953196199e-03
1.344481605351170336e-08 4.954294784491866145e-03
1.354515050167223811e-08 5.922257779707535731e-03
1.364548494983277452e-08 8.363695486074072469e-03
1.374581939799330927e-08 6.595863522689735664e-03
1.384615384615384403e-08 1.304300735949669512e-02
1.394648829431437878e-08 1.162386083616525657e-02
1.404682274247491519e-08 8.236971600796710175e-03
1.414715719063544994e-08 1.083075435378907068e-02
1.424749163879598470e-08 1.664418404335598831e-02
1.434782608695651945e-08 1.501293962609809990e-02
1.444816053511705420e-08 1.123116252791970388e-02
1.454849498327759061e-08 8.429199549162769145e-03
1.464882943143812537e-08 2.537320671754560424e-03
1.474916387959866012e-08 9.007122592102222505e-03
1.484949832775919487e-08 9.970831120051740562e-03
1.494983277591973128e-08 9.355835852195328040e-03
1.505016722408026604e-08 8.531538596850456180e-03
1.515050167224080079e-08 1.561982858452410240e-03
1.525083612040133554e-08 5.888303258443263865e-04
1.535117056856187030e-08 -3.003936108875256052e-04
1.545150501672240505e-08 3.565742280732960533e-03
1.555183946488293981e-08 5.982331640890376813e-03
1.565217391304347456e-08 1.056356676704515649e-02
1.575250836120401262e-08 6.130037114535212550e-03
1.585284280936454738e-08 8.868259598255658419e-03
1.595317725752508213e-08 5.929193571126710515e-04
1.605351170568561688e-08 5.440636599952207268e-03
1.615384615384615164e-08 7.840339018934319596e-04
1.625418060200668639e-08 3.480337401573600775e-03
1.635451505016722115e-08 4.036035724075750196e-03
1.645484949832775590e-08 9.312817106998067668e-03
1.655518394648829065e-08 6.730619983748115272e-03
1.665551839464882872e-08 1.488033808516903839e-02
1.675585284280936347e-08 1.169239601350913899e-02
1.685618729096989823e-08 1.218178796613977356e-02
1.695652173913043298e-08 8.678944945142860745e-03
1.705685618729096773e-08 8.045541849008094534e-03
1.715719063545150249e-08 5.146111654035375425e-03
1.725752508361203724e-08 1.577947639197708118e-03
1.735785953177257200e-08 7.976000126922412267e-04
1.745819397993310675e-08 5.101215382757752666e-03
1.755852842809364150e-08 2.048654254579623888e-03
1.765886287625417957e-08 4.129817262048062106e-03
1.775919732441471432e-08 4.991110480196041775e-03
1.785953177257524907e-08 7.090845662364987645e-03
1.795986622073578383e-08 5.150722244132358366e-03
1.806020066889631858e-08 5.754763727426833592e-03
1.816053511705685334e-08 9.459592811647163715e-03
1.826086956521738809e-08 9.103774327783611259e-03
1.836120401337792284e-08 6.386517621624357433e-03
1.846153846153845760e-08 9.020571209786195158e-03
1.856187290969899566e-08 4.158321218820482980e-03
1.866220735785953041e-08 8.587369639987567360e-03
1.876254180602006517e-08 6.867329636572917784e-03
1.886287625418059992e-08 7.049950014745232085e-03
1.896321070234113468e-08 7.934158307425229553e-03
1.906354515050166943e-08 1.092658549187783788e-02
1.916387959866220418e-08 5.459555794869624598e-03
1.926421404682273894e-08 5.529912629021725007e-03
1.936454849498327369e-08 6.138192556965824803e-03
1.946488294314380845e-08 7.775492015647171226e-03
1.956521739130434651e-08 5.869913776701416765e-03
1.966555183946488126e-08 5.960207874215125122e-03
1.976588628762541602e-08 5.221462657631530460e-03
1.986622073578595077e-08 9.585973427567284766e-03
1.996655518394648553e-08 8.624797786847960071e-03
2.006688963210702028e-08 8.069957456163116827e-03
2.016722408026755503e-08 4.727509694560569180e-03
2.026755852842808979e-08 4.436643363908501954e-03
2.036789297658862454e-08 4.308265985401837743e-03
2.046822742474916260e-08 1.970388316926994631e-03
2.056856187290969736e-08 8.808101984541912011e-03
2.066889632107023211e-08 7.095188294649594322e-03
2.076923076923076687e-08 7.102363956327564440e-03
2.086956521739130162e-08 5.864026691464059235e-03
2.096989966555183637e-08 1.865621402672776449e-04
2.107023411371237113e-08 9.452807847751118139e-03
2.117056856187290588e-08 9.324835425578409387e-03
2.127090301003344064e-08 8.021589911240013110e-03
2.137123745819397539e-08 8.432207212403151214e-03
2.147157190635451345e-08 1.228317755139886336e-02
2.157190635451504821e-08 6.307013496317025875e-03
2.167224080267558296e-08 4.928056450134653613e-03
2.177257525083611771e-08 5.095963338027423122e-03
2.187290969899665247e-08 5.263526727462300610e-03
2.197324414715718722e-08 1.053311305090239187e-02
2.207357859531772198e-08 1.229715635025887231e-02
2.217391304347825673e-08 1.028678656946614527e-02
2.227424749163879148e-08 9.612900577653364989e-03
2.237458193979932955e-08 4.862150369297633251e-03
2.247491638795986430e-08 5.194696300632160174e-03
2.257525083612039905e-08 3.115535963809287594e-03
2.267558528428093381e-08 4.170805028557930845e-03
2.277591973244146856e-08 8.935264861892909527e-03
2.287625418060200332e-08 1.211540711326819682e-02
2.297658862876253807e-08 8.965986218825824222e-03
2.307692307692307282e-08 1.166220936854891338e-02
2.317725752508360758e-08 1.066213527382397878e-02
2.327759197324414233e-08 9.098410744306702561e-03
2.337792642140468040e-08 6.805558117208404187e-03
2.347826086956521515e-08 3.550151964459212668e-03
2.357859531772574990e-08 7.559173275558816844e-03
2.367892976588628466e-08 7.347490144722714639e-03
2.377926421404681941e-08 3.691541281818418868e-03
2.387959866220735417e-08 7.309117875554172090e-03
2.397993311036788892e-08 7.641899867144014320e-03
2.408026755852842367e-08 7.162297236397386670e-03
2.418060200668895843e-08 8.192766718578105636e-03
2.428093645484949649e-08 9.890391005088700407e-03
2.438127090301003124e-08 8.567237935169644963e-03
2.448160535117056600e-08 1.048128189273864024e-02
2.458193979933110075e-08 6.930991202721087374e-03
2.468227424749163551e-08 4.029509518514168796e-03
2.478260869565217026e-08 2.948196673303778333e-03
2.488294314381270501e-08 -2.121295362413458223e-03
2.498327759197323977e-08 2.474075619383478159e-03
2.508361204013377452e-08 6.420179347677473433e-03
2.518394648829430928e-08 1.145002931079683317e-02
2.528428093645484734e-08 1.304993618370334403e-02
2.538461538461538209e-08 1.340055311730381157e-02
2.548494983277591685e-08 1.457518841601395006e-02
2.558528428093645160e-08 1.097052363071203060e-02
2.568561872909698635e-08 1.062111504189713722e-02
2.578595317725752111e-08 3.297818864653610967e-03
2.588628762541805586e-08 6.463114930442149381e-03
2.598662207357859062e-08 5.907020592339638082e-03
2.608695652173912537e-08 2.128946490687612988e-03
2.618729096989966343e-08 8.937225390497344560e-03
2.628762541806019819e-08 6.680134002282495272e-03
2.638795986622073294e-08 1.015614658415004562e-02
2.648829431438126769e-08 1.002161017039533523e-02
2.658862876254180245e-08 6.077704282123197813e-03
2.668896321070233720e-08 7.155110303758645957e-03
2.678929765886287196e-08 6.350848763386981316e-03
2.688963210702340671e-08 5.079602241572120716e-03
2.698996655518394146e-08 3.578210936451686665e-03
2.709030100334447622e-08 6.522903818395621271e-03
2.719063545150501428e-08 5.558220472410231594e-03
2.729096989966554904e-08 8.508500775134295729e-03
2.739130434782608379e-08 5.581821599801232818e-03
2.749163879598661854e-08 6.499786434448198355e-03
2.759197324414715330e-08 5.586388101373997161e-03
2.769230769230768805e-08 9.085522076006897346e-03
2.779264214046822281e-08 1.002105802413795314e-02
2.789297658862875756e-08 8.751692326687409915e-03
2.799331103678929231e-08 1.369466810539100854e-02
2.809364548494983038e-08 1.257035892146859089e-02
2.819397993311036513e-08 1.371046179532816114e-02
2.829431438127089988e-08 1.040940021776055012e-02
2.839464882943143464e-08 9.939581136476891704e-03
2.849498327759196939e-08 4.823465499034017105e-04
2.859531772575250415e-08 2.688028360798126043e-03
2.869565217391303890e-08 -6.814746493538420199e-04
2.879598662207357365e-08 4.773380412341102046e-03
2.889632107023410841e-08 1.066929967075274863e-02
2.899665551839464316e-08 1.427003754324943259e-02
2.909698996655518122e-08 7.684207061096152633e-03
2.919732441471571598e-08 1.371257521659244652e-02
2.929765886287625073e-08 1.188608778027503213e-02
2.939799331103678549e-08 1.338582629145153302e-02
2.949832775919732024e-08 1.005033756475083064e-02
2.959866220735785499e-08 8.707147443781565466e-03
2.969899665551838975e-08 1.174854639089104556e-02
2.979933110367892450e-08 3.575174650734170949e-03
2.989966555183946256e-08 9.753652678582601376e-03
2.999999999999999732e-08 2.988900190179923522e-03
