0.000000000000000000e+00 9.999999999999995559e-01
1.003344481605351029e-10 9.381862074122700526e-03
2.006688963210702059e-10 7.924832148673767451e-03
3.010033444816052959e-10 9.639858906540198225e-03
4.013377926421404118e-10 3.838360715588764755e-03
5.016722408026755277e-10 9.172353063739386442e-03
6.020066889632105918e-10 9.568348761453295123e-04
7.023411371237457594e-10 1.589260647079284361e-03
8.026755852842808236e-10 3.190536448953589909e-03
9.030100334448158877e-10 6.424926826258280620e-03
1.003344481605351055e-09 1.034346458071889324e-02
1.103678929765886223e-09 3.736585712549521723e-03
1.204013377926421184e-09 1.115184034425924751e-02
1.304347826086956351e-09 3.484379453649147883e-03
1.404682274247491519e-09 8.865826443916464614e-03
1.505016722408026480e-09 6.866085829872667183e-03
1.605351170568561647e-09 7.417999117902996167e-03
1.705685618729096815e-09 9.798768537588327387e-03
1.806020066889631775e-09 9.077610956780191379e-03
1.906354515050166943e-09 4.239065605302916491e-03
2.006688963210702111e-09 8.143883078309955073e-03
2.107023411371237278e-09 3.295053216740570848e-03
2.207357859531772446e-09 4.982889054527588069e-03
2.307692307692307200e-09 8.193627175700893273e-03
2.408026755852842367e-09 4.081758335562324889e-03
2.508361204013377535e-09 6.834725361979575482e-03
2.608695652173912702e-09 7.139746634290095040e-03
2.709030100334447870e-09 1.963110387569081978e-03
2.809364548494983038e-09 1.021105179411942350e-02
2.909698996655517792e-09 1.283313185583337401e-02
3.010033444816052959e-09 2.412403588058859884e-03
3.110367892976588127e-09 7.636469904252113187e-03
3.210702341137123294e-09 4.098732995669186752e-03
3.311036789297658462e-09 4.574579494089490300e-03
3.411371237458193629e-09 4.075266749426859243e-03
3.511705685618728797e-09 1.239416273715310268e-02
3.612040133779263551e-09 1.592005407719190510e-02
3.712374581939798719e-09 8.396488728772803084e-03
3.812709030100333886e-09 7.300189343138908243e-03
3.913043478260868640e-09 2.475043783119819114e-03
4.013377926421404221e-09 1.373534379382213531e-02
4.113712374581938975e-09 9.929827439396040831e-03
4.214046822742474556e-09 1.010431719275555786e-02
4.314381270903009310e-09 5.978240312610107188e-03
4.414715719063544892e-09 1.154182285568274013e-02
4.515050167224079646e-09 1.462763222063114682e-02
4.615384615384614399e-09 8.825176153324759687e-03
4.715719063545149981e-09 7.666604588570883477e-03
4.816053511705684735e-09 4.508405307575644692e-03
4.916387959866220316e-09 2.292226757969778594e-03
5.016722408026755070e-09 8.578112863492649495e-03
5.117056856187290651e-09 7.736568174319384539e-03
5.217391304347825405e-09 7.149745109738359777e-03
5.317725752508360159e-09 1.047154571771026325e-02
5.418060200668895740e-09 5.965453278268420360e-03
5.518394648829430494e-09 6.831375194877341468e-03
5.618729096989966075e-09 5.727143514115263026e-03
5.719063545150500829e-09 9.522421112719449757e-03
5.819397993311035583e-09 1.351145177270349045e-02
5.919732441471571164e-09 7.261234739790073042e-03
6.020066889632105918e-09 5.879880006251549281e-03
6.120401337792641499e-09 2.692363273663918484e-03
6.220735785953176253e-09 1.153660756462046404e-02
6.321070234113711835e-09 4.384311794811671451e-03
6.421404682274246589e-09 6.566708310558424556e-03
6.521739130434781343e-09 4.370134788079606258e-03
6.622073578595316924e-09 8.725807239506028212e-03
6.722408026755851678e-09 3.425678739709899813e-03
6.822742474916387259e-09 7.742689339754932169e-03
6.923076923076922013e-09 1.311445033340142945e-02
7.023411371237457594e-09 6.797524260097146179e-03
7.123745819397992348e-09 1.318581027153804472e-02
7.224080267558527102e-09 2.736344406775481717e-03
7.324414715719062683e-09 6.247090407819870170e-03
7.424749163879597437e-09 1.709497952185458662e-03
7.525083612040133018e-09 8.701501390353392346e-03
7.625418060200667772e-09 5.925440873811749221e-03
7.725752508361202526e-09 7.664899798736146859e-03
7.826086956521737280e-09 6.588772605388390144e-03
7.926421404682273689e-09 7.130949607317666784e-03
8.026755852842808442e-09 6.948628796960277382e-03
8.127090301003343196e-09 6.012669071412558158e-03
8.227424749163877950e-09 4.622443668511283174e-03
8.327759197324414359e-09 5.499741156348561533e-03
8.428093645484949113e-09 5.142440858052987028e-03
8.528428093645483867e-09 3.339029228380644993e-03
8.628762541806018621e-09 8.795898054685932776e-03
8.729096989966553375e-09 5.697869580976347263e-03
8.829431438127089783e-09 1.413730297364162352e-03
8.929765886287624537e-09 5.907282695484420733e-03
9.030100334448159291e-09 6.960511779727691223e-03
9.130434782608694045e-09 1.283103114402347686e-02
9.230769230769228799e-09 8.001607478091600154e-03
9.331103678929765207e-09 1.354713620332593030e-02
9.431438127090299961e-09 2.257704208335922866e-03
9.531772575250834715e-09 -2.072849041439173579e-03
9.632107023411369469e-09 3.852595616262905181e-03
9.732441471571904223e-09 4.141814792161984185e-03
9.832775919732440632e-09 2.676332799002698656e-03
9.933110367892975386e-09 3.836878500156102028e-03
1.003344481605351014e-08 4.931510274110742845e-03
1.013377926421404489e-08 7.807046180662618323e-03
1.023411371237458130e-08 9.384730619178020469e-03
1.033444816053511606e-08 1.845349169476939027e-03
1.043478260869565081e-08 1.056359054199900761e-02
1.053511705685618556e-08 8.176101768590933808e-03
1.063545150501672032e-08 7.701714822447853007e-03
1.073578595317725673e-08 6.272912164591393745e-03
1.083612040133779148e-08 1.130320280303166031e-02
1.093645484949832623e-08 9.848466210647719918e-03
1.103678929765886099e-08 4.118234165526419958e-03
1.113712374581939574e-08 4.739079122101310174e-03
1.123745819397993215e-08 8.479613654985836829e-03
1.133779264214046690e-08 5.239577721584925962e-03
1.143812709030100166e-08 1.207054216973631709e-03
1.153846153846153641e-08 1.028114745673229698e-02
1.163879598662207117e-08 5.658546141452424835e-03
1.173913043478260757e-08 3.953398747660598692e-03
1.183946488294314233e-08 7.404969908463314952e-03
1.193979933110367708e-08 7.240406826897919507e-03
1.204013377926421184e-08 1.346188259300208981e-02
1.214046822742474824e-08 5.891183231149490530e-03
1.224080267558528300e-08 6.537601716805962332e-03
1.234113712374581775e-08 7.375594384206529512e-03
1.244147157190635251e-08 3.514474296518698120e-03
1.254180602006688726e-08 5.977605166085185953e-03
1.264214046822742367e-08 1.041521856718315500e-02
1.274247491638795842e-08 9.973427186146934659e-03
1.284280936454849318e-08 1.039842441202732531e-02
1.294314381270902793e-08 1.041766547023052422e-02
1.304347826086956269e-08 9.619434014969526978e-03
1.314381270903009909e-08 5.848792518795192796e-03
1.324414715719063385e-08 4.841066337641579398e-03
1.334448160535116860e-08 6.843052855538447887e-03
1.344481605351170336e-08 8.991748803980488883e-03
1.354515050167223811e-08 3.471355321867429164e-03
1.364548494983277452e-08 5.126733552077678349e-03
1.374581939799330927e-08 2.489489891061626506e-03
1.384615384615384403e-08 8.561785733031639437e-03
1.394648829431437878e-08 4.156371295188017977e-03
1.404682274247491519e-08 1.130258485670822093e-02
1.414715719063544994e-08 1.262711410341693999e-02
1.424749163879598470e-08 6.695552328346854494e-03
1.434782608695651945e-08 1.309447992180954624e-02
1.444816053511705420e-08 5.245881691361642396e-03
1.454849498327759061e-08 8.938577330116008815e-03
1.464882943143812537e-08 7.909026980305072785e-03
1.474916387959866012e-08 1.165834485373618695e-02
1.484949832775919487e-08 6.754199097099067295e-03
1.494983277591973128e-08 3.427077176740882074e-03
1.505016722408026604e-08 7.202960372628406001e-03
1.515050167224080079e-08 1.080564325389046267e-02
1.525083612040133554e-08 9.925055377581787353e-03
1.535117056856187030e-08 6.277600985485721173e-03
1.545150501672240505e-08 9.135101455468261702e-03
1.555183946488293981e-08 1.090227571194018683e-02
1.565217391304347456e-08 7.896178144610396799e-03
1.575250836120401262e-08 1.077236301106676911e-02
1.585284280936454738e-08 6.901427931896313497e-03
1.595317725752508213e-08 1.206536685271026796e-02
1.605351170568561688e-08 1.574495316010175033e-03
1.615384615384615164e-08 8.493449604318885002e-03
1.625418060200668639e-08 7.252485100117390428e-03
1.635451505016722115e-08 8.431941944136994369e-03
1.645484949832775590e-08 9.974976526867171400e-03
1.655518394648829065e-08 1.475722042373423144e-02
1.665551839464882872e-08 3.602532032507113190e-03
1.675585284280936347e-08 9.139141964811669724e-03
1.685618729096989823e-08 6.708973003900152790e-03
1.695652173913043298e-08 7.521909168671926486e-03
1.705685618729096773e-08 8.100082319919902837e-03
1.715719063545150249e-08 6.164196921821442354e-03
1.725752508361203724e-08 1.039522228975270877e-02
1.735785953177257200e-08 5.914476064725225288e-03
1.745819397993310675e-08 9.141347736214871372e-03
1.755852842809364150e-08 8.000417479926868330e-03
1.765886287625417957e-08 1.389086782448366655e-02
1.775919732441471432e-08 7.078284593827636161e-03
1.785953177257524907e-08 9.994064957985113531e-03
1.795986622073578383e-08 1.346188734181741516e-02
1.806020066889631858e-08 6.793512876459269559e-03
1.816053511705685334e-08 3.415201843764299836e-03
1.826086956521738809e-08 5.835189843942632099e-03
1.836120401337792284e-08 6.372272316444942304e-03
1.846153846153845760e-08 9.846048215101611475e-03
1.856187290969899566e-08 6.732804057153094976e-03
1.866220735785953041e-08 1.236370199189010602e-02
1.876254180602006517e-08 8.209048522894088745e-04
1.886287625418059992e-08 6.238045613895040926e-03
1.896321070234113468e-08 9.086143949988179785e-03
1.906354515050166943e-08 4.633233274474395959e-03
1.916387959866220418e-08 1.191284086162140363e-02
1.926421404682273894e-08 8.749403813351642328e-03
1.936454849498327369e-08 9.563673063355202994e-03
1.946488294314380845e-08 1.494955729052346513e-02
1.956521739130434651e-08 7.466789698307401205e-03
1.966555183946488126e-08 2.416132166358223293e-03
1.976588628762541602e-08 4.776629955078067966e-03
1.986622073578595077e-08 5.309634568686634817e-03
1.996655518394648553e-08 7.659542980467244806e-03
2.006688963210702028e-08 2.286793644467579635e-03
2.016722408026755503e-08 1.264679706510982637e-03
2.026755852842808979e-08 9.296577479028168139e-03
2.036789297658862454e-08 7.375375333341791656e-03
2.046822742474916260e-08 4.402037693547065401e-03
2.056856187290969736e-08 4.382425622178923522e-03
2.066889632107023211e-08 8.955697197889833303e-04
2.076923076923076687e-08 1.297813533699152151e-02
2.086956521739130162e-08 7.225344166425340386e-03
2.096989966555183637e-08 3.026393968799119538e-03
2.107023411371237113e-08 5.185914521849808827e-03
2.117056856187290588e-08 2.103326094883826904e-03
2.127090301003344064e-08 3.343635246143491623e-03
2.137123745819397539e-08 4.339819199143013680e-03
2.147157190635451345e-08 1.226736540768561326e-02
2.157190635451504821e-08 9.962769829501384039e-03
2.167224080267558296e-08 6.270840185897620829e-03
2.177257525083611771e-08 8.766531491553491637e-03
2.187290969899665247e-08 8.152729576720731119e-03
2.197324414715718722e-08 4.610912375904446456e-03
2.207357859531772198e-08 1.090699785001277879e-02
2.217391304347825673e-08 5.091139318697636591e-03
2.227424749163879148e-08 8.623802546825922290e-04
2.237458193979932955e-08 6.045222362252811350e-03
2.247491638795986430e-08 5.327179759588112490e-03
2.257525083612039905e-08 1.084467012545661281e-02
2.267558528428093381e-08 1.020307362201429251e-02
2.277591973244146856e-08 1.006463316354844553e-02
2.287625418060200332e-08 4.838943135576188360e-03
2.297658862876253807e-08 1.908884217221238407e-03
2.307692307692307282e-08 1.357953551267227811e-02
2.317725752508360758e-08 4.692990436170886050e-03
2.327759197324414233e-08 8.650603256839363778e-03
2.337792642140468040e-08 5.686255670659679136e-03
2.347826086956521515e-08 9.388216967367642163e-03
2.357859531772574990e-08 4.617357992509792119e-03
2.367892976588628466e-08 7.158882287125461520e-03
2.377926421404681941e-08 1.168703707522891072e-02
2.387959866220735417e-08 1.018022260400994021e-02
2.397993311036788892e-08 1.597171192697549851e-03
2.408026755852842367e-08 5.962421416985986405e-03
2.418060200668895843e-08 4.854877782005345525e-03
2.428093645484949649e-08 1.217335548618460848e-02
2.438127090301003124e-08 2.340025029507784154e-03
2.448160535117056600e-08 1.056435797027648928e-02
2.458193979933110075e-08 1.034249255379927034e-02
2.468227424749163551e-08 3.599744548981305935e-03
2.478260869565217026e-08 7.898523912716242171e-03
2.488294314381270501e-08 9.507665802418232767e-03
2.498327759197323977e-08 -3.002820247783662307e-03
2.508361204013377452e-08 1.325932988969863793e-02
2.518394648829430928e-08 1.142594797283891933e-02
2.528428093645484734e-08 1.319259195066873648e-02
2.538461538461538209e-08 1.626135494002660300e-03
2.548494983277591685e-08 1.288429617750057668e-02
2.558528428093645160e-08 5.006747816604317780e-03
2.568561872909698635e-08 6.092373613852547672e-03
2.578595317725752111e-08 8.405258994578598819e-03
2.588628762541805586e-08 9.620936115053171922e-03
2.598662207357859062e-08 4.676758118428297160e-03
2.608695652173912537e-08 8.747906158065988855e-03
2.618729096989966343e-08 7.967148575419942882e-03
2.628762541806019819e-08 1.532767913226887845e-02
2.638795986622073294e-08 3.114568697815953309e-03
2.648829431438126769e-08 3.867431810566524224e-03
2.658862876254180245e-08 1.313023601199182419e-02
2.668896321070233720e-08 5.052867848406678193e-03
2.678929765886287196e-08 2.035154634841304048e-03
2.688963210702340671e-08 1.159038390595462133e-02
2.698996655518394146e-08 3.020533452518548833e-03
2.709030100334447622e-08 8.371175068091606802e-03
2.719063545150501428e-08 1.418102381530414458e-02
2.729096989966554904e-08 6.314817815544744931e-03
2.739130434782608379e-08 8.232380056104776286e-03
2.749163879598661854e-08 3.364385908419080529e-03
2.759197324414715330e-08 8.873084143678948779e-03
2.769230769230768805e-08 8.761800552415341045e-03
2.779264214046822281e-08 8.766195211963968142e-03
2.789297658862875756e-08 8.860161966324621094e-03
2.799331103678929231e-08 8.178397793546144171e-03
2.809364548494983038e-08 1.432795890404520503e-02
2.819397993311036513e-08 4.309761772048900132e-03
2.829431438127089988e-08 4.712116157351052027e-03
2.839464882943143464e-08 1.556144747190057673e-02
2.849498327759196939e-08 4.838043336158852695e-03
2.859531772575250415e-08 1.428898684019970153e-02
2.869565217391303890e-08 8.516702628009320888e-03
2.879598662207357365e-08 1.084061289070419737e-02
2.889632107023410841e-08 1.133169360173367363e-02
2.899665551839464316e-08 9.551732087795642562e-03
2.909698996655518122e-08 1.511532010875817067e-03
2.919732441471571598e-08 1.102057665312909315e-02
2.929765886287625073e-08 8.163246051247888616e-03
2.939799331103678549e-08 1.086130170705305528e-02
2.949832775919732024e-08 3.655140986897787315e-03
2.959866220735785499e-08 1.202369681376992683e-02
2.969899665551838975e-08 1.446201659546932083e-02
2.979933110367892450e-08 9.928871780242959355e-03
2.989966555183946256e-08 7.167701144455539825e-03
2.999999999999999732e-08 1.097391751303998172e-02
