0.000000000000000000e+00 9.999999999999995559e-01
1.003344481605351029e-10 9.998061860539410040e-01
2.006688963210702059e-10 9.992252027639482170e-01
3.010033444816052959e-10 9.982584239438864193e-01
4.013377926421404118e-10 9.969081331909609434e-01
5.016722408026755277e-10 9.951775147807606636e-01
6.020066889632105918e-10 9.930706409879153096e-01
7.023411371237457594e-10 9.905924558994321227e-01
8.026755852842808236e-10 9.877487558062328921e-01
9.030100334448158877e-10 9.845461662763055344e-01
1.003344481605351055e-09 9.809921160301250387e-01
1.103678929765886223e-09 9.770948077555074995e-01
1.204013377926421184e-09 9.728631860146721433e-01
1.304347826086956351e-09 9.683069024109789424e-01
1.404682274247491519e-09 9.634362781964210809e-01
1.505016722408026480e-09 9.582622645134799555e-01
1.605351170568561647e-09 9.527964004762168315e-01
1.705685618729096815e-09 9.470507693055443266e-01
1.806020066889631775e-09 9.410379527423007318e-01
1.906354515050166943e-09 9.347709839690996336e-01
2.006688963210702111e-09 9.282632992778500070e-01
2.107023411371237278e-09 9.215286887243210323e-01
2.207357859531772446e-09 9.145812460141494737e-01
2.307692307692307200e-09 9.074353178662486474e-01
2.408026755852842367e-09 9.001054530996572822e-01
2.508361204013377535e-09 8.926063516885007765e-01
2.608695652173912702e-09 8.849528140269316001e-01
2.709030100334447870e-09 8.771596906416987416e-01
2.809364548494983038e-09 8.692418325844215587e-01
2.909698996655517792e-09 8.612140427287355848e-01
3.010033444816052959e-09 8.530910281893346880e-01
3.110367892976588127e-09 8.448873540705513774e-01
3.210702341137123294e-09 8.366173987416658520e-01
3.311036789297658462e-09 8.282953108245867391e-01
3.411371237458193629e-09 8.199349680670768858e-01
3.511705685618728797e-09 8.115499382613446944e-01
3.612040133779263551e-09 8.031534423537123324e-01
3.712374581939798719e-09 7.947583198762748768e-01
3.812709030100333886e-09 7.863769968161352653e-01
3.913043478260868640e-09 7.780214560219872455e-01
4.013377926421404221e-09 7.697032102316789803e-01
4.113712374581938975e-09 7.614332777880108427e-01
4.214046822742474556e-09 7.532221610935224687e-01
4.314381270903009310e-09 7.450798278384992424e-01
4.414715719063544892e-09 7.370156950200388302e-01
4.515050167224079646e-09 7.290386157537795953e-01
4.615384615384614399e-09 7.211568688640217495e-01
4.715719063545149981e-09 7.133781512224696142e-01
4.816053511705684735e-09 7.057095727908583305e-01
4.916387959866220316e-09 6.981576543083467534e-01
5.016722408026755070e-09 6.907283275508795395e-01
5.117056856187290651e-09 6.834269380768018820e-01
5.217391304347825405e-09 6.762582503609420037e-01
5.317725752508360159e-09 6.692264552082128892e-01
5.418060200668895740e-09 6.623351793275942256e-01
5.518394648829430494e-09 6.555874969381935147e-01
5.618729096989966075e-09 6.489859432709753628e-01
5.719063545150500829e-09 6.425325298227531068e-01
5.819397993311035583e-09 6.362287612131628523e-01
5.919732441471571164e-09 6.300756534906174489e-01
6.020066889632105918e-09 6.240737537296617843e-01
6.120401337792641499e-09 6.182231607597457046e-01
6.220735785953176253e-09 6.125235468641625491e-01
6.321070234113711835e-09 6.069741802877746117e-01
6.421404682274246589e-09 6.015739483931247245e-01
6.521739130434781343e-09 5.963213813065940672e-01
6.622073578595316924e-09 5.912146758993571671e-01
6.722408026755851678e-09 5.862517199519827749e-01
6.822742474916387259e-09 5.814301163565457342e-01
6.923076923076922013e-09 5.767472072160334529e-01
7.023411371237457594e-09 5.722000977075463179e-01
7.123745819397992348e-09 5.677856795832630921e-01
7.224080267558527102e-09 5.635006541912862543e-01
7.324414715719062683e-09 5.593415549072082715e-01
7.424749163879597437e-09 5.553047688764967127e-01
7.525083612040133018e-09 5.513865579774629433e-01
7.625418060200667772e-09 5.475830789246054486e-01
7.725752508361202526e-09 5.438904024423959482e-01
7.826086956521737280e-09 5.403045314500207752e-01
7.926421404682273689e-09 5.368214182081301189e-01
8.026755852842808442e-09 5.334369803891755302e-01
8.127090301003343196e-09 5.301471160433686158e-01
8.227424749163877950e-09 5.269477174425734045e-01
8.327759197324414359e-09 5.238346837944886092e-01
8.428093645484949113e-09 5.208039328291864667e-01
8.528428093645483867e-09 5.178514112694176941e-01
8.628762541806018621e-09 5.149731042049507934e-01
8.729096989966553375e-09 5.121650433995765805e-01
8.829431438127089783e-09 5.094233145671882568e-01
8.929765886287624537e-09 5.067440636604987336e-01
9.030100334448159291e-09 5.041235022224482831e-01
9.130434782608694045e-09 5.015579118561351857e-01
9.230769230769228799e-09 4.990436478741432924e-01
9.331103678929765207e-09 4.965771421924239926e-01
9.431438127090299961e-09 4.941549055373922195e-01
9.531772575250834715e-09 4.917735290376041846e-01
9.632107023411369469e-09 4.894296852733078795e-01
9.732441471571904223e-09 4.871201288582787670e-01
9.832775919732440632e-09 4.848416966287033558e-01
9.933110367892975386e-09 4.825913075134497521e-01
1.003344481605351014e-08 4.803659621589065898e-01
1.013377926421404489e-08 4.781627423796906973e-01
1.023411371237458130e-08 4.759788105039730599e-01
1.033444816053511606e-08 4.738114086789707580e-01
1.043478260869565081e-08 4.716578581983606466e-01
1.053511705685618556e-08 4.695155589090341253e-01
1.063545150501672032e-08 4.673819887497659975e-01
1.073578595317725673e-08 4.652547034691095207e-01
1.083612040133779148e-08 4.631313365641615554e-01
1.093645484949832623e-08 4.610095994758786064e-01
1.103678929765886099e-08 4.588872820703944200e-01
1.113712374581939574e-08 4.567622534293701575e-01
1.123745819397993215e-08 4.546324629658687888e-01
1.133779264214046690e-08 4.524959418756434593e-01
1.143812709030100166e-08 4.503508049271308100e-01
1.153846153846153641e-08 4.481952525869196680e-01
1.163879598662207117e-08 4.460275734710678064e-01
1.173913043478260757e-08 4.438461471064408248e-01
1.183946488294314233e-08 4.416494469803005640e-01
1.193979933110367708e-08 4.394360438507224909e-01
1.204013377926421184e-08 4.372046092851429311e-01
1.214046822742474824e-08 4.349539193894531586e-01
1.224080267558528300e-08 4.326828586856283354e-01
1.234113712374581775e-08 4.303904240919388946e-01
1.244147157190635251e-08 4.280757289563711931e-01
1.254180602006688726e-08 4.257380070910153913e-01
1.264214046822742367e-08 4.233766167528881796e-01
1.274247491638795842e-08 4.209910445149575020e-01
1.284280936454849318e-08 4.185809089700445185e-01
1.294314381270902793e-08 4.161459642098013223e-01
1.304347826086956269e-08 4.136861030210993717e-01
1.314381270903009909e-08 4.112013597429156619e-01
1.324414715719063385e-08 4.086919127281539166e-01
1.334448160535116860e-08 4.061580863567832989e-01
1.344481605351170336e-08 4.036003525491828059e-01
1.354515050167223811e-08 4.010193317316402273e-01
1.364548494983277452e-08 3.984157932095130916e-01
1.374581939799330927e-08 3.957906549076227187e-01
1.384615384615384403e-08 3.931449824419338546e-01
1.394648829431437878e-08 3.904799874914759994e-01
1.404682274247491519e-08 3.877970254447118958e-01
1.414715719063544994e-08 3.850975923001218049e-01
1.424749163879598470e-08 3.823833208065993694e-01
1.434782608695651945e-08 3.796559758352769931e-01
1.444816053511705420e-08 3.769174489805930395e-01
1.454849498327759061e-08 3.741697523946910797e-01
1.464882943143812537e-08 3.714150118655757948e-01
1.474916387959866012e-08 3.686554591557609228e-01
1.484949832775919487e-08 3.658934236244090754e-01
1.494983277591973128e-08 3.631313231620844628e-01
1.505016722408026604e-08 3.603716544732067373e-01
1.515050167224080079e-08 3.576169827470296325e-01
1.525083612040133554e-08 3.548699307634297639e-01
1.535117056856187030e-08 3.521331674849376703e-01
1.545150501672240505e-08 3.494093961912239643e-01
1.555183946488293981e-08 3.467013422166331793e-01
1.565217391304347456e-08 3.440117403552961362e-01
1.575250836120401262e-08 3.413433220018198266e-01
1.585284280936454738e-08 3.386988020985191028e-01
1.595317725752508213e-08 3.360808659625922346e-01
1.605351170568561688e-08 3.334921560685407682e-01
1.615384615384615164e-08 3.309352588624653313e-01
1.625418060200668639e-08 3.284126916856298650e-01
1.635451505016722115e-08 3.259268898848743934e-01
1.645484949832775590e-08 3.234801941870595332e-01
1.655518394648829065e-08 3.210748384137594447e-01
1.665551839464882872e-08 3.187129376108838175e-01
1.675585284280936347e-08 3.163964766658193817e-01
1.685618729096989823e-08 3.141272994820584752e-01
1.695652173913043298e-08 3.119070987781396576e-01
1.705685618729096773e-08 3.097374065740974847e-01
1.715719063545150249e-08 3.076195854245283856e-01
1.725752508361203724e-08 3.055548204528634182e-01
1.735785953177257200e-08 3.035441122365302169e-01
1.745819397993310675e-08 3.015882705874285974e-01
1.755852842809364150e-08 2.996879092665712951e-01
1.765886287625417957e-08 2.978434416659057615e-01
1.775919732441471432e-08 2.960550774842731214e-01
1.785953177257524907e-08 2.943228204182256058e-01
1.795986622073578383e-08 2.926464668820642490e-01
1.806020066889631858e-08 2.910256057650175698e-01
1.816053511705685334e-08 2.894596192270120216e-01
1.826086956521738809e-08 2.879476845280369290e-01
1.836120401337792284e-08 2.864887768797156342e-01
1.846153846153845760e-08 2.850816733014300275e-01
1.856187290969899566e-08 2.837249574572268673e-01
1.866220735785953041e-08 2.824170254438264083e-01
1.876254180602006517e-08 2.811560924943873330e-01
1.886287625418059992e-08 2.799402005572995678e-01
1.896321070234113468e-08 2.787672267042130558e-01
1.906354515050166943e-08 2.776348923168066030e-01
1.916387959866220418e-08 2.765407729974737605e-01
1.926421404682273894e-08 2.754823091451982231e-01
1.936454849498327369e-08 2.744568171344123342e-01
1.946488294314380845e-08 2.734615010316200912e-01
1.956521739130434651e-08 2.724934647820178024e-01
1.966555183946488126e-08 2.715497247962896932e-01
1.976588628762541602e-08 2.706272228661870116e-01
1.986622073578595077e-08 2.697228393364341503e-01
1.996655518394648553e-08 2.688334064599360862e-01
2.006688963210702028e-08 2.679557218631876125e-01
2.016722408026755503e-08 2.670865620491993386e-01
2.026755852842808979e-08 2.662226958661496612e-01
2.036789297658862454e-08 2.653608978713259403e-01
2.046822742474916260e-08 2.644979615217176172e-01
2.056856187290969736e-08 2.636307121248545604e-01
2.066889632107023211e-08 2.627560194861013332e-01
2.076923076923076687e-08 2.618708101916252251e-01
2.086956521739130162e-08 2.609720794695961077e-01
2.096989966555183637e-08 2.600569025758356911e-01
2.107023411371237113e-08 2.591224456540703880e-01
2.117056856187290588e-08 2.581659760251279190e-01
2.127090301003344064e-08 2.571848718638108378e-01
2.137123745819397539e-08 2.561766312267450552e-01
2.147157190635451345e-08 2.551388803992051812e-01
2.157190635451504821e-08 2.540693815337149997e-01
2.167224080267558296e-08 2.529660395580815013e-01
2.177257525083611771e-08 2.518269083353991133e-01
2.187290969899665247e-08 2.506501960634269777e-01
2.197324414715718722e-08 2.494342699055545343e-01
2.207357859531772198e-08 2.481776598502997977e-01
2.217391304347825673e-08 2.468790618008933624e-01
2.227424749163879148e-08 2.455373399009593283e-01
2.237458193979932955e-08 2.441515281065811116e-01
2.247491638795986430e-08 2.427208310191136253e-01
2.257525083612039905e-08 2.412446239969383566e-01
2.267558528428093381e-08 2.397224525679404195e-01
2.277591973244146856e-08 2.381540311677984856e-01
2.287625418060200332e-08 2.365392412321877247e-01
2.297658862876253807e-08 2.348781286737116059e-01
2.307692307692307282e-08 2.331709007767667208e-01
2.317725752508360758e-08 2.314179225456129696e-01
2.327759197324414233e-08 2.296197125426560903e-01
2.337792642140468040e-08 2.277769382553524180e-01
2.347826086956521515e-08 2.258904110312145441e-01
2.357859531772574990e-08 2.239610806211367877e-01
2.367892976588628466e-08 2.219900293716758899e-01
2.377926421404681941e-08 2.199784661070257330e-01
2.387959866220735417e-08 2.179277197412219369e-01
2.397993311036788892e-08 2.158392326606235478e-01
2.408026755852842367e-08 2.137145539159542029e-01
2.418060200668895843e-08 2.115553322621635257e-01
2.428093645484949649e-08 2.093633090831140686e-01
2.438127090301003124e-08 2.071403112366238530e-01
2.448160535117056600e-08 2.048882438537303619e-01
2.458193979933110075e-08 2.026090831242032264e-01
2.468227424749163551e-08 2.003048690983529057e-01
2.478260869565217026e-08 1.979776985330753414e-01
2.488294314381270501e-08 1.956297178078769960e-01
2.498327759197323977e-08 1.932631159343521088e-01
2.508361204013377452e-08 1.908801176802675803e-01
2.518394648829430928e-08 1.884829768270753214e-01
2.528428093645484734e-08 1.860739695773353519e-01
2.538461538461538209e-08 1.836553881262273924e-01
2.548494983277591685e-08 1.812295344090654181e-01
2.558528428093645160e-08 1.787987140345437820e-01
2.568561872909698635e-08 1.763652304113372538e-01
2.578595317725752111e-08 1.739313790736856102e-01
2.588628762541805586e-08 1.714994422097208260e-01
2.598662207357859062e-08 1.690716833945617170e-01
2.608695652173912537e-08 1.666503425286159912e-01
2.618729096989966343e-08 1.642376309801078793e-01
2.628762541806019819e-08 1.618357269295961076e-01
2.638795986622073294e-08 1.594467709131663913e-01
2.648829431438126769e-08 1.570728615600874567e-01
2.658862876254180245e-08 1.547160515200002862e-01
2.668896321070233720e-08 1.523783435741763448e-01
2.678929765886287196e-08 1.500616869250244734e-01
2.688963210702340671e-08 1.477679736578479675e-01
2.698996655518394146e-08 1.454990353688400129e-01
2.709030100334447622e-08 1.432566399534598856e-01
2.719063545150501428e-08 1.410424885496327496e-01
2.729096989966554904e-08 1.388582126306629194e-01
2.739130434782608379e-08 1.367053712433180801e-01
2.749163879598661854e-08 1.345854483872348517e-01
2.759197324414715330e-08 1.324998505325756804e-01
2.769230769230768805e-08 1.304499042737420345e-01
2.779264214046822281e-08 1.284368541178808609e-01
2.789297658862875756e-08 1.264618604079114916e-01
2.799331103678929231e-08 1.245259973808148235e-01
2.809364548494983038e-08 1.226302513629613511e-01
2.819397993311036513e-08 1.207755191052839600e-01
2.829431438127089988e-08 1.189626062621073899e-01
2.839464882943143464e-08 1.171922260184201786e-01
2.849498327759196939e-08 1.154649978712878888e-01
2.859531772575250415e-08 1.137814465719537288e-01
2.869565217391303890e-08 1.121420012359326396e-01
2.879598662207357365e-08 1.105469946290667527e-01
2.889632107023410841e-08 1.089966626380610704e-01
2.899665551839464316e-08 1.074911439344443664e-01
2.909698996655518122e-08 1.060304798411972060e-01
2.919732441471571598e-08 1.046146144114430826e-01
2.929765886287625073e-08 1.032433947286048592e-01
2.939799331103678549e-08 1.019165714372858023e-01
2.949832775919732024e-08 1.006337995138337355e-01
2.959866220735785499e-08 9.939463928508943114e-02
2.969899665551838975e-08 9.819855770320905231e-02
2.979933110367892450e-08 9.704492988368232376e-02
2.989966555183946256e-08 9.593304091275201007e-02
2.999999999999999732e-08 9.486208792937812773e-02
