0.000000000000000000e+00 9.999999999999995559e-01
1.003344481605351029e-10 9.813330513614111350e-01
2.006688963210702059e-10 9.294763643654430085e-01
3.010033444816052959e-10 8.553383187884273653e-01
4.013377926421404118e-10 7.727547386546652630e-01
5.016722408026755277e-10 6.941251678689424054e-01
6.020066889632105918e-10 6.273631654348080788e-01
7.023411371237457594e-10 5.751086607632551750e-01
8.026755852842808236e-10 5.359147853725449995e-01
9.030100334448158877e-10 5.062860084334277477e-01
1.003344481605351055e-09 4.824093446833527254e-01
1.103678929765886223e-09 4.610318721884290594e-01
1.204013377926421184e-09 4.396634172392453466e-01
1.304347826086956351e-09 4.166208388195686285e-01
1.404682274247491519e-09 3.912443075567520467e-01
1.505016722408026480e-09 3.641751137229852775e-01
1.605351170568561647e-09 3.373073315652894144e-01
1.705685618729096815e-09 3.131480143526710336e-01
1.806020066889631775e-09 2.937357215412931266e-01
1.906354515050166943e-09 2.796375829308915262e-01
2.006688963210702111e-09 2.695771664282611835e-01
2.107023411371237278e-09 2.609077980991389989e-01
2.207357859531772446e-09 2.506752993434915311e-01
2.307692307692307200e-09 2.367238059800680361e-01
2.408026755852842367e-09 2.183506745155862905e-01
2.508361204013377535e-09 1.963281374470547125e-01
2.608695652173912702e-09 1.724437539904518368e-01
2.709030100334447870e-09 1.488666925305777988e-01
2.809364548494983038e-09 1.275871821616791635e-01
2.909698996655517792e-09 1.100211522606737991e-01
3.010033444816052959e-09 9.676969967762025226e-02
3.110367892976588127e-09 8.752856291057151128e-02
3.210702341137123294e-09 8.119330046853065475e-02
3.311036789297658462e-09 7.620009039791751648e-02
3.411371237458193629e-09 7.104384456568686723e-02
3.511705685618728797e-09 6.478984208041020654e-02
3.612040133779263551e-09 5.735136458735583254e-02
3.712374581939798719e-09 4.940018522554152913e-02
3.812709030100333886e-09 4.196116371642202858e-02
3.913043478260868640e-09 3.589921265798450695e-02
4.013377926421404221e-09 3.153942463123511619e-02
4.113712374581938975e-09 2.856208960148459014e-02
4.214046822742474556e-09 2.616284059904386977e-02
4.314381270903009310e-09 2.336199159606777362e-02
4.414715719063544892e-09 1.933068339224024851e-02
4.515050167224079646e-09 1.364644894407137515e-02
4.615384615384614399e-09 6.437417225734761578e-03
4.715719063545149981e-09 -1.610041640881871433e-03
4.816053511705684735e-09 -9.402894617230801375e-03
4.916387959866220316e-09 -1.574568141368311996e-02
5.016722408026755070e-09 -1.972332067492646793e-02
5.117056856187290651e-09 -2.102121183634318366e-02
5.217391304347825405e-09 -2.003511972421192708e-02
5.317725752508360159e-09 -1.770594114648638487e-02
5.418060200668895740e-09 -1.514861784797940335e-02
5.518394648829430494e-09 -1.324824982149468665e-02
5.618729096989966075e-09 -1.240275923734334741e-02
5.719063545150500829e-09 -1.249867766794296453e-02
5.819397993311035583e-09 -1.307961655051029237e-02
5.919732441471571164e-09 -1.358750651765950127e-02
6.020066889632105918e-09 -1.356364304676098420e-02
6.120401337792641499e-09 -1.276288667896004377e-02
6.220735785953176253e-09 -1.119645409372088847e-02
6.321070234113711835e-09 -9.131360152447025313e-03
6.421404682274246589e-09 -7.045062357106631097e-03
6.521739130434781343e-09 -5.509176270474173617e-03
6.622073578595316924e-09 -4.996497334290463284e-03
6.722408026755851678e-09 -5.665645265509260814e-03
6.822742474916387259e-09 -7.228426955693518716e-03
6.923076923076922013e-09 -8.994570321952315844e-03
7.023411371237457594e-09 -1.010738131461623272e-02
7.123745819397992348e-09 -9.877497682606799917e-03
7.224080267558527102e-09 -8.059340900450753797e-03
7.324414715719062683e-09 -4.938853500199912733e-03
7.424749163879597437e-09 -1.197734190595047335e-03
7.525083612040133018e-09 2.370679515347899006e-03
7.625418060200667772e-09 5.158100140894445948e-03
7.725752508361202526e-09 6.929140436557133624e-03
7.826086956521737280e-09 7.846776243446101570e-03
7.926421404682273689e-09 8.356927724197145066e-03
8.026755852842808442e-09 8.998655614588598264e-03
8.127090301003343196e-09 1.021256149377990780e-02
8.227424749163877950e-09 1.220160150940487881e-02
8.327759197324414359e-09 1.487419942434519207e-02
8.428093645484949113e-09 1.787756823799978995e-02
8.528428093645483867e-09 2.070817684535437159e-02
8.628762541806018621e-09 2.286551957101294608e-02
8.729096989966553375e-09 2.400111187107713956e-02
8.829431438127089783e-09 2.401625817992985440e-02
8.929765886287624537e-09 2.308184048312490397e-02
9.030100334448159291e-09 2.158163129055714127e-02
9.130434782608694045e-09 2.000265836751136811e-02
9.230769230769228799e-09 1.880384085005907396e-02
9.331103678929765207e-09 1.829178793690373894e-02
9.431438127090299961e-09 1.853052778225321509e-02
9.531772575250834715e-09 1.931352493566206030e-02
9.632107023411369469e-09 2.022263722625052343e-02
9.732441471571904223e-09 2.077653796702206776e-02
9.832775919732440632e-09 2.062972882117382681e-02
9.933110367892975386e-09 1.974275294705481881e-02
1.003344481605351014e-08 1.843584711057062731e-02
1.013377926421404489e-08 1.728048045732186871e-02
1.023411371237458130e-08 1.686219492032194761e-02
1.033444816053511606e-08 1.752062036060686792e-02
1.043478260869565081e-08 1.919231777133241154e-02
1.053511705685618556e-08 2.143256330186412220e-02
1.063545150501672032e-08 2.360019302962215737e-02
1.073578595317725673e-08 2.510935515898755910e-02
1.083612040133779148e-08 2.562923375920597019e-02
1.093645484949832623e-08 2.515524193328633890e-02
1.103678929765886099e-08 2.394998630301237857e-02
1.113712374581939574e-08 2.241133058475738501e-02
1.123745819397993215e-08 2.093806785547642352e-02
1.133779264214046690e-08 1.983613354025060005e-02
1.143812709030100166e-08 1.927034564353158341e-02
1.153846153846153641e-08 1.924754858415762826e-02
1.163879598662207117e-08 1.962334793274698660e-02
1.173913043478260757e-08 2.013958259037004761e-02
1.183946488294314233e-08 2.050114939725681054e-02
1.193979933110367708e-08 2.048159434610432802e-02
1.204013377926421184e-08 2.002080411812316371e-02
1.214046822742474824e-08 1.926788730224663834e-02
1.224080267558528300e-08 1.854048944610732497e-02
1.234113712374581775e-08 1.821035983937006886e-02
1.244147157190635251e-08 1.856132842512690784e-02
1.254180602006688726e-08 1.967900009001685366e-02
1.264214046822742367e-08 2.141581010239470770e-02
1.274247491638795842e-08 2.344171666596173501e-02
1.284280936454849318e-08 2.535775328891946845e-02
1.294314381270902793e-08 2.683003881589168804e-02
1.304347826086956269e-08 2.769882375882642966e-02
1.314381270903009909e-08 2.802716982150003922e-02
1.324414715719063385e-08 2.807243240062216524e-02
1.334448160535116860e-08 2.818762484054419815e-02
1.344481605351170336e-08 2.868455865535898125e-02
1.354515050167223811e-08 2.970816280146668445e-02
1.364548494983277452e-08 3.117181793811876767e-02
1.374581939799330927e-08 3.278240384611372238e-02
1.384615384615384403e-08 3.414761058142021244e-02
1.394648829431437878e-08 3.492323285369897112e-02
1.404682274247491519e-08 3.494183410989066402e-02
1.414715719063544994e-08 3.427386893596388179e-02
1.424749163879598470e-08 3.320170094968992458e-02
1.434782608695651945e-08 3.212060917960876671e-02
1.444816053511705420e-08 3.140454558577257527e-02
1.454849498327759061e-08 3.128209216088953526e-02
1.464882943143812537e-08 3.176191209453898406e-02
1.474916387959866012e-08 3.263181832413773742e-02
1.484949832775919487e-08 3.353445336035605628e-02
1.494983277591973128e-08 3.409767271552500284e-02
1.505016722408026604e-08 3.407470518358753087e-02
1.515050167224080079e-08 3.343873455766192132e-02
1.525083612040133554e-08 3.238910388246551281e-02
1.535117056856187030e-08 3.126241270282695273e-02
1.545150501672240505e-08 3.038663031563348244e-02
1.555183946488293981e-08 2.994560679529090566e-02
1.565217391304347456e-08 2.991606743687649436e-02
1.575250836120401262e-08 3.010007419848201304e-02
1.585284280936454738e-08 3.022549519162625459e-02
1.595317725752508213e-08 3.005582356384721432e-02
1.605351170568561688e-08 2.945684187369913484e-02
1.615384615384615164e-08 2.840404825400271241e-02
1.625418060200668639e-08 2.695418335014859723e-02
1.635451505016722115e-08 2.521890190348932692e-02
1.645484949832775590e-08 2.336056584549436529e-02
1.655518394648829065e-08 2.159647052084343391e-02
1.665551839464882872e-08 2.017766432197431320e-02
1.675585284280936347e-08 1.932060307285915143e-02
1.685618729096989823e-08 1.910778771849206900e-02
1.695652173913043298e-08 1.940964597475421452e-02
1.705685618729096773e-08 1.988520108671812392e-02
1.715719063545150249e-08 2.008439743115475462e-02
1.725752508361203724e-08 1.961862702625919233e-02
1.735785953177257200e-08 1.832226548953207884e-02
1.745819397993310675e-08 1.632478595182709422e-02
1.755852842809364150e-08 1.399405883902487407e-02
1.765886287625417957e-08 1.177453226752645139e-02
1.775919732441471432e-08 9.995012767604645812e-03
1.785953177257524907e-08 8.733802102418423280e-03
1.795986622073578383e-08 7.799618479890758557e-03
1.806020066889631858e-08 6.832127033819835292e-03
1.816053511705685334e-08 5.473286432494764778e-03
1.826086956521738809e-08 3.533154846082130728e-03
1.836120401337792284e-08 1.080571292393346086e-03
1.846153846153845760e-08 -1.575850852437815381e-03
1.856187290969899566e-08 -4.004310439419214197e-03
1.866220735785953041e-08 -5.813015820445726484e-03
1.876254180602006517e-08 -6.792954254811718953e-03
1.886287625418059992e-08 -6.985210988428172153e-03
1.896321070234113468e-08 -6.651656321122461669e-03
1.906354515050166943e-08 -6.168141793602068858e-03
1.916387959866220418e-08 -5.888370630953272677e-03
1.926421404682273894e-08 -6.032486421973991438e-03
1.936454849498327369e-08 -6.637032589615843303e-03
1.946488294314380845e-08 -7.573384609509345618e-03
1.956521739130434651e-08 -8.615520229636053004e-03
1.966555183946488126e-08 -9.525857634775652602e-03
1.976588628762541602e-08 -1.013069108682505652e-02
1.986622073578595077e-08 -1.036723296961613271e-02
1.996655518394648553e-08 -1.029416188256261459e-02
2.006688963210702028e-08 -1.006403837421131382e-02
2.016722408026755503e-08 -9.862220723450819751e-03
2.026755852842808979e-08 -9.826940240388680470e-03
2.036789297658862454e-08 -9.977290362179182248e-03
2.046822742474916260e-08 -1.018159549488750759e-02
2.056856187290969736e-08 -1.018882485786103825e-02
2.066889632107023211e-08 -9.719514251670823349e-03
2.076923076923076687e-08 -8.581530545510189512e-03
2.086956521739130162e-08 -6.758449911492101989e-03
2.096989966555183637e-08 -4.427607210538658626e-03
2.107023411371237113e-08 -1.898633616795339027e-03
2.117056856187290588e-08 4.968745010793915347e-04
2.127090301003344064e-08 2.511347974172441211e-03
2.137123745819397539e-08 4.037281162526907934e-03
2.147157190635451345e-08 5.099193380493064268e-03
2.157190635451504821e-08 5.801849728113386839e-03
2.167224080267558296e-08 6.271398307846023056e-03
2.177257525083611771e-08 6.617288058819829899e-03
2.187290969899665247e-08 6.919670877228509612e-03
2.197324414715718722e-08 7.228643942158862086e-03
2.207357859531772198e-08 7.560872371073066971e-03
2.217391304347825673e-08 7.893012293986213443e-03
2.227424749163879148e-08 8.164980263459981763e-03
2.237458193979932955e-08 8.305347697701992785e-03
2.247491638795986430e-08 8.274663249272215526e-03
2.257525083612039905e-08 8.103332732059511517e-03
2.267558528428093381e-08 7.895869084615592115e-03
2.277591973244146856e-08 7.789956324524115704e-03
2.287625418060200332e-08 7.887382068470085578e-03
2.297658862876253807e-08 8.194705663044671295e-03
2.307692307692307282e-08 8.609017969230744333e-03
2.317725752508360758e-08 8.958820548840347453e-03
2.327759197324414233e-08 9.078400923072320328e-03
2.337792642140468040e-08 8.876723765004448236e-03
2.347826086956521515e-08 8.368852464392163154e-03
2.357859531772574990e-08 7.662261330364806763e-03
2.367892976588628466e-08 6.914257914058074932e-03
2.377926421404681941e-08 6.285116605451887724e-03
2.387959866220735417e-08 5.902735745372516413e-03
2.397993311036788892e-08 5.839792488319433400e-03
2.408026755852842367e-08 6.097145305794954458e-03
2.418060200668895843e-08 6.592478639246921596e-03
2.428093645484949649e-08 7.163619402565917643e-03
2.438127090301003124e-08 7.599119188112391649e-03
2.448160535117056600e-08 7.698065642286600237e-03
2.458193979933110075e-08 7.342122947234403299e-03
2.468227424749163551e-08 6.549086760176187592e-03
2.478260869565217026e-08 5.479996739391747480e-03
2.488294314381270501e-08 4.391312120533818683e-03
2.498327759197323977e-08 3.548909060593129737e-03
2.508361204013377452e-08 3.137586095944321432e-03
2.518394648829430928e-08 3.200461890122548517e-03
2.528428093645484734e-08 3.629217477490632657e-03
2.538461538461538209e-08 4.207006323152675739e-03
2.548494983277591685e-08 4.688977075515216031e-03
2.558528428093645160e-08 4.894311037276911740e-03
2.568561872909698635e-08 4.779082515719970670e-03
2.578595317725752111e-08 4.462270114184789180e-03
2.588628762541805586e-08 4.190216102662511384e-03
2.598662207357859062e-08 4.247415282509909608e-03
2.608695652173912537e-08 4.846353851330657304e-03
2.618729096989966343e-08 6.042844743728402121e-03
2.628762541806019819e-08 7.714678878737182832e-03
2.638795986622073294e-08 9.611247722337167357e-03
2.648829431438126769e-08 1.144589222292880480e-02
2.658862876254180245e-08 1.298321577030739707e-02
2.668896321070233720e-08 1.408340028195117534e-02
2.678929765886287196e-08 1.469772954073711793e-02
2.688963210702340671e-08 1.484078531174834459e-02
2.698996655518394146e-08 1.457232740835108162e-02
2.709030100334447622e-08 1.400114500482763438e-02
2.719063545150501428e-08 1.329239288152174112e-02
2.729096989966554904e-08 1.264650060761802509e-02
2.739130434782608379e-08 1.223611808918080579e-02
2.749163879598661854e-08 1.212598531206566903e-02
2.759197324414715330e-08 1.222831381463109976e-02
2.769230769230768805e-08 1.233692762007163393e-02
2.779264214046822281e-08 1.223726674551933735e-02
2.789297658862875756e-08 1.183601571034213588e-02
2.799331103678929231e-08 1.123240983147292225e-02
2.809364548494983038e-08 1.068235769602191194e-02
2.819397993311036513e-08 1.047017403874174468e-02
2.829431438127089988e-08 1.075941578828468886e-02
2.839464882943143464e-08 1.150636230894555405e-02
2.849498327759196939e-08 1.247996014094334902e-02
2.859531772575250415e-08 1.336850675514032402e-02
2.869565217391303890e-08 1.390817541267791793e-02
2.879598662207357365e-08 1.396802020557457932e-02
2.889632107023410841e-08 1.356391176282452024e-02
2.899665551839464316e-08 1.281873170254906394e-02
2.909698996655518122e-08 1.190734495481897588e-02
2.919732441471571598e-08 1.101424194071090948e-02
2.929765886287625073e-08 1.030632176017510192e-02
2.939799331103678549e-08 9.908043475932217306e-03
2.949832775919732024e-08 9.872530399690361558e-03
2.959866220735785499e-08 1.016004863938708459e-02
2.969899665551838975e-08 1.064397139730471897e-02
2.979933110367892450e-08 1.115228636880368981e-02
2.989966555183946256e-08 1.152814264314441089e-02
2.999999999999999732e-08 1.167686939786634695e-02
