0.000000000000000000e+00 9.999999999999995559e-01
1.003344481605351029e-10 4.844545918513936122e-01
2.006688963210702059e-10 2.712316802449334374e-01
3.010033444816052959e-10 9.999206143866623542e-02
4.013377926421404118e-10 3.295074810321390463e-02
5.016722408026755277e-10 -1.822665009161132665e-02
6.020066889632105918e-10 -1.366290564427475977e-02
7.023411371237457594e-10 -9.509509977105980519e-03
8.026755852842808236e-10 8.492988941884417609e-03
9.030100334448158877e-10 2.284944829769512339e-02
1.003344481605351055e-09 1.964552024413788664e-02
1.103678929765886223e-09 2.516464422709104032e-02
1.204013377926421184e-09 2.050451046493602728e-02
1.304347826086956351e-09 2.658938019202932226e-02
1.404682274247491519e-09 3.477558449183393297e-02
1.505016722408026480e-09 3.394455183400267584e-02
1.605351170568561647e-09 3.018355622266928606e-02
1.705685618729096815e-09 1.919267588688759740e-02
1.806020066889631775e-09 8.389410084486683197e-03
1.906354515050166943e-09 -6.936189105438082467e-03
2.006688963210702111e-09 -1.037329758084825498e-02
2.107023411371237278e-09 -6.606868702019961376e-03
2.207357859531772446e-09 6.913376539994520176e-03
2.307692307692307200e-09 7.864991234346334001e-03
2.408026755852842367e-09 5.956433068951367746e-03
2.508361204013377535e-09 4.699676898469502644e-03
2.608695652173912702e-09 4.271987213262763879e-03
2.709030100334447870e-09 1.482812444731884324e-02
2.809364548494983038e-09 1.210129440219153210e-02
2.909698996655517792e-09 1.387956990051429293e-02
3.010033444816052959e-09 1.126113673342452222e-02
3.110367892976588127e-09 5.760499307760279589e-03
3.210702341137123294e-09 2.679284233886421607e-03
3.311036789297658462e-09 3.722504725255154287e-04
3.411371237458193629e-09 2.121835233298986333e-04
3.511705685618728797e-09 1.690557574300859340e-03
3.612040133779263551e-09 -1.106589234640678251e-03
3.712374581939798719e-09 -3.157489045327156827e-04
3.812709030100333886e-09 5.367167482192292984e-03
3.913043478260868640e-09 8.567270227061257043e-03
4.013377926421404221e-09 1.089162563696243098e-02
4.113712374581938975e-09 1.078423787421012650e-02
4.214046822742474556e-09 1.476057676249672469e-02
4.314381270903009310e-09 1.517449871656564517e-02
4.414715719063544892e-09 1.560743735372234313e-02
4.515050167224079646e-09 1.183811409577500973e-02
4.615384615384614399e-09 8.539344112953432125e-03
4.715719063545149981e-09 2.326458029120622144e-03
4.816053511705684735e-09 1.819618144852039061e-04
4.916387959866220316e-09 -5.338844307034404553e-04
5.016722408026755070e-09 -4.866728886764918292e-04
5.117056856187290651e-09 9.191935158491025895e-03
5.217391304347825405e-09 6.677391386116774373e-03
5.317725752508360159e-09 2.961391364000304574e-03
5.418060200668895740e-09 1.524030404266099939e-02
5.518394648829430494e-09 8.635022022856689641e-03
5.618729096989966075e-09 1.289729380720737104e-02
5.719063545150500829e-09 5.256538096115446167e-03
5.819397993311035583e-09 2.915970091575322345e-03
5.919732441471571164e-09 9.142395850385639719e-03
6.020066889632105918e-09 3.082453504436918207e-03
6.120401337792641499e-09 3.887375609122742035e-03
6.220735785953176253e-09 2.760865888919238498e-03
6.321070234113711835e-09 4.407256348491597579e-03
6.421404682274246589e-09 1.226135080308491526e-02
6.521739130434781343e-09 2.348489159092065088e-03
6.622073578595316924e-09 5.844695631401275460e-03
6.722408026755851678e-09 4.331620979012260585e-03
6.822742474916387259e-09 4.320376693319740065e-03
6.923076923076922013e-09 7.802113885919934912e-03
7.023411371237457594e-09 5.044043479710991207e-03
7.123745819397992348e-09 7.883457750665481129e-03
7.224080267558527102e-09 9.736606777074026733e-03
7.324414715719062683e-09 7.749700566608623727e-03
7.424749163879597437e-09 6.479366297001956307e-03
7.525083612040133018e-09 3.243687588270641273e-03
7.625418060200667772e-09 6.933964815736899830e-03
7.725752508361202526e-09 6.943128445763866591e-03
7.826086956521737280e-09 3.622677852724776135e-03
7.926421404682273689e-09 3.757426477678313913e-03
8.026755852842808442e-09 5.706500565275115329e-04
8.127090301003343196e-09 1.382439233787665939e-04
8.227424749163877950e-09 5.437438571836442948e-03
8.327759197324414359e-09 7.474121346730111005e-03
8.428093645484949113e-09 1.087782152483449463e-02
8.528428093645483867e-09 1.191671341275647375e-02
8.628762541806018621e-09 5.858095266815341318e-03
8.729096989966553375e-09 6.638040764041180583e-03
8.829431438127089783e-09 7.698783020528278571e-03
8.929765886287624537e-09 5.067399785491449003e-03
9.030100334448159291e-09 6.605366718306924026e-03
9.130434782608694045e-09 2.207661828015706432e-03
9.230769230769228799e-09 4.339885236574757971e-03
9.331103678929765207e-09 6.085280060689553412e-03
9.431438127090299961e-09 4.062158249770287527e-03
9.531772575250834715e-09 3.916222064857330029e-03
9.632107023411369469e-09 1.036440303648106936e-02
9.732441471571904223e-09 1.137825455778448784e-02
9.832775919732440632e-09 1.538441642502955294e-02
9.933110367892975386e-09 9.539429391995285501e-03
1.003344481605351014e-08 9.764080314828785939e-03
1.013377926421404489e-08 5.813402173734772728e-03
1.023411371237458130e-08 1.129269716462669160e-02
1.033444816053511606e-08 3.769430669148012003e-03
1.043478260869565081e-08 6.895832391595857480e-03
1.053511705685618556e-08 9.123884963946378088e-03
1.063545150501672032e-08 1.416033044974516000e-02
1.073578595317725673e-08 7.539110783785035047e-03
1.083612040133779148e-08 7.425212243334493659e-03
1.093645484949832623e-08 7.415140981304354367e-03
1.103678929765886099e-08 9.812670720797393026e-03
1.113712374581939574e-08 9.317224819641773542e-03
1.123745819397993215e-08 6.122524628655293469e-03
1.133779264214046690e-08 1.003903307757490412e-02
1.143812709030100166e-08 8.062926090131577322e-03
1.153846153846153641e-08 6.580153967703035803e-03
1.163879598662207117e-08 1.116657501186361923e-02
1.173913043478260757e-08 3.862423871745990743e-03
1.183946488294314233e-08 -3.427477346390676079e-03
1.193979933110367708e-08 -2.263823908077613415e-03
1.204013377926421184e-08 4.474694262016435872e-03
1.214046822742474824e-08 3.472772874297549994e-03
1.224080267558528300e-08 8.549792411569133443e-03
1.234113712374581775e-08 1.183769725957335706e-02
1.244147157190635251e-08 7.391833955416705383e-03
1.254180602006688726e-08 6.859135072345843437e-03
1.264214046822742367e-08 1.215223779466343204e-02
1.274247491638795842e-08 1.004931241295958788e-02
1.284280936454849318e-08 6.072072871929914961e-03
1.294314381270902793e-08 7.805561042763813247e-03
1.304347826086956269e-08 1.286005331296867678e-02
1.314381270903009909e-08 6.376628454744211541e-03
1.324414715719063385e-08 5.066946564532158123e-03
1.334448160535116860e-08 1.005941676644397237e-02
1.344481605351170336e-08 8.717450681364919199e-03
1.354515050167223811e-08 1.287708708987156218e-02
1.364548494983277452e-08 6.408989804166919171e-03
1.374581939799330927e-08 8.681794059461683463e-03
1.384615384615384403e-08 9.199201213927818768e-03
1.394648829431437878e-08 3.813493799271976126e-03
1.404682274247491519e-08 4.090826369656041551e-03
1.414715719063544994e-08 5.500691845075128192e-03
1.424749163879598470e-08 6.919908554564349959e-03
1.434782608695651945e-08 4.669113872594436720e-03
1.444816053511705420e-08 5.952882587891261332e-03
1.454849498327759061e-08 7.988122611254682565e-03
1.464882943143812537e-08 6.194038865798427544e-03
1.474916387959866012e-08 1.363915246561768838e-02
1.484949832775919487e-08 1.287669624382390722e-02
1.494983277591973128e-08 9.030267715739424134e-03
1.505016722408026604e-08 7.236159618141091952e-03
1.515050167224080079e-08 1.447753453422092121e-02
1.525083612040133554e-08 1.486583703091731538e-02
1.535117056856187030e-08 1.616797813599335845e-02
1.545150501672240505e-08 9.776809880756078333e-03
1.555183946488293981e-08 5.771426800036547067e-03
1.565217391304347456e-08 7.146030164159392073e-04
1.575250836120401262e-08 9.448712051007680454e-03
1.585284280936454738e-08 8.357347488472806687e-03
1.595317725752508213e-08 9.252793540484900367e-03
1.605351170568561688e-08 8.587227303425669367e-03
1.615384615384615164e-08 2.372305282729509843e-03
1.625418060200668639e-08 1.725251325050805628e-03
1.635451505016722115e-08 -1.630059933284722616e-03
1.645484949832775590e-08 6.585280848377998925e-04
1.655518394648829065e-08 -7.313420162279970875e-06
1.665551839464882872e-08 1.321419978739356120e-02
1.675585284280936347e-08 7.555801425035708896e-03
1.685618729096989823e-08 1.099310034932282285e-02
1.695652173913043298e-08 2.470678175818717247e-03
1.705685618729096773e-08 3.586773586431835515e-03
1.715719063545150249e-08 5.761360743376867100e-03
1.725752508361203724e-08 4.966943727389167701e-03
1.735785953177257200e-08 2.879817075893793214e-04
1.745819397993310675e-08 4.511328863532327454e-03
1.755852842809364150e-08 8.950050216781892110e-03
1.765886287625417957e-08 6.873940853751214081e-03
1.775919732441471432e-08 1.434480890304211213e-02
1.785953177257524907e-08 1.076613386966419894e-02
1.795986622073578383e-08 1.371211134778571594e-02
1.806020066889631858e-08 9.309956693937138095e-03
1.816053511705685334e-08 9.688176101054225484e-03
1.826086956521738809e-08 2.267622492900483837e-03
1.836120401337792284e-08 3.710881709168774561e-03
1.846153846153845760e-08 3.182609579626042347e-03
1.856187290969899566e-08 4.343988647410240017e-03
1.866220735785953041e-08 1.568789313148443712e-03
1.876254180602006517e-08 3.534612713161054427e-03
1.886287625418059992e-08 4.317491255909709780e-03
1.896321070234113468e-08 5.147343130902580846e-03
1.906354515050166943e-08 6.885588163706848203e-03
1.916387959866220418e-08 5.112995399371378369e-03
1.926421404682273894e-08 5.588420799620980733e-03
1.936454849498327369e-08 9.000218814035230649e-03
1.946488294314380845e-08 1.198119249126766012e-02
1.956521739130434651e-08 5.396955337789603735e-03
1.966555183946488126e-08 9.578788177150484792e-03
1.976588628762541602e-08 -2.947999682195251653e-04
1.986622073578595077e-08 4.564381243820812666e-03
1.996655518394648553e-08 8.917678643680754594e-03
2.006688963210702028e-08 4.983005483262825143e-03
2.016722408026755503e-08 4.272634427209784022e-03
2.026755852842808979e-08 8.745278181898115052e-03
2.036789297658862454e-08 1.228866744022810015e-02
2.046822742474916260e-08 6.299683353746938358e-03
2.056856187290969736e-08 5.354003204534409782e-03
2.066889632107023211e-08 5.796792852981172070e-03
2.076923076923076687e-08 7.414326560435155478e-03
2.086956521739130162e-08 5.922129671039221520e-03
2.096989966555183637e-08 5.350678922735056103e-03
2.107023411371237113e-08 6.383184285451157583e-03
2.117056856187290588e-08 8.961305403260276872e-03
2.127090301003344064e-08 5.413042115893901968e-03
2.137123745819397539e-08 5.853937092322232354e-03
2.147157190635451345e-08 4.614866847238848976e-03
2.157190635451504821e-08 3.812395339865946257e-03
2.167224080267558296e-08 6.414818034473444147e-03
2.177257525083611771e-08 5.962221342524795173e-03
2.187290969899665247e-08 3.442262523737792471e-03
2.197324414715718722e-08 9.314097638839476459e-03
2.207357859531772198e-08 7.867662091818916278e-03
2.217391304347825673e-08 6.272216942950344272e-03
2.227424749163879148e-08 7.846453039328911416e-03
2.237458193979932955e-08 8.303836559552196881e-05
2.247491638795986430e-08 9.325634712179618410e-03
2.257525083612039905e-08 8.816389037674192755e-03
2.267558528428093381e-08 8.003876440567110617e-03
2.277591973244146856e-08 8.371294998089107500e-03
2.287625418060200332e-08 1.378151314325175465e-02
2.297658862876253807e-08 6.043509204911159081e-03
2.307692307692307282e-08 4.777085864603808178e-03
2.317725752508360758e-08 4.633972381453544190e-03
2.327759197324414233e-08 5.174965494399968134e-03
2.337792642140468040e-08 6.460007684040706272e-03
2.347826086956521515e-08 1.056280770545593196e-02
2.357859531772574990e-08 1.287271298459475612e-02
2.367892976588628466e-08 7.569332914137983856e-03
2.377926421404681941e-08 1.039904358457683850e-02
2.387959866220735417e-08 3.681182379449052765e-03
2.397993311036788892e-08 5.459858052178303070e-03
2.408026755852842367e-08 3.248070867596966962e-03
2.418060200668895843e-08 4.148683049485865290e-03
2.428093645484949649e-08 8.500459484594709986e-03
2.438127090301003124e-08 1.141363699495580655e-02
2.448160535117056600e-08 8.647804202582418109e-03
2.458193979933110075e-08 9.134091848538288677e-03
2.468227424749163551e-08 8.742385507065334252e-03
2.478260869565217026e-08 9.849142015798981881e-03
2.488294314381270501e-08 1.090988628643046673e-02
2.498327759197323977e-08 7.564133209327129209e-03
2.508361204013377452e-08 2.605511890787453374e-03
2.518394648829430928e-08 5.725555864426976407e-03
2.528428093645484734e-08 6.998333383913753029e-03
2.538461538461538209e-08 2.920081703736310264e-03
2.548494983277591685e-08 8.641180378778520743e-03
2.558528428093645160e-08 7.505872142146637581e-03
2.568561872909698635e-08 7.219426305445569153e-03
2.578595317725752111e-08 7.794674888065517525e-03
2.588628762541805586e-08 9.408549936449355985e-03
2.598662207357859062e-08 7.530241093296724531e-03
2.608695652173912537e-08 1.294337564472815630e-02
2.618729096989966343e-08 7.821741744295779633e-03
2.628762541806019819e-08 4.746999819901134843e-03
2.638795986622073294e-08 -3.294004035593055854e-04
2.648829431438126769e-08 -1.405618908110182076e-03
2.658862876254180245e-08 1.297218653108626364e-03
2.668896321070233720e-08 4.312720647116920734e-03
2.678929765886287196e-08 5.571542734550697686e-03
2.688963210702340671e-08 1.054492916948025945e-02
2.698996655518394146e-08 1.244889167902447566e-02
2.709030100334447622e-08 1.326012067118908719e-02
2.719063545150501428e-08 1.467184168129628472e-02
2.729096989966554904e-08 1.095030957644442006e-02
2.739130434782608379e-08 1.065842411474314348e-02
2.749163879598661854e-08 2.267903367728677302e-03
2.759197324414715330e-08 7.570707543363038895e-03
2.769230769230768805e-08 5.802270106507840738e-03
2.779264214046822281e-08 5.396355244145847885e-03
2.789297658862875756e-08 5.844295573280816267e-03
2.799331103678929231e-08 5.497830874994938041e-03
2.809364548494983038e-08 4.684859716781423697e-03
2.819397993311036513e-08 1.469785577095486344e-02
2.829431438127089988e-08 7.193984362379265973e-03
2.839464882943143464e-08 6.422095519895614467e-03
2.849498327759196939e-08 4.366702945597157083e-03
2.859531772575250415e-08 6.490197366019290030e-03
2.869565217391303890e-08 3.789581389693893673e-03
2.879598662207357365e-08 3.547219419789859884e-03
2.889632107023410841e-08 6.328342096322515757e-03
2.899665551839464316e-08 6.300521849559120001e-03
2.909698996655518122e-08 9.662979264139654953e-03
2.919732441471571598e-08 8.400563738863777233e-03
2.929765886287625073e-08 6.570104226293999386e-03
2.939799331103678549e-08 4.583390377620475374e-03
2.949832775919732024e-08 5.922287858578140912e-03
2.959866220735785499e-08 5.209570928180795417e-03
2.969899665551838975e-08 9.568908679365018335e-03
2.979933110367892450e-08 8.779983983900884262e-03
2.989966555183946256e-08 1.160650798262793416e-02
2.999999999999999732e-08 1.324815352941995789e-02
