0.000000000000000000e+00 9.999999999999995559e-01
1.003344481605351029e-10 2.052592902653120263e-02
2.006688963210702059e-10 -9.773055121860618061e-03
3.010033444816052959e-10 9.986097911908417904e-03
4.013377926421404118e-10 1.385294810972141806e-02
5.016722408026755277e-10 -7.988887081733843940e-04
6.020066889632105918e-10 4.716372106229205045e-03
7.023411371237457594e-10 9.607434150248736829e-03
8.026755852842808236e-10 3.096281503297977286e-03
9.030100334448158877e-10 3.819535398773021753e-03
1.003344481605351055e-09 8.548618245267867663e-03
1.103678929765886223e-09 7.339956403750801800e-03
1.204013377926421184e-09 -2.565559948123482745e-03
1.304347826086956351e-09 6.855573473279657007e-03
1.404682274247491519e-09 6.482942818372665859e-03
1.505016722408026480e-09 1.033282155340941623e-02
1.605351170568561647e-09 7.573087836361246800e-03
1.705685618729096815e-09 1.129955257776577189e-02
1.806020066889631775e-09 1.264609080551180702e-02
1.906354515050166943e-09 4.628732302416263891e-03
2.006688963210702111e-09 5.906519441094474146e-03
2.107023411371237278e-09 5.645883935696394476e-03
2.207357859531772446e-09 3.405175187669972747e-03
2.307692307692307200e-09 1.361001680068542677e-02
2.408026755852842367e-09 5.876290854122208016e-03
2.508361204013377535e-09 9.885754921122391972e-03
2.608695652173912702e-09 8.421647152770614722e-03
2.709030100334447870e-09 1.111009085201985873e-02
2.809364548494983038e-09 1.845433599585144177e-03
2.909698996655517792e-09 3.375030357953391971e-03
3.010033444816052959e-09 1.098054582959842769e-02
3.110367892976588127e-09 1.047433716748726040e-02
3.210702341137123294e-09 5.298483846083741795e-03
3.311036789297658462e-09 3.380328187758077901e-03
3.411371237458193629e-09 9.203454550715490373e-03
3.511705685618728797e-09 9.261318933553868912e-03
3.612040133779263551e-09 1.264125148358091234e-02
3.712374581939798719e-09 1.098925872262358772e-02
3.812709030100333886e-09 3.446155330094779860e-03
3.913043478260868640e-09 7.605804106796462162e-03
4.013377926421404221e-09 1.232641463090767588e-02
4.113712374581938975e-09 8.901371437503443132e-03
4.214046822742474556e-09 1.097752458180644049e-02
4.314381270903009310e-09 5.732817652426552314e-03
4.414715719063544892e-09 9.033304326333806145e-03
4.515050167224079646e-09 1.570539406602213320e-02
4.615384615384614399e-09 9.790986519937441845e-03
4.715719063545149981e-09 8.133226838180310225e-03
4.816053511705684735e-09 1.309857152680145645e-02
4.916387959866220316e-09 3.805137994682877833e-03
5.016722408026755070e-09 4.357354356830146942e-03
5.117056856187290651e-09 3.821744031232182388e-03
5.217391304347825405e-09 3.042105819505221305e-03
5.317725752508360159e-09 7.073214525802937191e-03
5.418060200668895740e-09 4.656004259482570892e-03
5.518394648829430494e-09 5.029670919969618688e-03
5.618729096989966075e-09 3.552747535574534137e-03
5.719063545150500829e-09 9.908894915911022061e-03
5.819397993311035583e-09 2.394749588423632572e-03
5.919732441471571164e-09 1.314616434021893127e-02
6.020066889632105918e-09 5.903949394951214444e-03
6.120401337792641499e-09 8.893728921686493236e-04
6.220735785953176253e-09 5.041695052004795986e-03
6.321070234113711835e-09 1.797828761181361010e-03
6.421404682274246589e-09 4.657313295351801774e-03
6.521739130434781343e-09 1.248043763295016498e-02
6.622073578595316924e-09 1.000189212015440039e-02
6.722408026755851678e-09 7.339302776286975478e-03
6.822742474916387259e-09 7.890917985920774605e-03
6.923076923076922013e-09 8.047248118396648289e-03
7.023411371237457594e-09 3.557281787882928849e-03
7.123745819397992348e-09 4.528578302483568692e-03
7.224080267558527102e-09 4.340593161329684216e-03
7.324414715719062683e-09 5.496532584173519607e-03
7.424749163879597437e-09 1.960250339392286163e-03
7.525083612040133018e-09 5.212388067605933095e-03
7.625418060200667772e-09 1.139160267607149286e-02
7.725752508361202526e-09 5.849298438203749499e-03
7.826086956521737280e-09 6.587886511256118433e-03
7.926421404682273689e-09 1.139555220669760151e-02
8.026755852842808442e-09 2.470205404205204087e-03
8.127090301003343196e-09 7.294963753770112094e-03
8.227424749163877950e-09 4.703889852391110980e-03
8.327759197324414359e-09 8.678024031389569223e-03
8.428093645484949113e-09 1.198842974832653278e-02
8.528428093645483867e-09 6.866526874145532401e-03
8.628762541806018621e-09 1.053545153393653337e-02
8.729096989966553375e-09 8.071611935969339596e-03
8.829431438127089783e-09 8.696259420816901745e-03
8.929765886287624537e-09 4.551711333826539280e-03
9.030100334448159291e-09 1.246597663709241889e-02
9.130434782608694045e-09 5.181224892347909873e-03
9.230769230769228799e-09 1.076190877576518531e-02
9.331103678929765207e-09 2.385561490456892999e-03
9.431438127090299961e-09 4.172914463082649274e-03
9.531772575250834715e-09 5.896017563622612048e-03
9.632107023411369469e-09 7.777115694895910154e-03
9.732441471571904223e-09 7.459470248502620554e-03
9.832775919732440632e-09 1.149075790559006723e-02
9.933110367892975386e-09 1.024788544666927967e-02
1.003344481605351014e-08 7.769178645315277625e-03
1.013377926421404489e-08 1.391788376827665132e-02
1.023411371237458130e-08 9.921520537183901173e-03
1.033444816053511606e-08 8.725041355564903262e-03
1.043478260869565081e-08 1.941707734949253347e-03
1.053511705685618556e-08 1.008301978832513816e-02
1.063545150501672032e-08 5.099601637990085722e-03
1.073578595317725673e-08 2.085329766821337246e-03
1.083612040133779148e-08 1.494148207541944919e-02
1.093645484949832623e-08 9.568091279689732234e-03
1.103678929765886099e-08 1.062466034383800773e-02
1.113712374581939574e-08 1.163535895059679241e-02
1.123745819397993215e-08 1.597701859569152817e-06
1.133779264214046690e-08 8.506323596530340411e-03
1.143812709030100166e-08 1.197469438813955796e-02
1.153846153846153641e-08 7.587686863551982262e-03
1.163879598662207117e-08 1.586247989936664590e-03
1.173913043478260757e-08 3.146399928806928748e-03
1.183946488294314233e-08 6.186130957445504577e-03
1.193979933110367708e-08 5.723541449221600415e-03
1.204013377926421184e-08 2.709849205056316396e-03
1.214046822742474824e-08 3.778292960447841853e-03
1.224080267558528300e-08 1.006471040446022501e-02
1.234113712374581775e-08 7.902613695456712356e-03
1.244147157190635251e-08 3.716103417931956518e-03
1.254180602006688726e-08 1.433423640273099806e-03
1.264214046822742367e-08 9.948155135301549670e-03
1.274247491638795842e-08 6.193469432506795193e-03
1.284280936454849318e-08 -1.728529328493926204e-03
1.294314381270902793e-08 1.513321705997603024e-02
1.304347826086956269e-08 5.330909543439480910e-03
1.314381270903009909e-08 7.987058165821939518e-03
1.324414715719063385e-08 9.555805636679567255e-03
1.334448160535116860e-08 1.479702899437716247e-02
1.344481605351170336e-08 5.355655114079731736e-03
1.354515050167223811e-08 3.217545188974377419e-03
1.364548494983277452e-08 4.661777565471365891e-04
1.374581939799330927e-08 6.924252420012072529e-03
1.384615384615384403e-08 8.240935139263789316e-03
1.394648829431437878e-08 1.303112935863343438e-02
1.404682274247491519e-08 5.682673583421761487e-03
1.414715719063544994e-08 9.265529765414115548e-03
1.424749163879598470e-08 6.101080871867407308e-03
1.434782608695651945e-08 9.074989613490673512e-03
1.444816053511705420e-08 7.524951078329544449e-03
1.454849498327759061e-08 3.516654233492709242e-03
1.464882943143812537e-08 9.199590081006719672e-04
1.474916387959866012e-08 6.513995170634501175e-03
1.484949832775919487e-08 1.061729650167947056e-02
1.494983277591973128e-08 1.277205374636775255e-02
1.505016722408026604e-08 1.198762050578079837e-02
1.515050167224080079e-08 3.874537615772823736e-03
1.525083612040133554e-08 5.653963619237197674e-03
1.535117056856187030e-08 -3.508629778301223037e-03
1.545150501672240505e-08 6.150886603753872792e-03
1.555183946488293981e-08 5.908192887447098925e-03
1.565217391304347456e-08 6.385823575371314502e-03
1.575250836120401262e-08 9.021087121064273739e-03
1.585284280936454738e-08 7.606981491239910367e-03
1.595317725752508213e-08 8.614045804336301418e-03
1.605351170568561688e-08 4.245443471244747871e-03
1.615384615384615164e-08 1.080659281914417291e-02
1.625418060200668639e-08 1.089725134765779681e-02
1.635451505016722115e-08 1.587298466927620708e-03
1.645484949832775590e-08 1.182270840004680072e-02
1.655518394648829065e-08 1.502218154955631095e-02
1.665551839464882872e-08 5.468392703467443890e-03
1.675585284280936347e-08 9.770590433595634228e-03
1.685618729096989823e-08 7.681655435378406845e-03
1.695652173913043298e-08 1.383557468548451659e-03
1.705685618729096773e-08 2.788732808762804053e-03
1.715719063545150249e-08 7.325190179411304910e-03
1.725752508361203724e-08 9.191345252709516578e-03
1.735785953177257200e-08 8.474202657254908608e-03
1.745819397993310675e-08 5.250928490374415746e-03
1.755852842809364150e-08 7.971950501662149538e-03
1.765886287625417957e-08 1.063587820506313800e-02
1.775919732441471432e-08 8.055090205416240434e-03
1.785953177257524907e-08 1.000892150789370848e-02
1.795986622073578383e-08 9.944722498969911853e-03
1.806020066889631858e-08 1.000369977479467765e-02
1.816053511705685334e-08 4.743236260208610368e-03
1.826086956521738809e-08 8.868165690854492439e-03
1.836120401337792284e-08 9.826442912461959625e-03
1.846153846153845760e-08 6.492791709321607020e-03
1.856187290969899566e-08 6.558878582038721664e-03
1.866220735785953041e-08 9.561259995480835688e-03
1.876254180602006517e-08 1.481990175347937646e-03
1.886287625418059992e-08 7.737841812642252612e-03
1.896321070234113468e-08 1.091616772475136575e-02
1.906354515050166943e-08 9.183197324677165943e-03
1.916387959866220418e-08 9.596462570839136424e-03
1.926421404682273894e-08 1.081468856866403365e-02
1.936454849498327369e-08 1.253274045721866625e-02
1.946488294314380845e-08 9.700240891951641617e-03
1.956521739130434651e-08 8.821999342107814807e-03
1.966555183946488126e-08 5.573922484385478160e-03
1.976588628762541602e-08 2.248168482918012044e-03
1.986622073578595077e-08 1.005158082870009038e-02
1.996655518394648553e-08 4.376152978293551543e-03
2.006688963210702028e-08 3.923523717112975713e-03
2.016722408026755503e-08 3.119283961019854879e-03
2.026755852842808979e-08 6.878370225491180386e-03
2.036789297658862454e-08 8.294750115673849011e-03
2.046822742474916260e-08 4.724914907724165128e-03
2.056856187290969736e-08 8.316902452366013720e-03
2.066889632107023211e-08 1.129766396600263671e-02
2.076923076923076687e-08 8.649845667214590625e-03
2.086956521739130162e-08 9.137921645850670058e-03
2.096989966555183637e-08 1.236285094277101738e-02
2.107023411371237113e-08 1.012752959559141269e-02
2.117056856187290588e-08 4.117631115895942218e-03
2.127090301003344064e-08 1.046339593419632827e-02
2.137123745819397539e-08 1.152565128782566395e-02
2.147157190635451345e-08 9.046357276654115945e-03
2.157190635451504821e-08 3.503233869798355864e-03
2.167224080267558296e-08 4.415217707647705117e-03
2.177257525083611771e-08 8.829014715637323318e-03
2.187290969899665247e-08 8.130579899122742163e-03
2.197324414715718722e-08 4.857069792988999435e-03
2.207357859531772198e-08 4.403258197822021089e-03
2.217391304347825673e-08 6.903007597921104188e-03
2.227424749163879148e-08 4.335743081080395411e-03
2.237458193979932955e-08 6.597446404749516755e-03
2.247491638795986430e-08 5.597420362604526786e-03
2.257525083612039905e-08 7.699631052855241201e-03
2.267558528428093381e-08 8.411031511134443167e-03
2.277591973244146856e-08 5.337894811370198604e-03
2.287625418060200332e-08 2.134711598089992102e-03
2.297658862876253807e-08 5.197333347000700904e-03
2.307692307692307282e-08 3.877809966971715663e-03
2.317725752508360758e-08 8.637085264017383551e-03
2.327759197324414233e-08 8.930880702911989447e-03
2.337792642140468040e-08 8.040632081301372566e-03
2.347826086956521515e-08 1.487158730634591600e-02
2.357859531772574990e-08 5.759539330951066183e-03
2.367892976588628466e-08 9.004384892359818676e-03
2.377926421404681941e-08 7.271066632215087214e-03
2.387959866220735417e-08 1.281612800458803436e-02
2.397993311036788892e-08 5.032482212974570719e-03
2.408026755852842367e-08 3.636107659778421534e-03
2.418060200668895843e-08 5.936368594854963057e-03
2.428093645484949649e-08 3.039258903437267248e-03
2.438127090301003124e-08 7.665081450241776825e-03
2.448160535117056600e-08 1.625872231188261238e-03
2.458193979933110075e-08 1.601696045626773302e-03
2.468227424749163551e-08 1.105087195335708282e-02
2.478260869565217026e-08 8.539284201852844619e-03
2.488294314381270501e-08 8.060474021238958273e-03
2.498327759197323977e-08 1.116607299845048806e-02
2.508361204013377452e-08 6.804451798288483483e-03
2.518394648829430928e-08 8.563373446570005793e-03
2.528428093645484734e-08 1.164936660438383766e-02
2.538461538461538209e-08 5.089631145742312159e-03
2.548494983277591685e-08 1.172557539364829128e-02
2.558528428093645160e-08 5.056704910728037662e-03
2.568561872909698635e-08 1.655840045925235232e-02
2.578595317725752111e-08 5.346066834838656551e-03
2.588628762541805586e-08 6.088079324906233575e-03
2.598662207357859062e-08 7.883363578618841211e-03
2.608695652173912537e-08 6.073081077969411448e-03
2.618729096989966343e-08 6.644272993133259336e-03
2.628762541806019819e-08 2.269576058567723733e-03
2.638795986622073294e-08 9.625831617161857701e-03
2.648829431438126769e-08 1.171988837824099357e-02
2.658862876254180245e-08 7.325474353423923161e-03
2.668896321070233720e-08 6.326107704495183628e-03
2.678929765886287196e-08 5.749089437721921839e-03
2.688963210702340671e-08 5.775545133244740746e-03
2.698996655518394146e-08 8.081534735513633966e-03
2.709030100334447622e-08 3.910085186520103825e-03
2.719063545150501428e-08 7.384664463563454101e-03
2.729096989966554904e-08 5.044955995271382075e-03
2.739130434782608379e-08 1.097351337920043739e-02
2.749163879598661854e-08 9.124541323298301226e-03
2.759197324414715330e-08 1.283838428290176581e-02
2.769230769230768805e-08 8.176276733041578509e-03
2.779264214046822281e-08 5.592013695867703582e-03
2.789297658862875756e-08 1.656803902324981755e-03
2.799331103678929231e-08 1.303173447537363423e-02
2.809364548494983038e-08 1.968697902792563084e-03
2.819397993311036513e-08 1.298662582728149842e-02
2.829431438127089988e-08 1.201690130541218163e-02
2.839464882943143464e-08 7.206624012351806226e-03
2.849498327759196939e-08 9.459842633866703474e-03
2.859531772575250415e-08 5.729563477384894653e-03
2.869565217391303890e-08 1.086317593283609231e-02
2.879598662207357365e-08 6.304838600009647978e-03
2.889632107023410841e-08 1.048491674625627416e-02
2.899665551839464316e-08 4.819025973171070856e-03
2.909698996655518122e-08 1.206306981644374686e-02
2.919732441471571598e-08 1.189467027482468339e-02
2.929765886287625073e-08 6.688837449142074655e-03
2.939799331103678549e-08 6.684921624145570215e-03
2.949832775919732024e-08 1.146649254780630900e-02
2.959866220735785499e-08 1.251485598602597709e-03
2.969899665551838975e-08 1.093218910436923735e-02
2.979933110367892450e-08 1.008293231188776319e-02
2.989966555183946256e-08 8.593409031531233991e-03
2.999999999999999732e-08 6.134047866335676918e-03
