0.000000000000000000e+00 9.999999999999995559e-01
1.003344481605351029e-10 9.824797673065374104e-01
2.006688963210702059e-10 9.335756734549289781e-01
3.010033444816052959e-10 8.629918315763754899e-01
4.013377926421404118e-10 7.832580936577232533e-01
5.016722408026755277e-10 7.059680630515732247e-01
6.020066889632105918e-10 6.389885849294054676e-01
7.023411371237457594e-10 5.855075179698626675e-01
8.026755852842808236e-10 5.448192523966244316e-01
9.030100334448158877e-10 5.140138214922110871e-01
1.003344481605351055e-09 4.895877232946866942e-01
1.103678929765886223e-09 4.683938538359916359e-01
1.204013377926421184e-09 4.479390186720348943e-01
1.304347826086956351e-09 4.264143202231230889e-01
1.404682274247491519e-09 4.028157501979359734e-01
1.505016722408026480e-09 3.771968435572035649e-01
1.605351170568561647e-09 3.507930455319479002e-01
1.705685618729096815e-09 3.257184489245752990e-01
1.806020066889631775e-09 3.041860652321770608e-01
1.906354515050166943e-09 2.875471595010868353e-01
2.006688963210702111e-09 2.756240638625686579e-01
2.107023411371237278e-09 2.666909683163886657e-01
2.207357859531772446e-09 2.581169371674742474e-01
2.307692307692307200e-09 2.473464882941513454e-01
2.408026755852842367e-09 2.327595168068732068e-01
2.508361204013377535e-09 2.140777266721217154e-01
2.608695652173912702e-09 1.922559153918294295e-01
2.709030100334447870e-09 1.690312950356776256e-01
2.809364548494983038e-09 1.463811650803349684e-01
2.909698996655517792e-09 1.260655356292825491e-01
3.010033444816052959e-09 1.093088579291655732e-01
3.110367892976588127e-09 9.660693578406379101e-02
3.210702341137123294e-09 8.765818807526264134e-02
3.311036789297658462e-09 8.145845810014684663e-02
3.411371237458193629e-09 7.659135407391537420e-02
3.511705685618728797e-09 7.166821809475712457e-02
3.612040133779263551e-09 6.577259518818581729e-02
3.712374581939798719e-09 5.872452890246526030e-02
3.812709030100333886e-09 5.104527944522441185e-02
3.913043478260868640e-09 4.364373524966395912e-02
4.013377926421404221e-09 3.737774357113810703e-02
4.113712374581938975e-09 3.268875088959453945e-02
4.214046822742474556e-09 2.944820284608190217e-02
4.314381270903009310e-09 2.703766090920883131e-02
4.414715719063544892e-09 2.458617367814201066e-02
4.515050167224079646e-09 2.125492620390985465e-02
4.615384615384614399e-09 1.648401454847711611e-02
4.715719063545149981e-09 1.015744032594653214e-02
4.816053511705684735e-09 2.664422338297962184e-03
4.916387959866220316e-09 -5.162937250390318977e-03
5.016722408026755070e-09 -1.224635446474168186e-02
5.117056856187290651e-09 -1.756400316437951512e-02
5.217391304347825405e-09 -2.047198206516858895e-02
5.317725752508360159e-09 -2.092024715972851806e-02
5.418060200668895740e-09 -1.946205035421689350e-02
5.518394648829430494e-09 -1.704189757074499323e-02
5.618729096989966075e-09 -1.465166116075283451e-02
5.719063545150500829e-09 -1.300548242099835647e-02
5.819397993311035583e-09 -1.236441933325151295e-02
5.919732441471571164e-09 -1.255606736507870747e-02
6.020066889632105918e-09 -1.313814007321602306e-02
6.120401337792641499e-09 -1.360498975280389003e-02
6.220735785953176253e-09 -1.355178660531472165e-02
6.321070234113711835e-09 -1.276582522311535406e-02
6.421404682274246589e-09 -1.126049325417050398e-02
6.521739130434781343e-09 -9.274394030927328447e-03
6.622073578595316924e-09 -7.233986166397650408e-03
6.722408026755851678e-09 -5.658256087517620284e-03
6.822742474916387259e-09 -4.998364410655816575e-03
6.923076923076922013e-09 -5.451338240690451094e-03
7.023411371237457594e-09 -6.829806359350693197e-03
7.123745819397992348e-09 -8.569491911666319087e-03
7.224080267558527102e-09 -9.900295682961132021e-03
7.324414715719062683e-09 -1.012309130565236179e-02
7.424749163879597437e-09 -8.873330748254949774e-03
7.525083612040133018e-09 -6.253064119811290247e-03
7.625418060200667772e-09 -2.775936140484038146e-03
7.725752508361202526e-09 8.416063001793847725e-04
7.826086956521737280e-09 3.944527983679595867e-03
7.926421404682273689e-09 6.149572012790712784e-03
8.026755852842808442e-09 7.432308020607346875e-03
8.127090301003343196e-09 8.082174342640883677e-03
8.227424749163877950e-09 8.565406923502171671e-03
8.327759197324414359e-09 9.355148889125055461e-03
8.428093645484949113e-09 1.078181583612907932e-02
8.528428093645483867e-09 1.293896242594997151e-02
8.628762541806018621e-09 1.566156043823594204e-02
8.729096989966553375e-09 1.857725205691239043e-02
8.829431438127089783e-09 2.121480838490457863e-02
8.929765886287624537e-09 2.313858649036660414e-02
9.030100334448159291e-09 2.406927933689733540e-02
9.130434782608694045e-09 2.395597090979598165e-02
9.230769230769228799e-09 2.298211862221330795e-02
9.331103678929765207e-09 2.151012014569666023e-02
9.431438127090299961e-09 1.998486270077544369e-02
9.531772575250834715e-09 1.882134237809571925e-02
9.632107023411369469e-09 1.829919513482284113e-02
9.732441471571904223e-09 1.848542039538794701e-02
9.832775919732440632e-09 1.920798052534493372e-02
9.933110367892975386e-09 2.010052909414569711e-02
1.003344481605351014e-08 2.072235990683133147e-02
1.013377926421404489e-08 2.072624215502279210e-02
1.023411371237458130e-08 2.001368262360753159e-02
1.033444816053511606e-08 1.880530416445715114e-02
1.043478260869565081e-08 1.757974315403929358e-02
1.053511705685618556e-08 1.689237440605627361e-02
1.063545150501672032e-08 1.714683401031054030e-02
1.073578595317725673e-08 1.842182548744651649e-02
1.083612040133779148e-08 2.043287462059478407e-02
1.093645484949832623e-08 2.264374840204932612e-02
1.103678929765886099e-08 2.447088969773355410e-02
1.113712374581939574e-08 2.548571013645068925e-02
1.123745819397993215e-08 2.553239186039189118e-02
1.133779264214046690e-08 2.473033703257406998e-02
1.143812709030100166e-08 2.338708640576699083e-02
1.153846153846153641e-08 2.187793927210422706e-02
1.163879598662207117e-08 2.054245763201717825e-02
1.173913043478260757e-08 1.961959473838733800e-02
1.183946488294314233e-08 1.921704223318920421e-02
1.193979933110367708e-08 1.930296261980263620e-02
1.204013377926421184e-08 1.971756092562699375e-02
1.214046822742474824e-08 2.021238778394617366e-02
1.224080267558528300e-08 2.052229750911399933e-02
1.234113712374581775e-08 2.045732712245950172e-02
1.244147157190635251e-08 1.998221472640741153e-02
1.254180602006688726e-08 1.924630336353793519e-02
1.264214046822742367e-08 1.854335870395997302e-02
1.274247491638795842e-08 1.821167030740189832e-02
1.284280936454849318e-08 1.851254067885010901e-02
1.294314381270902793e-08 1.953489744638616660e-02
1.304347826086956269e-08 2.116156529163850872e-02
1.314381270903009909e-08 2.310690878890109615e-02
1.324414715719063385e-08 2.500937920280545471e-02
1.334448160535116860e-08 2.654600771195171627e-02
1.344481605351170336e-08 2.753201838135416885e-02
1.354515050167223811e-08 2.797516420184350400e-02
1.364548494983277452e-08 2.806770604948554890e-02
1.374581939799330927e-08 2.811675648567785180e-02
1.384615384615384403e-08 2.843329395486966088e-02
1.394648829431437878e-08 2.921629286024690977e-02
1.404682274247491519e-08 3.047382982291245088e-02
1.414715719063544994e-08 3.201248269264529711e-02
1.424749163879598470e-08 3.350149107471118298e-02
1.434782608695651945e-08 3.458872988391505088e-02
1.444816053511705420e-08 3.502496174462332856e-02
1.454849498327759061e-08 3.475060278566046573e-02
1.464882943143812537e-08 3.391552654394916488e-02
1.474916387959866012e-08 3.282849142702696371e-02
1.484949832775919487e-08 3.185674281793795387e-02
1.494983277591973128e-08 3.130996237616878730e-02
1.505016722408026604e-08 3.134435274861017973e-02
1.515050167224080079e-08 3.191515276509997168e-02
1.525083612040133554e-08 3.279260242200638525e-02
1.535117056856187030e-08 3.363904440200442963e-02
1.545150501672240505e-08 3.412529810275412995e-02
1.555183946488293981e-08 3.404766952878270081e-02
1.565217391304347456e-08 3.340128213454043871e-02
1.575250836120401262e-08 3.237783896839253883e-02
1.585284280936454738e-08 3.128550265545194248e-02
1.595317725752508213e-08 3.042342861136572776e-02
1.605351170568561688e-08 2.996551314656964796e-02
1.615384615384615164e-08 2.990352751608600992e-02
1.625418060200668639e-08 3.006966702492605906e-02
1.635451505016722115e-08 3.021891050453362482e-02
1.645484949832775590e-08 3.012508835504129276e-02
1.655518394648829065e-08 2.964588155505920933e-02
1.665551839464882872e-08 2.873815135833505605e-02
1.675585284280936347e-08 2.743735734962548731e-02
1.685618729096989823e-08 2.583167365105431060e-02
1.695652173913043298e-08 2.405289165121546335e-02
1.705685618729096773e-08 2.228087321915913493e-02
1.715719063545150249e-08 2.073687242684769602e-02
1.725752508361203724e-08 1.964135547362925310e-02
1.735785953177257200e-08 1.913604536216870558e-02
1.745819397993310675e-08 1.920197386298477804e-02
1.755852842809364150e-08 1.962218031225143600e-02
1.765886287625417957e-08 2.002471341046360015e-02
1.775919732441471432e-08 2.000303781285842075e-02
1.785953177257524907e-08 1.926800413399235370e-02
1.795986622073578383e-08 1.776337145525920536e-02
1.806020066889631858e-08 1.568928814608878952e-02
1.816053511705685334e-08 1.341953628520575932e-02
1.826086956521738809e-08 1.134741059725997633e-02
1.836120401337792284e-08 9.727221120899687268e-03
1.846153846153845760e-08 8.578849758826277358e-03
1.856187290969899566e-08 7.693236700670498182e-03
1.866220735785953041e-08 6.732537225100084649e-03
1.876254180602006517e-08 5.380164153799385333e-03
1.886287625418059992e-08 3.478402686189596693e-03
1.896321070234113468e-08 1.099720053037863809e-03
1.906354515050166943e-08 -1.473388631764601959e-03
1.916387959866220418e-08 -3.848757352836368589e-03
1.926421404682273894e-08 -5.663905051406320501e-03
1.936454849498327369e-08 -6.710532106200585607e-03
1.946488294314380845e-08 -6.998863099469820534e-03
1.956521739130434651e-08 -6.742063401365048364e-03
1.966555183946488126e-08 -6.272541248195683157e-03
1.976588628762541602e-08 -5.926453446798686520e-03
1.986622073578595077e-08 -5.940557972788678559e-03
1.996655518394648553e-08 -6.395067054839506139e-03
2.006688963210702028e-08 -7.214175847035346999e-03
2.016722408026755503e-08 -8.213729090900628513e-03
2.026755852842808979e-08 -9.172425171465792629e-03
2.036789297658862454e-08 -9.901865601075324208e-03
2.046822742474916260e-08 -1.029771702553772608e-02
2.056856187290969736e-08 -1.036272282797780393e-02
2.066889632107023211e-08 -1.019829380727777478e-02
2.076923076923076687e-08 -9.965754908414566071e-03
2.086956521739130162e-08 -9.824436844058898055e-03
2.096989966555183637e-08 -9.862943036533025620e-03
2.107023411371237113e-08 -1.004820873846975875e-02
2.117056856187290588e-08 -1.021710072267912120e-02
2.127090301003344064e-08 -1.012230643606327335e-02
2.137123745819397539e-08 -9.520946358996843287e-03
2.147157190635451345e-08 -8.271807194562443358e-03
2.157190635451504821e-08 -6.398817492942027695e-03
2.167224080267558296e-08 -4.091377490039163102e-03
2.177257525083611771e-08 -1.641249466751873703e-03
2.187290969899665247e-08 6.544416155546868303e-04
2.197324414715718722e-08 2.580493565689149713e-03
2.207357859531772198e-08 4.046706204523839445e-03
2.217391304347825673e-08 5.078054802993349146e-03
2.227424749163879148e-08 5.769688262795871249e-03
2.237458193979932955e-08 6.236442972781077940e-03
2.247491638795986430e-08 6.579452538033379524e-03
2.257525083612039905e-08 6.874306658712131014e-03
2.267558528428093381e-08 7.170243639850363421e-03
2.277591973244146856e-08 7.487969002909189951e-03
2.287625418060200332e-08 7.813804518843696020e-03
2.297658862876253807e-08 8.099543655710975815e-03
2.307692307692307282e-08 8.279354325590564112e-03
2.317725752508360758e-08 8.304230134666695448e-03
2.327759197324414233e-08 8.178593011724643452e-03
2.337792642140468040e-08 7.975592096959745886e-03
2.347826086956521515e-08 7.815608984990176158e-03
2.357859531772574990e-08 7.813240927033062236e-03
2.367892976588628466e-08 8.018534682767629665e-03
2.377926421404681941e-08 8.384504150541613118e-03
2.387959866220735417e-08 8.779965298935177645e-03
2.397993311036788892e-08 9.042135267315943442e-03
2.408026755852842367e-08 9.042502195286804961e-03
2.418060200668895843e-08 8.734648791894387976e-03
2.428093645484949649e-08 8.165546909650241506e-03
2.438127090301003124e-08 7.452599138317815390e-03
2.448160535117056600e-08 6.743780034932054211e-03
2.458193979933110075e-08 6.179682749814187012e-03
2.468227424749163551e-08 5.866608487522917588e-03
2.478260869565217026e-08 5.858891015399197294e-03
2.488294314381270501e-08 6.145429281129626518e-03
2.498327759197323977e-08 6.641201777822935623e-03
2.508361204013377452e-08 7.192486222413314000e-03
2.518394648829430928e-08 7.605563319476784517e-03
2.528428093645484734e-08 7.699202486923945217e-03
2.538461538461538209e-08 7.366239640125392917e-03
2.548494983277591685e-08 6.619294944636464062e-03
2.558528428093645160e-08 5.598128797468815768e-03
2.568561872909698635e-08 4.531259706630642176e-03
2.578595317725752111e-08 3.664259517169516853e-03
2.588628762541805586e-08 3.181130210552856729e-03
2.598662207357859062e-08 3.147049758849151772e-03
2.608695652173912537e-08 3.491422465354907054e-03
2.618729096989966343e-08 4.035493047167154103e-03
2.628762541806019819e-08 4.554991341625952775e-03
2.638795986622073294e-08 4.858611529200584055e-03
2.648829431438126769e-08 4.858227210834631556e-03
2.658862876254180245e-08 4.607116747049570284e-03
2.668896321070233720e-08 4.289786020876767622e-03
2.678929765886287196e-08 4.162147437056275441e-03
2.688963210702340671e-08 4.460574977143204160e-03
2.698996655518394146e-08 5.314168001499613124e-03
2.709030100334447622e-08 6.696476929965213161e-03
2.719063545150501428e-08 8.436733581163756088e-03
2.729096989966554904e-08 1.028276417007416982e-02
2.739130434782608379e-08 1.198340616593722083e-02
2.749163879598661854e-08 1.335213017909753913e-02
2.759197324414715330e-08 1.428958514329049453e-02
2.769230769230768805e-08 1.477020042720154740e-02
2.779264214046822281e-08 1.481800342055589713e-02
2.789297658862875756e-08 1.449576519001090878e-02
2.799331103678929231e-08 1.391125623556752067e-02
2.809364548494983038e-08 1.322143893819187864e-02
2.819397993311036513e-08 1.260937871872348272e-02
2.829431438127089988e-08 1.222683113186435327e-02
2.839464882943143464e-08 1.212610258476580494e-02
2.849498327759196939e-08 1.222442129299623585e-02
2.859531772575250415e-08 1.233456260490541079e-02
2.869565217391303890e-08 1.225858839416582753e-02
2.879598662207357365e-08 1.189973416771633423e-02
2.889632107023410841e-08 1.132939660782653242e-02
2.899665551839464316e-08 1.076665728285734411e-02
2.909698996655518122e-08 1.047639259831521612e-02
2.919732441471571598e-08 1.063902171276980696e-02
2.929765886287625073e-08 1.126088121000567814e-02
2.939799331103678549e-08 1.216962937150448815e-02
2.949832775919732024e-08 1.309051919279760785e-02
2.959866220735785499e-08 1.375764829857113389e-02
2.969899665551838975e-08 1.400353970224461897e-02
2.979933110367892450e-08 1.379282762369598257e-02
2.989966555183946256e-08 1.320235558763139735e-02
2.999999999999999732e-08 1.237547285178165063e-02
