0.000000000000000000e+00 9.999999999999995559e-01
1.003344481605351029e-10 4.916535147046234289e-01
2.006688963210702059e-10 2.775219618656735165e-01
3.010033444816052959e-10 1.135285900046320157e-01
4.013377926421404118e-10 3.950844395459705838e-02
5.016722408026755277e-10 -9.155672479781429979e-03
6.020066889632105918e-10 -1.279996222018107803e-02
7.023411371237457594e-10 -5.859464683162497918e-03
8.026755852842808236e-10 6.572294211121283876e-03
9.030100334448158877e-10 2.337548461700898750e-02
1.003344481605351055e-09 2.016700044213701887e-02
1.103678929765886223e-09 2.262158543547647740e-02
1.204013377926421184e-09 1.927547374247107204e-02
1.304347826086956351e-09 1.928259741582840844e-02
1.404682274247491519e-09 2.894018693863091574e-02
1.505016722408026480e-09 3.145255807337692805e-02
1.605351170568561647e-09 3.078474314664644829e-02
1.705685618729096815e-09 2.506384586802221093e-02
1.806020066889631775e-09 1.882867390794702375e-02
1.906354515050166943e-09 2.909936271456488484e-03
2.006688963210702111e-09 -5.984783348325603200e-03
2.107023411371237278e-09 -9.820865224225306528e-03
2.207357859531772446e-09 6.094940692177894075e-04
2.307692307692307200e-09 7.777888931609825036e-03
2.408026755852842367e-09 8.704626411716237522e-03
2.508361204013377535e-09 6.033343537555382191e-03
2.608695652173912702e-09 3.316008278334049882e-03
2.709030100334447870e-09 4.252551769840844098e-03
2.809364548494983038e-09 1.472030777892707927e-02
2.909698996655517792e-09 1.172317444713833791e-02
3.010033444816052959e-09 1.367899601440447990e-02
3.110367892976588127e-09 1.132131617855935621e-02
3.210702341137123294e-09 5.924644400361743501e-03
3.311036789297658462e-09 2.497832461220773556e-03
3.411371237458193629e-09 4.541999225322859886e-04
3.511705685618728797e-09 -4.075649976326689832e-04
3.612040133779263551e-09 1.425738469311108817e-03
3.712374581939798719e-09 -6.676821251510396595e-04
3.812709030100333886e-09 -1.157299066358451374e-04
3.913043478260868640e-09 5.567262090438172481e-03
4.013377926421404221e-09 7.377762662731252204e-03
4.113712374581938975e-09 1.355251982442599173e-02
4.214046822742474556e-09 1.206722862095995288e-02
4.314381270903009310e-09 1.231039767421347568e-02
4.414715719063544892e-09 1.350979006015632158e-02
4.515050167224079646e-09 1.347533973318841560e-02
4.615384615384614399e-09 1.393120997436831862e-02
4.715719063545149981e-09 5.178911201243397398e-03
4.816053511705684735e-09 6.862822099263129159e-03
4.916387959866220316e-09 6.870272500790874232e-04
5.016722408026755070e-09 -2.762204711947420597e-04
5.117056856187290651e-09 -1.078690735427926877e-03
5.217391304347825405e-09 2.378572409018096540e-03
5.317725752508360159e-09 8.584854415745531153e-03
5.418060200668895740e-09 6.739795821420633583e-03
5.518394648829430494e-09 4.946112439624786999e-03
5.618729096989966075e-09 1.690668997283004821e-02
5.719063545150500829e-09 9.844272965779447132e-03
5.819397993311035583e-09 1.100486491659047154e-02
5.919732441471571164e-09 4.213688485224279315e-03
6.020066889632105918e-09 3.351676950719422073e-03
6.120401337792641499e-09 8.828656725699261798e-03
6.220735785953176253e-09 3.272860163612948542e-03
6.321070234113711835e-09 3.911502171289361895e-03
6.421404682274246589e-09 3.009277561580170693e-03
6.521739130434781343e-09 4.419725370430943948e-03
6.622073578595316924e-09 1.043590931503318373e-02
6.722408026755851678e-09 4.546497836662347081e-03
6.822742474916387259e-09 5.450895331124427229e-03
6.923076923076922013e-09 3.332365883068325388e-03
7.023411371237457594e-09 3.038375526712208414e-03
7.123745819397992348e-09 8.917804792671853165e-03
7.224080267558527102e-09 7.298877053309275886e-03
7.324414715719062683e-09 3.725786728030296233e-03
7.424749163879597437e-09 1.140156174073784015e-02
7.525083612040133018e-09 9.756515589411124401e-03
7.625418060200667772e-09 5.934175532099669748e-03
7.725752508361202526e-09 4.012572095254620871e-03
7.826086956521737280e-09 6.382164461287259324e-03
7.926421404682273689e-09 7.671027565329293328e-03
8.026755852842808442e-09 4.258338020030352777e-03
8.127090301003343196e-09 3.299504717710218926e-03
8.227424749163877950e-09 2.080825511584978062e-03
8.327759197324414359e-09 2.100883634378414386e-04
8.428093645484949113e-09 2.081968266371551132e-04
8.528428093645483867e-09 6.494677951615481643e-03
8.628762541806018621e-09 8.202651407126154010e-03
8.729096989966553375e-09 1.245591940574520586e-02
8.829431438127089783e-09 1.044819205367522770e-02
8.929765886287624537e-09 5.430421342953614672e-03
9.030100334448159291e-09 6.903783778021674138e-03
9.130434782608694045e-09 5.845163694664584110e-03
9.230769230769228799e-09 4.656891026200210212e-03
9.331103678929765207e-09 6.311755158419871461e-03
9.431438127090299961e-09 2.410941225853233463e-03
9.531772575250834715e-09 4.220349698023715193e-03
9.632107023411369469e-09 7.015260868230757847e-03
9.732441471571904223e-09 3.327898335924942084e-03
9.832775919732440632e-09 5.280748202935534735e-03
9.933110367892975386e-09 9.851432832441098936e-03
1.003344481605351014e-08 1.129671630070745378e-02
1.013377926421404489e-08 1.487105020646964718e-02
1.023411371237458130e-08 1.272071771775596521e-02
1.033444816053511606e-08 7.564426237548752333e-03
1.043478260869565081e-08 7.059285847999827689e-03
1.053511705685618556e-08 9.102116013654151100e-03
1.063545150501672032e-08 5.568627638430959613e-03
1.073578595317725673e-08 7.870683675473647348e-03
1.083612040133779148e-08 8.547400092877620661e-03
1.093645484949832623e-08 9.090570155810693415e-03
1.103678929765886099e-08 1.088348896954356194e-02
1.113712374581939574e-08 8.961179431476536464e-03
1.123745819397993215e-08 6.978184215245152554e-03
1.133779264214046690e-08 1.161674355917314411e-02
1.143812709030100166e-08 6.474276967358885866e-03
1.153846153846153641e-08 8.351037258163556895e-03
1.163879598662207117e-08 7.901769782893466529e-03
1.173913043478260757e-08 8.294242187760203500e-03
1.183946488294314233e-08 9.299363927139195005e-03
1.193979933110367708e-08 4.017265209859974782e-03
1.204013377926421184e-08 8.898649714677020484e-03
1.214046822742474824e-08 4.841268902616493834e-03
1.224080267558528300e-08 -3.649695531882882031e-03
1.234113712374581775e-08 -1.675366071276994905e-03
1.244147157190635251e-08 4.616477388202942789e-03
1.254180602006688726e-08 3.658384589259016349e-03
1.264214046822742367e-08 8.585682973355339767e-03
1.274247491638795842e-08 1.166213021817132274e-02
1.284280936454849318e-08 7.612164775947358707e-03
1.294314381270902793e-08 6.959022256046791012e-03
1.304347826086956269e-08 1.107145523971678550e-02
1.314381270903009909e-08 9.069614447925837195e-03
1.324414715719063385e-08 7.177933535361957947e-03
1.334448160535116860e-08 6.811084088242691167e-03
1.344481605351170336e-08 1.183573501947310889e-02
1.354515050167223811e-08 5.682469184564709758e-03
1.364548494983277452e-08 4.474393520090070089e-03
1.374581939799330927e-08 7.788751433952037506e-03
1.384615384615384403e-08 8.955568350095319610e-03
1.394648829431437878e-08 9.013370657015492074e-03
1.404682274247491519e-08 8.677599448880159855e-03
1.414715719063544994e-08 1.054689098386707609e-02
1.424749163879598470e-08 8.268271410464081775e-03
1.434782608695651945e-08 9.103670881487309699e-03
1.444816053511705420e-08 3.864573214145599310e-03
1.454849498327759061e-08 6.018933079326025531e-03
1.464882943143812537e-08 6.024872926306999547e-03
1.474916387959866012e-08 7.528112682721915458e-03
1.484949832775919487e-08 5.755386165040489443e-03
1.494983277591973128e-08 4.770320735339107082e-03
1.505016722408026604e-08 8.536462222746610956e-03
1.515050167224080079e-08 6.977821232760391193e-03
1.525083612040133554e-08 1.317949907452449498e-02
1.535117056856187030e-08 1.229194562712431632e-02
1.545150501672240505e-08 8.648217046543759876e-03
1.555183946488293981e-08 7.536563207704970006e-03
1.565217391304347456e-08 1.474061100354958666e-02
1.575250836120401262e-08 1.479031242533322341e-02
1.585284280936454738e-08 1.617831982650783096e-02
1.595317725752508213e-08 9.401959192660678741e-03
1.605351170568561688e-08 5.653278108476589119e-03
1.615384615384615164e-08 8.467543673714643220e-04
1.625418060200668639e-08 9.182737109476542259e-03
1.635451505016722115e-08 1.069202358588542713e-02
1.645484949832775590e-08 9.246392597078894118e-03
1.655518394648829065e-08 1.008377818394372988e-02
1.665551839464882872e-08 5.522931395733456442e-03
1.675585284280936347e-08 8.630132517014341489e-04
1.685618729096989823e-08 -3.360171349840611679e-03
1.695652173913043298e-08 -5.742266007714139000e-04
1.705685618729096773e-08 1.948912496652659664e-03
1.715719063545150249e-08 8.903988545167893301e-03
1.725752508361203724e-08 1.041882383742728443e-02
1.735785953177257200e-08 6.179557553977108562e-03
1.745819397993310675e-08 1.063234800997354609e-02
1.755852842809364150e-08 2.500727489555030309e-04
1.765886287625417957e-08 3.507405045290940167e-03
1.775919732441471432e-08 1.385148360634447110e-03
1.785953177257524907e-08 6.889237145270817389e-03
1.795986622073578383e-08 4.233867590856453490e-04
1.806020066889631858e-08 6.650129931163879793e-03
1.816053511705685334e-08 7.620827872029226763e-03
1.826086956521738809e-08 4.953546306656586053e-03
1.836120401337792284e-08 1.474332082494999967e-02
1.846153846153845760e-08 1.172768393851685367e-02
1.856187290969899566e-08 1.276589279652036793e-02
1.866220735785953041e-08 8.974892888292292092e-03
1.876254180602006517e-08 9.511570246782679802e-03
1.886287625418059992e-08 2.307167762354348211e-03
1.896321070234113468e-08 3.750678796083542748e-03
1.906354515050166943e-08 3.271967088579805141e-03
1.916387959866220418e-08 3.908392567556043945e-03
1.926421404682273894e-08 2.486322290683229234e-03
1.936454849498327369e-08 2.387834250834127477e-03
1.946488294314380845e-08 4.134827310428803096e-03
1.956521739130434651e-08 4.995905842038341101e-03
1.966555183946488126e-08 7.060671384150141519e-03
1.976588628762541602e-08 5.301933012534655598e-03
1.986622073578595077e-08 2.910210446556503027e-03
1.996655518394648553e-08 9.432494767261927204e-03
2.006688963210702028e-08 1.646631606597363795e-02
2.016722408026755503e-08 6.054376650196405599e-03
2.026755852842808979e-08 5.981398431721251380e-03
2.036789297658862454e-08 5.406343161932675688e-03
2.046822742474916260e-08 6.105448350184584753e-03
2.056856187290969736e-08 9.105932246189626586e-03
2.066889632107023211e-08 7.073122012855916248e-03
2.076923076923076687e-08 6.627616518333980140e-03
2.086956521739130162e-08 6.759686914487915074e-03
2.096989966555183637e-08 8.905744640989471730e-03
2.107023411371237113e-08 6.148576191139961712e-03
2.117056856187290588e-08 6.258959233411032393e-03
2.127090301003344064e-08 7.097863100427329909e-03
2.137123745819397539e-08 6.202864543006998514e-03
2.147157190635451345e-08 6.010291942126650203e-03
2.157190635451504821e-08 5.270125548976847124e-03
2.167224080267558296e-08 6.323341858501595886e-03
2.177257525083611771e-08 5.534130325258820697e-03
2.187290969899665247e-08 9.538745735637977133e-03
2.197324414715718722e-08 5.982801300557530517e-03
2.207357859531772198e-08 5.833125131653982623e-03
2.217391304347825673e-08 4.899077249983050698e-03
2.227424749163879148e-08 4.341027878719328978e-03
2.237458193979932955e-08 6.569790532467183891e-03
2.247491638795986430e-08 5.171713229782238033e-03
2.257525083612039905e-08 2.946417181984606858e-03
2.267558528428093381e-08 9.421977620620280644e-03
2.277591973244146856e-08 7.133136589038814243e-03
2.287625418060200332e-08 7.167215973715950969e-03
2.297658862876253807e-08 3.443722220608315225e-03
2.307692307692307282e-08 2.749389083147848502e-03
2.317725752508360758e-08 6.183529877997821257e-03
2.327759197324414233e-08 7.612403192344826923e-03
2.337792642140468040e-08 9.815682091091161576e-03
2.347826086956521515e-08 8.592456952418000421e-03
2.357859531772574990e-08 1.022025889423812742e-02
2.367892976588628466e-08 1.080521971507667628e-02
2.377926421404681941e-08 6.351926106144586970e-03
2.387959866220735417e-08 4.903289545240647682e-03
2.397993311036788892e-08 5.157006848658895332e-03
2.408026755852842367e-08 4.921757163876226519e-03
2.418060200668895843e-08 8.452750129436175514e-03
2.428093645484949649e-08 1.058414450874635079e-02
2.438127090301003124e-08 1.256112820993552509e-02
2.448160535117056600e-08 5.806495632492080471e-03
2.458193979933110075e-08 1.012474931901514649e-02
2.468227424749163551e-08 2.596659833501119112e-03
2.478260869565217026e-08 6.029563157217658967e-03
2.488294314381270501e-08 2.401955351140792547e-03
2.498327759197323977e-08 4.171036328474876133e-03
2.508361204013377452e-08 8.655173529336342500e-03
2.518394648829430928e-08 1.138501365020407746e-02
2.528428093645484734e-08 8.679485283529490489e-03
2.538461538461538209e-08 9.103780301034243225e-03
2.548494983277591685e-08 9.222798695159611232e-03
2.558528428093645160e-08 1.036281886534537976e-02
2.568561872909698635e-08 1.094445426554951049e-02
2.578595317725752111e-08 8.668200069106103689e-03
2.588628762541805586e-08 2.291451552874983113e-03
2.598662207357859062e-08 7.454116350396756963e-03
2.608695652173912537e-08 7.305634375692329763e-03
2.618729096989966343e-08 4.204706510712447921e-03
2.628762541806019819e-08 5.066541780433472114e-03
2.638795986622073294e-08 8.698967634795539208e-03
2.648829431438126769e-08 7.787384725742862134e-03
2.658862876254180245e-08 5.090928473355540301e-03
2.668896321070233720e-08 8.533507149850894785e-03
2.678929765886287196e-08 8.941313078554075783e-03
2.688963210702340671e-08 1.005034211522302413e-02
2.698996655518394146e-08 8.721936684076567539e-03
2.709030100334447622e-08 6.971499669121610475e-03
2.719063545150501428e-08 4.263302872440727365e-03
2.729096989966554904e-08 1.785299459564880682e-03
2.739130434782608379e-08 -4.041241511699862274e-03
2.749163879598661854e-08 8.125701908417647893e-04
2.759197324414715330e-08 5.782327484780736687e-03
2.769230769230768805e-08 8.564080295251659883e-03
2.779264214046822281e-08 8.945588305141754723e-03
2.789297658862875756e-08 1.118024555292119158e-02
2.799331103678929231e-08 1.290727649079493472e-02
2.809364548494983038e-08 1.466271391526742518e-02
2.819397993311036513e-08 1.104835306489715049e-02
2.829431438127089988e-08 1.063055358724210656e-02
2.839464882943143464e-08 2.264441079440111023e-03
2.849498327759196939e-08 7.754671782746790434e-03
2.859531772575250415e-08 5.624016173846553383e-03
2.869565217391303890e-08 6.170923322481109558e-03
2.879598662207357365e-08 4.216574262756143943e-03
2.889632107023410841e-08 5.182161818570126845e-03
2.899665551839464316e-08 4.649250083975911899e-03
2.909698996655518122e-08 1.312577847038971790e-02
2.919732441471571598e-08 8.961753946706721083e-03
2.929765886287625073e-08 6.166494162593478406e-03
2.939799331103678549e-08 8.024244032271265342e-03
2.949832775919732024e-08 4.877070297618169535e-03
2.959866220735785499e-08 6.888564377773226562e-03
2.969899665551838975e-08 4.086703336076523072e-03
2.979933110367892450e-08 3.409902672344875332e-03
2.989966555183946256e-08 9.733829549559435551e-03
2.999999999999999732e-08 7.093237761410986844e-03
