0.000000000000000000e+00 9.999999999999995559e-01
1.003344481605351029e-10 9.998296731236747670e-01
2.006688963210702059e-10 9.993190466514892956e-01
3.010033444816052959e-10 9.984691818111688377e-01
4.013377926421404118e-10 9.972818431792369598e-01
5.016722408026755277e-10 9.957594924967159145e-01
6.020066889632105918e-10 9.939052800514560637e-01
7.023411371237457594e-10 9.917230336671694069e-01
8.026755852842808236e-10 9.892172453503123020e-01
9.030100334448158877e-10 9.863930556567546137e-01
1.003344481605351055e-09 9.832562358506073963e-01
1.103678929765886223e-09 9.798131679376260728e-01
1.204013377926421184e-09 9.760708226652061725e-01
1.304347826086956351e-09 9.720367355900541018e-01
1.404682274247491519e-09 9.677189813231545923e-01
1.505016722408026480e-09 9.631261460695824672e-01
1.605351170568561647e-09 9.582672985879824301e-01
1.705685618729096815e-09 9.531519597011536282e-01
1.806020066889631775e-09 9.477900704950562583e-01
1.906354515050166943e-09 9.421919593487073641e-01
2.006688963210702111e-09 9.363683079418079203e-01
2.107023411371237278e-09 9.303301163905349780e-01
2.207357859531772446e-09 9.240886676647048770e-01
2.307692307692307200e-09 9.176554914414969399e-01
2.408026755852842367e-09 9.110423275520652675e-01
2.508361204013377535e-09 9.042610891776905468e-01
2.608695652173912702e-09 8.973238259516408410e-01
2.709030100334447870e-09 8.902426871216034820e-01
2.809364548494983038e-09 8.830298849254542004e-01
2.909698996655517792e-09 8.756976583302626960e-01
3.010033444816052959e-09 8.682582372808005378e-01
3.110367892976588127e-09 8.607238075994682047e-01
3.210702341137123294e-09 8.531064766745080075e-01
3.311036789297658462e-09 8.454182400676557574e-01
3.411371237458193629e-09 8.376709491660578877e-01
3.511705685618728797e-09 8.298762799963643744e-01
3.612040133779263551e-09 8.220457033114623169e-01
3.712374581939798719e-09 8.141904560523895995e-01
3.812709030100333886e-09 8.063215142795907564e-01
3.913043478260868640e-09 7.984495676589400404e-01
4.013377926421404221e-09 7.905849955788682992e-01
4.113712374581938975e-09 7.827378449655950643e-01
4.214046822742474556e-09 7.749178098538910264e-01
4.314381270903009310e-09 7.671342127610936146e-01
4.414715719063544892e-09 7.593959879022665893e-01
4.515050167224079646e-09 7.517116662745535471e-01
4.615384615384614399e-09 7.440893626289292184e-01
4.715719063545149981e-09 7.365367643377953577e-01
4.816053511705684735e-09 7.290611221572349532e-01
4.916387959866220316e-09 7.216692428733061382e-01
5.016722408026755070e-09 7.143674838125328996e-01
5.117056856187290651e-09 7.071617491878614548e-01
5.217391304347825405e-09 7.000574882427532675e-01
5.317725752508360159e-09 6.930596951479057743e-01
5.418060200668895740e-09 6.861729105973199960e-01
5.518394648829430494e-09 6.794012250431401556e-01
5.618729096989966075e-09 6.727482835018812057e-01
5.719063545150500829e-09 6.662172918584066128e-01
5.819397993311035583e-09 6.598110245883048730e-01
5.919732441471571164e-09 6.535318338142095396e-01
6.020066889632105918e-09 6.473816596070829377e-01
6.120401337792641499e-09 6.413620414396150604e-01
6.220735785953176253e-09 6.354741306956261937e-01
6.321070234113711835e-09 6.297187041367664495e-01
6.421404682274246589e-09 6.240961782258365176e-01
6.521739130434781343e-09 6.186066242047520980e-01
6.622073578595316924e-09 6.132497838244965749e-01
6.722408026755851678e-09 6.080250856243714086e-01
6.822742474916387259e-09 6.029316616584379229e-01
6.923076923076922013e-09 5.979683645682293269e-01
7.023411371237457594e-09 5.931337849025826170e-01
7.123745819397992348e-09 5.884262685877634791e-01
7.224080267558527102e-09 5.838439344539282372e-01
7.324414715719062683e-09 5.793846917273184349e-01
7.424749163879597437e-09 5.750462574014256756e-01
7.525083612040133018e-09 5.708261734046216063e-01
7.625418060200667772e-09 5.667218234864142001e-01
7.725752508361202526e-09 5.627304497495037028e-01
7.826086956521737280e-09 5.588491687601465641e-01
7.926421404682273689e-09 5.550749871749309783e-01
8.026755852842808442e-09 5.514048168279022111e-01
8.127090301003343196e-09 5.478354892279793109e-01
8.227424749163877950e-09 5.443637694227596580e-01
8.327759197324414359e-09 5.409863691910388184e-01
8.428093645484949113e-09 5.376999595326625858e-01
8.528428093645483867e-09 5.345011824306094006e-01
8.628762541806018621e-09 5.313866618664507824e-01
8.729096989966553375e-09 5.283530140764882699e-01
8.829431438127089783e-09 5.253968570419000894e-01
8.929765886287624537e-09 5.225148192120915303e-01
9.030100334448159291e-09 5.197035474661092502e-01
9.130434782608694045e-09 5.169597143223860769e-01
9.230769230769228799e-09 5.142800244122395226e-01
9.331103678929765207e-09 5.116612202373798102e-01
9.431438127090299961e-09 5.091000872361937102e-01
9.531772575250834715e-09 5.065934581877155063e-01
9.632107023411369469e-09 5.041382169859719431e-01
9.732441471571904223e-09 5.017313018207496533e-01
9.832775919732440632e-09 4.993697078037932502e-01
9.933110367892975386e-09 4.970504890819705257e-01
1.003344481605351014e-08 4.947707604810296922e-01
1.013377926421404489e-08 4.925276987252238392e-01
1.023411371237458130e-08 4.903185432792861453e-01
1.033444816053511606e-08 4.881405968599996648e-01
1.043478260869565081e-08 4.859912256649291384e-01
1.053511705685618556e-08 4.838678593657787519e-01
1.063545150501672032e-08 4.817679909133107397e-01
1.073578595317725673e-08 4.796891761998248738e-01
1.083612040133779148e-08 4.776290336238829815e-01
1.093645484949832623e-08 4.755852436002586114e-01
1.103678929765886099e-08 4.735555480560597053e-01
1.113712374581939574e-08 4.715377499515988613e-01
1.123745819397993215e-08 4.695297128619237981e-01
1.133779264214046690e-08 4.675293606519843048e-01
1.143812709030100166e-08 4.655346772752327889e-01
1.153846153846153641e-08 4.635437067220778973e-01
1.163879598662207117e-08 4.615545531410372715e-01
1.173913043478260757e-08 4.595653811517403931e-01
1.183946488294314233e-08 4.575744163651062069e-01
1.193979933110367708e-08 4.555799461221349822e-01
1.204013377926421184e-08 4.535803204588171877e-01
1.214046822742474824e-08 4.515739533007226414e-01
1.224080267558528300e-08 4.495593238869182162e-01
1.234113712374581775e-08 4.475349784190090219e-01
1.244147157190635251e-08 4.454995319273358234e-01
1.254180602006688726e-08 4.434516703427219264e-01
1.264214046822742367e-08 4.413901527586775453e-01
1.274247491638795842e-08 4.393138138656649816e-01
1.284280936454849318e-08 4.372215665359303061e-01
1.294314381270902793e-08 4.351124045345429736e-01
1.304347826086956269e-08 4.329854053296751659e-01
1.314381270903009909e-08 4.308397329728173575e-01
1.324414715719063385e-08 4.286746410175819588e-01
1.334448160535116860e-08 4.264894754440166080e-01
1.344481605351170336e-08 4.242836775539293726e-01
1.354515050167223811e-08 4.220567868016495416e-01
1.364548494983277452e-08 4.198084435238977341e-01
1.374581939799330927e-08 4.175383915320419748e-01
1.384615384615384403e-08 4.152464805299515005e-01
1.394648829431437878e-08 4.129326683209507687e-01
1.404682274247491519e-08 4.105970227680008078e-01
1.414715719063544994e-08 4.082397234721903967e-01
1.424749163879598470e-08 4.058610631359091947e-01
1.434782608695651945e-08 4.034614485786701121e-01
1.444816053511705420e-08 4.010414013754479701e-01
1.454849498327759061e-08 3.986015580895803656e-01
1.464882943143812537e-08 3.961426700747324725e-01
1.474916387959866012e-08 3.936656028231119708e-01
1.484949832775919487e-08 3.911713348400518986e-01
1.494983277591973128e-08 3.886609560281849007e-01
1.505016722408026604e-08 3.861356655677428695e-01
1.515050167224080079e-08 3.835967692829491682e-01
1.525083612040133554e-08 3.810456764880502667e-01
1.535117056856187030e-08 3.784838963101898046e-01
1.545150501672240505e-08 3.759130334900633863e-01
1.555183946488293981e-08 3.733347836650601215e-01
1.565217391304347456e-08 3.707509281433710169e-01
1.575250836120401262e-08 3.681633281813077030e-01
1.585284280936454738e-08 3.655739187797747425e-01
1.595317725752508213e-08 3.629847020194773011e-01
1.605351170568561688e-08 3.603977399579686436e-01
1.615384615384615164e-08 3.578151471150381457e-01
1.625418060200668639e-08 3.552390825761809756e-01
1.635451505016722115e-08 3.526717417469468763e-01
1.645484949832775590e-08 3.501153477938232506e-01
1.655518394648829065e-08 3.475721428099360355e-01
1.665551839464882872e-08 3.450443787462406653e-01
1.675585284280936347e-08 3.425343081509995558e-01
1.685618729096989823e-08 3.400441747621894550e-01
1.695652173913043298e-08 3.375762039990461427e-01
1.705685618729096773e-08 3.351325934002025164e-01
1.715719063545150249e-08 3.327155030568291760e-01
1.725752508361203724e-08 3.303270460898115601e-01
1.735785953177257200e-08 3.279692792203077190e-01
1.745819397993310675e-08 3.256441934830128226e-01
1.755852842809364150e-08 3.233537051311207722e-01
1.765886287625417957e-08 3.210996467813073685e-01
1.775919732441471432e-08 3.188837588460942118e-01
1.785953177257524907e-08 3.167076812996561519e-01
1.795986622073578383e-08 3.145729458215656416e-01
1.806020066889631858e-08 3.124809683610870192e-01
1.816053511705685334e-08 3.104330421624935110e-01
1.826086956521738809e-08 3.084303312894758342e-01
1.836120401337792284e-08 3.064738646840646785e-01
1.846153846153845760e-08 3.045645307926199141e-01
1.856187290969899566e-08 3.027030727883677219e-01
1.866220735785953041e-08 3.008900844167108346e-01
1.876254180602006517e-08 2.991260064861226975e-01
1.886287625418059992e-08 2.974111240238863640e-01
1.896321070234113468e-08 2.957455641122747614e-01
1.906354515050166943e-08 2.941292944170204038e-01
1.916387959866220418e-08 2.925621224161082945e-01
1.926421404682273894e-08 2.910436953330788890e-01
1.936454849498327369e-08 2.895735007751671364e-01
1.946488294314380845e-08 2.881508680727577487e-01
1.956521739130434651e-08 2.867749703128310568e-01
1.966555183946488126e-08 2.854448270553308631e-01
1.976588628762541602e-08 2.841593077177294591e-01
1.986622073578595077e-08 2.829171356095250278e-01
1.996655518394648553e-08 2.817168925949884439e-01
2.006688963210702028e-08 2.805570243592270807e-01
2.016722408026755503e-08 2.794358462495413198e-01
2.026755852842808979e-08 2.783515496611630446e-01
2.036789297658862454e-08 2.773022089337779383e-01
2.046822742474916260e-08 2.762857887227738174e-01
2.056856187290969736e-08 2.753001518069358999e-01
2.066889632107023211e-08 2.743430672923313218e-01
2.076923076923076687e-08 2.734122191704141391e-01
2.086956521739130162e-08 2.725052151869277739e-01
2.096989966555183637e-08 2.716195959770092427e-01
2.107023411371237113e-08 2.707528444209951202e-01
2.117056856187290588e-08 2.699023951748112382e-01
2.127090301003344064e-08 2.690656443284817900e-01
2.137123745819397539e-08 2.682399591462314992e-01
2.147157190635451345e-08 2.674226878418590192e-01
2.157190635451504821e-08 2.666111693435397889e-01
2.167224080267558296e-08 2.658027430029492599e-01
2.177257525083611771e-08 2.649947582045923400e-01
2.187290969899665247e-08 2.641845838324503037e-01
2.197324414715718722e-08 2.633696175525220284e-01
2.207357859531772198e-08 2.625472948715120713e-01
2.217391304347825673e-08 2.617150979337952155e-01
2.227424749163879148e-08 2.608705640208575094e-01
2.237458193979932955e-08 2.600112937196427110e-01
2.247491638795986430e-08 2.591349587286239653e-01
2.257525083612039905e-08 2.582393092729376449e-01
2.267558528428093381e-08 2.573221811025510064e-01
2.277591973244146856e-08 2.563815020501638009e-01
2.287625418060200332e-08 2.554152981283497881e-01
2.297658862876253807e-08 2.544216991482995405e-01
2.307692307692307282e-08 2.533989438454258836e-01
2.317725752508360758e-08 2.523453844999984375e-01
2.327759197324414233e-08 2.512594910438860629e-01
2.337792642140468040e-08 2.501398546473646567e-01
2.347826086956521515e-08 2.489851907827956012e-01
2.357859531772574990e-08 2.477943417647602287e-01
2.367892976588628466e-08 2.465662787689473778e-01
2.377926421404681941e-08 2.453001033347033399e-01
2.387959866220735417e-08 2.439950483586674213e-01
2.397993311036788892e-08 2.426504785893005556e-01
2.408026755852842367e-08 2.412658906343707887e-01
2.418060200668895843e-08 2.398409124955707683e-01
2.428093645484949649e-08 2.383753026463922287e-01
2.438127090301003124e-08 2.368689486711789971e-01
2.448160535117056600e-08 2.353218654848921176e-01
2.458193979933110075e-08 2.337341931545687812e-01
2.468227424749163551e-08 2.321061943447116915e-01
2.478260869565217026e-08 2.304382514099241053e-01
2.488294314381270501e-08 2.287308631589919372e-01
2.498327759197323977e-08 2.269846413153192854e-01
2.508361204013377452e-08 2.252003066991391800e-01
2.518394648829430928e-08 2.233786851572575893e-01
2.528428093645484734e-08 2.215207032662443454e-01
2.538461538461538209e-08 2.196273838349695195e-01
2.548494983277591685e-08 2.176998412321975440e-01
2.558528428093645160e-08 2.157392765646122812e-01
2.568561872909698635e-08 2.137469727301510025e-01
2.578595317725752111e-08 2.117242893708897733e-01
2.588628762541805586e-08 2.096726577489610999e-01
2.598662207357859062e-08 2.075935755680955730e-01
2.608695652173912537e-08 2.054886017623906713e-01
2.618729096989966343e-08 2.033593512728162633e-01
2.628762541806019819e-08 2.012074898308019166e-01
2.638795986622073294e-08 1.990347287669994303e-01
2.648829431438126769e-08 1.968428198620266467e-01
2.658862876254180245e-08 1.946335502546459595e-01
2.668896321070233720e-08 1.924087374214646651e-01
2.678929765886287196e-08 1.901702242408500054e-01
2.688963210702340671e-08 1.879198741523576965e-01
2.698996655518394146e-08 1.856595664215847930e-01
2.709030100334447622e-08 1.833911915189891662e-01
2.719063545150501428e-08 1.811166466198801950e-01
2.729096989966554904e-08 1.788378312314917173e-01
2.739130434782608379e-08 1.765566429518006242e-01
2.749163879598661854e-08 1.742749733635775011e-01
2.759197324414715330e-08 1.719947040660377291e-01
2.769230769230768805e-08 1.697177028454283643e-01
2.779264214046822281e-08 1.674458199849340745e-01
2.789297658862875756e-08 1.651808847134209890e-01
2.799331103678929231e-08 1.629247017917706264e-01
2.809364548494983038e-08 1.606790482348824101e-01
2.819397993311036513e-08 1.584456701668549572e-01
2.829431438127089988e-08 1.562262798063819291e-01
2.839464882943143464e-08 1.540225525790348549e-01
2.849498327759196939e-08 1.518361243528349447e-01
2.859531772575250415e-08 1.496685887933498493e-01
2.869565217391303890e-08 1.475214948344803212e-01
2.879598662207357365e-08 1.453963442611257983e-01
2.889632107023410841e-08 1.432945894000285103e-01
2.899665551839464316e-08 1.412176309152926856e-01
2.909698996655518122e-08 1.391668157053488342e-01
2.919732441471571598e-08 1.371434348984787444e-01
2.929765886287625073e-08 1.351487219444227894e-01
2.939799331103678549e-08 1.331838508000609822e-01
2.949832775919732024e-08 1.312499342076667574e-01
2.959866220735785499e-08 1.293480220647869883e-01
2.969899665551838975e-08 1.274790998853825574e-01
2.979933110367892450e-08 1.256440873524661550e-01
2.989966555183946256e-08 1.238438369630889130e-01
2.999999999999999732e-08 1.220791327671429116e-01
