0.000000000000000000e+00 9.999999999999995559e-01
1.003344481605351029e-10 9.998403268919520137e-01
2.006688963210702059e-10 9.993616188105578502e-01
3.010033444816052959e-10 9.985648084602792851e-01
4.013377926421404118e-10 9.974514469403999994e-01
5.016722408026755277e-10 9.960236986484272137e-01
6.020066889632105918e-10 9.942843341760210230e-01
7.023411371237457594e-10 9.922367212284337601e-01
8.026755852842808236e-10 9.898848136070044212e-01
9.030100334448158877e-10 9.872331383026312634e-01
1.003344481605351055e-09 9.842867807562573068e-01
1.103678929765886223e-09 9.810513683502404270e-01
1.204013377926421184e-09 9.775330522019741730e-01
1.304347826086956351e-09 9.737384873382591843e-01
1.404682274247491519e-09 9.696748113356494780e-01
1.505016722408026480e-09 9.653496215182904017e-01
1.605351170568561647e-09 9.607709508105771734e-01
1.705685618729096815e-09 9.559472423472876734e-01
1.806020066889631775e-09 9.508873229486420886e-01
1.906354515050166943e-09 9.456003755719877280e-01
2.006688963210702111e-09 9.400959108554909349e-01
2.107023411371237278e-09 9.343837378723298670e-01
2.207357859531772446e-09 9.284739342163728093e-01
2.307692307692307200e-09 9.223768155422420456e-01
2.408026755852842367e-09 9.161029046839446188e-01
2.508361204013377535e-09 9.096629004769308802e-01
2.608695652173912702e-09 9.030676464084956834e-01
2.709030100334447870e-09 8.963280992209030629e-01
2.809364548494983038e-09 8.894552975904450598e-01
2.909698996655517792e-09 8.824603310039180748e-01
3.010033444816052959e-09 8.753543089516722109e-01
3.110367892976588127e-09 8.681483305535051542e-01
3.210702341137123294e-09 8.608534547302513218e-01
3.311036789297658462e-09 8.534806710299801535e-01
3.411371237458193629e-09 8.460408712132726494e-01
3.511705685618728797e-09 8.385448216971610469e-01
3.612040133779263551e-09 8.310031369519750299e-01
3.712374581939798719e-09 8.234262539396112190e-01
3.812709030100333886e-09 8.158244076756452356e-01
3.913043478260868640e-09 8.082076079912761113e-01
4.013377926421404221e-09 8.005856175643806250e-01
4.113712374581938975e-09 7.929679312819793990e-01
4.214046822742474556e-09 7.853637569892421011e-01
4.314381270903009310e-09 7.777819976728059803e-01
4.414715719063544892e-09 7.702312351187047268e-01
4.515050167224079646e-09 7.627197150776420242e-01
4.615384615384614399e-09 7.552553339627395834e-01
4.715719063545149981e-09 7.478456270972704267e-01
4.816053511705684735e-09 7.404977585223432301e-01
4.916387959866220316e-09 7.332185123669854310e-01
5.016722408026755070e-09 7.260142857757413415e-01
5.117056856187290651e-09 7.188910833816677393e-01
5.217391304347825405e-09 7.118545133056209950e-01
5.317725752508360159e-09 7.049097846559477798e-01
5.418060200668895740e-09 6.980617064961870399e-01
5.518394648829430494e-09 6.913146882421817851e-01
5.618729096989966075e-09 6.846727414441304838e-01
5.719063545150500829e-09 6.781394829035786165e-01
5.819397993311035583e-09 6.717181390702180455e-01
5.919732441471571164e-09 6.654115516586366352e-01
6.020066889632105918e-09 6.592221844208426829e-01
6.120401337792641499e-09 6.531521310065330210e-01
6.220735785953176253e-09 6.472031238396638297e-01
6.321070234113711835e-09 6.413765439369399912e-01
6.421404682274246589e-09 6.356734315913830091e-01
6.521739130434781343e-09 6.300944978421439968e-01
6.622073578595316924e-09 6.246401366502416508e-01
6.722408026755851678e-09 6.193104376988857185e-01
6.822742474916387259e-09 6.141051997365064574e-01
6.923076923076922013e-09 6.090239443805633979e-01
7.023411371237457594e-09 6.040659303005966319e-01
7.123745819397992348e-09 5.992301676998503801e-01
7.224080267558527102e-09 5.945154330160901113e-01
7.324414715719062683e-09 5.899202837639516694e-01
7.424749163879597437e-09 5.854430734432799488e-01
7.525083612040133018e-09 5.810819664404190954e-01
7.625418060200667772e-09 5.768349528522670466e-01
7.725752508361202526e-09 5.726998631661052164e-01
7.826086956521737280e-09 5.686743827317040090e-01
7.926421404682273689e-09 5.647560659659834892e-01
8.026755852842808442e-09 5.609423502345238788e-01
8.127090301003343196e-09 5.572305693584580499e-01
8.227424749163877950e-09 5.536179666997070870e-01
8.327759197324414359e-09 5.501017077820827827e-01
8.428093645484949113e-09 5.466788924104883929e-01
8.528428093645483867e-09 5.433465662552210418e-01
8.628762541806018621e-09 5.401017318732228567e-01
8.729096989966553375e-09 5.369413591429835764e-01
8.829431438127089783e-09 5.338623950946426167e-01
8.929765886287624537e-09 5.308617731216508373e-01
9.030100334448159291e-09 5.279364215650785841e-01
9.130434782608694045e-09 5.250832716662923172e-01
9.230769230769228799e-09 5.222992648882164302e-01
9.331103678929765207e-09 5.195813596097440534e-01
9.431438127090299961e-09 5.169265372020113158e-01
9.531772575250834715e-09 5.143318074992042632e-01
9.632107023411369469e-09 5.117942136802835496e-01
9.732441471571904223e-09 5.093108365814840166e-01
9.832775919732440632e-09 5.068787984626429433e-01
9.933110367892975386e-09 5.044952662533349619e-01
1.003344481605351014e-08 5.021574543074021069e-01
1.013377926421404489e-08 4.998626266967798326e-01
1.023411371237458130e-08 4.976080990775161306e-01
1.033444816053511606e-08 4.953912401625336637e-01
1.043478260869565081e-08 4.932094728370324255e-01
1.053511705685618556e-08 4.910602749534246914e-01
1.063545150501672032e-08 4.889411798433730971e-01
1.073578595317725673e-08 4.868497765848364134e-01
1.083612040133779148e-08 4.847837100620553952e-01
1.093645484949832623e-08 4.827406808561036100e-01
1.103678929765886099e-08 4.807184450030324019e-01
1.113712374581939574e-08 4.787148136557222711e-01
1.123745819397993215e-08 4.767276526843809425e-01
1.133779264214046690e-08 4.747548822491635678e-01
1.143812709030100166e-08 4.727944763766873670e-01
1.153846153846153641e-08 4.708444625702786213e-01
1.163879598662207117e-08 4.689029214816242130e-01
1.173913043478260757e-08 4.669679866691683334e-01
1.183946488294314233e-08 4.650378444660658306e-01
1.193979933110367708e-08 4.631107339778462451e-01
1.204013377926421184e-08 4.611849472271481454e-01
1.214046822742474824e-08 4.592588294599983523e-01
1.224080267558528300e-08 4.573307796251420698e-01
1.234113712374581775e-08 4.553992510349161305e-01
1.244147157190635251e-08 4.534627522131162158e-01
1.254180602006688726e-08 4.515198479322660718e-01
1.264214046822742367e-08 4.495691604396779284e-01
1.274247491638795842e-08 4.476093708687213790e-01
1.284280936454849318e-08 4.456392208288185164e-01
1.294314381270902793e-08 4.436575141648727016e-01
1.304347826086956269e-08 4.416631188741482750e-01
1.314381270903009909e-08 4.396549691660557313e-01
1.324414715719063385e-08 4.376320676479004135e-01
1.334448160535116860e-08 4.355934876174137327e-01
1.344481605351170336e-08 4.335383754408481116e-01
1.354515050167223811e-08 4.314659529935739868e-01
1.364548494983277452e-08 4.293755201384982789e-01
1.374581939799330927e-08 4.272664572162241381e-01
1.384615384615384403e-08 4.251382275197178595e-01
1.394648829431437878e-08 4.229903797253372622e-01
1.404682274247491519e-08 4.208225502514118532e-01
1.414715719063544994e-08 4.186344655151648109e-01
1.424749163879598470e-08 4.164259440586144390e-01
1.434782608695651945e-08 4.141968985142061577e-01
1.444816053511705420e-08 4.119473373812905792e-01
1.454849498327759061e-08 4.096773665851769497e-01
1.464882943143812537e-08 4.073871907913635404e-01
1.474916387959866012e-08 4.050771144486400299e-01
1.484949832775919487e-08 4.027475425361010108e-01
1.494983277591973128e-08 4.003989809906535746e-01
1.505016722408026604e-08 3.980320367933720682e-01
1.515050167224080079e-08 3.956474176950020016e-01
1.525083612040133554e-08 3.932459315630524310e-01
1.535117056856187030e-08 3.908284853352147481e-01
1.545150501672240505e-08 3.883960835662852995e-01
1.555183946488293981e-08 3.859498265583435894e-01
1.565217391304347456e-08 3.834909080666157877e-01
1.575250836120401262e-08 3.810206125762217733e-01
1.585284280936454738e-08 3.785403121478383426e-01
1.595317725752508213e-08 3.760514628331999565e-01
1.605351170568561688e-08 3.735556006642658522e-01
1.615384615384615164e-08 3.710543372228022330e-01
1.625418060200668639e-08 3.685493548000298714e-01
1.635451505016722115e-08 3.660424011588541138e-01
1.645484949832775590e-08 3.635352839140048586e-01
1.655518394648829065e-08 3.610298645481496704e-01
1.665551839464882872e-08 3.585280520846802488e-01
1.675585284280936347e-08 3.560317964404009494e-01
1.685618729096989823e-08 3.535430814837360325e-01
1.695652173913043298e-08 3.510639178263265658e-01
1.705685618729096773e-08 3.485963353779585328e-01
1.715719063545150249e-08 3.461423756966758858e-01
1.725752508361203724e-08 3.437040841676379244e-01
1.735785953177257200e-08 3.412835020457943846e-01
1.745819397993310675e-08 3.388826583987383789e-01
1.755852842809364150e-08 3.365035619871822314e-01
1.765886287625417957e-08 3.341481931213324819e-01
1.775919732441471432e-08 3.318184955320582219e-01
1.785953177257524907e-08 3.295163682961112506e-01
1.795986622073578383e-08 3.272436578547878172e-01
1.806020066889631858e-08 3.250021501653068134e-01
1.816053511705685334e-08 3.227935630238223941e-01
1.826086956521738809e-08 3.206195385984007551e-01
1.836120401337792284e-08 3.184816362094565756e-01
1.846153846153845760e-08 3.163813253940946923e-01
1.856187290969899566e-08 3.143199792895157718e-01
1.866220735785953041e-08 3.122988683691649836e-01
1.876254180602006517e-08 3.103191545635967108e-01
1.886287625418059992e-08 3.083818857961501125e-01
1.896321070234113468e-08 3.064879909614646736e-01
1.906354515050166943e-08 3.046382753726291637e-01
1.916387959866220418e-08 3.028334167003824406e-01
1.926421404682273894e-08 3.010739614252622709e-01
1.936454849498327369e-08 2.993603218209636707e-01
1.946488294314380845e-08 2.976927734844296847e-01
1.956521739130434651e-08 2.960714534253729990e-01
1.966555183946488126e-08 2.944963587250373216e-01
1.976588628762541602e-08 2.929673457710661455e-01
1.986622073578595077e-08 2.914841300723798878e-01
1.996655518394648553e-08 2.900462866549793906e-01
2.006688963210702028e-08 2.886532510366184301e-01
2.016722408026755503e-08 2.873043207753409600e-01
2.026755852842808979e-08 2.859986575839678080e-01
2.036789297658862454e-08 2.847352899997743769e-01
2.046822742474916260e-08 2.835131165958277299e-01
2.056856187290969736e-08 2.823309097177769678e-01
2.066889632107023211e-08 2.811873197273220271e-01
2.076923076923076687e-08 2.800808797311403753e-01
2.086956521739130162e-08 2.790100107717466416e-01
2.096989966555183637e-08 2.779730274545994528e-01
2.107023411371237113e-08 2.769681439837752834e-01
2.117056856187290588e-08 2.759934805767035870e-01
2.127090301003344064e-08 2.750470702268160705e-01
2.137123745819397539e-08 2.741268657815049137e-01
2.147157190635451345e-08 2.732307473015293531e-01
2.157190635451504821e-08 2.723565296669495095e-01
2.167224080267558296e-08 2.715019703938139073e-01
2.177257525083611771e-08 2.706647776251805970e-01
2.187290969899665247e-08 2.698426182596154743e-01
2.197324414715718722e-08 2.690331261800809060e-01
2.207357859531772198e-08 2.682339105461074569e-01
2.217391304347825673e-08 2.674425641123219233e-01
2.227424749163879148e-08 2.666566715367898466e-01
2.237458193979932955e-08 2.658738176432040579e-01
2.247491638795986430e-08 2.650915956017219632e-01
2.257525083612039905e-08 2.643076149941946396e-01
2.267558528428093381e-08 2.635195097306553547e-01
2.277591973244146856e-08 2.627249457852117165e-01
2.287625418060200332e-08 2.619216287209230054e-01
2.297658862876253807e-08 2.611073109748156540e-01
2.307692307692307282e-08 2.602797988758944747e-01
2.317725752508360758e-08 2.594369593708269472e-01
2.327759197324414233e-08 2.585767264338979521e-01
2.337792642140468040e-08 2.576971071398450608e-01
2.347826086956521515e-08 2.567961873802719341e-01
2.357859531772574990e-08 2.558721372064832744e-01
2.367892976588628466e-08 2.549232157837794110e-01
2.377926421404681941e-08 2.539477759444771499e-01
2.387959866220735417e-08 2.529442683291655003e-01
2.397993311036788892e-08 2.519112451079552617e-01
2.408026755852842367e-08 2.508473632757189375e-01
2.418060200668895843e-08 2.497513875175306486e-01
2.428093645484949649e-08 2.486221926426977757e-01
2.438127090301003124e-08 2.474587655878980330e-01
2.448160535117056600e-08 2.462602069920076797e-01
2.458193979933110075e-08 2.450257323471978221e-01
2.468227424749163551e-08 2.437546727327871698e-01
2.478260869565217026e-08 2.424464751401557150e-01
2.488294314381270501e-08 2.411007023987395415e-01
2.498327759197323977e-08 2.397170327147316038e-01
2.508361204013377452e-08 2.382952588355993218e-01
2.518394648829430928e-08 2.368352868548935231e-01
2.528428093645484734e-08 2.353371346730590563e-01
2.538461538461538209e-08 2.338009301310568222e-01
2.548494983277591685e-08 2.322269088345739196e-01
2.558528428093645160e-08 2.306154116874252202e-01
2.568561872909698635e-08 2.289668821534377730e-01
2.578595317725752111e-08 2.272818632666576966e-01
2.588628762541805586e-08 2.255609944101291120e-01
2.598662207357859062e-08 2.238050078837688361e-01
2.608695652173912537e-08 2.220147252819983652e-01
2.618729096989966343e-08 2.201910537018053338e-01
2.628762541806019819e-08 2.183349818017907285e-01
2.638795986622073294e-08 2.164475757325184380e-01
2.648829431438126769e-08 2.145299749581376925e-01
2.658862876254180245e-08 2.125833879887847055e-01
2.668896321070233720e-08 2.106090880427145817e-01
2.678929765886287196e-08 2.086084086564633511e-01
2.688963210702340671e-08 2.065827392606015001e-01
2.698996655518394146e-08 2.045335207378325415e-01
2.709030100334447622e-08 2.024622409793121192e-01
2.719063545150501428e-08 2.003704304541286674e-01
2.729096989966554904e-08 1.982596578059053483e-01
2.739130434782608379e-08 1.961315254894626381e-01
2.749163879598661854e-08 1.939876654594345773e-01
2.759197324414715330e-08 1.918297349216622760e-01
2.769230769230768805e-08 1.896594121571135438e-01
2.779264214046822281e-08 1.874783924269990965e-01
2.789297658862875756e-08 1.852883839666887855e-01
2.799331103678929231e-08 1.830911040749775287e-01
2.809364548494983038e-08 1.808882753042275471e-01
2.819397993311036513e-08 1.786816217559163700e-01
2.829431438127089988e-08 1.764728654851696887e-01
2.839464882943143464e-08 1.742637230169502560e-01
2.849498327759196939e-08 1.720559019757204322e-01
2.859531772575250415e-08 1.698510978295993401e-01
2.869565217391303890e-08 1.676509907493050622e-01
2.879598662207357365e-08 1.654572425815025727e-01
2.889632107023410841e-08 1.632714939355867922e-01
2.899665551839464316e-08 1.610953613824027408e-01
2.909698996655518122e-08 1.589304347629601766e-01
2.919732441471571598e-08 1.567782746048246856e-01
2.929765886287625073e-08 1.546404096435723408e-01
2.939799331103678549e-08 1.525183344464736968e-01
2.949832775919732024e-08 1.504135071354285036e-01
2.959866220735785499e-08 1.483273472060965548e-01
2.969899665551838975e-08 1.462612334401718339e-01
2.979933110367892450e-08 1.442165019078096577e-01
2.989966555183946256e-08 1.421944440573477131e-01
2.999999999999999732e-08 1.401963048896504027e-01
