0.000000000000000000e+00 9.999999999999995559e-01
1.003344481605351029e-10 4.536376295957208343e-03
2.006688963210702059e-10 2.934041515056314518e-03
3.010033444816052959e-10 5.948592452937921486e-03
4.013377926421404118e-10 7.247104271788005168e-03
5.016722408026755277e-10 3.340912815835151307e-03
6.020066889632105918e-10 5.448339556755778593e-03
7.023411371237457594e-10 1.318556691913338325e-02
8.026755852842808236e-10 8.570032976390791132e-03
9.030100334448158877e-10 9.652400098740137810e-03
1.003344481605351055e-09 3.221808586974503775e-03
1.103678929765886223e-09 1.041484727454127651e-02
1.204013377926421184e-09 7.998758679438404753e-03
1.304347826086956351e-09 9.406798349360898787e-03
1.404682274247491519e-09 4.912405466683766181e-03
1.505016722408026480e-09 5.572101107487461950e-03
1.605351170568561647e-09 9.807006519228785024e-03
1.705685618729096815e-09 8.384151718829942895e-03
1.806020066889631775e-09 6.010574213849411568e-03
1.906354515050166943e-09 5.215443896245456484e-03
2.006688963210702111e-09 7.700115230307192152e-03
2.107023411371237278e-09 1.371853975116825441e-02
2.207357859531772446e-09 5.115189209528223785e-03
2.307692307692307200e-09 4.800108950895236662e-03
2.408026755852842367e-09 -2.418235315590753533e-04
2.508361204013377535e-09 1.271883807113907694e-02
2.608695652173912702e-09 6.847945807385410512e-03
2.709030100334447870e-09 1.285180094031329948e-02
2.809364548494983038e-09 1.390015631313762379e-02
2.909698996655517792e-09 1.246558543251902922e-03
3.010033444816052959e-09 4.008947499864094245e-03
3.110367892976588127e-09 8.934850912880246479e-03
3.210702341137123294e-09 1.341063583190780367e-02
3.311036789297658462e-09 1.287393822157366884e-02
3.411371237458193629e-09 6.995587094631490303e-03
3.511705685618728797e-09 4.718647259714325859e-03
3.612040133779263551e-09 9.325796881040151337e-03
3.712374581939798719e-09 8.403576143765431258e-03
3.812709030100333886e-09 1.088241535835978054e-02
3.913043478260868640e-09 1.277436859996420281e-02
4.013377926421404221e-09 9.754321428918287865e-03
4.113712374581938975e-09 9.839039705626587487e-03
4.214046822742474556e-09 9.430721781170105580e-03
4.314381270903009310e-09 9.201067404601597291e-03
4.414715719063544892e-09 1.293228345945453706e-03
4.515050167224079646e-09 1.347605556320456179e-02
4.615384615384614399e-09 9.545150402171366164e-03
4.715719063545149981e-09 1.144205501445603491e-02
4.816053511705684735e-09 7.162412011671422454e-03
4.916387959866220316e-09 4.624851321274298099e-03
5.016722408026755070e-09 2.500754373971454062e-03
5.117056856187290651e-09 7.882558964547505681e-03
5.217391304347825405e-09 1.138072133679036632e-02
5.317725752508360159e-09 5.356932875428346147e-03
5.418060200668895740e-09 1.128914187208087359e-02
5.518394648829430494e-09 4.964887729286168207e-03
5.618729096989966075e-09 3.285248538558742902e-03
5.719063545150500829e-09 4.090966590178999988e-03
5.819397993311035583e-09 8.572084661835005850e-03
5.919732441471571164e-09 8.212471449441396260e-03
6.020066889632105918e-09 9.927666483256002844e-03
6.120401337792641499e-09 1.111931668587376638e-02
6.220735785953176253e-09 9.451749180663352942e-03
6.321070234113711835e-09 7.625684682032496213e-03
6.421404682274246589e-09 1.295185371846222649e-02
6.521739130434781343e-09 1.007857127327345913e-02
6.622073578595316924e-09 1.411087770049486260e-02
6.722408026755851678e-09 4.718996924811025111e-03
6.822742474916387259e-09 1.091704606964463004e-02
6.923076923076922013e-09 3.575140093914167764e-03
7.023411371237457594e-09 8.569365286555337413e-03
7.123745819397992348e-09 9.075244215208354281e-03
7.224080267558527102e-09 5.363350520902696213e-03
7.324414715719062683e-09 1.665085739900867140e-02
7.424749163879597437e-09 5.068644387478836097e-03
7.525083612040133018e-09 3.489553352484801169e-03
7.625418060200667772e-09 5.001226043489520254e-03
7.725752508361202526e-09 4.830281326216172635e-03
7.826086956521737280e-09 7.900802509219252007e-03
7.926421404682273689e-09 8.321453106074114259e-03
8.026755852842808442e-09 1.129627373124248227e-02
8.127090301003343196e-09 1.112645773616979458e-02
8.227424749163877950e-09 -1.691372723549801468e-03
8.327759197324414359e-09 1.060177443310660224e-02
8.428093645484949113e-09 4.187485579646167341e-03
8.528428093645483867e-09 9.112744432852567036e-03
8.628762541806018621e-09 2.510230675617579690e-03
8.729096989966553375e-09 1.125525819028298444e-02
8.829431438127089783e-09 1.069246187891649894e-02
8.929765886287624537e-09 9.915474491753142189e-03
9.030100334448159291e-09 9.222672228970693435e-05
9.130434782608694045e-09 1.381139092086041548e-02
9.230769230769228799e-09 9.000136808737823832e-03
9.331103678929765207e-09 9.678223726282532066e-03
9.431438127090299961e-09 6.578184919239359919e-03
9.531772575250834715e-09 3.423035012822671797e-03
9.632107023411369469e-09 1.514530232679167209e-03
9.732441471571904223e-09 1.221912121292790913e-02
9.832775919732440632e-09 7.961561167157720637e-03
9.933110367892975386e-09 6.047238127366512221e-03
1.003344481605351014e-08 2.548921621747536267e-03
1.013377926421404489e-08 1.281232417651018574e-03
1.023411371237458130e-08 6.425465615065453426e-03
1.033444816053511606e-08 4.975152958816417802e-03
1.043478260869565081e-08 8.919035776218267250e-03
1.053511705685618556e-08 1.088156544628201237e-02
1.063545150501672032e-08 9.416734065591183048e-03
1.073578595317725673e-08 1.067803356917080594e-02
1.083612040133779148e-08 4.601824588708782263e-03
1.093645484949832623e-08 7.335728983645562265e-03
1.103678929765886099e-08 5.683374583754986125e-04
1.113712374581939574e-08 5.310885818881725014e-03
1.123745819397993215e-08 1.849502014439542708e-03
1.133779264214046690e-08 1.072573398325831796e-02
1.143812709030100166e-08 5.706072286919166778e-03
1.153846153846153641e-08 4.177739480321033573e-03
1.163879598662207117e-08 1.026173621356613747e-02
1.173913043478260757e-08 8.980704446609840200e-03
1.183946488294314233e-08 6.313418123554119521e-03
1.193979933110367708e-08 1.205738388431537925e-02
1.204013377926421184e-08 1.193433991622147063e-02
1.214046822742474824e-08 8.040322742373883641e-03
1.224080267558528300e-08 6.170805243677921284e-03
1.234113712374581775e-08 1.022804430455795388e-02
1.244147157190635251e-08 4.157798733291643428e-03
1.254180602006688726e-08 4.070776326179031609e-03
1.264214046822742367e-08 1.322987036368005083e-02
1.274247491638795842e-08 2.747719174230518497e-03
1.284280936454849318e-08 5.795124320239179380e-03
1.294314381270902793e-08 2.675622544094498519e-03
1.304347826086956269e-08 3.066678951979437753e-03
1.314381270903009909e-08 9.382377002777185504e-03
1.324414715719063385e-08 4.979401872797826686e-03
1.334448160535116860e-08 9.608813508817863613e-03
1.344481605351170336e-08 -9.819865564070361270e-04
1.354515050167223811e-08 6.200294278242292345e-03
1.364548494983277452e-08 6.615958297957660189e-03
1.374581939799330927e-08 8.547642441898879728e-03
1.384615384615384403e-08 5.888176440500506904e-03
1.394648829431437878e-08 1.020310425412741286e-02
1.404682274247491519e-08 7.075382748195742193e-03
1.414715719063544994e-08 3.737976351816715576e-03
1.424749163879598470e-08 9.643190958916422230e-04
1.434782608695651945e-08 1.598732736094302109e-02
1.444816053511705420e-08 7.053557430993746130e-03
1.454849498327759061e-08 1.182719063901169557e-02
1.464882943143812537e-08 1.002848248941307432e-02
1.474916387959866012e-08 1.349036474527216811e-02
1.484949832775919487e-08 8.754447813817083437e-03
1.494983277591973128e-08 7.783580166776306319e-03
1.505016722408026604e-08 4.069855703644086400e-03
1.515050167224080079e-08 8.601035065338958133e-03
1.525083612040133554e-08 5.866289245078178463e-03
1.535117056856187030e-08 8.984173222502831943e-03
1.545150501672240505e-08 3.625989376063830719e-03
1.555183946488293981e-08 5.140928938702459851e-03
1.565217391304347456e-08 7.773287284684716157e-03
1.575250836120401262e-08 5.430660525235456171e-03
1.585284280936454738e-08 1.248491888835196600e-02
1.595317725752508213e-08 1.342507003015301625e-02
1.605351170568561688e-08 3.269850531382611017e-03
1.615384615384615164e-08 8.118102120717772888e-03
1.625418060200668639e-08 3.427115195520525227e-03
1.635451505016722115e-08 5.634467969720671592e-03
1.645484949832775590e-08 1.258096019884052778e-02
1.655518394648829065e-08 7.757980756831427648e-03
1.665551839464882872e-08 9.132597114715057876e-03
1.675585284280936347e-08 1.091580522381570273e-02
1.685618729096989823e-08 4.486434291378752805e-03
1.695652173913043298e-08 8.358928444827194021e-03
1.705685618729096773e-08 1.000684270135169911e-02
1.715719063545150249e-08 1.009457463425578183e-02
1.725752508361203724e-08 1.025335530894062354e-02
1.735785953177257200e-08 3.898683847021600438e-03
1.745819397993310675e-08 5.850088471992588059e-03
1.755852842809364150e-08 1.215700970054127417e-02
1.765886287625417957e-08 5.395651408704600985e-03
1.775919732441471432e-08 8.976783235603268130e-03
1.785953177257524907e-08 3.243968731825348870e-03
1.795986622073578383e-08 9.076827859586973635e-03
1.806020066889631858e-08 7.345534130359215527e-03
1.816053511705685334e-08 4.527342880761633936e-04
1.826086956521738809e-08 1.076594824836691472e-02
1.836120401337792284e-08 6.981216809294090234e-03
1.846153846153845760e-08 7.065593785870090578e-03
1.856187290969899566e-08 1.346892940864027020e-02
1.866220735785953041e-08 7.988436356107846137e-03
1.876254180602006517e-08 8.891433274895646846e-03
1.886287625418059992e-08 9.473039991361772993e-03
1.896321070234113468e-08 6.709609380598309872e-03
1.906354515050166943e-08 3.068714831455763344e-03
1.916387959866220418e-08 5.410659854569239979e-03
1.926421404682273894e-08 6.989076709289401834e-03
1.936454849498327369e-08 2.698990514375540928e-03
1.946488294314380845e-08 1.137201024557564152e-02
1.956521739130434651e-08 7.505227612212284072e-03
1.966555183946488126e-08 1.161574780736808477e-02
1.976588628762541602e-08 8.420782235800930784e-03
1.986622073578595077e-08 8.117796229909112621e-03
1.996655518394648553e-08 7.019129606736688488e-03
2.006688963210702028e-08 9.401975069930767689e-03
2.016722408026755503e-08 5.871527559321335424e-03
2.026755852842808979e-08 8.906034079513805435e-03
2.036789297658862454e-08 8.027102712062816198e-03
2.046822742474916260e-08 1.496646186104779591e-02
2.056856187290969736e-08 7.287009866219324242e-03
2.066889632107023211e-08 1.070928038514755085e-02
2.076923076923076687e-08 6.505262972120192874e-03
2.086956521739130162e-08 1.164135119161799001e-02
2.096989966555183637e-08 6.342406556256129785e-03
2.107023411371237113e-08 9.911337134602812501e-03
2.117056856187290588e-08 1.030772518687577202e-02
2.127090301003344064e-08 8.379639229747515641e-03
2.137123745819397539e-08 7.450966926255104573e-03
2.147157190635451345e-08 1.216669894503511276e-02
2.157190635451504821e-08 1.385681423189838793e-03
2.167224080267558296e-08 6.790021862807182722e-03
2.177257525083611771e-08 9.005036891085841516e-03
2.187290969899665247e-08 7.550905837856072833e-03
2.197324414715718722e-08 1.348749571475301411e-02
2.207357859531772198e-08 5.301236247410560758e-03
2.217391304347825673e-08 7.723506285257911684e-03
2.227424749163879148e-08 5.165300689606602998e-03
2.237458193979932955e-08 8.202071361677984451e-03
2.247491638795986430e-08 9.965843771856332592e-03
2.257525083612039905e-08 7.728651674076096600e-03
2.267558528428093381e-08 3.878412274060670777e-03
2.277591973244146856e-08 9.455570741498992363e-03
2.287625418060200332e-08 1.159006284592443287e-02
2.297658862876253807e-08 -1.668535302585402117e-04
2.307692307692307282e-08 1.431798652461751913e-02
2.317725752508360758e-08 9.968803336421160066e-03
2.327759197324414233e-08 9.950923801363441290e-03
2.337792642140468040e-08 5.455254206147426045e-03
2.347826086956521515e-08 8.436622118190703276e-03
2.357859531772574990e-08 5.976412677318581820e-03
2.367892976588628466e-08 8.108869081145485616e-03
2.377926421404681941e-08 4.867422618976823510e-03
2.387959866220735417e-08 1.045644784462516387e-02
2.397993311036788892e-08 6.348733393358714158e-03
2.408026755852842367e-08 8.673955407300416171e-03
2.418060200668895843e-08 1.211989453254647305e-02
2.428093645484949649e-08 1.089397005677713963e-02
2.438127090301003124e-08 6.512212568265505694e-03
2.448160535117056600e-08 7.777175531249911136e-03
2.458193979933110075e-08 3.139111917122876759e-03
2.468227424749163551e-08 8.081340821079904813e-03
2.478260869565217026e-08 4.641424936257543613e-03
2.488294314381270501e-08 1.485010174190137724e-03
2.498327759197323977e-08 8.449628191571639454e-03
2.508361204013377452e-08 1.207848074450281958e-02
2.518394648829430928e-08 7.726341492405231458e-03
2.528428093645484734e-08 5.897408971427329019e-03
2.538461538461538209e-08 8.140510195277219849e-03
2.548494983277591685e-08 7.051667145723322042e-04
2.558528428093645160e-08 1.315261886292652845e-02
2.568561872909698635e-08 6.651004420911620953e-03
2.578595317725752111e-08 4.112676597185689793e-03
2.588628762541805586e-08 8.334498983979794426e-03
2.598662207357859062e-08 8.627227649169384380e-03
2.608695652173912537e-08 8.142732819262022553e-03
2.618729096989966343e-08 -2.047664257510253610e-04
2.628762541806019819e-08 1.093402223296868585e-02
2.638795986622073294e-08 1.763267604085191811e-03
2.648829431438126769e-08 1.021190778332688003e-02
2.658862876254180245e-08 1.082909631451325905e-02
2.668896321070233720e-08 2.907497615943387213e-03
2.678929765886287196e-08 8.324160564745998817e-03
2.688963210702340671e-08 2.641509578771703524e-03
2.698996655518394146e-08 1.145123977683559433e-02
2.709030100334447622e-08 4.568004098813189043e-03
2.719063545150501428e-08 4.628207885833368965e-03
2.729096989966554904e-08 3.804074055825139820e-03
2.739130434782608379e-08 1.269620046636888225e-02
2.749163879598661854e-08 7.279028718067750113e-03
2.759197324414715330e-08 7.646408520505839756e-04
2.769230769230768805e-08 5.690779951308403556e-03
2.779264214046822281e-08 9.745485627170365900e-03
2.789297658862875756e-08 8.673681107963186060e-04
2.799331103678929231e-08 5.677488649322344656e-03
2.809364548494983038e-08 1.607280302790887322e-02
2.819397993311036513e-08 1.076460736480445816e-02
2.829431438127089988e-08 1.097560228936182887e-02
2.839464882943143464e-08 8.482979992931327304e-03
2.849498327759196939e-08 1.361913145714890166e-02
2.859531772575250415e-08 3.754268029762591538e-03
2.869565217391303890e-08 9.527705292736898118e-03
2.879598662207357365e-08 5.044272966763224848e-03
2.889632107023410841e-08 8.040007723886397062e-03
2.899665551839464316e-08 1.398880425613266247e-02
2.909698996655518122e-08 4.986180411631424905e-03
2.919732441471571598e-08 7.528452203590408134e-03
2.929765886287625073e-08 4.222277671767435056e-03
2.939799331103678549e-08 4.546770886796277361e-03
2.949832775919732024e-08 8.071138106579354987e-03
2.959866220735785499e-08 8.062996560769194326e-03
2.969899665551838975e-08 2.927656119998828851e-03
2.979933110367892450e-08 9.866590107689912278e-03
2.989966555183946256e-08 2.861836924452621639e-03
2.999999999999999732e-08 1.071229489774157446e-02
