0.000000000000000000e+00 9.999999999999995559e-01
1.003344481605351029e-10 5.064674456773463618e-01
2.006688963210702059e-10 2.939677396229424255e-01
3.010033444816052959e-10 1.493398221432633843e-01
4.013377926421404118e-10 5.756895044273795115e-02
5.016722408026755277e-10 1.387141395332360840e-02
6.020066889632105918e-10 -1.524658404612716858e-02
7.023411371237457594e-10 -9.236553447465446418e-03
8.026755852842808236e-10 -8.199141849686172184e-03
9.030100334448158877e-10 1.011478931643888107e-02
1.003344481605351055e-09 2.169393775728310422e-02
1.103678929765886223e-09 1.983123794541838750e-02
1.204013377926421184e-09 2.562588908615211214e-02
1.304347826086956351e-09 2.009515352775148242e-02
1.404682274247491519e-09 2.122831471367725778e-02
1.505016722408026480e-09 2.957780165137189124e-02
1.605351170568561647e-09 3.145713905205995559e-02
1.705685618729096815e-09 3.138763585857009403e-02
1.806020066889631775e-09 2.715346007670214196e-02
1.906354515050166943e-09 2.008947503078948454e-02
2.006688963210702111e-09 6.982671201627166542e-03
2.107023411371237278e-09 -6.718870607557647472e-03
2.207357859531772446e-09 -1.035392121234099752e-02
2.307692307692307200e-09 -8.810910490332540118e-03
2.408026755852842367e-09 6.204447989411865025e-03
2.508361204013377535e-09 8.139309724370880073e-03
2.608695652173912702e-09 8.479155478169516508e-03
2.709030100334447870e-09 7.537855155143414164e-03
2.809364548494983038e-09 3.526610241913325644e-03
2.909698996655517792e-09 5.757804868257167599e-03
3.010033444816052959e-09 1.413755372699859215e-02
3.110367892976588127e-09 1.136786359869150845e-02
3.210702341137123294e-09 1.368850887899585207e-02
3.311036789297658462e-09 1.104276668748247967e-02
3.411371237458193629e-09 7.190162557219076378e-03
3.511705685618728797e-09 1.908303293638404473e-03
3.612040133779263551e-09 1.007985320853336392e-03
3.712374581939798719e-09 -1.683064027145004301e-03
3.812709030100333886e-09 1.751139901776401463e-04
3.913043478260868640e-09 1.583814979400635474e-03
4.013377926421404221e-09 -7.360515507617631722e-05
4.113712374581938975e-09 9.304103414016712606e-04
4.214046822742474556e-09 5.741483211027042545e-03
4.314381270903009310e-09 8.859857845545765845e-03
4.414715719063544892e-09 1.138913861562149653e-02
4.515050167224079646e-09 1.116946706933917739e-02
4.615384615384614399e-09 1.287138775309933959e-02
4.715719063545149981e-09 1.353193170566058083e-02
4.816053511705684735e-09 1.344342931977913873e-02
4.916387959866220316e-09 1.419612151377637813e-02
5.016722408026755070e-09 6.900260464218051226e-03
5.117056856187290651e-09 7.406387555602862716e-03
5.217391304347825405e-09 1.976720993477020655e-03
5.317725752508360159e-09 3.639131736263088567e-04
5.418060200668895740e-09 -5.988547959687123921e-04
5.518394648829430494e-09 -6.918687639915814752e-04
5.618729096989966075e-09 7.976794919872335146e-03
5.719063545150500829e-09 5.882014445148338842e-03
5.819397993311035583e-09 5.341570884166921447e-03
5.919732441471571164e-09 8.897238607421515885e-03
6.020066889632105918e-09 1.471088204223029890e-02
6.120401337792641499e-09 1.182751413626076907e-02
6.220735785953176253e-09 9.583768586602271419e-03
6.321070234113711835e-09 3.940387551682212990e-03
6.421404682274246589e-09 3.329802468205198332e-03
6.521739130434781343e-09 9.154482332720320290e-03
6.622073578595316924e-09 2.575856657335293034e-03
6.722408026755851678e-09 5.608763421653086695e-03
6.822742474916387259e-09 3.062994922858602777e-03
6.923076923076922013e-09 1.326215527351600268e-03
7.023411371237457594e-09 5.843459724945163428e-03
7.123745819397992348e-09 1.410500295990864232e-02
7.224080267558527102e-09 1.810287177900271171e-03
7.324414715719062683e-09 5.532042209807498667e-03
7.424749163879597437e-09 5.279436805800550615e-03
7.525083612040133018e-09 5.508572137063325741e-03
7.625418060200667772e-09 7.766369273460423106e-03
7.725752508361202526e-09 5.724403192021162295e-03
7.826086956521737280e-09 5.110109437619858586e-03
7.926421404682273689e-09 1.140716047049734026e-02
8.026755852842808442e-09 9.742626744287899432e-03
8.127090301003343196e-09 5.938093104197306356e-03
8.227424749163877950e-09 5.258037367437749625e-03
8.327759197324414359e-09 6.307796886215480403e-03
8.428093645484949113e-09 6.988837841454494972e-03
8.528428093645483867e-09 5.213577833283521666e-03
8.628762541806018621e-09 3.509308713540762979e-03
8.729096989966553375e-09 3.761950013823102401e-03
8.829431438127089783e-09 -1.448517961219995820e-04
8.929765886287624537e-09 2.892399552171600902e-04
9.030100334448159291e-09 2.211701489636760769e-03
9.130434782608694045e-09 6.477625405162504117e-03
9.230769230769228799e-09 1.028477263117434648e-02
9.331103678929765207e-09 1.291105958040443709e-02
9.431438127090299961e-09 9.263735386206593120e-03
9.531772575250834715e-09 5.255004937533813356e-03
9.632107023411369469e-09 6.888690348243595683e-03
9.732441471571904223e-09 6.956111125729429537e-03
9.832775919732440632e-09 5.201046358926266280e-03
9.933110367892975386e-09 6.287518683422563086e-03
1.003344481605351014e-08 -6.434067021354269609e-04
1.013377926421404489e-08 4.142703401776526295e-03
1.023411371237458130e-08 1.004506731156614048e-02
1.033444816053511606e-08 1.723309222691712852e-03
1.043478260869565081e-08 5.786801528792911639e-03
1.053511705685618556e-08 3.089092095419148590e-03
1.063545150501672032e-08 1.054570458456643295e-02
1.073578595317725673e-08 1.101377049653588097e-02
1.083612040133779148e-08 1.543645503787605296e-02
1.093645484949832623e-08 1.036303206160447271e-02
1.103678929765886099e-08 8.914931060042544791e-03
1.113712374581939574e-08 6.736814425267939610e-03
1.123745819397993215e-08 9.029472674658737055e-03
1.133779264214046690e-08 6.110108607388786348e-03
1.143812709030100166e-08 7.483231840760537490e-03
1.153846153846153641e-08 7.151707632433435685e-03
1.163879598662207117e-08 8.280342890982174756e-03
1.173913043478260757e-08 1.371525094208945854e-02
1.183946488294314233e-08 7.503641200856221542e-03
1.193979933110367708e-08 7.397024040699010441e-03
1.204013377926421184e-08 6.939642666017853921e-03
1.214046822742474824e-08 1.111018491274010783e-02
1.224080267558528300e-08 7.181675085815492077e-03
1.234113712374581775e-08 5.915542049103605059e-03
1.244147157190635251e-08 9.852554872623894497e-03
1.254180602006688726e-08 8.030579885152240929e-03
1.264214046822742367e-08 9.869871152412463405e-03
1.274247491638795842e-08 3.593541744192165800e-03
1.284280936454849318e-08 9.049023444452592574e-03
1.294314381270902793e-08 4.543671027960210530e-03
1.304347826086956269e-08 -3.403715369480035408e-03
1.314381270903009909e-08 -2.560645602761892330e-03
1.324414715719063385e-08 3.701118823929783110e-03
1.334448160535116860e-08 3.131654129168942244e-03
1.344481605351170336e-08 9.681684815310485220e-03
1.354515050167223811e-08 8.154516793369899832e-03
1.364548494983277452e-08 1.072064041081666023e-02
1.374581939799330927e-08 5.868392381008820033e-03
1.384615384615384403e-08 8.346426128328393590e-03
1.394648829431437878e-08 1.267474743468744065e-02
1.404682274247491519e-08 1.033625510001094303e-02
1.414715719063544994e-08 6.125798834562413107e-03
1.424749163879598470e-08 7.105625034056253439e-03
1.434782608695651945e-08 1.220156413533243951e-02
1.444816053511705420e-08 5.683859800412366034e-03
1.454849498327759061e-08 4.847300474651949388e-03
1.464882943143812537e-08 6.383326076317526881e-03
1.474916387959866012e-08 8.225242403732858573e-03
1.484949832775919487e-08 9.887676239349869542e-03
1.494983277591973128e-08 1.356809761047833400e-02
1.505016722408026604e-08 6.698443821448023423e-03
1.515050167224080079e-08 8.612584589097747531e-03
1.525083612040133554e-08 9.082075386643424092e-03
1.535117056856187030e-08 4.574982090156474307e-03
1.545150501672240505e-08 2.705575896028427664e-03
1.555183946488293981e-08 6.283286995993183667e-03
1.565217391304347456e-08 6.048525778859084774e-03
1.575250836120401262e-08 7.548736468753312542e-03
1.585284280936454738e-08 6.653534087361269271e-03
1.595317725752508213e-08 4.488810704871020255e-03
1.605351170568561688e-08 8.543184506308984863e-03
1.615384615384615164e-08 6.533359922351046102e-03
1.625418060200668639e-08 1.357437809203304070e-02
1.635451505016722115e-08 1.304889574474904154e-02
1.645484949832775590e-08 9.596810213262873396e-03
1.655518394648829065e-08 7.561992037750232647e-03
1.665551839464882872e-08 1.271834436554657513e-02
1.675585284280936347e-08 1.674431730405613952e-02
1.685618729096989823e-08 1.461430661131508935e-02
1.695652173913043298e-08 1.434723764306735337e-02
1.705685618729096773e-08 1.223192484624155765e-02
1.715719063545150249e-08 7.799138419264236774e-03
1.725752508361203724e-08 1.476293965805226425e-03
1.735785953177257200e-08 9.466787043161858581e-03
1.745819397993310675e-08 9.261208135929720545e-03
1.755852842809364150e-08 9.364997777075745669e-03
1.765886287625417957e-08 1.012788831253128366e-02
1.775919732441471432e-08 6.230719848028257873e-03
1.785953177257524907e-08 -3.265108255516135233e-05
1.795986622073578383e-08 -2.799294102906989268e-03
1.806020066889631858e-08 1.006889946293166617e-05
1.816053511705685334e-08 3.607898498889789730e-03
1.826086956521738809e-08 3.314317052621983811e-03
1.836120401337792284e-08 1.283232622059176514e-02
1.846153846153845760e-08 7.485967057677642665e-03
1.856187290969899566e-08 9.545570322673535210e-03
1.866220735785953041e-08 3.504733975585709333e-03
1.876254180602006517e-08 1.689569388943723723e-03
1.886287625418059992e-08 5.170475717383213494e-03
1.896321070234113468e-08 -3.253523885386356163e-04
1.906354515050166943e-08 6.834878954177232846e-03
1.916387959866220418e-08 1.020174194925004300e-03
1.926421404682273894e-08 6.555106854112868753e-03
1.936454849498327369e-08 7.814905487676240131e-03
1.946488294314380845e-08 5.878675316654366663e-03
1.956521739130434651e-08 1.424922045627803266e-02
1.966555183946488126e-08 9.908093534904649849e-03
1.976588628762541602e-08 1.480031703860793489e-02
1.986622073578595077e-08 1.076694815441776865e-02
1.996655518394648553e-08 9.428090237151987366e-03
2.006688963210702028e-08 6.461570424873422716e-03
2.016722408026755503e-08 5.261924000427389315e-03
2.026755852842808979e-08 1.766779582867354214e-03
2.036789297658862454e-08 1.572182229636081945e-03
2.046822742474916260e-08 4.887540308294442172e-03
2.056856187290969736e-08 1.233780544633974498e-03
2.066889632107023211e-08 3.280104190320649697e-03
2.076923076923076687e-08 4.178143615409176358e-03
2.086956521739130162e-08 5.002646551925327839e-03
2.096989966555183637e-08 6.969107279792468267e-03
2.107023411371237113e-08 5.356404727803283292e-03
2.117056856187290588e-08 3.319804102600073387e-03
2.127090301003344064e-08 9.691246326041921474e-03
2.137123745819397539e-08 1.272628077462864722e-02
2.147157190635451345e-08 7.815554764817680272e-03
2.157190635451504821e-08 6.089215159738125757e-03
2.167224080267558296e-08 9.888045497843295922e-03
2.177257525083611771e-08 -1.836445625811389606e-04
2.187290969899665247e-08 4.528823803216988977e-03
2.197324414715718722e-08 9.553338967901852177e-03
2.207357859531772198e-08 5.362425107988271628e-03
2.217391304347825673e-08 7.082738126343746110e-03
2.227424749163879148e-08 7.617919208336344609e-03
2.237458193979932955e-08 8.852693119977864469e-03
2.247491638795986430e-08 6.357188416272202200e-03
2.257525083612039905e-08 6.285651017424955314e-03
2.267558528428093381e-08 5.938685843646769602e-03
2.277591973244146856e-08 5.793405700368087913e-03
2.287625418060200332e-08 7.795617798031315854e-03
2.297658862876253807e-08 6.532911647808900026e-03
2.307692307692307282e-08 3.455276006473904059e-03
2.317725752508360758e-08 8.429346516158588848e-03
2.327759197324414233e-08 4.559287992083017708e-03
2.337792642140468040e-08 5.817873993242558828e-03
2.347826086956521515e-08 9.004741539246515630e-03
2.357859531772574990e-08 7.456185782715426050e-03
2.367892976588628466e-08 3.663836167610513752e-03
2.377926421404681941e-08 2.931429286284931678e-03
2.387959866220735417e-08 6.376171471777635109e-03
2.397993311036788892e-08 5.522960606702372738e-03
2.408026755852842367e-08 2.876711810743454688e-03
2.418060200668895843e-08 9.196400327572018529e-03
2.428093645484949649e-08 7.233103073626499270e-03
2.438127090301003124e-08 7.077785236244221734e-03
2.448160535117056600e-08 2.603720310138986447e-03
2.458193979933110075e-08 7.914566044582868262e-03
2.468227424749163551e-08 2.139869774007347770e-03
2.478260869565217026e-08 1.034528448838544293e-02
2.488294314381270501e-08 9.412248766532814448e-03
2.498327759197323977e-08 7.999301366071034924e-03
2.508361204013377452e-08 8.423947743435451427e-03
2.518394648829430928e-08 1.320320774138609120e-02
2.528428093645484734e-08 8.719120282584523832e-03
2.538461538461538209e-08 5.707256963959167657e-03
2.548494983277591685e-08 4.773231887163845166e-03
2.558528428093645160e-08 5.128513560330344098e-03
2.568561872909698635e-08 4.922095822972111061e-03
2.578595317725752111e-08 7.771497362983612392e-03
2.588628762541805586e-08 1.044223034856703834e-02
2.598662207357859062e-08 1.277586539099469405e-02
2.608695652173912537e-08 7.696396466403134309e-03
2.618729096989966343e-08 1.011025168066950058e-02
2.628762541806019819e-08 5.784657655714001666e-03
2.638795986622073294e-08 3.667068798309398511e-03
2.648829431438126769e-08 6.375727863767640183e-03
2.658862876254180245e-08 3.004350275411768727e-03
2.668896321070233720e-08 4.509915554415707545e-03
2.678929765886287196e-08 1.016783087088517223e-02
2.688963210702340671e-08 1.235253806736798937e-02
2.698996655518394146e-08 8.596616785392210969e-03
2.709030100334447622e-08 9.320729750946643230e-03
2.719063545150501428e-08 8.898034608486479063e-03
2.729096989966554904e-08 1.045450401531633489e-02
2.739130434782608379e-08 1.049062918476409770e-02
2.749163879598661854e-08 8.171276925827152676e-03
2.759197324414715330e-08 3.659533575504048900e-03
2.769230769230768805e-08 6.934235730083843606e-03
2.779264214046822281e-08 4.990911861064401857e-03
2.789297658862875756e-08 5.267484023398498645e-03
2.799331103678929231e-08 3.023434568504833678e-03
2.809364548494983038e-08 9.641792286085595909e-03
2.819397993311036513e-08 7.416798928075545722e-03
2.829431438127089988e-08 7.348177507393640132e-03
2.839464882943143464e-08 6.962355409296855022e-03
2.849498327759196939e-08 8.472702274973953687e-03
2.859531772575250415e-08 8.115063960172070809e-03
2.869565217391303890e-08 1.059458052397852651e-02
2.879598662207357365e-08 8.477266655841116452e-03
2.889632107023410841e-08 6.965023203652857473e-03
2.899665551839464316e-08 4.694157478018040099e-03
2.909698996655518122e-08 5.543318343730536425e-04
2.919732441471571598e-08 -3.265023139504795446e-03
2.929765886287625073e-08 1.298633894912580014e-03
2.939799331103678549e-08 4.198822305950996800e-03
2.949832775919732024e-08 5.226660017621229289e-03
2.959866220735785499e-08 1.144902947936878544e-02
2.969899665551838975e-08 1.192045543991181351e-02
2.979933110367892450e-08 1.195763047440504337e-02
2.989966555183946256e-08 1.281397432634667072e-02
2.999999999999999732e-08 1.307731624281947488e-02
