0.000000000000000000e+00 9.999999999999995559e-01
1.003344481605351029e-10 2.294351195364148499e-02
2.006688963210702059e-10 8.521953870847549101e-03
3.010033444816052959e-10 1.479135066405922599e-02
4.013377926421404118e-10 -1.102728049914707652e-03
5.016722408026755277e-10 1.191422224050273093e-02
6.020066889632105918e-10 1.462349625939028328e-02
7.023411371237457594e-10 4.434762263673792948e-03
8.026755852842808236e-10 1.021824062632777433e-02
9.030100334448158877e-10 2.622234886665951578e-04
1.003344481605351055e-09 6.693988481090301819e-03
1.103678929765886223e-09 1.048297485318853799e-02
1.204013377926421184e-09 7.711786742623304852e-03
1.304347826086956351e-09 2.938440657828412465e-03
1.404682274247491519e-09 1.135145895258819933e-02
1.505016722408026480e-09 1.121638849374207055e-02
1.605351170568561647e-09 6.330067015697479760e-03
1.705685618729096815e-09 1.618630489708072426e-02
1.806020066889631775e-09 1.871460222849545812e-03
1.906354515050166943e-09 6.078114460033590127e-03
2.006688963210702111e-09 1.000946494134061053e-02
2.107023411371237278e-09 4.981531203829689218e-03
2.207357859531772446e-09 4.608761798531748818e-03
2.307692307692307200e-09 8.185195423837020312e-03
2.408026755852842367e-09 6.630374780296226581e-03
2.508361204013377535e-09 7.772155330725486269e-03
2.608695652173912702e-09 1.078719404963937069e-02
2.709030100334447870e-09 1.228281709474194489e-02
2.809364548494983038e-09 7.452528515361179010e-03
2.909698996655517792e-09 8.477007096850636830e-03
3.010033444816052959e-09 1.325904023840212935e-02
3.110367892976588127e-09 5.431720032123986755e-03
3.210702341137123294e-09 4.310745440804442802e-03
3.311036789297658462e-09 8.625961612755687902e-03
3.411371237458193629e-09 1.316189847495408865e-03
3.511705685618728797e-09 8.809553111182116814e-03
3.612040133779263551e-09 9.697889761617527193e-03
3.712374581939798719e-09 9.347493858630397806e-03
3.812709030100333886e-09 1.199547024500053141e-02
3.913043478260868640e-09 1.017010832801792074e-02
4.013377926421404221e-09 7.204154345090679930e-03
4.113712374581938975e-09 5.270508643060149538e-03
4.214046822742474556e-09 6.768971291812673347e-03
4.314381270903009310e-09 3.254242627083120312e-03
4.414715719063544892e-09 9.219369649403388531e-03
4.515050167224079646e-09 9.088829560562830187e-03
4.615384615384614399e-09 2.254640706671334326e-03
4.715719063545149981e-09 8.501027673483778704e-03
4.816053511705684735e-09 1.160344216156773862e-02
4.916387959866220316e-09 1.414485722339768256e-02
5.016722408026755070e-09 1.411451720156520206e-02
5.117056856187290651e-09 5.624662929566168722e-03
5.217391304347825405e-09 5.573046926942651878e-03
5.317725752508360159e-09 5.924533887896692858e-03
5.418060200668895740e-09 4.137636704445256559e-03
5.518394648829430494e-09 -8.214112534696745840e-04
5.618729096989966075e-09 4.652162235337524258e-03
5.719063545150500829e-09 2.709247344644205666e-03
5.819397993311035583e-09 9.015882759205217159e-03
5.919732441471571164e-09 9.087162101635109374e-03
6.020066889632105918e-09 7.492353498054918695e-03
6.120401337792641499e-09 1.173799987647583011e-02
6.220735785953176253e-09 3.436589535574826552e-03
6.321070234113711835e-09 1.147877042667720844e-02
6.421404682274246589e-09 4.031421331069981852e-04
6.521739130434781343e-09 1.337539323117307305e-02
6.622073578595316924e-09 1.169096420505595993e-02
6.722408026755851678e-09 3.810715212649359168e-03
6.822742474916387259e-09 1.140623315515003171e-02
6.923076923076922013e-09 1.112584122126853044e-02
7.023411371237457594e-09 6.826181612478727199e-03
7.123745819397992348e-09 7.620009487159011552e-03
7.224080267558527102e-09 7.796943342758671028e-03
7.324414715719062683e-09 1.135898528907082180e-03
7.424749163879597437e-09 8.223588912320514699e-03
7.525083612040133018e-09 6.980422752687294452e-03
7.625418060200667772e-09 7.063568450319003544e-03
7.725752508361202526e-09 2.896452392530868367e-03
7.826086956521737280e-09 6.165057960047339199e-03
7.926421404682273689e-09 9.685969820682944348e-03
8.026755852842808442e-09 5.225102151235971361e-03
8.127090301003343196e-09 5.546980189510937291e-03
8.227424749163877950e-09 7.025390246422002875e-03
8.327759197324414359e-09 1.404981691863661222e-03
8.428093645484949113e-09 1.427044094300974290e-03
8.528428093645483867e-09 4.713934757711416533e-03
8.628762541806018621e-09 1.007657875785686677e-02
8.729096989966553375e-09 1.309048410083316245e-02
8.829431438127089783e-09 1.060729028602103163e-02
8.929765886287624537e-09 4.154044703489854877e-03
9.030100334448159291e-09 6.880595036609933601e-03
9.130434782608694045e-09 7.086777026520050746e-03
9.230769230769228799e-09 5.903631325927633303e-03
9.331103678929765207e-09 1.067831916787266404e-02
9.431438127090299961e-09 1.508444082316582821e-02
9.531772575250834715e-09 8.503334504102942962e-03
9.632107023411369469e-09 8.012405776554499745e-03
9.732441471571904223e-09 1.004825953946951282e-02
9.832775919732440632e-09 7.820118879858530686e-03
9.933110367892975386e-09 1.303785679660097833e-02
1.003344481605351014e-08 1.298503007821338352e-02
1.013377926421404489e-08 1.078651130688303324e-02
1.023411371237458130e-08 8.622258342985437626e-03
1.033444816053511606e-08 5.877351878019940017e-03
1.043478260869565081e-08 8.518882565239790927e-03
1.053511705685618556e-08 8.209979055649810342e-03
1.063545150501672032e-08 3.378382867171169160e-03
1.073578595317725673e-08 1.311011574813946822e-03
1.083612040133779148e-08 1.158844356569314199e-02
1.093645484949832623e-08 1.002794357198059233e-02
1.103678929765886099e-08 6.038814703287059653e-03
1.113712374581939574e-08 9.933790469629050560e-03
1.123745819397993215e-08 4.260306641450270666e-03
1.133779264214046690e-08 1.008953631840905051e-02
1.143812709030100166e-08 8.381309746159647939e-03
1.153846153846153641e-08 9.204137880727058380e-03
1.163879598662207117e-08 7.551847758112103029e-03
1.173913043478260757e-08 8.012747729193166538e-03
1.183946488294314233e-08 7.335381956826749969e-03
1.193979933110367708e-08 1.575591705920363975e-02
1.204013377926421184e-08 7.543911189233570153e-03
1.214046822742474824e-08 1.025595066515866058e-02
1.224080267558528300e-08 4.585745760243669679e-03
1.234113712374581775e-08 -1.006057258634848869e-03
1.244147157190635251e-08 1.338379966344464995e-02
1.254180602006688726e-08 7.398047872681284484e-03
1.264214046822742367e-08 6.673119451277255941e-03
1.274247491638795842e-08 7.765114077863481332e-03
1.284280936454849318e-08 6.766190830494405936e-03
1.294314381270902793e-08 3.113223739393738542e-03
1.304347826086956269e-08 5.826095993564654914e-03
1.314381270903009909e-08 1.119575307333581585e-02
1.324414715719063385e-08 6.513023878826805328e-03
1.334448160535116860e-08 6.908883609462282936e-03
1.344481605351170336e-08 7.539503678686635887e-03
1.354515050167223811e-08 1.540769393463312965e-02
1.364548494983277452e-08 1.180149837197363299e-02
1.374581939799330927e-08 1.060924380498699804e-02
1.384615384615384403e-08 2.034330391980039131e-03
1.394648829431437878e-08 4.534342850888568172e-03
1.404682274247491519e-08 3.088149878931597744e-03
1.414715719063544994e-08 -3.084864301060386352e-04
1.424749163879598470e-08 4.750635163920480068e-03
1.434782608695651945e-08 5.370324441301520604e-03
1.444816053511705420e-08 1.023292179360057140e-02
1.454849498327759061e-08 9.709077293672822156e-03
1.464882943143812537e-08 1.022478100132839796e-02
1.474916387959866012e-08 9.968180014931216082e-03
1.484949832775919487e-08 5.694602326612965837e-03
1.494983277591973128e-08 5.719362862924517836e-03
1.505016722408026604e-08 2.151209055344337467e-04
1.515050167224080079e-08 7.300560345480135160e-03
1.525083612040133554e-08 5.632186744355375044e-03
1.535117056856187030e-08 7.759623398345158289e-03
1.545150501672240505e-08 1.277845297104840926e-02
1.555183946488293981e-08 5.553338603724851039e-03
1.565217391304347456e-08 5.223234335673241149e-03
1.575250836120401262e-08 1.276224144420291806e-02
1.585284280936454738e-08 1.151991991729160204e-02
1.595317725752508213e-08 1.239255170580275123e-02
1.605351170568561688e-08 6.274805561282328394e-03
1.615384615384615164e-08 5.547984542692458408e-03
1.625418060200668639e-08 4.180414849817902165e-03
1.635451505016722115e-08 6.872084136480759511e-03
1.645484949832775590e-08 1.535856748133014246e-02
1.655518394648829065e-08 1.391521275299887131e-02
1.665551839464882872e-08 1.179076789768202828e-02
1.675585284280936347e-08 1.351428423136965574e-02
1.685618729096989823e-08 1.161927542220587625e-02
1.695652173913043298e-08 4.627905944846814369e-03
1.705685618729096773e-08 8.261068270484480183e-03
1.715719063545150249e-08 2.171765488602742447e-03
1.725752508361203724e-08 1.101435591868977007e-03
1.735785953177257200e-08 9.187646076500341485e-03
1.745819397993310675e-08 6.107293716926326214e-03
1.755852842809364150e-08 4.633287093063279995e-03
1.765886287625417957e-08 8.464159374342103068e-03
1.775919732441471432e-08 5.340005496835005527e-03
1.785953177257524907e-08 3.594822121138247124e-03
1.795986622073578383e-08 8.507574486780591916e-03
1.806020066889631858e-08 1.627269670657008338e-02
1.816053511705685334e-08 6.590788398997042205e-03
1.826086956521738809e-08 1.536147733287066344e-03
1.836120401337792284e-08 1.091457108506110885e-02
1.846153846153845760e-08 9.823742203154359545e-03
1.856187290969899566e-08 8.667627216303092422e-03
1.866220735785953041e-08 8.358361859258738730e-03
1.876254180602006517e-08 1.007718170238821979e-02
1.886287625418059992e-08 1.046307779931256697e-02
1.896321070234113468e-08 7.855046081144453213e-03
1.906354515050166943e-08 5.184790266442570149e-03
1.916387959866220418e-08 5.544624865540975431e-03
1.926421404682273894e-08 -1.238112374807774857e-04
1.936454849498327369e-08 8.983315899450582120e-03
1.946488294314380845e-08 9.844330529042500874e-03
1.956521739130434651e-08 8.580023172354260194e-03
1.966555183946488126e-08 8.996509375401978356e-03
1.976588628762541602e-08 8.402912010306486795e-03
1.986622073578595077e-08 9.677265078930694445e-03
1.996655518394648553e-08 6.898228016451188674e-03
2.006688963210702028e-08 5.788160717780406819e-03
2.016722408026755503e-08 3.497803696529747791e-03
2.026755852842808979e-08 3.488455111973189082e-03
2.036789297658862454e-08 3.148754928347787235e-03
2.046822742474916260e-08 3.561787523559117354e-03
2.056856187290969736e-08 8.574313564769363294e-03
2.066889632107023211e-08 2.601739439997184135e-03
2.076923076923076687e-08 -2.406557704047218886e-05
2.086956521739130162e-08 5.676300032900023426e-03
2.096989966555183637e-08 2.312219826238205364e-03
2.107023411371237113e-08 7.247629446951800447e-03
2.117056856187290588e-08 1.141639253727164127e-02
2.127090301003344064e-08 8.287237676064804215e-03
2.137123745819397539e-08 1.095067534710622396e-02
2.147157190635451345e-08 1.188020954124175722e-02
2.157190635451504821e-08 5.656647309490307404e-03
2.167224080267558296e-08 6.733790698670411370e-03
2.177257525083611771e-08 4.924485578922377198e-03
2.187290969899665247e-08 9.781292810238147867e-03
2.197324414715718722e-08 1.119361265625052476e-02
2.207357859531772198e-08 9.191918371977613952e-03
2.217391304347825673e-08 4.583358579985504985e-03
2.227424749163879148e-08 1.292179777200141121e-02
2.237458193979932955e-08 1.794802853263922221e-02
2.247491638795986430e-08 7.886761711692082816e-03
2.257525083612039905e-08 9.839587706648394647e-03
2.267558528428093381e-08 1.229499769881664713e-02
2.277591973244146856e-08 8.273153475715340488e-03
2.287625418060200332e-08 1.145434171513910054e-02
2.297658862876253807e-08 8.150000437032230843e-03
2.307692307692307282e-08 9.079493337341711101e-03
2.317725752508360758e-08 5.603626253709005633e-03
2.327759197324414233e-08 8.304316341972392199e-03
2.337792642140468040e-08 6.511334737973155373e-03
2.347826086956521515e-08 4.941383473307254214e-03
2.357859531772574990e-08 7.981831174370406998e-03
2.367892976588628466e-08 6.319527857034721099e-03
2.377926421404681941e-08 1.091590158074795883e-02
2.387959866220735417e-08 2.692147880154054009e-03
2.397993311036788892e-08 5.066952085114716058e-03
2.408026755852842367e-08 9.792661702385515449e-03
2.418060200668895843e-08 8.368477231185432810e-03
2.428093645484949649e-08 3.922716004132889914e-03
2.438127090301003124e-08 6.344137339972852514e-03
2.448160535117056600e-08 9.525953738045343788e-03
2.458193979933110075e-08 1.151352199037350248e-02
2.468227424749163551e-08 1.222239926684923900e-02
2.478260869565217026e-08 4.167280547223053966e-03
2.488294314381270501e-08 8.588896997556345198e-03
2.498327759197323977e-08 7.961256614231254289e-03
2.508361204013377452e-08 3.296193487646254753e-03
2.518394648829430928e-08 6.975513238637213315e-03
2.528428093645484734e-08 2.942315831121441669e-03
2.538461538461538209e-08 8.426995676315071279e-03
2.548494983277591685e-08 1.242138452847324145e-02
2.558528428093645160e-08 6.778594580321544057e-03
2.568561872909698635e-08 7.540600120284168643e-03
2.578595317725752111e-08 6.834721495181937320e-03
2.588628762541805586e-08 1.383955500202030398e-02
2.598662207357859062e-08 3.616289505805790876e-03
2.608695652173912537e-08 9.387351849080578792e-03
2.618729096989966343e-08 9.748090935673470181e-03
2.628762541806019819e-08 5.399165021900484071e-03
2.638795986622073294e-08 7.134081367479927147e-03
2.648829431438126769e-08 7.085913041495823378e-03
2.658862876254180245e-08 8.303916122756388116e-03
2.668896321070233720e-08 3.532612824084868999e-03
2.678929765886287196e-08 4.552482129648367619e-03
2.688963210702340671e-08 1.097043657932242518e-02
2.698996655518394146e-08 5.635495578885612103e-03
2.709030100334447622e-08 1.979249932103264130e-03
2.719063545150501428e-08 1.182403048871264427e-02
2.729096989966554904e-08 6.087516873710690016e-03
2.739130434782608379e-08 9.639381162171129641e-03
2.749163879598661854e-08 1.446136307945685220e-02
2.759197324414715330e-08 5.717439742378589533e-03
2.769230769230768805e-08 7.574319715089618960e-03
2.779264214046822281e-08 8.454482994004910643e-03
2.789297658862875756e-08 7.297006433066919977e-03
2.799331103678929231e-08 3.079633597334276683e-03
2.809364548494983038e-08 6.835598048197839838e-03
2.819397993311036513e-08 6.278028482265873671e-03
2.829431438127089988e-08 9.780352890115379810e-03
2.839464882943143464e-08 4.357220744478542372e-03
2.849498327759196939e-08 7.510791513318632560e-03
2.859531772575250415e-08 3.742189168659206325e-03
2.869565217391303890e-08 1.029892217059380499e-02
2.879598662207357365e-08 4.360259742759103364e-03
2.889632107023410841e-08 5.960141516485686214e-03
2.899665551839464316e-08 5.094543035619100539e-03
2.909698996655518122e-08 1.080469583701347720e-02
2.919732441471571598e-08 1.245609235082461262e-02
2.929765886287625073e-08 8.033893836747879602e-03
2.939799331103678549e-08 5.167931601871745759e-03
2.949832775919732024e-08 5.631807807854683282e-03
2.959866220735785499e-08 2.535483289095044179e-03
2.969899665551838975e-08 3.194554566974411054e-03
2.979933110367892450e-08 5.087914089630683756e-03
2.989966555183946256e-08 1.691330615404795052e-03
2.999999999999999732e-08 1.315112000999428196e-02
