0.000000000000000000e+00 9.999999999999995559e-01
1.003344481605351029e-10 4.440217048567166556e-03
2.006688963210702059e-10 1.199577784072203973e-02
3.010033444816052959e-10 9.677842996807926867e-03
4.013377926421404118e-10 1.061193104665704087e-02
5.016722408026755277e-10 1.557857045670676434e-02
6.020066889632105918e-10 4.307089656719758491e-03
7.023411371237457594e-10 4.331932704278432592e-03
8.026755852842808236e-10 7.783456816115589399e-03
9.030100334448158877e-10 5.765229069516749315e-03
1.003344481605351055e-09 1.048025697349098430e-02
1.103678929765886223e-09 1.061396065089043397e-02
1.204013377926421184e-09 8.076981282856219788e-03
1.304347826086956351e-09 5.817390505663955561e-03
1.404682274247491519e-09 1.189238839249303487e-02
1.505016722408026480e-09 9.294869369150774926e-03
1.605351170568561647e-09 1.142504053573100038e-02
1.705685618729096815e-09 3.113078954465496248e-03
1.806020066889631775e-09 1.210372515492826734e-02
1.906354515050166943e-09 4.277882882040484266e-03
2.006688963210702111e-09 6.185475147385827675e-03
2.107023411371237278e-09 2.970404604352717124e-04
2.207357859531772446e-09 9.710165595458789684e-03
2.307692307692307200e-09 7.065391435217173791e-03
2.408026755852842367e-09 1.472180634825666704e-02
2.508361204013377535e-09 7.166854331212539446e-03
2.608695652173912702e-09 1.038566098159660403e-02
2.709030100334447870e-09 7.060249768684558058e-03
2.809364548494983038e-09 4.973994850537554260e-03
2.909698996655517792e-09 3.823443138908488598e-03
3.010033444816052959e-09 7.816600110385750824e-03
3.110367892976588127e-09 1.089159919571655068e-02
3.210702341137123294e-09 1.451204503061941792e-02
3.311036789297658462e-09 1.641539326235264690e-02
3.411371237458193629e-09 9.042968993608678160e-03
3.511705685618728797e-09 9.223673002231499649e-03
3.612040133779263551e-09 1.221122198164763945e-02
3.712374581939798719e-09 4.964006386195355183e-03
3.812709030100333886e-09 9.875842137412028932e-03
3.913043478260868640e-09 1.117576252855512382e-02
4.013377926421404221e-09 6.717186023179333443e-03
4.113712374581938975e-09 1.015227529431038909e-02
4.214046822742474556e-09 7.782956979085910165e-03
4.314381270903009310e-09 2.236740566631953680e-03
4.414715719063544892e-09 6.689768050951380718e-03
4.515050167224079646e-09 8.907644101486006383e-03
4.615384615384614399e-09 8.216813955930471827e-03
4.715719063545149981e-09 6.319137757444884436e-03
4.816053511705684735e-09 7.140116778800079285e-03
4.916387959866220316e-09 3.187004060887822787e-03
5.016722408026755070e-09 4.727147153459631407e-03
5.117056856187290651e-09 8.632057431983749390e-03
5.217391304347825405e-09 2.156644665531243059e-03
5.317725752508360159e-09 6.634686687069210435e-03
5.418060200668895740e-09 8.955902666190805606e-03
5.518394648829430494e-09 7.892771198474892586e-03
5.618729096989966075e-09 5.288892492393096681e-03
5.719063545150500829e-09 1.639085165434064212e-02
5.819397993311035583e-09 5.956921751880463710e-03
5.919732441471571164e-09 8.463418165982648095e-03
6.020066889632105918e-09 3.132081618694861503e-03
6.120401337792641499e-09 1.227804086563434247e-02
6.220735785953176253e-09 2.784160832297929728e-03
6.321070234113711835e-09 1.187847198914557430e-02
6.421404682274246589e-09 1.047901715267174350e-02
6.521739130434781343e-09 1.043358441404285478e-02
6.622073578595316924e-09 1.015066201544597042e-02
6.722408026755851678e-09 6.559058433680597933e-03
6.822742474916387259e-09 1.368891843630058724e-03
6.923076923076922013e-09 5.311173624246764285e-03
7.023411371237457594e-09 1.010948732807023277e-02
7.123745819397992348e-09 7.074404032821593816e-03
7.224080267558527102e-09 7.017984618972844015e-03
7.324414715719062683e-09 9.443320718874666231e-03
7.424749163879597437e-09 1.045016777569299053e-02
7.525083612040133018e-09 1.018038114715479406e-02
7.625418060200667772e-09 8.979396407962520268e-03
7.725752508361202526e-09 1.169770459548973192e-02
7.826086956521737280e-09 7.360743021615243770e-03
7.926421404682273689e-09 8.255430343515267680e-03
8.026755852842808442e-09 1.648451610804152262e-03
8.127090301003343196e-09 7.269900338210690503e-03
8.227424749163877950e-09 1.135284184446556585e-02
8.327759197324414359e-09 9.677520983770910440e-03
8.428093645484949113e-09 1.184055863265250086e-02
8.528428093645483867e-09 4.815634109794684689e-03
8.628762541806018621e-09 8.944010532556679813e-03
8.729096989966553375e-09 9.828685311837970576e-03
8.829431438127089783e-09 1.175371860909449340e-02
8.929765886287624537e-09 6.792988303118640235e-03
9.030100334448159291e-09 3.676726897197555243e-04
9.130434782608694045e-09 4.715253380866675850e-03
9.230769230769228799e-09 5.450457658045731318e-03
9.331103678929765207e-09 5.166404863436148409e-03
9.431438127090299961e-09 1.209424592625540744e-02
9.531772575250834715e-09 6.780284993850440450e-03
9.632107023411369469e-09 1.465328330732177178e-02
9.732441471571904223e-09 5.896162462931946180e-03
9.832775919732440632e-09 2.828651236170353842e-03
9.933110367892975386e-09 7.682562397924622491e-03
1.003344481605351014e-08 9.409857984317539573e-03
1.013377926421404489e-08 1.183563289599682058e-02
1.023411371237458130e-08 7.939838615480516656e-03
1.033444816053511606e-08 4.643816931533962210e-03
1.043478260869565081e-08 6.223087739765081200e-03
1.053511705685618556e-08 9.400351428822356463e-04
1.063545150501672032e-08 1.167980624710096213e-02
1.073578595317725673e-08 9.002748219417947007e-03
1.083612040133779148e-08 6.431271391910371032e-03
1.093645484949832623e-08 9.667240524971240645e-03
1.103678929765886099e-08 1.102967033600243518e-03
1.113712374581939574e-08 1.138289939437074801e-02
1.123745819397993215e-08 9.515288000733930496e-03
1.133779264214046690e-08 3.276715041910478916e-03
1.143812709030100166e-08 3.551099059137819477e-03
1.153846153846153641e-08 5.816440666028209992e-03
1.163879598662207117e-08 4.287561680515116977e-03
1.173913043478260757e-08 6.348913284562862289e-03
1.183946488294314233e-08 1.201303184281605346e-02
1.193979933110367708e-08 7.071513826757433972e-03
1.204013377926421184e-08 1.037229401403461093e-02
1.214046822742474824e-08 9.145562905770952475e-03
1.224080267558528300e-08 6.796350532871101024e-03
1.234113712374581775e-08 2.842594076662385578e-03
1.244147157190635251e-08 1.239415557254163087e-02
1.254180602006688726e-08 5.482615478813204074e-03
1.264214046822742367e-08 7.195333198845701994e-03
1.274247491638795842e-08 1.029352534491680474e-02
1.284280936454849318e-08 1.092888382570902928e-02
1.294314381270902793e-08 3.000534656102268015e-03
1.304347826086956269e-08 1.065830587767131223e-03
1.314381270903009909e-08 4.922417634320869380e-03
1.324414715719063385e-08 6.346658962159368485e-03
1.334448160535116860e-08 1.242427530170441691e-02
1.344481605351170336e-08 8.223308511424370221e-03
1.354515050167223811e-08 1.474408884336967512e-02
1.364548494983277452e-08 1.191613828572747960e-02
1.374581939799330927e-08 3.896403069854837298e-03
1.384615384615384403e-08 7.668853462153962450e-03
1.394648829431437878e-08 2.366763801539661059e-03
1.404682274247491519e-08 8.274716956636118947e-03
1.414715719063544994e-08 6.021648845446572230e-03
1.424749163879598470e-08 4.929691208499957684e-03
1.434782608695651945e-08 1.654403199060118859e-02
1.444816053511705420e-08 5.835382877755480348e-03
1.454849498327759061e-08 1.574569490443175710e-03
1.464882943143812537e-08 1.492527335421613144e-02
1.474916387959866012e-08 5.363722530164224608e-03
1.484949832775919487e-08 7.443885145811969181e-03
1.494983277591973128e-08 8.132428685700708593e-03
1.505016722408026604e-08 5.456805676109764865e-03
1.515050167224080079e-08 5.756084132024260301e-03
1.525083612040133554e-08 4.487957417636406245e-03
1.535117056856187030e-08 9.443309311219930460e-03
1.545150501672240505e-08 6.322847162715736213e-03
1.555183946488293981e-08 4.881093021897350663e-03
1.565217391304347456e-08 9.389889687575817684e-03
1.575250836120401262e-08 3.842945564095427008e-03
1.585284280936454738e-08 3.882308933269032480e-03
1.595317725752508213e-08 1.025577865871563077e-02
1.605351170568561688e-08 1.134863521022663746e-02
1.615384615384615164e-08 5.835832812027602276e-03
1.625418060200668639e-08 1.073359420724087111e-02
1.635451505016722115e-08 7.229777676298458806e-03
1.645484949832775590e-08 8.117302208578073067e-03
1.655518394648829065e-08 9.727386416742847888e-03
1.665551839464882872e-08 1.139641546671155137e-02
1.675585284280936347e-08 -2.699626567167164363e-04
1.685618729096989823e-08 4.885613066020163750e-03
1.695652173913043298e-08 1.607701025744681309e-02
1.705685618729096773e-08 1.023369965896463521e-02
1.715719063545150249e-08 7.531682815628992778e-03
1.725752508361203724e-08 4.764336025226451228e-03
1.735785953177257200e-08 1.165365614187570224e-02
1.745819397993310675e-08 1.514362839888227022e-02
1.755852842809364150e-08 8.062228902943802469e-03
1.765886287625417957e-08 6.107720361745553293e-03
1.775919732441471432e-08 6.890594757311921826e-04
1.785953177257524907e-08 8.876058202032613767e-03
1.795986622073578383e-08 9.024346150245193821e-03
1.806020066889631858e-08 1.055164150832811967e-02
1.816053511705685334e-08 8.407628147299221755e-03
1.826086956521738809e-08 1.205483040697479143e-02
1.836120401337792284e-08 3.441955874503241104e-03
1.846153846153845760e-08 9.921243449368663536e-03
1.856187290969899566e-08 6.513823669644967264e-03
1.866220735785953041e-08 4.653809359332639235e-03
1.876254180602006517e-08 1.305333936583417086e-02
1.886287625418059992e-08 1.020585067983870338e-03
1.896321070234113468e-08 7.281199764171096545e-03
1.906354515050166943e-08 9.384565671522246758e-03
1.916387959866220418e-08 1.067724003415010912e-02
1.926421404682273894e-08 3.824850068499933021e-03
1.936454849498327369e-08 7.445089479636971853e-03
1.946488294314380845e-08 1.473351121155717100e-03
1.956521739130434651e-08 6.833915568631225741e-03
1.966555183946488126e-08 3.093951474833054986e-03
1.976588628762541602e-08 5.824170870246924911e-03
1.986622073578595077e-08 1.198809703533439130e-02
1.996655518394648553e-08 1.161233868880249924e-02
2.006688963210702028e-08 5.370739980903422098e-03
2.016722408026755503e-08 2.530901701216491453e-03
2.026755852842808979e-08 4.422382733344117078e-03
2.036789297658862454e-08 5.607523596219575121e-03
2.046822742474916260e-08 8.086322492899996814e-03
2.056856187290969736e-08 9.203864594567448196e-03
2.066889632107023211e-08 1.174448589986357150e-02
2.076923076923076687e-08 1.592726028650104462e-03
2.086956521739130162e-08 7.442815657443918077e-03
2.096989966555183637e-08 6.929292655334397949e-03
2.107023411371237113e-08 9.475737457748666798e-03
2.117056856187290588e-08 1.276927330524528503e-02
2.127090301003344064e-08 6.205665880181551741e-03
2.137123745819397539e-08 1.277593169085775200e-02
2.147157190635451345e-08 1.267394779957750216e-04
2.157190635451504821e-08 5.070526436014431704e-03
2.167224080267558296e-08 7.914851701578660709e-04
2.177257525083611771e-08 9.904417207283815541e-03
2.187290969899665247e-08 1.203724811363659879e-02
2.197324414715718722e-08 1.010736855556386253e-02
2.207357859531772198e-08 5.068013258868131476e-03
2.217391304347825673e-08 1.158169164625429647e-02
2.227424749163879148e-08 1.008474422753399824e-02
2.237458193979932955e-08 1.297921103238993713e-02
2.247491638795986430e-08 2.881696071502586401e-03
2.257525083612039905e-08 8.113682711191979105e-03
2.267558528428093381e-08 1.143196418320938622e-03
2.277591973244146856e-08 8.099956997751333113e-03
2.287625418060200332e-08 1.212160993661059484e-02
2.297658862876253807e-08 4.667141049021243313e-03
2.307692307692307282e-08 8.944765569407198830e-03
2.317725752508360758e-08 2.002220829591192484e-03
2.327759197324414233e-08 1.773339538840070298e-03
2.337792642140468040e-08 7.242409990865634334e-03
2.347826086956521515e-08 7.257634310692184440e-03
2.357859531772574990e-08 5.577757262160705498e-03
2.367892976588628466e-08 5.479419689426244522e-03
2.377926421404681941e-08 6.530166599978124049e-03
2.387959866220735417e-08 6.992604366252200797e-03
2.397993311036788892e-08 1.149967825900748489e-02
2.408026755852842367e-08 1.926553509331060954e-03
2.418060200668895843e-08 4.757812648344543136e-03
2.428093645484949649e-08 8.553360620708922932e-03
2.438127090301003124e-08 7.493828140710935212e-03
2.448160535117056600e-08 4.065496454605697745e-03
2.458193979933110075e-08 7.974986498950363545e-03
2.468227424749163551e-08 5.876454668201683794e-03
2.478260869565217026e-08 7.697635019510299173e-03
2.488294314381270501e-08 4.334067428050759375e-03
2.498327759197323977e-08 6.598190711056620139e-03
2.508361204013377452e-08 9.008611425883706475e-03
2.518394648829430928e-08 5.174278504576738935e-03
2.528428093645484734e-08 1.043614010263903963e-02
2.538461538461538209e-08 6.302171936406191811e-03
2.548494983277591685e-08 8.381653581206174528e-03
2.558528428093645160e-08 6.671669503128020012e-03
2.568561872909698635e-08 6.736637142689591226e-03
2.578595317725752111e-08 2.306180852351201460e-03
2.588628762541805586e-08 6.990889725234985044e-03
2.598662207357859062e-08 2.438406602379000147e-03
2.608695652173912537e-08 1.850022443559252473e-03
2.618729096989966343e-08 4.191436374959647305e-03
2.628762541806019819e-08 6.106306969652578430e-03
2.638795986622073294e-08 4.370341551181293992e-03
2.648829431438126769e-08 4.747815335434383242e-03
2.658862876254180245e-08 5.700645996560661094e-03
2.668896321070233720e-08 8.580889990474368720e-03
2.678929765886287196e-08 9.882535512826263677e-03
2.688963210702340671e-08 8.090714695229083223e-03
2.698996655518394146e-08 7.383408550897333118e-03
2.709030100334447622e-08 7.424466292698376178e-03
2.719063545150501428e-08 1.423463910491339036e-03
2.729096989966554904e-08 8.076317651925417687e-03
2.739130434782608379e-08 5.548620273280982680e-03
2.749163879598661854e-08 5.340616382731150011e-03
2.759197324414715330e-08 6.905270633606775364e-03
2.769230769230768805e-08 1.012691955541077105e-02
2.779264214046822281e-08 5.826427271098532853e-03
2.789297658862875756e-08 5.031943903292165551e-03
2.799331103678929231e-08 8.733844339355784081e-03
2.809364548494983038e-08 7.110617257781033998e-03
2.819397993311036513e-08 1.195703058860886348e-02
2.829431438127089988e-08 8.615460391911352461e-03
2.839464882943143464e-08 5.918577891376581007e-04
2.849498327759196939e-08 8.214045918359424645e-03
2.859531772575250415e-08 4.143558874479314792e-03
2.869565217391303890e-08 1.081586947335546646e-02
2.879598662207357365e-08 6.596069264786453591e-03
2.889632107023410841e-08 1.119882744106176671e-02
2.899665551839464316e-08 1.037838506549832417e-02
2.909698996655518122e-08 3.818189087286365680e-03
2.919732441471571598e-08 6.993201423978475696e-03
2.929765886287625073e-08 1.153196211726852105e-02
2.939799331103678549e-08 9.970417840228874840e-03
2.949832775919732024e-08 9.621087136182024380e-03
2.959866220735785499e-08 1.371217746718661652e-02
2.969899665551838975e-08 6.915717902730451200e-03
2.979933110367892450e-08 9.219374499159285752e-03
2.989966555183946256e-08 7.768143998412684915e-03
2.999999999999999732e-08 3.903554387974261276e-03
