0.000000000000000000e+00 9.999999999999995559e-01
1.003344481605351029e-10 5.142014691047174235e-01
2.006688963210702059e-10 3.044527363155349331e-01
3.010033444816052959e-10 1.695152610033501817e-01
4.013377926421404118e-10 6.595258166650484755e-02
5.016722408026755277e-10 2.139238909055314955e-02
6.020066889632105918e-10 -1.954909515783185767e-02
7.023411371237457594e-10 -1.282159883558447663e-02
8.026755852842808236e-10 -9.850155522983572443e-03
9.030100334448158877e-10 8.051713310302839252e-03
1.003344481605351055e-09 2.403921213338731933e-02
1.103678929765886223e-09 2.003654490299950491e-02
1.204013377926421184e-09 2.024962081288373197e-02
1.304347826086956351e-09 1.968205047679011041e-02
1.404682274247491519e-09 1.860053543172518822e-02
1.505016722408026480e-09 2.794997065829520760e-02
1.605351170568561647e-09 3.501238832593865646e-02
1.705685618729096815e-09 3.355236396578473862e-02
1.806020066889631775e-09 3.004465693754728231e-02
1.906354515050166943e-09 2.091896665012600576e-02
2.006688963210702111e-09 1.599803225540744750e-02
2.107023411371237278e-09 1.466678550229288036e-03
2.207357859531772446e-09 -5.910010657359265375e-03
2.307692307692307200e-09 -1.000034783368186977e-02
2.408026755852842367e-09 -4.493707941614496007e-03
2.508361204013377535e-09 6.824162965758919820e-03
2.608695652173912702e-09 7.835584937384759696e-03
2.709030100334447870e-09 7.590301464904109820e-03
2.809364548494983038e-09 7.712546597299809251e-03
2.909698996655517792e-09 3.920828847471899414e-03
3.010033444816052959e-09 6.372073641952011314e-03
3.110367892976588127e-09 1.405180486185479520e-02
3.210702341137123294e-09 1.146459878513889606e-02
3.311036789297658462e-09 1.387873453004955654e-02
3.411371237458193629e-09 1.066798179655038641e-02
3.511705685618728797e-09 8.281510573139840015e-03
3.612040133779263551e-09 1.895099327828668641e-03
3.712374581939798719e-09 1.774822858729463958e-03
3.812709030100333886e-09 -1.040427905546748933e-03
3.913043478260868640e-09 3.326473983877593476e-04
4.013377926421404221e-09 1.764627843176935990e-03
4.113712374581938975e-09 -1.082583181279787431e-03
4.214046822742474556e-09 -3.453285635117876859e-04
4.314381270903009310e-09 5.548632343402100549e-03
4.414715719063544892e-09 7.446828327745855583e-03
4.515050167224079646e-09 1.392008521582902697e-02
4.615384615384614399e-09 1.196707134084916933e-02
4.715719063545149981e-09 1.150361307232055860e-02
4.816053511705684735e-09 1.556469888576177477e-02
4.916387959866220316e-09 1.501136593514353773e-02
5.016722408026755070e-09 1.592226012133222610e-02
5.117056856187290651e-09 1.223819131201257272e-02
5.217391304347825405e-09 5.605595399242968221e-03
5.317725752508360159e-09 6.410496841752011746e-03
5.418060200668895740e-09 5.729153754398881755e-04
5.518394648829430494e-09 -1.836365611716267877e-04
5.618729096989966075e-09 -1.230934408406875961e-03
5.719063545150500829e-09 -4.688780239797088901e-05
5.819397993311035583e-09 9.036671566521176785e-03
5.919732441471571164e-09 6.154905848649303186e-03
6.020066889632105918e-09 4.637792124911799610e-03
6.120401337792641499e-09 9.544725365732129041e-03
6.220735785953176253e-09 1.428454236410275739e-02
6.321070234113711835e-09 1.180308574821140044e-02
6.421404682274246589e-09 9.929550813903514558e-03
6.521739130434781343e-09 4.232034202504856603e-03
6.622073578595316924e-09 2.917572453130666890e-03
6.722408026755851678e-09 9.323896270061211161e-03
6.822742474916387259e-09 2.365679240369544020e-03
6.923076923076922013e-09 6.327765529782957907e-03
7.023411371237457594e-09 2.129636030224900129e-03
7.123745819397992348e-09 -9.269337472108576514e-04
7.224080267558527102e-09 4.170124839256791546e-03
7.324414715719062683e-09 1.471632045966675927e-02
7.424749163879597437e-09 1.970061441001941943e-03
7.525083612040133018e-09 5.659466587056590121e-03
7.625418060200667772e-09 3.280307483429772443e-03
7.725752508361202526e-09 3.608668513745868969e-03
7.826086956521737280e-09 1.066587499939376620e-02
7.926421404682273689e-09 9.564723706619138871e-03
8.026755852842808442e-09 3.432688682861556942e-03
8.127090301003343196e-09 9.594828950297378672e-03
8.227424749163877950e-09 9.206220798888130330e-03
8.327759197324414359e-09 8.319062729572992629e-03
8.428093645484949113e-09 6.082679844885747859e-03
8.528428093645483867e-09 2.746768520452268214e-03
8.628762541806018621e-09 6.273544603071222123e-03
8.729096989966553375e-09 7.474851998060244064e-03
8.829431438127089783e-09 4.237891796141727771e-03
8.929765886287624537e-09 3.306760389463184527e-03
9.030100334448159291e-09 3.688826939744777305e-03
9.130434782608694045e-09 4.117868039799937223e-04
9.230769230769228799e-09 3.419161065395068689e-04
9.331103678929765207e-09 2.552155378261773862e-03
9.431438127090299961e-09 6.519775858114253489e-03
9.531772575250834715e-09 1.015879770887705494e-02
9.632107023411369469e-09 1.290125813451523454e-02
9.732441471571904223e-09 1.004539114947692290e-02
9.832775919732440632e-09 5.574710250560434462e-03
9.933110367892975386e-09 6.639351385709887574e-03
1.003344481605351014e-08 9.733532380466813905e-03
1.013377926421404489e-08 4.847842961428702052e-03
1.023411371237458130e-08 3.348615700182209620e-03
1.033444816053511606e-08 -4.205408178728544115e-04
1.043478260869565081e-08 6.171742804624578797e-03
1.053511705685618556e-08 6.726272694559647797e-03
1.063545150501672032e-08 3.721782799623460630e-03
1.073578595317725673e-08 4.316240623519602103e-03
1.083612040133779148e-08 5.002129448873093333e-03
1.093645484949832623e-08 9.473128356993982049e-03
1.103678929765886099e-08 1.069368562389929646e-02
1.113712374581939574e-08 1.278564694953148242e-02
1.123745819397993215e-08 1.627768784377713399e-02
1.133779264214046690e-08 6.003340856727941433e-03
1.143812709030100166e-08 9.300558923195235972e-03
1.153846153846153641e-08 5.824601070642919896e-03
1.163879598662207117e-08 1.134600564249298171e-02
1.173913043478260757e-08 4.172271186074145641e-03
1.183946488294314233e-08 7.843717799503928390e-03
1.193979933110367708e-08 8.614808652626631397e-03
1.204013377926421184e-08 8.568179729037707359e-03
1.214046822742474824e-08 1.246901659640875515e-02
1.224080267558528300e-08 7.857748138476800676e-03
1.234113712374581775e-08 7.204109126144555945e-03
1.244147157190635251e-08 7.215586148939111440e-03
1.254180602006688726e-08 1.094991841702839391e-02
1.264214046822742367e-08 7.143532949848521198e-03
1.274247491638795842e-08 6.101873207549781894e-03
1.284280936454849318e-08 9.323295085178085612e-03
1.294314381270902793e-08 8.103279075782570881e-03
1.304347826086956269e-08 9.265205920688610736e-03
1.314381270903009909e-08 5.048272522420113595e-03
1.324414715719063385e-08 1.116472121058411336e-02
1.334448160535116860e-08 2.618328698114367158e-03
1.344481605351170336e-08 -1.489714408582481272e-03
1.354515050167223811e-08 -2.465822596984310403e-03
1.364548494983277452e-08 2.271696381073922983e-03
1.374581939799330927e-08 4.185221525091239840e-03
1.384615384615384403e-08 6.453211901531709892e-03
1.394648829431437878e-08 7.464568940027332435e-03
1.404682274247491519e-08 1.196748682238684205e-02
1.414715719063544994e-08 7.667785199218022166e-03
1.424749163879598470e-08 7.141770302801361651e-03
1.434782608695651945e-08 1.022470281693890759e-02
1.444816053511705420e-08 8.824196755953627250e-03
1.454849498327759061e-08 1.020191253725512628e-02
1.464882943143812537e-08 6.709464719644755298e-03
1.474916387959866012e-08 9.266485443292555094e-03
1.484949832775919487e-08 1.256495253702769217e-02
1.494983277591973128e-08 6.182107078977885917e-03
1.505016722408026604e-08 4.310842923611770024e-03
1.515050167224080079e-08 8.462358357593227284e-03
1.525083612040133554e-08 8.839319727586232578e-03
1.535117056856187030e-08 9.605114201051380071e-03
1.545150501672240505e-08 1.225925735143550653e-02
1.555183946488293981e-08 7.184717625005830263e-03
1.565217391304347456e-08 8.614318676123071741e-03
1.575250836120401262e-08 9.111256429536172124e-03
1.585284280936454738e-08 4.774441454231108384e-03
1.595317725752508213e-08 2.610217721372953305e-03
1.605351170568561688e-08 6.356795419526578561e-03
1.615384615384615164e-08 6.083990527373414094e-03
1.625418060200668639e-08 7.555554214318955727e-03
1.635451505016722115e-08 5.324143323237793234e-03
1.645484949832775590e-08 5.492684154525394498e-03
1.655518394648829065e-08 7.996039058946318237e-03
1.665551839464882872e-08 6.394274063431125942e-03
1.675585284280936347e-08 1.296156610605911363e-02
1.685618729096989823e-08 1.306643538259930418e-02
1.695652173913043298e-08 1.065818976690215657e-02
1.705685618729096773e-08 8.223941915178566847e-03
1.715719063545150249e-08 9.351862832359789449e-03
1.725752508361203724e-08 1.542137284601127756e-02
1.735785953177257200e-08 1.462516580195879871e-02
1.745819397993310675e-08 1.619122553441579987e-02
1.755852842809364150e-08 9.335658070311076556e-03
1.765886287625417957e-08 8.576555040080612036e-03
1.775919732441471432e-08 6.496774500316685949e-03
1.785953177257524907e-08 5.080119954986715702e-03
1.795986622073578383e-08 1.054390187910008922e-02
1.806020066889631858e-08 6.673956028583970246e-03
1.816053511705685334e-08 9.118238142595075368e-03
1.826086956521738809e-08 8.948258654089380482e-03
1.836120401337792284e-08 4.447561891344185142e-03
1.846153846153845760e-08 9.103675315012410563e-04
1.856187290969899566e-08 -3.291867949327670264e-03
1.866220735785953041e-08 -1.011777732216950429e-04
1.876254180602006517e-08 3.833467429159059976e-03
1.886287625418059992e-08 3.737902116725992131e-03
1.896321070234113468e-08 1.287536252319744501e-02
1.906354515050166943e-08 7.869693160815156852e-03
1.916387959866220418e-08 8.560657191109403638e-03
1.926421404682273894e-08 4.791888505775734886e-03
1.936454849498327369e-08 5.708687792780658878e-04
1.946488294314380845e-08 4.014436369082356390e-03
1.956521739130434651e-08 1.515897202269371382e-03
1.966555183946488126e-08 6.772171426962368679e-03
1.976588628762541602e-08 -6.546266144394622582e-04
1.986622073578595077e-08 4.519425905171560627e-03
1.996655518394648553e-08 9.626619708632759564e-03
2.006688963210702028e-08 9.454936475308461583e-03
2.016722408026755503e-08 8.526030055255710144e-03
2.026755852842808979e-08 9.998621033609067857e-03
2.036789297658862454e-08 1.292909486666045035e-02
2.046822742474916260e-08 1.189596616367496508e-02
2.056856187290969736e-08 8.804967283550464707e-03
2.066889632107023211e-08 9.593944577161726481e-03
2.076923076923076687e-08 2.438542705592251433e-03
2.086956521739130162e-08 4.745730256450466852e-03
2.096989966555183637e-08 2.299422663163354710e-03
2.107023411371237113e-08 8.056726624207808871e-04
2.117056856187290588e-08 5.334552318134472976e-03
2.127090301003344064e-08 1.739630196545871848e-03
2.137123745819397539e-08 5.227990164458940457e-03
2.147157190635451345e-08 4.388357569201897269e-03
2.157190635451504821e-08 5.038397578657398054e-03
2.167224080267558296e-08 7.095167645958148396e-03
2.177257525083611771e-08 5.323638173707631940e-03
2.187290969899665247e-08 3.027559287700248153e-03
2.197324414715718722e-08 9.763532345578777513e-03
2.207357859531772198e-08 1.283699704705600075e-02
2.217391304347825673e-08 8.085560249905998989e-03
2.227424749163879148e-08 5.825057583292035136e-03
2.237458193979932955e-08 9.333619862037895523e-03
2.247491638795986430e-08 7.888455879492904232e-04
2.257525083612039905e-08 5.397043375719414587e-03
2.267558528428093381e-08 9.598200271119732008e-03
2.277591973244146856e-08 6.810139442449594967e-03
2.287625418060200332e-08 6.368534085321364037e-03
2.297658862876253807e-08 5.131033220037828357e-03
2.307692307692307282e-08 9.196099489613453193e-03
2.317725752508360758e-08 1.226863441292691016e-02
2.327759197324414233e-08 6.059317081218072894e-03
2.337792642140468040e-08 5.688428473703709652e-03
2.347826086956521515e-08 7.939931770276589806e-03
2.357859531772574990e-08 7.191450303654400508e-03
2.367892976588628466e-08 5.945177596894258253e-03
2.377926421404681941e-08 4.754466431323749881e-03
2.387959866220735417e-08 6.438586890842988401e-03
2.397993311036788892e-08 6.105351174753547751e-03
2.408026755852842367e-08 7.923919829262146552e-03
2.418060200668895843e-08 3.156856031341695717e-03
2.428093645484949649e-08 8.124410353507001761e-03
2.438127090301003124e-08 9.679666770694336439e-03
2.448160535117056600e-08 4.813500378869435894e-03
2.458193979933110075e-08 2.862884877895756526e-03
2.468227424749163551e-08 6.009735947452554336e-03
2.478260869565217026e-08 6.134977990631812483e-03
2.488294314381270501e-08 3.314614645546076679e-03
2.498327759197323977e-08 9.426843633877139000e-03
2.508361204013377452e-08 7.121073301749677661e-03
2.518394648829430928e-08 7.082558782201384476e-03
2.528428093645484734e-08 2.640579333634682484e-03
2.538461538461538209e-08 8.396189136333134101e-03
2.548494983277591685e-08 1.343933649190399201e-03
2.558528428093645160e-08 1.003850701676581650e-02
2.568561872909698635e-08 8.629945176203300192e-03
2.578595317725752111e-08 8.452887165630395758e-03
2.588628762541805586e-08 8.544411816124430209e-03
2.598662207357859062e-08 1.104835003474588864e-02
2.608695652173912537e-08 1.089037232815362639e-02
2.618729096989966343e-08 6.341219748636267931e-03
2.628762541806019819e-08 5.038371768359240638e-03
2.638795986622073294e-08 4.826959640702083859e-03
2.648829431438126769e-08 5.176689048424645313e-03
2.658862876254180245e-08 6.301330664567410603e-03
2.668896321070233720e-08 1.080779326302018853e-02
2.678929765886287196e-08 1.207327793564364794e-02
2.688963210702340671e-08 1.203695888324766115e-02
2.698996655518394146e-08 5.852018571002446344e-03
2.709030100334447622e-08 9.941442851746419909e-03
2.719063545150501428e-08 2.703412014447697468e-03
2.729096989966554904e-08 5.607337533483900717e-03
2.739130434782608379e-08 4.105713838050629311e-03
2.749163879598661854e-08 3.897933150451983898e-03
2.759197324414715330e-08 6.200889143985561548e-03
2.769230769230768805e-08 1.214403549501701096e-02
2.779264214046822281e-08 1.318724365193171648e-02
2.789297658862875756e-08 9.050924224598482296e-03
2.799331103678929231e-08 1.012226727701681130e-02
2.809364548494983038e-08 8.549343966524335439e-03
2.819397993311036513e-08 1.010886191241666503e-02
2.829431438127089988e-08 1.071362372403714472e-02
2.839464882943143464e-08 8.206606647706022467e-03
2.849498327759196939e-08 3.852828347451870208e-03
2.859531772575250415e-08 6.593323746562173085e-03
2.869565217391303890e-08 4.471849815153880123e-03
2.879598662207357365e-08 5.785752750374889737e-03
2.889632107023410841e-08 2.797080859831524956e-03
2.899665551839464316e-08 8.348198300185422777e-03
2.909698996655518122e-08 7.983394038810901969e-03
2.919732441471571598e-08 7.658773873063548336e-03
2.929765886287625073e-08 5.232944953904987775e-03
2.939799331103678549e-08 8.647592401765553938e-03
2.949832775919732024e-08 9.603738240150417466e-03
2.959866220735785499e-08 8.743693618801206754e-03
2.969899665551838975e-08 1.234939299567689060e-02
2.979933110367892450e-08 7.809990524110442707e-03
2.989966555183946256e-08 4.985719340317141222e-03
2.999999999999999732e-08 5.681792241861551365e-04
