0.000000000000000000e+00 9.999999999999995559e-01
1.003344481605351029e-10 5.222176933495622508e-01
2.006688963210702059e-10 3.162579125623928289e-01
3.010033444816052959e-10 1.894657007125231107e-01
4.013377926421404118e-10 7.256273550149161533e-02
5.016722408026755277e-10 2.578585435002588369e-02
6.020066889632105918e-10 -2.079562085355622300e-02
7.023411371237457594e-10 -1.359148172934676949e-02
8.026755852842808236e-10 -6.282399244186767304e-03
9.030100334448158877e-10 4.862580868445518650e-03
1.003344481605351055e-09 1.878288259965887885e-02
1.103678929765886223e-09 1.835206325848102310e-02
1.204013377926421184e-09 1.714690249285221943e-02
1.304347826086956351e-09 2.450069109508300202e-02
1.404682274247491519e-09 2.050625564667161310e-02
1.505016722408026480e-09 2.232981622690653062e-02
1.605351170568561647e-09 2.956736455638449279e-02
1.705685618729096815e-09 3.183858490841354194e-02
1.806020066889631775e-09 3.267469720631487745e-02
1.906354515050166943e-09 2.930105977531594422e-02
2.006688963210702111e-09 1.924828963300894910e-02
2.107023411371237278e-09 9.935313797785425699e-03
2.207357859531772446e-09 -4.950413055964214028e-03
2.307692307692307200e-09 -7.471673376099219333e-03
2.408026755852842367e-09 -9.859571480465291818e-03
2.508361204013377535e-09 -4.652512296490730545e-05
2.608695652173912702e-09 7.290817851196861044e-03
2.709030100334447870e-09 7.823804234094141816e-03
2.809364548494983038e-09 6.876535322446517863e-03
2.909698996655517792e-09 7.585182851453204159e-03
3.010033444816052959e-09 4.157810240657523922e-03
3.110367892976588127e-09 6.575958992167535433e-03
3.210702341137123294e-09 1.414838921176446267e-02
3.311036789297658462e-09 1.172180533489603632e-02
3.411371237458193629e-09 1.400363862302164177e-02
3.511705685618728797e-09 1.018787045024613022e-02
3.612040133779263551e-09 9.531721743578362022e-03
3.712374581939798719e-09 2.413457631643734641e-03
3.812709030100333886e-09 2.680134424718135910e-03
3.913043478260868640e-09 -1.752654835695394153e-05
4.013377926421404221e-09 3.397769384123024757e-04
4.113712374581938975e-09 1.502346132754302666e-03
4.214046822742474556e-09 -1.545702019544736849e-04
4.314381270903009310e-09 3.716717588835099194e-04
4.414715719063544892e-09 3.620037143987006774e-03
4.515050167224079646e-09 6.799165496825852403e-03
4.615384615384614399e-09 1.017557619770257174e-02
4.715719063545149981e-09 1.095536156981450314e-02
4.816053511705684735e-09 1.118114271777524357e-02
4.916387959866220316e-09 1.255293484198346035e-02
5.016722408026755070e-09 1.367520826687592013e-02
5.117056856187290651e-09 1.241494178104181161e-02
5.217391304347825405e-09 1.445930427569329380e-02
5.317725752508360159e-09 1.138243002389394479e-02
5.418060200668895740e-09 8.360314799565452676e-03
5.518394648829430494e-09 4.159123798270977779e-03
5.618729096989966075e-09 -9.007572271752287921e-04
5.719063545150500829e-09 -1.828855778070387957e-04
5.819397993311035583e-09 -1.132378037199826843e-03
5.919732441471571164e-09 7.949991997897570134e-04
6.020066889632105918e-09 9.387275953122529298e-03
6.120401337792641499e-09 6.352767732400134947e-03
6.220735785953176253e-09 4.406295979644340652e-03
6.321070234113711835e-09 9.519603170353376984e-03
6.421404682274246589e-09 1.476435577988042397e-02
6.521739130434781343e-09 1.114627234002953104e-02
6.622073578595316924e-09 1.099864077162415743e-02
6.722408026755851678e-09 5.177704455631162994e-03
6.822742474916387259e-09 2.813621555849761709e-03
6.923076923076922013e-09 8.627719017405641871e-03
7.023411371237457594e-09 3.506449641320763012e-03
7.123745819397992348e-09 5.766186280643835829e-03
7.224080267558527102e-09 1.988207945886264795e-03
7.324414715719062683e-09 1.555863650682467320e-03
7.424749163879597437e-09 4.436633264757601849e-03
7.525083612040133018e-09 8.971926538397387296e-03
7.625418060200667772e-09 9.288055516469179845e-03
7.725752508361202526e-09 3.400900940929670220e-03
7.826086956521737280e-09 4.900850669827280445e-03
7.926421404682273689e-09 5.478129858911421138e-03
8.026755852842808442e-09 5.431896206434527752e-03
8.127090301003343196e-09 7.783750853480184834e-03
8.227424749163877950e-09 6.709030427116793698e-03
8.327759197324414359e-09 3.245626129823660222e-03
8.428093645484949113e-09 1.094884075457851214e-02
8.528428093645483867e-09 8.290018878071646335e-03
8.628762541806018621e-09 6.455263766067991307e-03
8.729096989966553375e-09 6.531504602780975784e-03
8.829431438127089783e-09 2.424702081746459795e-03
8.929765886287624537e-09 6.180551958932433733e-03
9.030100334448159291e-09 8.249775625736767079e-03
9.130434782608694045e-09 4.230086353462723589e-03
9.230769230769228799e-09 3.269214311211238524e-03
9.331103678929765207e-09 3.621757764127488035e-03
9.431438127090299961e-09 4.713317241329667692e-04
9.531772575250834715e-09 3.384952318313519306e-04
9.632107023411369469e-09 2.170365781667796951e-03
9.732441471571904223e-09 6.298353372608663132e-03
9.832775919732440632e-09 9.268993776675126667e-03
9.933110367892975386e-09 1.246003797320639588e-02
1.003344481605351014e-08 1.143921847020748853e-02
1.013377926421404489e-08 5.971916780225327778e-03
1.023411371237458130e-08 5.929308195918162223e-03
1.033444816053511606e-08 1.112485946201268415e-02
1.043478260869565081e-08 3.623311464480313306e-03
1.053511705685618556e-08 2.267934993640700631e-03
1.063545150501672032e-08 4.304745831638636874e-03
1.073578595317725673e-08 2.917333203200640594e-03
1.083612040133779148e-08 3.809032421655811351e-03
1.093645484949832623e-08 9.937982692381937960e-03
1.103678929765886099e-08 1.634387168663171269e-03
1.113712374581939574e-08 5.931573231452429151e-03
1.123745819397993215e-08 3.033736826954497486e-03
1.133779264214046690e-08 1.055605245592000641e-02
1.143812709030100166e-08 1.138170177023598885e-02
1.153846153846153641e-08 1.508919407577598813e-02
1.163879598662207117e-08 1.354389947181578076e-02
1.173913043478260757e-08 5.623959718030172202e-03
1.183946488294314233e-08 8.395711714446293938e-03
1.193979933110367708e-08 6.253980291550525171e-03
1.204013377926421184e-08 1.067924317621941725e-02
1.214046822742474824e-08 3.725050896629043297e-03
1.224080267558528300e-08 7.597068200233413407e-03
1.234113712374581775e-08 9.108623832256294850e-03
1.244147157190635251e-08 8.873242172951477727e-03
1.254180602006688726e-08 1.223771841045459552e-02
1.264214046822742367e-08 7.838508332752010949e-03
1.274247491638795842e-08 7.270169342040195583e-03
1.284280936454849318e-08 6.911995391695214229e-03
1.294314381270902793e-08 1.149187065200866012e-02
1.304347826086956269e-08 6.331010268389208190e-03
1.314381270903009909e-08 7.252688818506305458e-03
1.324414715719063385e-08 7.908798776039959594e-03
1.334448160535116860e-08 8.847640527173588135e-03
1.344481605351170336e-08 8.113429809678876156e-03
1.354515050167223811e-08 8.150905748437433512e-03
1.364548494983277452e-08 7.712790089016048622e-03
1.374581939799330927e-08 1.464635263958001879e-03
1.384615384615384403e-08 3.427626568978805500e-03
1.394648829431437878e-08 -3.412101529059414617e-03
1.404682274247491519e-08 -1.415481869544736029e-03
1.414715719063544994e-08 4.384206183942515600e-03
1.424749163879598470e-08 2.976608823899444707e-03
1.434782608695651945e-08 9.789938090781125438e-03
1.444816053511705420e-08 8.085817924005011745e-03
1.454849498327759061e-08 1.132181800790450256e-02
1.464882943143812537e-08 6.226590172006198076e-03
1.474916387959866012e-08 7.024412873138550888e-03
1.484949832775919487e-08 1.156055109935028372e-02
1.494983277591973128e-08 8.733992110301170425e-03
1.505016722408026604e-08 8.818436925360511117e-03
1.515050167224080079e-08 7.040140880869834826e-03
1.525083612040133554e-08 1.010771341117522662e-02
1.535117056856187030e-08 1.125218879355421170e-02
1.545150501672240505e-08 6.480681296450970831e-03
1.555183946488293981e-08 4.507007747754971164e-03
1.565217391304347456e-08 8.914109273323537336e-03
1.575250836120401262e-08 8.869492026706888091e-03
1.585284280936454738e-08 9.686562015760404390e-03
1.595317725752508213e-08 1.298785643678214766e-02
1.605351170568561688e-08 6.653167101803965193e-03
1.615384615384615164e-08 8.708501517581700158e-03
1.625418060200668639e-08 8.605294564095266469e-03
1.635451505016722115e-08 6.796511320148246327e-03
1.645484949832775590e-08 3.186359832863785903e-03
1.655518394648829065e-08 6.022311433009370357e-03
1.665551839464882872e-08 5.803386417861923670e-03
1.675585284280936347e-08 7.184518236558037028e-03
1.685618729096989823e-08 4.938073740706015041e-03
1.695652173913043298e-08 6.684650102537447597e-03
1.705685618729096773e-08 4.568332216739066400e-03
1.715719063545150249e-08 7.952289851987629291e-03
1.725752508361203724e-08 8.419047210767334824e-03
1.735785953177257200e-08 1.307572127849917706e-02
1.745819397993310675e-08 1.268178341378574207e-02
1.755852842809364150e-08 9.418990986190136847e-03
1.765886287625417957e-08 7.595401250779120449e-03
1.775919732441471432e-08 1.236277742733790479e-02
1.785953177257524907e-08 1.660205733934709549e-02
1.795986622073578383e-08 1.370836642821956532e-02
1.806020066889631858e-08 1.595852003350371751e-02
1.816053511705685334e-08 9.828585035091102692e-03
1.826086956521738809e-08 5.947863861419705814e-03
1.836120401337792284e-08 3.189291560458589608e-03
1.846153846153845760e-08 6.729384053818040015e-03
1.856187290969899566e-08 1.136034921384461958e-02
1.866220735785953041e-08 6.423979759193617495e-03
1.876254180602006517e-08 9.029516802109794835e-03
1.886287625418059992e-08 8.811387633032959771e-03
1.896321070234113468e-08 4.521971602105224683e-03
1.906354515050166943e-08 6.555230268432880956e-04
1.916387959866220418e-08 -3.066545766993161639e-03
1.926421404682273894e-08 1.357830403114724735e-05
1.936454849498327369e-08 3.071250298673491082e-03
1.946488294314380845e-08 1.000923840096202590e-03
1.956521739130434651e-08 1.302705210486779577e-02
1.966555183946488126e-08 9.864896932639156610e-03
1.976588628762541602e-08 6.534168956830540068e-03
1.986622073578595077e-08 1.060011359139763007e-02
1.996655518394648553e-08 8.623445321769791566e-04
2.006688963210702028e-08 3.318379381215609634e-03
2.016722408026755503e-08 5.633011250300114237e-03
2.026755852842808979e-08 2.933679364977773065e-03
2.036789297658862454e-08 4.876975555994953609e-03
2.046822742474916260e-08 3.253866327427117327e-03
2.056856187290969736e-08 7.902093441763092044e-03
2.066889632107023211e-08 7.616176286214515305e-03
2.076923076923076687e-08 5.446880889926752380e-03
2.086956521739130162e-08 1.412665362451334845e-02
2.096989966555183637e-08 9.354150956068797360e-03
2.107023411371237113e-08 1.470034194093543765e-02
2.117056856187290588e-08 1.135106739464736801e-02
2.127090301003344064e-08 8.769857416406935668e-03
2.137123745819397539e-08 8.711238562900975452e-03
2.147157190635451345e-08 2.550129216906665310e-03
2.157190635451504821e-08 4.049795501648973360e-03
2.167224080267558296e-08 2.943871708679626949e-03
2.177257525083611771e-08 1.334050115691187352e-03
2.187290969899665247e-08 5.366825342941051839e-03
2.197324414715718722e-08 1.902923522860305340e-03
2.207357859531772198e-08 5.267865270425373114e-03
2.217391304347825673e-08 4.364465763259831738e-03
2.227424749163879148e-08 4.991785459924997712e-03
2.237458193979932955e-08 7.030096804069507592e-03
2.247491638795986430e-08 5.359545813717580577e-03
2.257525083612039905e-08 3.713386839668876473e-03
2.267558528428093381e-08 9.057479093336774298e-03
2.277591973244146856e-08 1.009484218921328884e-02
2.287625418060200332e-08 1.204937720779643805e-02
2.297658862876253807e-08 5.240970938254119540e-03
2.307692307692307282e-08 6.381724694688817832e-03
2.317725752508360758e-08 5.381032195701049119e-03
2.327759197324414233e-08 5.022875891179381588e-03
2.337792642140468040e-08 6.921236903899114293e-03
2.347826086956521515e-08 8.648667523352790432e-03
2.357859531772574990e-08 4.884277867428796563e-03
2.367892976588628466e-08 5.965108493560359465e-03
2.377926421404681941e-08 7.942937725820616024e-03
2.387959866220735417e-08 9.108672292656291511e-03
2.397993311036788892e-08 5.693997105039916122e-03
2.408026755852842367e-08 6.291209952920344926e-03
2.418060200668895843e-08 5.537497636356256484e-03
2.428093645484949649e-08 6.004992939784261491e-03
2.438127090301003124e-08 8.175430717232867739e-03
2.448160535117056600e-08 6.808858081191287298e-03
2.458193979933110075e-08 3.636140146466610920e-03
2.468227424749163551e-08 7.289576232766616613e-03
2.478260869565217026e-08 5.113280055087350041e-03
2.488294314381270501e-08 9.098185454661220084e-03
2.498327759197323977e-08 3.689495722111665703e-03
2.508361204013377452e-08 7.791436059781666271e-03
2.518394648829430928e-08 9.689009270549685249e-03
2.528428093645484734e-08 4.754903025571388317e-03
2.538461538461538209e-08 2.702554207233298471e-03
2.548494983277591685e-08 6.167264413251306865e-03
2.558528428093645160e-08 5.806123261049499565e-03
2.568561872909698635e-08 2.804417153228626856e-03
2.578595317725752111e-08 8.738658216390427988e-03
2.588628762541805586e-08 7.829565475648517237e-03
2.598662207357859062e-08 7.379253984409976826e-03
2.608695652173912537e-08 4.367814360471365676e-03
2.618729096989966343e-08 8.775621053425488802e-03
2.628762541806019819e-08 2.754514246100089533e-04
2.638795986622073294e-08 7.162516006593039330e-03
2.648829431438126769e-08 7.605395561547430988e-03
2.658862876254180245e-08 1.022105727972757831e-02
2.668896321070233720e-08 8.355208866097993056e-03
2.678929765886287196e-08 8.387897136357720315e-03
2.688963210702340671e-08 1.372113881750092017e-02
2.698996655518394146e-08 6.980204642167642248e-03
2.709030100334447622e-08 5.200057026420974032e-03
2.719063545150501428e-08 4.726471807653089691e-03
2.729096989966554904e-08 5.140173290508894335e-03
2.739130434782608379e-08 4.973727323754174347e-03
2.749163879598661854e-08 6.893122903658999850e-03
2.759197324414715330e-08 1.057912564194839200e-02
2.769230769230768805e-08 1.284062422984488458e-02
2.779264214046822281e-08 1.085607074427920662e-02
2.789297658862875756e-08 6.847143695054618874e-03
2.799331103678929231e-08 9.500996397893583800e-03
2.809364548494983038e-08 2.426300817217989618e-03
2.819397993311036513e-08 5.844720023860803387e-03
2.829431438127089988e-08 3.783362801662406780e-03
2.839464882943143464e-08 3.906537931827110122e-03
2.849498327759196939e-08 5.981667409135261668e-03
2.859531772575250415e-08 1.170974609889394169e-02
2.869565217391303890e-08 1.296875101576083940e-02
2.879598662207357365e-08 8.692719228072543283e-03
2.889632107023410841e-08 9.259422365110969028e-03
2.899665551839464316e-08 9.458866818506663290e-03
2.909698996655518122e-08 1.121703003610093757e-02
2.919732441471571598e-08 9.315720131209934834e-03
2.929765886287625073e-08 6.272361872925792149e-03
2.939799331103678549e-08 5.255462909299556465e-03
2.949832775919732024e-08 3.945022208096217627e-03
2.959866220735785499e-08 5.680862509752513702e-03
2.969899665551838975e-08 7.447578538616400450e-03
2.979933110367892450e-08 4.195989458088371718e-03
2.989966555183946256e-08 4.308749902481740120e-03
2.999999999999999732e-08 9.443994416883818091e-03
