0.000000000000000000e+00 9.999999999999995559e-01
1.003344481605351029e-10 9.998684545365813525e-01
2.006688963210702059e-10 9.994740294001289715e-01
3.010033444816052959e-10 9.988173577795351754e-01
4.013377926421404118e-10 9.978994930832904009e-01
5.016722408026755277e-10 9.967219060871949088e-01
6.020066889632105918e-10 9.952864809555210801e-01
7.023411371237457594e-10 9.935955101499331921e-01
8.026755852842808236e-10 9.916516882444398329e-01
9.030100334448158877e-10 9.894581046685591019e-01
1.003344481605351055e-09 9.870182354046852513e-01
1.103678929765886223e-09 9.843359336693375816e-01
1.204013377926421184e-09 9.814154196115515427e-01
1.304347826086956351e-09 9.782612690650845932e-01
1.404682274247491519e-09 9.748784013943964100e-01
1.505016722408026480e-09 9.712720664774540102e-01
1.605351170568561647e-09 9.674478308713410080e-01
1.705685618729096815e-09 9.634115632093679382e-01
1.806020066889631775e-09 9.591694188809054555e-01
1.906354515050166943e-09 9.547278240474655897e-01
2.006688963210702111e-09 9.500934590506340260e-01
2.107023411371237278e-09 9.452732412693048980e-01
2.207357859531772446e-09 9.402743074852789595e-01
2.307692307692307200e-09 9.351039958176474709e-01
2.408026755852842367e-09 9.297698272874893588e-01
2.508361204013377535e-09 9.242794870752839564e-01
2.608695652173912702e-09 9.186408055340258283e-01
2.709030100334447870e-09 9.128617390213917826e-01
2.809364548494983038e-09 9.069503506143836713e-01
2.909698996655517792e-09 9.009147907697189206e-01
3.010033444816052959e-09 8.947632779928069713e-01
3.110367892976588127e-09 8.885040795774945543e-01
3.210702341137123294e-09 8.821454924778364681e-01
3.311036789297658462e-09 8.756958243719977775e-01
3.411371237458193629e-09 8.691633749770183437e-01
3.511705685618728797e-09 8.625564176715379006e-01
3.612040133779263551e-09 8.558831814817768890e-01
3.712374581939798719e-09 8.491518334840190141e-01
3.812709030100333886e-09 8.423704616746221507e-01
3.913043478260868640e-09 8.355470583561721565e-01
4.013377926421404221e-09 8.286895040858077710e-01
4.113712374581938975e-09 8.218055522290069748e-01
4.214046822742474556e-09 8.149028141592410401e-01
4.314381270903009310e-09 8.079887451408775956e-01
4.414715719063544892e-09 8.010706309295934080e-01
4.515050167224079646e-09 7.941555751213108527e-01
4.615384615384614399e-09 7.872504872773687934e-01
4.715719063545149981e-09 7.803620718502308762e-01
4.816053511705684735e-09 7.734968179306117575e-01
4.916387959866220316e-09 7.666609898334094675e-01
5.016722408026755070e-09 7.598606185363283583e-01
5.117056856187290651e-09 7.531014939815852127e-01
5.217391304347825405e-09 7.463891582475752351e-01
5.317725752508360159e-09 7.397288995939128586e-01
5.418060200668895740e-09 7.331257473798357127e-01
5.518394648829430494e-09 7.265844678525742451e-01
5.618729096989966075e-09 7.201095607990001257e-01
5.719063545150500829e-09 7.137052570506381421e-01
5.819397993311035583e-09 7.073755168290110085e-01
5.919732441471571164e-09 7.011240289152794736e-01
6.020066889632105918e-09 6.949542106252558638e-01
6.120401337792641499e-09 6.888692085681121791e-01
6.220735785953176253e-09 6.828719001645187081e-01
6.321070234113711835e-09 6.769648958974795461e-01
6.421404682274246589e-09 6.711505422668676557e-01
6.521739130434781343e-09 6.654309254165442500e-01
6.622073578595316924e-09 6.598078754010190394e-01
6.722408026755851678e-09 6.542829710568659474e-01
6.822742474916387259e-09 6.488575454425612454e-01
6.923076923076922013e-09 6.435326918090495951e-01
7.023411371237457594e-09 6.383092700621945115e-01
7.123745819397992348e-09 6.331879136773080896e-01
7.224080267558527102e-09 6.281690370252095423e-01
7.324414715719062683e-09 6.232528430687047649e-01
7.424749163879597437e-09 6.184393313880375276e-01
7.525083612040133018e-09 6.137283064937073540e-01
7.625418060200667772e-09 6.091193863851046553e-01
7.725752508361202526e-09 6.046120113136442820e-01
7.826086956521737280e-09 6.002054527095197489e-01
7.926421404682273689e-09 5.958988222318020167e-01
8.026755852842808442e-09 5.916910809024004125e-01
8.127090301003343196e-09 5.875810482853568439e-01
8.227424749163877950e-09 5.835674116740630080e-01
8.327759197324414359e-09 5.796487352502606161e-01
8.428093645484949113e-09 5.758234691800968585e-01
8.528428093645483867e-09 5.720899586140473225e-01
8.628762541806018621e-09 5.684464525591952366e-01
8.729096989966553375e-09 5.648911125941261657e-01
8.829431438127089783e-09 5.614220213985773311e-01
8.929765886287624537e-09 5.580371910719501560e-01
9.030100334448159291e-09 5.547345712168307852e-01
9.130434782608694045e-09 5.515120567657759709e-01
9.230769230769228799e-09 5.483674955317741073e-01
9.331103678929765207e-09 5.452986954649884366e-01
9.431438127090299961e-09 5.423034316006111188e-01
9.531772575250834715e-09 5.393794526848995075e-01
9.632107023411369469e-09 5.365244874686903032e-01
9.732441471571904223e-09 5.337362506599321321e-01
9.832775919732440632e-09 5.310124485289673402e-01
9.933110367892975386e-09 5.283507841624756063e-01
1.003344481605351014e-08 5.257489623641109500e-01
1.013377926421404489e-08 5.232046942019374924e-01
1.023411371237458130e-08 5.207157012047768374e-01
1.033444816053511606e-08 5.182797192114994012e-01
1.043478260869565081e-08 5.158945018791434300e-01
1.053511705685618556e-08 5.135578238574912691e-01
1.063545150501672032e-08 5.112674836393815703e-01
1.073578595317725673e-08 5.090213060975735671e-01
1.083612040133779148e-08 5.068171447204067315e-01
1.093645484949832623e-08 5.046528835597963170e-01
1.103678929765886099e-08 5.025264389062916726e-01
1.113712374581939574e-08 5.004357607069586100e-01
1.123745819397993215e-08 4.983788337427720316e-01
1.133779264214046690e-08 4.963536785829735232e-01
1.143812709030100166e-08 4.943583523344947661e-01
1.153846153846153641e-08 4.923909492050403958e-01
1.163879598662207117e-08 4.904496008987940248e-01
1.173913043478260757e-08 4.885324768639301429e-01
1.183946488294314233e-08 4.866377844111987594e-01
1.193979933110367708e-08 4.847637687228101289e-01
1.204013377926421184e-08 4.829087127706608307e-01
1.214046822742474824e-08 4.810709371626376574e-01
1.224080267558528300e-08 4.792487999353091110e-01
1.234113712374581775e-08 4.774406963107605262e-01
1.244147157190635251e-08 4.756450584346752497e-01
1.254180602006688726e-08 4.738603551119906498e-01
1.264214046822742367e-08 4.720850915555960259e-01
1.274247491638795842e-08 4.703178091625808688e-01
1.284280936454849318e-08 4.685570853314983686e-01
1.294314381270902793e-08 4.668015333329914585e-01
1.304347826086956269e-08 4.650498022449423563e-01
1.314381270903009909e-08 4.633005769620610059e-01
1.324414715719063385e-08 4.615525782885366857e-01
1.334448160535116860e-08 4.598045631210364581e-01
1.344481605351170336e-08 4.580553247279732787e-01
1.354515050167223811e-08 4.563036931295754162e-01
1.364548494983277452e-08 4.545485355818902895e-01
1.374581939799330927e-08 4.527887571664525046e-01
1.384615384615384403e-08 4.510233014859477696e-01
1.394648829431437878e-08 4.492511514648270810e-01
1.404682274247491519e-08 4.474713302524651604e-01
1.414715719063544994e-08 4.456829022251364014e-01
1.424749163879598470e-08 4.438849740817998324e-01
1.434782608695651945e-08 4.420766960274534751e-01
1.444816053511705420e-08 4.402572630366415884e-01
1.454849498327759061e-08 4.384259161885952216e-01
1.464882943143812537e-08 4.365819440644406191e-01
1.474916387959866012e-08 4.347246841959572228e-01
1.484949832775919487e-08 4.328535245544863352e-01
1.494983277591973128e-08 4.309679050678058010e-01
1.505016722408026604e-08 4.290673191520908425e-01
1.515050167224080079e-08 4.271513152454859408e-01
1.525083612040133554e-08 4.252194983293139385e-01
1.535117056856187030e-08 4.232715314225595216e-01
1.545150501672240505e-08 4.213071370349726896e-01
1.555183946488293981e-08 4.193260985639611915e-01
1.565217391304347456e-08 4.173282616203680684e-01
1.575250836120401262e-08 4.153135352682620907e-01
1.585284280936454738e-08 4.132818931640156457e-01
1.595317725752508213e-08 4.112333745801903251e-01
1.605351170568561688e-08 4.091680853001022911e-01
1.615384615384615164e-08 4.070861983693968011e-01
1.625418060200668639e-08 4.049879546915080009e-01
1.635451505016722115e-08 4.028736634545334039e-01
1.645484949832775590e-08 4.007437023777850049e-01
1.655518394648829065e-08 3.985985177671070856e-01
1.665551839464882872e-08 3.964386243689511091e-01
1.675585284280936347e-08 3.942646050141814795e-01
1.685618729096989823e-08 3.920771100436292178e-01
1.695652173913043298e-08 3.898768565085277693e-01
1.705685618729096773e-08 3.876646271401235633e-01
1.715719063545150249e-08 3.854412690839752464e-01
1.725752508361203724e-08 3.832076923957080661e-01
1.735785953177257200e-08 3.809648682962761268e-01
1.745819397993310675e-08 3.787138271861090200e-01
1.755852842809364150e-08 3.764556564188382692e-01
1.765886287625417957e-08 3.741914978366563393e-01
1.775919732441471432e-08 3.719225450706927782e-01
1.785953177257524907e-08 3.696500406111381531e-01
1.795986622073578383e-08 3.673752726531671620e-01
1.806020066889631858e-08 3.650995717260163698e-01
1.816053511705685334e-08 3.628243071138435583e-01
1.826086956521738809e-08 3.605508830782357954e-01
1.836120401337792284e-08 3.582807348934195502e-01
1.846153846153845760e-08 3.560153247063764237e-01
1.856187290969899566e-08 3.537561372351427647e-01
1.866220735785953041e-08 3.515046753196027773e-01
1.876254180602006517e-08 3.492624553400237586e-01
1.886287625418059992e-08 3.470310025194712766e-01
1.896321070234113468e-08 3.448118461270278101e-01
1.906354515050166943e-08 3.426065145994572902e-01
1.916387959866220418e-08 3.404165305995796587e-01
1.926421404682273894e-08 3.382434060301483525e-01
1.936454849498327369e-08 3.360886370224697717e-01
1.946488294314380845e-08 3.339536989193315208e-01
1.956521739130434651e-08 3.318400412720576287e-01
1.966555183946488126e-08 3.297490828716451716e-01
1.976588628762541602e-08 3.276822068339736438e-01
1.986622073578595077e-08 3.256407557590245139e-01
1.996655518394648553e-08 3.236260269838762138e-01
2.006688963210702028e-08 3.216392679489865625e-01
2.016722408026755503e-08 3.196816716969064220e-01
2.026755852842808979e-08 3.177543725221168014e-01
2.036789297658862454e-08 3.158584417901282859e-01
2.046822742474916260e-08 3.139948839433389649e-01
2.056856187290969736e-08 3.121646327104245500e-01
2.066889632107023211e-08 3.103685475352125356e-01
2.076923076923076687e-08 3.086074102401129005e-01
2.086956521739130162e-08 3.068819219382062369e-01
2.096989966555183637e-08 3.051927002070600192e-01
2.107023411371237113e-08 3.035402765362476551e-01
2.117056856187290588e-08 3.019250940593932730e-01
2.127090301003344064e-08 3.003475055803584981e-01
2.137123745819397539e-08 2.988077719019410217e-01
2.147157190635451345e-08 2.973060604641685756e-01
2.157190635451504821e-08 2.958424442979513680e-01
2.167224080267558296e-08 2.944169012985159983e-01
2.177257525083611771e-08 2.930293138216835680e-01
2.187290969899665247e-08 2.916794686046841334e-01
2.197324414715718722e-08 2.903670570118257466e-01
2.207357859531772198e-08 2.890916756039657587e-01
2.217391304347825673e-08 2.878528270293743696e-01
2.227424749163879148e-08 2.866499212322344836e-01
2.237458193979932955e-08 2.854822769737060395e-01
2.247491638795986430e-08 2.843491236591936255e-01
2.257525083612039905e-08 2.832496034642023042e-01
2.267558528428093381e-08 2.821827737499622568e-01
2.277591973244146856e-08 2.811476097588360701e-01
2.287625418060200332e-08 2.801430075784192564e-01
2.297658862876253807e-08 2.791677873621949413e-01
2.307692307692307282e-08 2.782206967936183273e-01
2.317725752508360758e-08 2.773004147795897767e-01
2.327759197324414233e-08 2.764055553584310321e-01
2.337792642140468040e-08 2.755346718067068212e-01
2.347826086956521515e-08 2.746862609285462553e-01
2.357859531772574990e-08 2.738587675105031982e-01
2.367892976588628466e-08 2.730505889244726481e-01
2.377926421404681941e-08 2.722600798607345274e-01
2.387959866220735417e-08 2.714855571728398420e-01
2.397993311036788892e-08 2.707253048157890474e-01
2.408026755852842367e-08 2.699775788587646108e-01
2.418060200668895843e-08 2.692406125535918293e-01
2.428093645484949649e-08 2.685126214400870293e-01
2.438127090301003124e-08 2.677918084695350420e-01
2.448160535117056600e-08 2.670763691276958895e-01
2.458193979933110075e-08 2.663644965389846408e-01
2.468227424749163551e-08 2.656543865337916976e-01
2.478260869565217026e-08 2.649442426613096702e-01
2.488294314381270501e-08 2.642322811307084018e-01
2.498327759197323977e-08 2.635167356640406577e-01
2.508361204013377452e-08 2.627958622448755555e-01
2.518394648829430928e-08 2.620679437473270590e-01
2.528428093645484734e-08 2.613312944308767150e-01
2.538461538461538209e-08 2.605842642871767922e-01
2.548494983277591685e-08 2.598252432258513211e-01
2.558528428093645160e-08 2.590526650871901593e-01
2.568561872909698635e-08 2.582650114705511424e-01
2.578595317725752111e-08 2.574608153682290124e-01
2.588628762541805586e-08 2.566386645955324175e-01
2.598662207357859062e-08 2.557972050088072047e-01
2.608695652173912537e-08 2.549351435041641301e-01
2.618729096989966343e-08 2.540512507906952377e-01
2.628762541806019819e-08 2.531443639329984951e-01
2.638795986622073294e-08 2.522133886588704410e-01
2.648829431438126769e-08 2.512573014290503393e-01
2.658862876254180245e-08 2.502751512669281198e-01
2.668896321070233720e-08 2.492660613471322506e-01
2.678929765886287196e-08 2.482292303429017855e-01
2.688963210702340671e-08 2.471639335331108356e-01
2.698996655518394146e-08 2.460695236707491074e-01
2.709030100334447622e-08 2.449454316155649236e-01
2.719063545150501428e-08 2.437911667344415667e-01
2.729096989966554904e-08 2.426063170739064523e-01
2.739130434782608379e-08 2.413905493099525734e-01
2.749163879598661854e-08 2.401436084810877614e-01
2.759197324414715330e-08 2.388653175112158689e-01
2.769230769230768805e-08 2.375555765295871979e-01
2.779264214046822281e-08 2.362143619956365570e-01
2.789297658862875756e-08 2.348417256370571859e-01
2.799331103678929231e-08 2.334377932099233888e-01
2.809364548494983038e-08 2.320027630900918514e-01
2.819397993311036513e-08 2.305369047054631471e-01
2.829431438127089988e-08 2.290405568189815277e-01
2.839464882943143464e-08 2.275141256724888539e-01
2.849498327759196939e-08 2.259580830017287878e-01
2.859531772575250415e-08 2.243729639329191117e-01
2.869565217391303890e-08 2.227593647713782266e-01
2.879598662207357365e-08 2.211179406927029911e-01
2.889632107023410841e-08 2.194494033469548966e-01
2.899665551839464316e-08 2.177545183862197864e-01
2.909698996655518122e-08 2.160341029257663026e-01
2.919732441471571598e-08 2.142890229488403631e-01
2.929765886287625073e-08 2.125201906649037964e-01
2.939799331103678549e-08 2.107285618308532560e-01
2.949832775919732024e-08 2.089151330444473098e-01
2.959866220735785499e-08 2.070809390188243504e-01
2.969899665551838975e-08 2.052270498466224335e-01
2.979933110367892450e-08 2.033545682618048966e-01
2.989966555183946256e-08 2.014646269068746942e-01
2.999999999999999732e-08 1.995583856127073341e-01
