0.000000000000000000e+00 9.999999999999995559e-01
1.003344481605351029e-10 9.872525437677872606e-01
2.006688963210702059e-10 9.509590604213946641e-01
3.010033444816052959e-10 8.964696760285416621e-01
4.013377926421404118e-10 8.312128136131814449e-01
5.016722408026755277e-10 7.629793681303751463e-01
6.020066889632105918e-10 6.983445988072322086e-01
7.023411371237457594e-10 6.416564813448137894e-01
8.026755852842808236e-10 5.947737947427690353e-01
9.030100334448158877e-10 5.574592523733634675e-01
1.003344481605351055e-09 5.281368796038630187e-01
1.103678929765886223e-09 5.046754034367677555e-01
1.204013377926421184e-09 4.849546954869391469e-01
1.304347826086956351e-09 4.671421642054923717e-01
1.404682274247491519e-09 4.497588838209867212e-01
1.505016722408026480e-09 4.316823109471181752e-01
1.605351170568561647e-09 4.121978959095521367e-01
1.705685618729096815e-09 3.911142171705438431e-01
1.806020066889631775e-09 3.688621180954091971e-01
1.906354515050166943e-09 3.464647894179854193e-01
2.006688963210702111e-09 3.253110422306585980e-01
2.107023411371237278e-09 3.067610095971690654e-01
2.207357859531772446e-09 2.917074233563716201e-01
2.307692307692307200e-09 2.802548924919523454e-01
2.408026755852842367e-09 2.716429010884882089e-01
2.508361204013377535e-09 2.644437334334001632e-01
2.608695652173912702e-09 2.569602488031815790e-01
2.709030100334447870e-09 2.476792045653758156e-01
2.809364548494983038e-09 2.356309556319664544e-01
2.909698996655517792e-09 2.205603655760333404e-01
3.010033444816052959e-09 2.028948060814563525e-01
3.110367892976588127e-09 1.835638959671739012e-01
3.210702341137123294e-09 1.637556611182030830e-01
3.311036789297658462e-09 1.446823782264834990e-01
3.411371237458193629e-09 1.273945956700403837e-01
3.511705685618728797e-09 1.126490818537119187e-01
3.612040133779263551e-09 1.008230347657189108e-01
3.712374581939798719e-09 9.187356752483333278e-02
3.812709030100333886e-09 8.535489729880926801e-02
3.913043478260868640e-09 8.050892527552305777e-02
4.013377926421404221e-09 7.642936038921800679e-02
4.113712374581938975e-09 7.227057061806366201e-02
4.214046822742474556e-09 6.744599822753263862e-02
4.314381270903009310e-09 6.175407400410365399e-02
4.414715719063544892e-09 5.538936761232404749e-02
4.515050167224079646e-09 4.883627922902297747e-02
4.615384615384614399e-09 4.268436787538806843e-02
4.715719063545149981e-09 3.742973207253472157e-02
4.816053511705684735e-09 3.332561494995268936e-02
4.916387959866220316e-09 3.032070644314511024e-02
5.016722408026755070e-09 2.808902594703757347e-02
5.117056856187290651e-09 2.612680316034447087e-02
5.217391304347825405e-09 2.387949390661155136e-02
5.317725752508360159e-09 2.086598685031729183e-02
5.418060200668895740e-09 1.677918512515137392e-02
5.518394648829430494e-09 1.155277616918180816e-02
5.618729096989966075e-09 5.388041536258100089e-03
5.719063545150500829e-09 -1.265967475467160222e-03
5.819397993311035583e-09 -7.784070495224757608e-03
5.919732441471571164e-09 -1.348457741569527094e-02
6.020066889632105918e-09 -1.777690888245260503e-02
6.120401337792641499e-09 -2.030111408826299618e-02
6.220735785953176253e-09 -2.101705356384994325e-02
6.321070234113711835e-09 -2.021148508592074400e-02
6.421404682274246589e-09 -1.841683848296185935e-02
6.521739130434781343e-09 -1.626622755560588190e-02
6.622073578595316924e-09 -1.433168629410948129e-02
6.722408026755851678e-09 -1.299652916625092594e-02
6.822742474916387259e-09 -1.239666088316632511e-02
6.923076923076922013e-09 -1.243762680832459326e-02
7.023411371237457594e-09 -1.286739807219190387e-02
7.123745819397992348e-09 -1.337076797542878157e-02
7.224080267558527102e-09 -1.365382128089378047e-02
7.324414715719062683e-09 -1.350147264494211581e-02
7.424749163879597437e-09 -1.280750752344099810e-02
7.525083612040133018e-09 -1.158566665409096856e-02
7.625418060200667772e-09 -9.968821496471717142e-03
7.725752508361202526e-09 -8.195179265225265713e-03
7.826086956521737280e-09 -6.573885451855904921e-03
7.926421404682273689e-09 -5.424209130027292033e-03
8.026755852842808442e-09 -4.993725827239016944e-03
8.127090301003343196e-09 -5.375848582825266259e-03
8.227424749163877950e-09 -6.456481027871597417e-03
8.327759197324414359e-09 -7.916178022267975067e-03
8.428093645484949113e-09 -9.297115563743437242e-03
8.528428093645483867e-09 -1.011990058294580733e-02
8.628762541806018621e-09 -1.001459437451403950e-02
8.729096989966553375e-09 -8.822918507282534462e-03
8.829431438127089783e-09 -6.638086503048077659e-03
8.929765886287624537e-09 -3.770980031710715816e-03
9.030100334448159291e-09 -6.568865198103906664e-04
9.130434782608694045e-09 2.264582011256261775e-03
9.230769230769228799e-09 4.658789604965116182e-03
9.331103678929765207e-09 6.365435296787644824e-03
9.431438127090299961e-09 7.415257334470687009e-03
9.531772575250834715e-09 7.998333620360740040e-03
9.632107023411369469e-09 8.399814128536440411e-03
9.732441471571904223e-09 8.922984730155542055e-03
9.832775919732440632e-09 9.817544212719877400e-03
9.933110367892975386e-09 1.122600321434541124e-02
1.003344481605351014e-08 1.315581376036900618e-02
1.013377926421404489e-08 1.548018790528412486e-02
1.023411371237458130e-08 1.796620212273264058e-02
1.033444816053511606e-08 2.032422134534625849e-02
1.043478260869565081e-08 2.226833635302014405e-02
1.053511705685618556e-08 2.357479827805068762e-02
1.063545150501672032e-08 2.412583485939286121e-02
1.073578595317725673e-08 2.393012231976630877e-02
1.083612040133779148e-08 2.311730804574696832e-02
1.093645484949832623e-08 2.191000383428735876e-02
1.103678929765886099e-08 2.058051768607196269e-02
1.113712374581939574e-08 1.940062593917551287e-02
1.123745819397993215e-08 1.859193763854699241e-02
1.133779264214046690e-08 1.828363573906962788e-02
1.143812709030100166e-08 1.848461781850753785e-02
1.153846153846153641e-08 1.907760113711104433e-02
1.163879598662207117e-08 1.984147749334934721e-02
1.173913043478260757e-08 2.050308944549280449e-02
1.183946488294314233e-08 2.081060676321378269e-02
1.193979933110367708e-08 2.061064154625440875e-02
1.204013377926421184e-08 1.990499971653670111e-02
1.214046822742474824e-08 1.886498136350993338e-02
1.224080267558528300e-08 1.779275264687768185e-02
1.234113712374581775e-08 1.703729751814085647e-02
1.244147157190635251e-08 1.688990579914837961e-02
1.254180602006688726e-08 1.749344321695367466e-02
1.264214046822742367e-08 1.879613439189316976e-02
1.274247491638795842e-08 2.056508319875742508e-02
1.284280936454849318e-08 2.245342079615745418e-02
1.294314381270902793e-08 2.409658437705160944e-02
1.304347826086956269e-08 2.520512321169493530e-02
1.314381270903009909e-08 2.562616905813471652e-02
1.324414715719063385e-08 2.536014470321754435e-02
1.334448160535116860e-08 2.453638280211137973e-02
1.344481605351170336e-08 2.336375022179663224e-02
1.354515050167223811e-08 2.207592019070723707e-02
1.364548494983277452e-08 2.088612116735086288e-02
1.374581939799330927e-08 1.995731982068851482e-02
1.384615384615384403e-08 1.938622118253739007e-02
1.394648829431437878e-08 1.919666042430194855e-02
1.404682274247491519e-08 1.933993268099583329e-02
1.414715719063544994e-08 1.970343567228119083e-02
1.424749163879598470e-08 2.013093438579110356e-02
1.434782608695651945e-08 2.045561100481266270e-02
1.444816053511705420e-08 2.054150749461496409e-02
1.454849498327759061e-08 2.032307365438123722e-02
1.464882943143812537e-08 1.982993126358298386e-02
1.474916387959866012e-08 1.918674299310235698e-02
1.484949832775919487e-08 1.858559711068083140e-02
1.494983277591973128e-08 1.823756329198078854e-02
1.505016722408026604e-08 1.831720421932635234e-02
1.515050167224080079e-08 1.891606865170872287e-02
1.525083612040133554e-08 2.001801242088661892e-02
1.535117056856187030e-08 2.150226078262878690e-02
1.545150501672240505e-08 2.317223284419420506e-02
1.555183946488293981e-08 2.480183483060571098e-02
1.565217391304347456e-08 2.618754609891695354e-02
1.575250836120401262e-08 2.719423405427662602e-02
1.585284280936454738e-08 2.778457046728875779e-02
1.595317725752508213e-08 2.802545709333688351e-02
1.605351170568561688e-08 2.806953672239684977e-02
1.615384615384615164e-08 2.811526458562561837e-02
1.625418060200668639e-08 2.835437814013385543e-02
1.635451505016722115e-08 2.891960115394538386e-02
1.645484949832775590e-08 2.984648912146985536e-02
1.655518394648829065e-08 3.106044333076674741e-02
1.665551839464882872e-08 3.239336377889507484e-02
1.675585284280936347e-08 3.362597538716066703e-02
1.685618729096989823e-08 3.454431828439748914e-02
1.695652173913043298e-08 3.499485664636396015e-02
1.705685618729096773e-08 3.492345695083508283e-02
1.715719063545150249e-08 3.438860682625920900e-02
1.725752508361203724e-08 3.354667189139622085e-02
1.735785953177257200e-08 3.261418054439401554e-02
1.745819397993310675e-08 3.181711639089998545e-02
1.755852842809364150e-08 3.133920815127370918e-02
1.765886287625417957e-08 3.128055506469686747e-02
1.775919732441471432e-08 3.163540823884494757e-02
1.785953177257524907e-08 3.229418395093570926e-02
1.795986622073578383e-08 3.307009079412271541e-02
1.806020066889631858e-08 3.374535395137810007e-02
1.816053511705685334e-08 3.412667660484487719e-02
1.826086956521738809e-08 3.409580798867009599e-02
1.836120401337792284e-08 3.364074671225145835e-02
1.846153846153845760e-08 3.285740311342139064e-02
1.856187290969899566e-08 3.192001154415735620e-02
1.866220735785953041e-08 3.102873289553803246e-02
1.876254180602006517e-08 3.035092381144011836e-02
1.886287625418059992e-08 2.997498307619466881e-02
1.896321070234113468e-08 2.989108786059035960e-02
1.906354515050166943e-08 3.000307661181905727e-02
1.916387959866220418e-08 3.016432117244877489e-02
1.926421404682273894e-08 3.022249074142244196e-02
1.936454849498327369e-08 3.005693102569236691e-02
1.946488294314380845e-08 2.959809117066473233e-02
1.956521739130434651e-08 2.882791660184831975e-02
1.966555183946488126e-08 2.776858229664138505e-02
1.976588628762541602e-08 2.647028874061229872e-02
1.986622073578595077e-08 2.500578682758321930e-02
1.996655518394648553e-08 2.347195595660894404e-02
2.006688963210702028e-08 2.199152255692791297e-02
2.016722408026755503e-08 2.070521148230051317e-02
2.026755852842808979e-08 1.974824071560588035e-02
2.036789297658862454e-08 1.921360369501822971e-02
2.046822742474916260e-08 1.911375349036143617e-02
2.056856187290969736e-08 1.935717278511572825e-02
2.066889632107023211e-08 1.975378452280687064e-02
2.076923076923076687e-08 2.005358247360269561e-02
2.086956521739130162e-08 2.000998458012446732e-02
2.096989966555183637e-08 1.944869361206031863e-02
2.107023411371237113e-08 1.831899109584214300e-02
2.117056856187290588e-08 1.670925255935492779e-02
2.127090301003344064e-08 1.482031450617846483e-02
2.137123745819397539e-08 1.290463594990608545e-02
2.147157190635451345e-08 1.119064963202776042e-02
2.157190635451504821e-08 9.816281152866044094e-03
2.167224080267558296e-08 8.792060101695432436e-03
2.177257525083611771e-08 8.004237219218494903e-03
2.187290969899665247e-08 7.255569539387952613e-03
2.197324414715718722e-08 6.330175155597271563e-03
2.207357859531772198e-08 5.062399035409499530e-03
2.217391304347825673e-08 3.389466345965224184e-03
2.227424749163879148e-08 1.373345375538662441e-03
2.237458193979932955e-08 -8.133434682446260243e-04
2.247491638795986430e-08 -2.932211848209398657e-03
2.257525083612039905e-08 -4.741259693104585282e-03
2.267558528428093381e-08 -6.056572573056736263e-03
2.277591973244146856e-08 -6.796761102912721869e-03
2.287625418060200332e-08 -6.998966930377770179e-03
2.297658862876253807e-08 -6.803790391257311804e-03
2.307692307692307282e-08 -6.415303653198408361e-03
2.317725752508360758e-08 -6.048733259420843895e-03
2.327759197324414233e-08 -5.880606691794611207e-03
2.337792642140468040e-08 -6.013814035099920505e-03
2.347826086956521515e-08 -6.464356672444577546e-03
2.357859531772574990e-08 -7.169789818617337308e-03
2.367892976588628466e-08 -8.013851389535687347e-03
2.377926421404681941e-08 -8.858997600027604391e-03
2.387959866220735417e-08 -9.578695149446973811e-03
2.397993311036788892e-08 -1.008335503507665903e-02
2.408026755852842367e-08 -1.033629746561974018e-02
2.418060200668895843e-08 -1.035807583170463703e-02
2.428093645484949649e-08 -1.021872102192413964e-02
2.438127090301003124e-08 -1.001862884201456041e-02
2.448160535117056600e-08 -9.860660256839843055e-03
2.458193979933110075e-08 -9.818678797178822040e-03
2.468227424749163551e-08 -9.910330054187080351e-03
2.478260869565217026e-08 -1.008280236413941142e-02
2.488294314381270501e-08 -1.021821785061438614e-02
2.498327759197323977e-08 -1.015998552829868937e-02
2.508361204013377452e-08 -9.754354566215501371e-03
2.518394648829430928e-08 -8.895253563271707589e-03
2.528428093645484734e-08 -7.558106868647302724e-03
2.538461538461538209e-08 -5.811192453012771139e-03
2.548494983277591685e-08 -3.800544259936491920e-03
2.558528428093645160e-08 -1.713604180013758322e-03
2.568561872909698635e-08 2.659360328911442722e-04
2.578595317725752111e-08 1.997360362723800756e-03
2.588628762541805586e-08 3.404918358050736463e-03
2.598662207357859062e-08 4.478726020367784430e-03
2.608695652173912537e-08 5.258757833255070166e-03
2.618729096989966343e-08 5.811258417269803481e-03
2.628762541806019819e-08 6.207299416192457557e-03
2.638795986622073294e-08 6.509388968671416149e-03
2.648829431438126769e-08 6.766515488565263622e-03
2.658862876254180245e-08 7.013843410688747407e-03
2.668896321070233720e-08 7.272472553906242365e-03
2.678929765886287196e-08 7.547157617382805120e-03
2.688963210702340671e-08 7.823690815376326685e-03
2.698996655518394146e-08 8.070108412343995202e-03
2.709030100334447622e-08 8.245186179812199687e-03
2.719063545150501428e-08 8.313965441478251076e-03
2.729096989966554904e-08 8.265329966685755828e-03
2.739130434782608379e-08 8.123757043373079981e-03
2.749163879598661854e-08 7.948318742764881942e-03
2.759197324414715330e-08 7.816842535157539004e-03
2.769230769230768805e-08 7.799754715185127155e-03
2.779264214046822281e-08 7.933317982430012835e-03
2.789297658862875756e-08 8.203069385493148152e-03
2.799331103678929231e-08 8.544543117324394921e-03
2.809364548494983038e-08 8.861451177966692822e-03
2.819397993311036513e-08 9.054564886661307932e-03
2.829431438127089988e-08 9.050714413128112951e-03
2.839464882943143464e-08 8.822136379334278786e-03
2.849498327759196939e-08 8.391109767252174015e-03
2.859531772575250415e-08 7.820908264404135418e-03
2.869565217391303890e-08 7.198645046715868197e-03
2.879598662207357365e-08 6.616778961016747326e-03
2.889632107023410841e-08 6.158000749598053179e-03
2.899665551839464316e-08 5.884705582461003531e-03
2.909698996655518122e-08 5.831595246569473354e-03
2.919732441471571598e-08 5.999630996730552848e-03
2.929765886287625073e-08 6.351444207319190821e-03
2.939799331103678549e-08 6.810821443692818486e-03
2.949832775919732024e-08 7.269984107995971709e-03
2.959866220735785499e-08 7.606853787917105050e-03
2.969899665551838975e-08 7.710677002764511692e-03
2.979933110367892450e-08 7.510054393666452249e-03
2.989966555183946256e-08 6.994839542749523367e-03
2.999999999999999732e-08 6.224066522533986887e-03
