0.000000000000000000e+00 9.999999999999995559e-01
1.003344481605351029e-10 1.002018968057611856e-02
2.006688963210702059e-10 2.734782380108001509e-02
3.010033444816052959e-10 7.465828240330797672e-03
4.013377926421404118e-10 1.110809891659637113e-03
5.016722408026755277e-10 1.132001988881109825e-02
6.020066889632105918e-10 -4.052875246274375729e-04
7.023411371237457594e-10 4.139532066719002305e-03
8.026755852842808236e-10 1.438921886489704033e-03
9.030100334448158877e-10 5.943725590927147022e-03
1.003344481605351055e-09 1.743504668669659460e-03
1.103678929765886223e-09 5.520719010852680186e-03
1.204013377926421184e-09 1.529725686924410417e-02
1.304347826086956351e-09 1.416261376205699835e-02
1.404682274247491519e-09 9.442790369431918601e-03
1.505016722408026480e-09 7.421884711940654987e-03
1.605351170568561647e-09 5.904673620518581870e-03
1.705685618729096815e-09 5.825652192069495465e-03
1.806020066889631775e-09 1.364638655198232957e-02
1.906354515050166943e-09 6.473204272875637648e-03
2.006688963210702111e-09 -1.528276656068355095e-04
2.107023411371237278e-09 8.535086309196384747e-04
2.207357859531772446e-09 1.125458663694405698e-02
2.307692307692307200e-09 4.135712075845376576e-03
2.408026755852842367e-09 8.560904603884512964e-03
2.508361204013377535e-09 6.331247662055805928e-03
2.608695652173912702e-09 8.230420360659426379e-03
2.709030100334447870e-09 7.333827333720363204e-03
2.809364548494983038e-09 1.041890479783844602e-02
2.909698996655517792e-09 8.674660131232182075e-03
3.010033444816052959e-09 9.212855445566771675e-03
3.110367892976588127e-09 2.841608655003591971e-03
3.210702341137123294e-09 6.979193613257164523e-03
3.311036789297658462e-09 1.074390127988642495e-02
3.411371237458193629e-09 1.797650369221946015e-03
3.511705685618728797e-09 6.812674679543896314e-03
3.612040133779263551e-09 4.908766598889511938e-03
3.712374581939798719e-09 9.336876918742851791e-03
3.812709030100333886e-09 1.579448435665170569e-02
3.913043478260868640e-09 4.657775901990787032e-03
4.013377926421404221e-09 6.508618873959212160e-03
4.113712374581938975e-09 3.810574357428939043e-03
4.214046822742474556e-09 1.220306956314337263e-02
4.314381270903009310e-09 1.127200540648795428e-02
4.414715719063544892e-09 4.825294481789490185e-03
4.515050167224079646e-09 1.156943516412144157e-02
4.615384615384614399e-09 3.625092905686167453e-03
4.715719063545149981e-09 4.682261346614082116e-03
4.816053511705684735e-09 4.834742436104102863e-03
4.916387959866220316e-09 8.343557690716797703e-03
5.016722408026755070e-09 1.390409564488187880e-02
5.117056856187290651e-09 1.136532734408259027e-02
5.217391304347825405e-09 4.156275274349279479e-03
5.317725752508360159e-09 9.421784920618956824e-03
5.418060200668895740e-09 1.576562597098336502e-02
5.518394648829430494e-09 1.316534232830798845e-02
5.618729096989966075e-09 8.380229628609211015e-03
5.719063545150500829e-09 7.422695644734331882e-03
5.819397993311035583e-09 1.057752719397346206e-02
5.919732441471571164e-09 7.451877311580828826e-03
6.020066889632105918e-09 1.112859166890802810e-02
6.120401337792641499e-09 1.143239632202967815e-02
6.220735785953176253e-09 5.776139745415243866e-03
6.321070234113711835e-09 1.302600295489403674e-03
6.421404682274246589e-09 7.662402260354227342e-03
6.521739130434781343e-09 9.002995748741450532e-03
6.622073578595316924e-09 6.816256150580691717e-03
6.722408026755851678e-09 1.534414932222599552e-02
6.822742474916387259e-09 3.584712286061596167e-03
6.923076923076922013e-09 9.942388574947311902e-03
7.023411371237457594e-09 9.805376456580491493e-03
7.123745819397992348e-09 4.596600687281983226e-03
7.224080267558527102e-09 9.185108520774669036e-03
7.324414715719062683e-09 1.053244855205532488e-02
7.424749163879597437e-09 1.996647053833656982e-03
7.525083612040133018e-09 8.817380789898401558e-03
7.625418060200667772e-09 1.113758476964947335e-02
7.725752508361202526e-09 1.865041079884733385e-03
7.826086956521737280e-09 4.992515007595310986e-03
7.926421404682273689e-09 1.061835326275677518e-02
8.026755852842808442e-09 6.712777938532488338e-03
8.127090301003343196e-09 6.196696305373345336e-03
8.227424749163877950e-09 8.475646929570621740e-03
8.327759197324414359e-09 1.298290302436759134e-03
8.428093645484949113e-09 1.013128841969282087e-02
8.528428093645483867e-09 2.223814982950367107e-03
8.628762541806018621e-09 3.797882004122896289e-03
8.729096989966553375e-09 9.827926467169036812e-03
8.829431438127089783e-09 7.655052626258511059e-03
8.929765886287624537e-09 3.582965712754761917e-03
9.030100334448159291e-09 6.847352907481609949e-03
9.130434782608694045e-09 5.033393293742412927e-03
9.230769230769228799e-09 2.696662842915066582e-03
9.331103678929765207e-09 1.572706650933009334e-02
9.431438127090299961e-09 2.973749969548916336e-03
9.531772575250834715e-09 4.549641885712550279e-03
9.632107023411369469e-09 3.804875601341765542e-03
9.732441471571904223e-09 9.714343062215708563e-03
9.832775919732440632e-09 5.351130302522336991e-03
9.933110367892975386e-09 5.832115434342181708e-03
1.003344481605351014e-08 9.139213785237293788e-03
1.013377926421404489e-08 7.971871903978472104e-03
1.023411371237458130e-08 1.173415585759177843e-02
1.033444816053511606e-08 8.725205656389340217e-03
1.043478260869565081e-08 3.183456340301008165e-03
1.053511705685618556e-08 4.252122055440899807e-03
1.063545150501672032e-08 1.080219236201209083e-02
1.073578595317725673e-08 9.095652450397331487e-03
1.083612040133779148e-08 6.878608623428116887e-03
1.093645484949832623e-08 1.295426961092529042e-02
1.103678929765886099e-08 8.348785246102958385e-03
1.113712374581939574e-08 1.089596903455147814e-02
1.123745819397993215e-08 2.943211022749720775e-03
1.133779264214046690e-08 3.279168296623061456e-03
1.143812709030100166e-08 4.757424147500238266e-03
1.153846153846153641e-08 9.579258884317706085e-03
1.163879598662207117e-08 6.284806240454718189e-03
1.173913043478260757e-08 -7.206635506080319008e-04
1.183946488294314233e-08 9.398516074893153299e-03
1.193979933110367708e-08 1.116711961136794551e-02
1.204013377926421184e-08 7.534685856543554133e-03
1.214046822742474824e-08 7.871978586170785483e-03
1.224080267558528300e-08 1.288191784292861027e-02
1.234113712374581775e-08 6.137933530161281126e-03
1.244147157190635251e-08 1.052523429288652022e-02
1.254180602006688726e-08 7.564397496363333730e-03
1.264214046822742367e-08 4.476985544981675405e-03
1.274247491638795842e-08 6.906866547461534660e-03
1.284280936454849318e-08 6.609190451468446859e-03
1.294314381270902793e-08 1.094112909872460571e-02
1.304347826086956269e-08 7.439230966029592058e-03
1.314381270903009909e-08 8.427769962527587033e-03
1.324414715719063385e-08 1.019716626427838793e-02
1.334448160535116860e-08 6.024082134811327080e-03
1.344481605351170336e-08 6.002141085977326720e-03
1.354515050167223811e-08 1.101106301050234527e-02
1.364548494983277452e-08 -2.583670696464868133e-03
1.374581939799330927e-08 6.388411014937178320e-03
1.384615384615384403e-08 6.546405195213066998e-03
1.394648829431437878e-08 1.084292488100293238e-02
1.404682274247491519e-08 4.486504500350693703e-03
1.414715719063544994e-08 6.665072967216877954e-03
1.424749163879598470e-08 2.662481616306675795e-03
1.434782608695651945e-08 4.854344284279713505e-03
1.444816053511705420e-08 7.460388820574566718e-03
1.454849498327759061e-08 5.169457916492523931e-03
1.464882943143812537e-08 4.926175193348818378e-03
1.474916387959866012e-08 4.302167539176299065e-03
1.484949832775919487e-08 6.885956982954316401e-03
1.494983277591973128e-08 4.995373564102091428e-03
1.505016722408026604e-08 7.177169273630139984e-03
1.515050167224080079e-08 8.142669936177977102e-03
1.525083612040133554e-08 1.121960721806054568e-03
1.535117056856187030e-08 6.490658898951711525e-03
1.545150501672240505e-08 9.474193279241859347e-03
1.555183946488293981e-08 9.700129060807414702e-03
1.565217391304347456e-08 9.920511816737876895e-03
1.575250836120401262e-08 1.118489245956895764e-02
1.585284280936454738e-08 8.015062509533946167e-03
1.595317725752508213e-08 7.505491654244326669e-03
1.605351170568561688e-08 7.358205156481893890e-03
1.615384615384615164e-08 9.554743192231930984e-03
1.625418060200668639e-08 1.236126399202084475e-02
1.635451505016722115e-08 1.049797614826171802e-02
1.645484949832775590e-08 1.581833298406263395e-03
1.655518394648829065e-08 2.874012577889978499e-03
1.665551839464882872e-08 7.683083110932221148e-03
1.675585284280936347e-08 8.712971701641635328e-03
1.685618729096989823e-08 7.368394638785401643e-03
1.695652173913043298e-08 7.940563067827869498e-03
1.705685618729096773e-08 1.429630715965955886e-03
1.715719063545150249e-08 2.894785498599127677e-03
1.725752508361203724e-08 3.993409051781470452e-03
1.735785953177257200e-08 1.192114885878461754e-02
1.745819397993310675e-08 3.743311379496003233e-03
1.755852842809364150e-08 5.436220839653693217e-03
1.765886287625417957e-08 3.899388159292754060e-03
1.775919732441471432e-08 7.832507271362348228e-03
1.785953177257524907e-08 1.407871079758172064e-02
1.795986622073578383e-08 5.835185181029834897e-03
1.806020066889631858e-08 1.171868869865446555e-02
1.816053511705685334e-08 1.168014912226019407e-02
1.826086956521738809e-08 1.097582558097665549e-02
1.836120401337792284e-08 4.404055233077654001e-03
1.846153846153845760e-08 1.310874732311447660e-02
1.856187290969899566e-08 1.021377839870262795e-02
1.866220735785953041e-08 5.104348687127574329e-03
1.876254180602006517e-08 7.286394787407319759e-03
1.886287625418059992e-08 3.784162623685935131e-03
1.896321070234113468e-08 6.443238066828573495e-03
1.906354515050166943e-08 7.914404013502993745e-03
1.916387959866220418e-08 1.658347581834627646e-02
1.926421404682273894e-08 7.284685022946072938e-03
1.936454849498327369e-08 8.178608061734447821e-03
1.946488294314380845e-08 1.166578541903216804e-02
1.956521739130434651e-08 5.820948317032333813e-03
1.966555183946488126e-08 8.364365686613218012e-03
1.976588628762541602e-08 4.125939961839812133e-03
1.986622073578595077e-08 6.627287000006772295e-03
1.996655518394648553e-08 1.065561198094900491e-02
2.006688963210702028e-08 1.162088416552066114e-02
2.016722408026755503e-08 1.398821298335752202e-02
2.026755852842808979e-08 9.937333359679475023e-03
2.036789297658862454e-08 3.873604239087650829e-03
2.046822742474916260e-08 1.435663918752419846e-02
2.056856187290969736e-08 1.921598016189383657e-03
2.066889632107023211e-08 9.966351038848268382e-03
2.076923076923076687e-08 1.022857644547506620e-02
2.086956521739130162e-08 1.303637652033890100e-02
2.096989966555183637e-08 4.184625411608484252e-03
2.107023411371237113e-08 8.435578817951944891e-03
2.117056856187290588e-08 5.196555745795082212e-03
2.127090301003344064e-08 1.345981642702149920e-02
2.137123745819397539e-08 7.431773299648376449e-03
2.147157190635451345e-08 1.034539763798099019e-02
2.157190635451504821e-08 8.888000347899037770e-03
2.167224080267558296e-08 1.285862462549768395e-02
2.177257525083611771e-08 7.808184459972899311e-03
2.187290969899665247e-08 8.827568824229416536e-03
2.197324414715718722e-08 2.943348091341985336e-03
2.207357859531772198e-08 3.226994265803625160e-03
2.217391304347825673e-08 8.449943900710387909e-03
2.227424749163879148e-08 7.982873386928327625e-03
2.237458193979932955e-08 6.808590038403358399e-03
2.247491638795986430e-08 1.219990287820700570e-02
2.257525083612039905e-08 7.226117602396403376e-03
2.267558528428093381e-08 6.584179044501961044e-03
2.277591973244146856e-08 1.750444455478593082e-03
2.287625418060200332e-08 3.509011945818834525e-03
2.297658862876253807e-08 8.177575287090463677e-03
2.307692307692307282e-08 6.070427621202280355e-03
2.317725752508360758e-08 1.037056771070255998e-02
2.327759197324414233e-08 4.454199092650104434e-03
2.337792642140468040e-08 9.863274025911019857e-03
2.347826086956521515e-08 1.162588036470317207e-02
2.357859531772574990e-08 1.063547386688556452e-02
2.367892976588628466e-08 1.075089950317956698e-02
2.377926421404681941e-08 1.010506841341360026e-02
2.387959866220735417e-08 6.667324581031355488e-03
2.397993311036788892e-08 2.082034960716394861e-03
2.408026755852842367e-08 1.098709682242279481e-02
2.418060200668895843e-08 9.798038755974659841e-03
2.428093645484949649e-08 1.087030299577567728e-03
2.438127090301003124e-08 6.738031538094613367e-03
2.448160535117056600e-08 3.826615605914112511e-03
2.458193979933110075e-08 5.416963438944096682e-03
2.468227424749163551e-08 3.455181161207017231e-03
2.478260869565217026e-08 9.360120640931073391e-03
2.488294314381270501e-08 4.163141991420846004e-03
2.498327759197323977e-08 1.241396320036825332e-02
2.508361204013377452e-08 8.767775600175404388e-03
2.518394648829430928e-08 1.036151694093728065e-02
2.528428093645484734e-08 8.162803183687176306e-03
2.538461538461538209e-08 4.958787224182022862e-03
2.548494983277591685e-08 1.268168906698708374e-02
2.558528428093645160e-08 9.487634620102424268e-03
2.568561872909698635e-08 5.790885676345450955e-03
2.578595317725752111e-08 7.698100175612227272e-03
2.588628762541805586e-08 4.156982409033609972e-03
2.598662207357859062e-08 9.387867762827470722e-03
2.608695652173912537e-08 5.340416313355574734e-03
2.618729096989966343e-08 4.850261322702700308e-03
2.628762541806019819e-08 1.504134682134401595e-02
2.638795986622073294e-08 9.881394752013416757e-03
2.648829431438126769e-08 4.898934051671108986e-03
2.658862876254180245e-08 1.101831029023117928e-02
2.668896321070233720e-08 8.166631141287048617e-03
2.678929765886287196e-08 3.721303634754867182e-03
2.688963210702340671e-08 1.048942508657203440e-02
2.698996655518394146e-08 1.127563964393319546e-02
2.709030100334447622e-08 1.045088689022806785e-02
2.719063545150501428e-08 7.947347362872225762e-03
2.729096989966554904e-08 4.422362570234138548e-03
2.739130434782608379e-08 9.137401467590258036e-03
2.749163879598661854e-08 1.085536927323254609e-02
2.759197324414715330e-08 1.126342983415053829e-03
2.769230769230768805e-08 1.203809554887789058e-03
2.779264214046822281e-08 8.409584920818568426e-03
2.789297658862875756e-08 4.000165437579520332e-03
2.799331103678929231e-08 5.958670699983444584e-03
2.809364548494983038e-08 6.422796028464643550e-03
2.819397993311036513e-08 4.831999209185371298e-03
2.829431438127089988e-08 1.031433648354476013e-02
2.839464882943143464e-08 5.834846815761103936e-03
2.849498327759196939e-08 1.292590716880440138e-02
2.859531772575250415e-08 1.287667364518858479e-02
2.869565217391303890e-08 1.033779359537850828e-02
2.879598662207357365e-08 9.601748779682461182e-03
2.889632107023410841e-08 1.045377447759904960e-02
2.899665551839464316e-08 9.472401219602213235e-03
2.909698996655518122e-08 9.073978450914989280e-03
2.919732441471571598e-08 4.322042015242855487e-03
2.929765886287625073e-08 9.385078602412610937e-03
2.939799331103678549e-08 2.841915838135428661e-03
2.949832775919732024e-08 3.280600737535853406e-03
2.959866220735785499e-08 8.498235103012365815e-03
2.969899665551838975e-08 4.496854676642388603e-03
2.979933110367892450e-08 7.683521778753824027e-03
2.989966555183946256e-08 4.614729024000410740e-04
2.999999999999999732e-08 5.650950550042425739e-03
