0.000000000000000000e+00 9.999999999999995559e-01
1.003344481605351029e-10 8.020502229665145075e-03
2.006688963210702059e-10 3.001987586025828963e-02
3.010033444816052959e-10 7.727064658744302664e-03
4.013377926421404118e-10 1.941880069085204132e-03
5.016722408026755277e-10 1.384891544937134900e-02
6.020066889632105918e-10 9.025950899884714954e-04
7.023411371237457594e-10 1.132220597998078761e-02
8.026755852842808236e-10 4.075776381440093625e-03
9.030100334448158877e-10 9.184683222962133908e-03
1.003344481605351055e-09 3.745327564853085430e-03
1.103678929765886223e-09 6.495947047477009482e-03
1.204013377926421184e-09 5.758698314952018053e-03
1.304347826086956351e-09 4.709764465601099306e-03
1.404682274247491519e-09 6.502358030973908083e-03
1.505016722408026480e-09 -2.550234292449633702e-03
1.605351170568561647e-09 9.801723153709534717e-03
1.705685618729096815e-09 9.885832126130440073e-03
1.806020066889631775e-09 7.456230219067574300e-03
1.906354515050166943e-09 8.161971734520573341e-03
2.006688963210702111e-09 7.650479097727310579e-03
2.107023411371237278e-09 1.319183599403519341e-02
2.207357859531772446e-09 4.012269288602752539e-03
2.307692307692307200e-09 3.592289336112416791e-03
2.408026755852842367e-09 6.932273219897130967e-03
2.508361204013377535e-09 6.198472573050345033e-03
2.608695652173912702e-09 8.463385345619493447e-03
2.709030100334447870e-09 8.497005233447665895e-03
2.809364548494983038e-09 3.821399959163438408e-03
2.909698996655517792e-09 5.844047865323725652e-03
3.010033444816052959e-09 1.037756844552019907e-02
3.110367892976588127e-09 9.126902084750950286e-03
3.210702341137123294e-09 3.293956699364827129e-03
3.311036789297658462e-09 8.476004484143900841e-03
3.411371237458193629e-09 1.236262407956626591e-02
3.511705685618728797e-09 6.543087335090876436e-03
3.612040133779263551e-09 3.595134269324769347e-03
3.712374581939798719e-09 5.478013266826335659e-03
3.812709030100333886e-09 1.283142497404936300e-02
3.913043478260868640e-09 1.360525167197089262e-02
4.013377926421404221e-09 9.560237919107780410e-03
4.113712374581938975e-09 9.125830714188957679e-03
4.214046822742474556e-09 1.035202450660469183e-02
4.314381270903009310e-09 7.005988290223912063e-03
4.414715719063544892e-09 6.909338306314395835e-03
4.515050167224079646e-09 7.674704534422696275e-03
4.615384615384614399e-09 4.965679980822327623e-03
4.715719063545149981e-09 7.914624413034728259e-03
4.816053511705684735e-09 4.667592786370273507e-03
4.916387959866220316e-09 4.061523708731775567e-03
5.016722408026755070e-09 8.614575525668282524e-03
5.117056856187290651e-09 2.722420684625919459e-03
5.217391304347825405e-09 8.794078564340043758e-03
5.317725752508360159e-09 3.910840065185383629e-03
5.418060200668895740e-09 4.887899524422038150e-03
5.518394648829430494e-09 6.777474287182513359e-03
5.618729096989966075e-09 1.080339084835861552e-02
5.719063545150500829e-09 1.693439795306127954e-02
5.819397993311035583e-09 4.303899638091049536e-03
5.919732441471571164e-09 8.121679311202974552e-03
6.020066889632105918e-09 1.635832057817569740e-02
6.120401337792641499e-09 9.177583996813482026e-03
6.220735785953176253e-09 1.160993067751949111e-02
6.321070234113711835e-09 1.129694231358946768e-02
6.421404682274246589e-09 3.772869545078917208e-03
6.521739130434781343e-09 5.630285033558888805e-03
6.622073578595316924e-09 9.008378932689357216e-03
6.722408026755851678e-09 1.479818892635261646e-03
6.822742474916387259e-09 3.809490889399795143e-04
6.923076923076922013e-09 5.954989205204063753e-03
7.023411371237457594e-09 3.593597071874930510e-03
7.123745819397992348e-09 1.677495135516238623e-03
7.224080267558527102e-09 8.334537201685074392e-03
7.324414715719062683e-09 8.547985228835867921e-03
7.424749163879597437e-09 1.193264667524138178e-02
7.525083612040133018e-09 1.337490288733305700e-02
7.625418060200667772e-09 9.012908140121022454e-03
7.725752508361202526e-09 3.437394847571538861e-03
7.826086956521737280e-09 1.009810792670261768e-02
7.926421404682273689e-09 1.340894873792597766e-03
8.026755852842808442e-09 8.023637023876092206e-03
8.127090301003343196e-09 2.791457123235697915e-03
8.227424749163877950e-09 1.112720826864570939e-02
8.327759197324414359e-09 6.623748666572282229e-03
8.428093645484949113e-09 7.448990716710486917e-03
8.528428093645483867e-09 6.599998516701696336e-03
8.628762541806018621e-09 7.908027190888084618e-03
8.729096989966553375e-09 1.329760173415616385e-02
8.829431438127089783e-09 1.037500535869462052e-02
8.929765886287624537e-09 4.599687856255148255e-03
9.030100334448159291e-09 5.740552268518789129e-03
9.130434782608694045e-09 6.044625091881215828e-03
9.230769230769228799e-09 5.699891721221067575e-03
9.331103678929765207e-09 7.542860065662800907e-03
9.431438127090299961e-09 4.806734953981669708e-03
9.531772575250834715e-09 4.184367593906253638e-03
9.632107023411369469e-09 1.214310891258525878e-02
9.732441471571904223e-09 4.666962680142234393e-03
9.832775919732440632e-09 1.267150812769998400e-02
9.933110367892975386e-09 1.313218227880810773e-02
1.003344481605351014e-08 7.925214811047754868e-03
1.013377926421404489e-08 4.936565498974661466e-03
1.023411371237458130e-08 1.176359611934843334e-02
1.033444816053511606e-08 5.405164316982616866e-03
1.043478260869565081e-08 1.109670423797469614e-02
1.053511705685618556e-08 9.794512181590426733e-03
1.063545150501672032e-08 3.956791103818834907e-03
1.073578595317725673e-08 1.151728571518984522e-02
1.083612040133779148e-08 2.924002371316581413e-03
1.093645484949832623e-08 7.937226131195351808e-03
1.103678929765886099e-08 3.310030539932675656e-03
1.113712374581939574e-08 7.503863632057393776e-03
1.123745819397993215e-08 1.797786501537149487e-03
1.133779264214046690e-08 3.804822603889012819e-03
1.143812709030100166e-08 5.603390240031665311e-03
1.153846153846153641e-08 1.110661859865345186e-02
1.163879598662207117e-08 6.101937840402562631e-03
1.173913043478260757e-08 9.687966241839979578e-03
1.183946488294314233e-08 7.790427157113303212e-03
1.193979933110367708e-08 6.099750377889374443e-03
1.204013377926421184e-08 4.739763189603210004e-03
1.214046822742474824e-08 6.368190190087611585e-03
1.224080267558528300e-08 4.894357619979652040e-03
1.234113712374581775e-08 5.094723589202932758e-03
1.244147157190635251e-08 1.104628495512811025e-02
1.254180602006688726e-08 1.056047806137950726e-02
1.264214046822742367e-08 1.264517891796814765e-02
1.274247491638795842e-08 6.241934823838098632e-03
1.284280936454849318e-08 7.803824339364820104e-03
1.294314381270902793e-08 1.108189529660562334e-02
1.304347826086956269e-08 9.660137589699744828e-03
1.314381270903009909e-08 5.834491157415591656e-03
1.324414715719063385e-08 7.500092829944338818e-03
1.334448160535116860e-08 5.591310651518480168e-03
1.344481605351170336e-08 7.719948268517337620e-03
1.354515050167223811e-08 -1.602387123846592959e-03
1.364548494983277452e-08 6.112972911720560530e-03
1.374581939799330927e-08 4.666369074954311059e-03
1.384615384615384403e-08 1.358667520413308662e-02
1.394648829431437878e-08 6.551252286115563130e-03
1.404682274247491519e-08 7.948982718113939677e-04
1.414715719063544994e-08 1.304003919933959497e-02
1.424749163879598470e-08 1.279077041653530616e-02
1.434782608695651945e-08 1.089360769654755708e-02
1.444816053511705420e-08 4.511076162823556002e-03
1.454849498327759061e-08 2.943132691488080117e-03
1.464882943143812537e-08 4.047852004149221986e-03
1.474916387959866012e-08 6.385175751307892514e-03
1.484949832775919487e-08 8.302505268465145902e-03
1.494983277591973128e-08 9.988516343507912454e-03
1.505016722408026604e-08 4.390522540664620714e-03
1.515050167224080079e-08 6.971098651923724430e-03
1.525083612040133554e-08 1.053244414580505918e-02
1.535117056856187030e-08 1.155638868808250667e-02
1.545150501672240505e-08 3.652344429124018514e-03
1.555183946488293981e-08 1.061173938689733559e-02
1.565217391304347456e-08 6.763747182385035535e-03
1.575250836120401262e-08 1.056801673352079397e-03
1.585284280936454738e-08 8.226600686531410425e-03
1.595317725752508213e-08 1.103139549205037727e-02
1.605351170568561688e-08 7.568801137240808996e-03
1.615384615384615164e-08 1.550233083303736818e-02
1.625418060200668639e-08 1.431375642194720847e-02
1.635451505016722115e-08 5.667924680297290255e-03
1.645484949832775590e-08 8.794903718867465303e-03
1.655518394648829065e-08 9.532461258357129846e-03
1.665551839464882872e-08 1.135850558734020216e-02
1.675585284280936347e-08 1.263118722245761862e-02
1.685618729096989823e-08 5.277779797767188051e-03
1.695652173913043298e-08 1.183337974322975356e-02
1.705685618729096773e-08 1.607863616023801415e-02
1.715719063545150249e-08 6.501713790417711428e-03
1.725752508361203724e-08 4.522869540582238369e-03
1.735785953177257200e-08 7.315623456031049993e-03
1.745819397993310675e-08 8.449422404979719733e-03
1.755852842809364150e-08 2.447544227153142064e-03
1.765886287625417957e-08 1.598363194117916834e-03
1.775919732441471432e-08 5.286997045243584797e-03
1.785953177257524907e-08 6.342625187461192575e-03
1.795986622073578383e-08 6.063885653545222042e-03
1.806020066889631858e-08 1.366469234899113545e-03
1.816053511705685334e-08 6.463928431428337361e-03
1.826086956521738809e-08 5.862207548071628367e-03
1.836120401337792284e-08 2.688325874490702597e-03
1.846153846153845760e-08 8.010432944260082941e-03
1.856187290969899566e-08 5.651225321519129201e-03
1.866220735785953041e-08 1.186627187945201410e-02
1.876254180602006517e-08 1.066944232744201915e-02
1.886287625418059992e-08 1.022434692653309725e-02
1.896321070234113468e-08 4.514421477510925998e-03
1.906354515050166943e-08 1.441638171024226672e-02
1.916387959866220418e-08 7.364665187732787922e-03
1.926421404682273894e-08 -1.062047858208058429e-03
1.936454849498327369e-08 2.110031412418353651e-04
1.946488294314380845e-08 5.480253218990284274e-03
1.956521739130434651e-08 3.994010680860949312e-03
1.966555183946488126e-08 1.180804780199919829e-02
1.976588628762541602e-08 9.666976013791720238e-03
1.986622073578595077e-08 5.915952957201813835e-03
1.996655518394648553e-08 6.653039339163091190e-03
2.006688963210702028e-08 7.171999950866080401e-03
2.016722408026755503e-08 1.202759357618686346e-02
2.026755852842808979e-08 6.773040522134173708e-03
2.036789297658862454e-08 1.037721181350396114e-02
2.046822742474916260e-08 1.212785670166013560e-02
2.056856187290969736e-08 1.211248842845140221e-02
2.066889632107023211e-08 6.281975111581222099e-03
2.076923076923076687e-08 1.308032608715165371e-02
2.086956521739130162e-08 1.048987821991461365e-02
2.096989966555183637e-08 -4.175345066803682822e-03
2.107023411371237113e-08 5.775542121333196791e-03
2.117056856187290588e-08 8.732787292560544035e-03
2.127090301003344064e-08 7.908691886811466953e-03
2.137123745819397539e-08 7.299712406577483353e-03
2.147157190635451345e-08 7.220868657393803534e-03
2.157190635451504821e-08 9.091356686342625185e-03
2.167224080267558296e-08 9.257141944184584664e-03
2.177257525083611771e-08 7.464771908444929778e-03
2.187290969899665247e-08 2.172875727466131932e-04
2.197324414715718722e-08 1.166793294162224437e-02
2.207357859531772198e-08 7.546082460033912837e-03
2.217391304347825673e-08 7.571156495208475681e-03
2.227424749163879148e-08 6.729704175490579948e-03
2.237458193979932955e-08 9.391294417308156464e-03
2.247491638795986430e-08 8.424054475107313131e-03
2.257525083612039905e-08 8.131712845497190631e-03
2.267558528428093381e-08 7.897043839059944212e-03
2.277591973244146856e-08 3.567709241094854222e-03
2.287625418060200332e-08 8.580010355238172973e-03
2.297658862876253807e-08 5.818457321318380726e-03
2.307692307692307282e-08 4.489551152946424234e-03
2.317725752508360758e-08 3.378792552025780375e-03
2.327759197324414233e-08 2.770540752717147448e-03
2.337792642140468040e-08 4.498576234877207751e-03
2.347826086956521515e-08 3.985132949294656508e-03
2.357859531772574990e-08 -3.697659015120082003e-04
2.367892976588628466e-08 7.180265083247627453e-03
2.377926421404681941e-08 1.151839670825214289e-02
2.387959866220735417e-08 5.400604480496420251e-03
2.397993311036788892e-08 4.898536562566995801e-03
2.408026755852842367e-08 4.773366290820789566e-03
2.418060200668895843e-08 8.828113617324939710e-03
2.428093645484949649e-08 1.372432796329118437e-02
2.438127090301003124e-08 7.542404572299909668e-03
2.448160535117056600e-08 9.555089578126502517e-03
2.458193979933110075e-08 7.264846943132433413e-03
2.468227424749163551e-08 4.976866450731643778e-03
2.478260869565217026e-08 1.459599227130872496e-03
2.488294314381270501e-08 8.778785170599823218e-03
2.498327759197323977e-08 7.203789720345517983e-03
2.508361204013377452e-08 -1.554837157300768651e-03
2.518394648829430928e-08 7.732805814664614127e-03
2.528428093645484734e-08 3.352808197748211125e-03
2.538461538461538209e-08 7.793726283007649386e-03
2.548494983277591685e-08 9.287564518957467166e-03
2.558528428093645160e-08 3.717168709520953570e-03
2.568561872909698635e-08 1.334037782446115435e-02
2.578595317725752111e-08 8.229152757198309256e-03
2.588628762541805586e-08 6.715666512396465879e-03
2.598662207357859062e-08 9.037330139674636109e-03
2.608695652173912537e-08 1.613827980904792778e-02
2.618729096989966343e-08 3.144339904264860808e-03
2.628762541806019819e-08 1.212569804976516841e-02
2.638795986622073294e-08 5.653729964034201992e-03
2.648829431438126769e-08 8.512616449652659484e-03
2.658862876254180245e-08 8.270644216994683245e-03
2.668896321070233720e-08 7.301985085863106975e-03
2.678929765886287196e-08 1.091426627051899322e-02
2.688963210702340671e-08 9.660982185123722374e-04
2.698996655518394146e-08 8.870071076431201851e-03
2.709030100334447622e-08 1.044739458429224874e-02
2.719063545150501428e-08 1.161106500935218250e-02
2.729096989966554904e-08 7.036491186374076515e-03
2.739130434782608379e-08 7.267616876514396834e-03
2.749163879598661854e-08 2.220030117917686039e-03
2.759197324414715330e-08 8.391486013822779810e-03
2.769230769230768805e-08 6.281918974648922384e-03
2.779264214046822281e-08 4.430943221327075278e-03
2.789297658862875756e-08 5.216535300267180486e-03
2.799331103678929231e-08 8.314356947030815057e-03
2.809364548494983038e-08 1.457736357774348616e-02
2.819397993311036513e-08 5.287073989432726495e-03
2.829431438127089988e-08 7.786162476169177123e-03
2.839464882943143464e-08 1.118775094191996021e-02
2.849498327759196939e-08 4.117133613062755326e-03
2.859531772575250415e-08 3.948065965307622632e-03
2.869565217391303890e-08 7.849842644192354946e-03
2.879598662207357365e-08 9.598963975468480583e-03
2.889632107023410841e-08 5.689913408234690412e-03
2.899665551839464316e-08 1.192434105563229887e-02
2.909698996655518122e-08 7.545762308204495908e-03
2.919732441471571598e-08 6.749657475398198291e-03
2.929765886287625073e-08 7.986576296732116748e-03
2.939799331103678549e-08 1.100420882246087688e-02
2.949832775919732024e-08 8.895064880133259078e-03
2.959866220735785499e-08 2.476167679228817760e-03
2.969899665551838975e-08 1.196508782277898829e-02
2.979933110367892450e-08 9.848589630646350720e-03
2.989966555183946256e-08 5.817874466889794843e-03
2.999999999999999732e-08 1.497225588781395111e-02
