0.000000000000000000e+00 9.999999999999995559e-01
1.003344481605351029e-10 9.887798129681799608e-01
2.006688963210702059e-10 9.566323876093775214e-01
3.010033444816052959e-10 9.077565532575201379e-01
4.013377926421404118e-10 8.481161813668617322e-01
5.016722408026755277e-10 7.842070738214933501e-01
6.020066889632105918e-10 7.218525915734730347e-01
7.023411371237457594e-10 6.653285925497010034e-01
8.026755852842808236e-10 6.169852905691545208e-01
9.030100334448158877e-10 5.773629620251443662e-01
1.003344481605351055e-09 5.456541390843172579e-01
1.103678929765886223e-09 5.202949264805811769e-01
1.204013377926421184e-09 4.994865175578457328e-01
1.304347826086956351e-09 4.815328868948106078e-01
1.404682274247491519e-09 4.649866342800499375e-01
1.505016722408026480e-09 4.486746930923358745e-01
1.605351170568561647e-09 4.316999999472319050e-01
1.705685618729096815e-09 4.134838442841457518e-01
1.806020066889631775e-09 3.938516115760878344e-01
1.906354515050166943e-09 3.731084760290803159e-01
2.006688963210702111e-09 3.520310938268491063e-01
2.107023411371237278e-09 3.317262487453194186e-01
2.207357859531772446e-09 3.133643571882287482e-01
2.307692307692307200e-09 2.978561752366871151e-01
2.408026755852842367e-09 2.855755453732477522e-01
2.508361204013377535e-09 2.762230946663422060e-01
2.608695652173912702e-09 2.688788111766897138e-01
2.709030100334447870e-09 2.622259358277228003e-01
2.809364548494983038e-09 2.548720868250949900e-01
2.909698996655517792e-09 2.456677649920532003e-01
3.010033444816052959e-09 2.339344546862428542e-01
3.110367892976588127e-09 2.195552067363341353e-01
3.210702341137123294e-09 2.029301492113832484e-01
3.311036789297658462e-09 1.848374761048042769e-01
3.411371237458193629e-09 1.662550920568963975e-01
3.511705685618728797e-09 1.481895354573736501e-01
3.612040133779263551e-09 1.315374169623584610e-01
3.712374581939798719e-09 1.169841359550347903e-01
3.812709030100333886e-09 1.049348600842377188e-01
3.913043478260868640e-09 9.547519225574913060e-02
4.013377926421404221e-09 8.836738947620936813e-02
4.113712374581938975e-09 8.309307251343847622e-02
4.214046822742474556e-09 7.894841785878770057e-02
4.314381270903009310e-09 7.518283974506258238e-02
4.414715719063544892e-09 7.115381714638185917e-02
4.515050167224079646e-09 6.645848007270155344e-02
4.615384615384614399e-09 6.100426839045551552e-02
4.715719063545149981e-09 5.499754673414294914e-02
4.816053511705684735e-09 4.885458243643862192e-02
4.916387959866220316e-09 4.306361362381059404e-02
5.016722408026755070e-09 3.804029073205371370e-02
5.117056856187290651e-09 3.401696363970803383e-02
5.217391304347825405e-09 3.099123381877392017e-02
5.317725752508360159e-09 2.873822602210484439e-02
5.418060200668895740e-09 2.687285687733852527e-02
5.518394648829430494e-09 2.493898138680712695e-02
5.618729096989966075e-09 2.250267864909960211e-02
5.719063545150500829e-09 1.923355080272405593e-02
5.819397993311035583e-09 1.496534860456053169e-02
5.919732441471571164e-09 9.731502457746989132e-03
6.020066889632105918e-09 3.771674406808317101e-03
6.120401337792641499e-09 -2.495056661680140203e-03
6.220735785953176253e-09 -8.532546748404850473e-03
6.321070234113711835e-09 -1.378065714465627478e-02
6.421404682274246589e-09 -1.776386715552408235e-02
6.521739130434781343e-09 -2.019103587546960260e-02
6.622073578595316924e-09 -2.101918086572179128e-02
6.722408026755851678e-09 -2.046104395198522496e-02
6.822742474916387259e-09 -1.893167758237758458e-02
6.923076923076922013e-09 -1.694802109844067636e-02
7.023411371237457594e-09 -1.501016713582365401e-02
7.123745819397992348e-09 -1.349780793086183782e-02
7.224080267558527102e-09 -1.260838818251085007e-02
7.324414715719062683e-09 -1.234793108533309078e-02
7.424749163879597437e-09 -1.256795742961954246e-02
7.525083612040133018e-09 -1.302934792444407353e-02
7.625418060200667772e-09 -1.347057676917473058e-02
7.725752508361202526e-09 -1.366318299534273299e-02
7.826086956521737280e-09 -1.344746369777187651e-02
7.926421404682273689e-09 -1.275049723035854773e-02
8.026755852842808442e-09 -1.159252494663622068e-02
8.127090301003343196e-09 -1.008568400854652214e-02
8.227424749163877950e-09 -8.423866378864258014e-03
8.327759197324414359e-09 -6.858588936600172950e-03
8.428093645484949113e-09 -5.656786746895337697e-03
8.528428093645483867e-09 -5.042966201412084348e-03
8.628762541806018621e-09 -5.137306899447740584e-03
8.729096989966553375e-09 -5.908184363283123554e-03
8.829431438127089783e-09 -7.157818639129269293e-03
8.929765886287624537e-09 -8.551821284589075645e-03
9.030100334448159291e-09 -9.689632378015742079e-03
9.130434782608694045e-09 -1.019845593036235003e-02
9.230769230769228799e-09 -9.824163888822939200e-03
9.331103678929765207e-09 -8.492575157449812340e-03
9.431438127090299961e-09 -6.323665893688429698e-03
9.531772575250834715e-09 -3.596099340353025448e-03
9.632107023411369469e-09 -6.744015757369735409e-04
9.732441471571904223e-09 2.079062281997923287e-03
9.832775919732440632e-09 4.383241397771921698e-03
9.933110367892975386e-09 6.090171799816926357e-03
1.003344481605351014e-08 7.200845537257623795e-03
1.013377926421404489e-08 7.847036868565011522e-03
1.023411371237458130e-08 8.248464911414132156e-03
1.033444816053511606e-08 8.657924662577077407e-03
1.043478260869565081e-08 9.306503514431074819e-03
1.053511705685618556e-08 1.035831283635427723e-02
1.063545150501672032e-08 1.188091041734003553e-02
1.073578595317725673e-08 1.383463729330376181e-02
1.083612040133779148e-08 1.608147293560397220e-02
1.093645484949832623e-08 1.841137915480626011e-02
1.103678929765886099e-08 2.058134261006743654e-02
1.113712374581939574e-08 2.235988825543290884e-02
1.123745819397993215e-08 2.356856987630246911e-02
1.133779264214046690e-08 2.411256744234749685e-02
1.143812709030100166e-08 2.399509225930817127e-02
1.153846153846153641e-08 2.331404880437395327e-02
1.163879598662207117e-08 2.224305452392627905e-02
1.173913043478260757e-08 2.100134769792389930e-02
1.183946488294314233e-08 1.981791168079834881e-02
1.193979933110367708e-08 1.889477589205638963e-02
1.204013377926421184e-08 1.837387185476422463e-02
1.214046822742474824e-08 1.831176694441626757e-02
1.224080267558528300e-08 1.866701469266678765e-02
1.234113712374581775e-08 1.930482110847222058e-02
1.244147157190635251e-08 2.002197102566365128e-02
1.254180602006688726e-08 2.059079011213619387e-02
1.264214046822742367e-08 2.081494670645719913e-02
1.274247491638795842e-08 2.058414211219547485e-02
1.284280936454849318e-08 1.991190993938264306e-02
1.294314381270902793e-08 1.894297598082296530e-02
1.304347826086956269e-08 1.792424803279575249e-02
1.314381270903009909e-08 1.714451425980054525e-02
1.324414715719063385e-08 1.685855095873334264e-02
1.334448160535116860e-08 1.721747188793408545e-02
1.344481605351170336e-08 1.822611836935020269e-02
1.354515050167223811e-08 1.974009984613513471e-02
1.364548494983277452e-08 2.150257188212461104e-02
1.374581939799330927e-08 2.320853239826088654e-02
1.384615384615384403e-08 2.457674957745836081e-02
1.394648829431437878e-08 2.540890390207162230e-02
1.404682274247491519e-08 2.562176065411563702e-02
1.414715719063544994e-08 2.524825543069002254e-02
1.424749163879598470e-08 2.441316199319527869e-02
1.434782608695651945e-08 2.329502129896310683e-02
1.444816053511705420e-08 2.208674361083224486e-02
1.454849498327759061e-08 2.096363632380598627e-02
1.464882943143812537e-08 2.006211615039570073e-02
1.474916387959866012e-08 1.946787998830199970e-02
1.484949832775919487e-08 1.921060697652187538e-02
1.494983277591973128e-08 1.926335360365999394e-02
1.505016722408026604e-08 1.954717247315501671e-02
1.515050167224080079e-08 1.994307852967466821e-02
1.525083612040133554e-08 2.031287251332722019e-02
1.535117056856187030e-08 2.052745985661270575e-02
1.545150501672240505e-08 2.049750219951072816e-02
1.555183946488293981e-08 2.019849828575300682e-02
1.565217391304347456e-08 1.968233266358996800e-02
1.575250836120401262e-08 1.907039016320813754e-02
1.585284280936454738e-08 1.852854726650543515e-02
1.595317725752508213e-08 1.822980977036440034e-02
1.605351170568561688e-08 1.831408170711533098e-02
1.615384615384615164e-08 1.885529331753876131e-02
1.625418060200668639e-08 1.984384119191643162e-02
1.635451505016722115e-08 2.118801221629064424e-02
1.645484949832775590e-08 2.273328887557442626e-02
1.655518394648829065e-08 2.429452756051811435e-02
1.665551839464882872e-08 2.569372823750893167e-02
1.675585284280936347e-08 2.679557096650202197e-02
1.685618729096989823e-08 2.753375544288474280e-02
1.695652173913043298e-08 2.792303207799261278e-02
1.705685618729096773e-08 2.805437024574135990e-02
1.715719063545150249e-08 2.807378440867506694e-02
1.725752508361203724e-08 2.814865212254214280e-02
1.735785953177257200e-08 2.842835978212024037e-02
1.745819397993310675e-08 2.900799967092563408e-02
1.755852842809364150e-08 2.990382311445235683e-02
1.765886287625417957e-08 3.104684538975380215e-02
1.775919732441471432e-08 3.229673579168691744e-02
1.785953177257524907e-08 3.347299569938529812e-02
1.795986622073578383e-08 3.439593749163746828e-02
1.806020066889631858e-08 3.492750814245398905e-02
1.816053511705685334e-08 3.500227278083618832e-02
1.826086956521738809e-08 3.464168109515550209e-02
1.836120401337792284e-08 3.394908112311133958e-02
1.846153846153845760e-08 3.308746332028302678e-02
1.856187290969899566e-08 3.224543517340638238e-02
1.866220735785953041e-08 3.159881798855401769e-02
1.876254180602006517e-08 3.127551012338600223e-02
1.886287625418059992e-08 3.133024728001557874e-02
1.896321070234113468e-08 3.173403253801904828e-02
1.906354515050166943e-08 3.238055469263772385e-02
1.916387959866220418e-08 3.310895707654967074e-02
1.926421404682273894e-08 3.373902657597245558e-02
1.936454849498327369e-08 3.411173309090646810e-02
1.946488294314380845e-08 3.412593145135684597e-02
1.956521739130434651e-08 3.376193414692465339e-02
1.966555183946488126e-08 3.308520215499641259e-02
1.976588628762541602e-08 3.222836264991534028e-02
1.986622073578595077e-08 3.135589690006727187e-02
1.996655518394648553e-08 3.062116804475635209e-02
2.006688963210702028e-08 3.012798682168154468e-02
2.016722408026755503e-08 2.990750344794423921e-02
2.026755852842808979e-08 2.991616792025474092e-02
2.036789297658862454e-08 3.005357338003908363e-02
2.046822742474916260e-08 3.019275631612729563e-02
2.056856187290969736e-08 3.021231143727055521e-02
2.066889632107023211e-08 3.002059870957923468e-02
2.076923076923076687e-08 2.956676679568897431e-02
2.086956521739130162e-08 2.883922167874521797e-02
2.096989966555183637e-08 2.785691496418077340e-02
2.107023411371237113e-08 2.666041550145167166e-02
2.117056856187290588e-08 2.530767236210500204e-02
2.127090301003344064e-08 2.387490267684266518e-02
2.137123745819397539e-08 2.245850354527126336e-02
2.147157190635451345e-08 2.117168168552327825e-02
2.157190635451504821e-08 2.013091201282278878e-02
2.167224080267558296e-08 1.943194833993430043e-02
2.177257525083611771e-08 1.912091903499307105e-02
2.187290969899665247e-08 1.917035326141673657e-02
2.197324414715718722e-08 1.947060423876475002e-02
2.207357859531772198e-08 1.984336073346050153e-02
2.217391304347825673e-08 2.007690624561123474e-02
2.227424749163879148e-08 1.997504735466484882e-02
2.237458193979932955e-08 1.940612746684742054e-02
2.247491638795986430e-08 1.833742739300045499e-02
2.257525083612039905e-08 1.684407224388554530e-02
2.267558528428093381e-08 1.508906599476182546e-02
2.277591973244146856e-08 1.327973452658149159e-02
2.287625418060200332e-08 1.161283113385253724e-02
2.297658862876253807e-08 1.022368917359823236e-02
2.307692307692307282e-08 9.153301069843888457e-03
2.317725752508360758e-08 8.341768675482558182e-03
2.327759197324414233e-08 7.649038924033239178e-03
2.337792642140468040e-08 6.896480994418454670e-03
2.347826086956521515e-08 5.917667927033051604e-03
2.357859531772574990e-08 4.604892297637953533e-03
2.367892976588628466e-08 2.939668667198685505e-03
2.377926421404681941e-08 1.000045428893395162e-03
2.387959866220735417e-08 -1.056359815710998518e-03
2.397993311036788892e-08 -3.028643445779262595e-03
2.408026755852842367e-08 -4.718714502599620497e-03
2.418060200668895843e-08 -5.975689319376229630e-03
2.428093645484949649e-08 -6.727972872695244660e-03
2.438127090301003124e-08 -6.995931488841416503e-03
2.448160535117056600e-08 -6.883200559726753570e-03
2.458193979933110075e-08 -6.550038963200895126e-03
2.468227424749163551e-08 -6.176301076539507731e-03
2.478260869565217026e-08 -5.923487565335113642e-03
2.488294314381270501e-08 -5.904600134329356098e-03
2.498327759197323977e-08 -6.167610157476055219e-03
2.508361204013377452e-08 -6.694330476883454673e-03
2.518394648829430928e-08 -7.412652616764336261e-03
2.528428093645484734e-08 -8.217530885878595107e-03
2.538461538461538209e-08 -8.995218971637701857e-03
2.548494983277591685e-08 -9.645877466668232453e-03
2.558528428093645160e-08 -1.010109163151181114e-02
2.568561872909698635e-08 -1.033431270167300270e-02
2.578595317725752111e-08 -1.036330836226688652e-02
2.588628762541805586e-08 -1.024439628113757439e-02
2.598662207357859062e-08 -1.005891758199049628e-02
2.608695652173912537e-08 -9.893496045789890864e-03
2.618729096989966343e-08 -9.817206043029569687e-03
2.628762541806019819e-08 -9.860408326193273107e-03
2.638795986622073294e-08 -1.000088794720085592e-02
2.648829431438126769e-08 -1.016222645541377603e-02
2.658862876254180245e-08 -1.022673164436997510e-02
2.668896321070233720e-08 -1.006120941641721299e-02
2.678929765886287196e-08 -9.549638852653479990e-03
2.688963210702340671e-08 -8.623987445449217068e-03
2.698996655518394146e-08 -7.284243501509904059e-03
2.709030100334447622e-08 -5.601595193201925824e-03
2.719063545150501428e-08 -3.703733858002748562e-03
2.729096989966554904e-08 -1.746766997587979962e-03
2.739130434782608379e-08 1.177967992406409904e-04
2.749163879598661854e-08 1.771520098037471323e-03
2.759197324414715330e-08 3.145738210008301901e-03
2.769230769230768805e-08 4.223769238742292043e-03
2.779264214046822281e-08 5.030847276815233679e-03
2.789297658862875756e-08 5.617460007502189309e-03
2.799331103678929231e-08 6.042606443741258861e-03
2.809364548494983038e-08 6.361719413800937147e-03
2.819397993311036513e-08 6.620750873307741126e-03
2.829431438127089988e-08 6.854853736434037177e-03
2.839464882943143464e-08 7.088605270708873279e-03
2.849498327759196939e-08 7.335299390116891902e-03
2.859531772575250415e-08 7.594901088129712118e-03
2.869565217391303890e-08 7.852479316565290357e-03
2.879598662207357365e-08 8.079945594836535766e-03
2.889632107023410841e-08 8.243019711496503074e-03
2.899665551839464316e-08 8.312853156577343361e-03
2.909698996655518122e-08 8.278889083147141295e-03
2.919732441471571598e-08 8.157844489000179791e-03
2.929765886287625073e-08 7.994223168221625819e-03
2.939799331103678549e-08 7.850547762512417177e-03
2.949832775919732024e-08 7.789485189865471074e-03
2.959866220735785499e-08 7.853537863725558801e-03
2.969899665551838975e-08 8.049413455457602243e-03
2.979933110367892450e-08 8.342849263898803255e-03
2.989966555183946256e-08 8.666028951895462726e-03
2.999999999999999732e-08 8.935258001979197798e-03
