0.000000000000000000e+00 9.999999999999995559e-01
1.003344481605351029e-10 4.719622162412466862e-03
2.006688963210702059e-10 3.280411480734499174e-02
3.010033444816052959e-10 7.805366042989240853e-03
4.013377926421404118e-10 9.740218592205319645e-03
5.016722408026755277e-10 6.603908590006936016e-03
6.020066889632105918e-10 8.125842933292125314e-03
7.023411371237457594e-10 9.037895429122790036e-03
8.026755852842808236e-10 2.183517868600401944e-03
9.030100334448158877e-10 7.969072814950921638e-03
1.003344481605351055e-09 7.860027484058453376e-03
1.103678929765886223e-09 1.203713710451271256e-02
1.204013377926421184e-09 3.671509523040813669e-03
1.304347826086956351e-09 5.287182208358974685e-03
1.404682274247491519e-09 7.550123908286463133e-03
1.505016722408026480e-09 9.000715076223724659e-03
1.605351170568561647e-09 7.374822950265091069e-03
1.705685618729096815e-09 1.241032147988272924e-02
1.806020066889631775e-09 8.212644135242719648e-03
1.906354515050166943e-09 8.263970362111570586e-03
2.006688963210702111e-09 1.614301732697096675e-02
2.107023411371237278e-09 5.880714947197667949e-03
2.207357859531772446e-09 1.289132776322519242e-02
2.307692307692307200e-09 6.965347956948410475e-03
2.408026755852842367e-09 2.169397043826811096e-03
2.508361204013377535e-09 4.513035806432040380e-03
2.608695652173912702e-09 9.067227562192947329e-03
2.709030100334447870e-09 7.584614236897465125e-03
2.809364548494983038e-09 3.788954145249227769e-03
2.909698996655517792e-09 6.274968388780135381e-03
3.010033444816052959e-09 6.086191528262812310e-03
3.110367892976588127e-09 1.013771874438209111e-02
3.210702341137123294e-09 9.250811791550725416e-03
3.311036789297658462e-09 4.757961875566594709e-03
3.411371237458193629e-09 1.195862852932928939e-02
3.511705685618728797e-09 1.139418280905599504e-02
3.612040133779263551e-09 5.212364180941850625e-03
3.712374581939798719e-09 7.004083401566948454e-03
3.812709030100333886e-09 1.078829733684680096e-02
3.913043478260868640e-09 1.086242511800554478e-02
4.013377926421404221e-09 3.610321361915542777e-03
4.113712374581938975e-09 1.037747929623702298e-02
4.214046822742474556e-09 5.748230985837220891e-03
4.314381270903009310e-09 9.482435278514493582e-03
4.414715719063544892e-09 1.036632824930205053e-02
4.515050167224079646e-09 9.939319479711576297e-03
4.615384615384614399e-09 9.157042209327342572e-03
4.715719063545149981e-09 7.117531129303748122e-03
4.816053511705684735e-09 1.156425963443405772e-02
4.916387959866220316e-09 6.853430837837201292e-03
5.016722408026755070e-09 7.483607504161244629e-03
5.117056856187290651e-09 -2.272179885717119478e-03
5.217391304347825405e-09 6.159241678981963730e-03
5.317725752508360159e-09 8.646096367242001382e-03
5.418060200668895740e-09 1.949264892988397235e-05
5.518394648829430494e-09 2.008026697144386485e-03
5.618729096989966075e-09 8.280495537896719049e-03
5.719063545150500829e-09 8.511088984713538128e-03
5.819397993311035583e-09 1.539077512982884796e-02
5.919732441471571164e-09 1.114508899402112327e-02
6.020066889632105918e-09 8.086491000184620886e-03
6.120401337792641499e-09 8.603549321170416916e-03
6.220735785953176253e-09 1.639065651514556160e-02
6.321070234113711835e-09 8.853443403613955529e-03
6.421404682274246589e-09 1.090553374371701877e-02
6.521739130434781343e-09 6.457681506965864959e-03
6.622073578595316924e-09 4.302502531406716089e-03
6.722408026755851678e-09 2.486446015053236230e-03
6.822742474916387259e-09 7.129451824620571670e-03
6.923076923076922013e-09 6.358262486509010103e-03
7.023411371237457594e-09 6.007249698248534608e-03
7.123745819397992348e-09 -3.547036143423206410e-03
7.224080267558527102e-09 6.038377378105494117e-03
7.324414715719062683e-09 2.341509898508549545e-03
7.424749163879597437e-09 8.356078645027735508e-03
7.525083612040133018e-09 7.524205564484130401e-03
7.625418060200667772e-09 8.390081057785866991e-03
7.725752508361202526e-09 8.016851884794694294e-03
7.826086956521737280e-09 7.875290451503914185e-03
7.926421404682273689e-09 1.536160507947244335e-03
8.026755852842808442e-09 8.553142235961791462e-03
8.127090301003343196e-09 6.451565927946541906e-03
8.227424749163877950e-09 5.917301097631393883e-04
8.327759197324414359e-09 4.291972273113079696e-03
8.428093645484949113e-09 8.377931464150001339e-03
8.528428093645483867e-09 1.079319293723212531e-02
8.628762541806018621e-09 1.301029396820788022e-03
8.729096989966553375e-09 6.240855513184876552e-03
8.829431438127089783e-09 8.864205698890677970e-03
8.929765886287624537e-09 9.213893327715645329e-03
9.030100334448159291e-09 3.913283260477876287e-03
9.130434782608694045e-09 1.408409878838388571e-02
9.230769230769228799e-09 5.827274270005635380e-03
9.331103678929765207e-09 4.758346954759434810e-03
9.431438127090299961e-09 5.570772929224946865e-03
9.531772575250834715e-09 5.733461021372133690e-03
9.632107023411369469e-09 6.593248615057341333e-03
9.732441471571904223e-09 6.240042470102924801e-03
9.832775919732440632e-09 7.045731279588835112e-03
9.933110367892975386e-09 2.754405035131821632e-03
1.003344481605351014e-08 6.797529963717483491e-03
1.013377926421404489e-08 6.668592224997499894e-03
1.023411371237458130e-08 1.398678222228890919e-02
1.033444816053511606e-08 7.438067827719069096e-03
1.043478260869565081e-08 8.359895697628804551e-03
1.053511705685618556e-08 1.058181604049120844e-02
1.063545150501672032e-08 -1.184302661721438853e-03
1.073578595317725673e-08 3.591228656960370781e-03
1.083612040133779148e-08 6.473481776982991515e-03
1.093645484949832623e-08 7.663185691506148658e-03
1.103678929765886099e-08 9.614072698085472657e-03
1.113712374581939574e-08 2.506571322330873770e-04
1.123745819397993215e-08 4.200547902910699120e-03
1.133779264214046690e-08 1.349082319498742279e-02
1.143812709030100166e-08 9.925522848475530277e-03
1.153846153846153641e-08 7.174531532836890546e-03
1.163879598662207117e-08 9.236008097244506262e-03
1.173913043478260757e-08 1.066402207980360166e-02
1.183946488294314233e-08 5.799530464083765130e-03
1.193979933110367708e-08 1.011779229314757091e-02
1.204013377926421184e-08 4.867360993869845193e-03
1.214046822742474824e-08 8.955822518103262117e-03
1.224080267558528300e-08 1.061916406888755750e-02
1.234113712374581775e-08 5.452721754820782050e-03
1.244147157190635251e-08 8.687675091952975354e-03
1.254180602006688726e-08 8.938180253818600249e-03
1.264214046822742367e-08 4.578968151480403842e-03
1.274247491638795842e-08 6.125518342905181615e-03
1.284280936454849318e-08 7.496193953747664999e-03
1.294314381270902793e-08 7.770872541885962166e-03
1.304347826086956269e-08 1.030459719714426660e-02
1.314381270903009909e-08 6.221004746888393611e-03
1.324414715719063385e-08 6.103768265967008701e-03
1.334448160535116860e-08 9.611795972534883589e-03
1.344481605351170336e-08 9.618529042359828113e-03
1.354515050167223811e-08 1.190392717358999992e-02
1.364548494983277452e-08 1.145693603528803381e-02
1.374581939799330927e-08 9.458771361135978259e-03
1.384615384615384403e-08 1.080255467063760168e-02
1.394648829431437878e-08 6.233640758144786895e-03
1.404682274247491519e-08 7.984015842557330017e-03
1.414715719063544994e-08 9.221527283345895554e-03
1.424749163879598470e-08 9.508925251207714022e-03
1.434782608695651945e-08 8.954102273507159870e-03
1.444816053511705420e-08 1.133526894670894292e-02
1.454849498327759061e-08 3.410655423754933337e-03
1.464882943143812537e-08 8.284928203029940513e-03
1.474916387959866012e-08 8.685349286281118797e-03
1.484949832775919487e-08 6.252667562121113493e-03
1.494983277591973128e-08 3.539810627738979292e-03
1.505016722408026604e-08 3.094701341824942099e-03
1.515050167224080079e-08 3.817639415184565389e-03
1.525083612040133554e-08 5.583910927302889078e-03
1.535117056856187030e-08 1.220900465766222749e-02
1.545150501672240505e-08 9.489165143957818682e-03
1.555183946488293981e-08 3.607139068956233176e-03
1.565217391304347456e-08 7.871307018840974917e-03
1.575250836120401262e-08 1.159505916752842994e-02
1.585284280936454738e-08 1.068050178890302820e-02
1.595317725752508213e-08 4.874814155831872463e-03
1.605351170568561688e-08 7.504222296073671285e-03
1.615384615384615164e-08 1.135397321298252729e-02
1.625418060200668639e-08 6.387074275828984182e-03
1.635451505016722115e-08 1.029054407526272530e-02
1.645484949832775590e-08 5.648585571347715037e-03
1.655518394648829065e-08 8.102023911681141902e-03
1.665551839464882872e-08 8.065055912511435998e-03
1.675585284280936347e-08 1.110821438852598389e-02
1.685618729096989823e-08 2.465792589362706278e-03
1.695652173913043298e-08 6.284998059424325677e-03
1.705685618729096773e-08 7.463378204443950163e-03
1.715719063545150249e-08 7.382567235105388752e-03
1.725752508361203724e-08 1.186295999909907535e-02
1.735785953177257200e-08 5.771204159571727624e-03
1.745819397993310675e-08 6.122346246206354647e-03
1.755852842809364150e-08 3.324262551573056029e-03
1.765886287625417957e-08 4.142304746471171632e-03
1.775919732441471432e-08 4.335074615247243301e-04
1.785953177257524907e-08 7.396090918923427064e-03
1.795986622073578383e-08 1.519391461337973523e-02
1.806020066889631858e-08 1.307046344280433404e-02
1.816053511705685334e-08 1.288094279735121223e-02
1.826086956521738809e-08 -1.831301339719276604e-03
1.836120401337792284e-08 8.756589113635325494e-03
1.846153846153845760e-08 6.200529732010419057e-03
1.856187290969899566e-08 8.198602931840269156e-03
1.866220735785953041e-08 1.412238692071824883e-03
1.876254180602006517e-08 7.428418229388018997e-03
1.886287625418059992e-08 6.243032719127586394e-03
1.896321070234113468e-08 2.999627984809538107e-03
1.906354515050166943e-08 1.085616433541758408e-02
1.916387959866220418e-08 5.343543167688297353e-03
1.926421404682273894e-08 1.156178132374500664e-02
1.936454849498327369e-08 7.911515328011212850e-03
1.946488294314380845e-08 8.978245580185471864e-03
1.956521739130434651e-08 1.199221369435558675e-02
1.966555183946488126e-08 2.996211574305931297e-03
1.976588628762541602e-08 8.324188602417367452e-03
1.986622073578595077e-08 1.328182673422388833e-03
1.996655518394648553e-08 6.436349623218155097e-03
2.006688963210702028e-08 7.355684568904936535e-03
2.016722408026755503e-08 2.105309449817594283e-03
2.026755852842808979e-08 6.319124482697791208e-03
2.036789297658862454e-08 6.700366536649681425e-03
2.046822742474916260e-08 6.097911795555240738e-03
2.056856187290969736e-08 9.271897924966552434e-03
2.066889632107023211e-08 1.304491551769555550e-02
2.076923076923076687e-08 6.743226678446607655e-03
2.086956521739130162e-08 7.123954951034867228e-03
2.096989966555183637e-08 7.637155270478243607e-03
2.107023411371237113e-08 5.042036665156527687e-03
2.117056856187290588e-08 6.480119882472926661e-03
2.127090301003344064e-08 1.300903029122038070e-02
2.137123745819397539e-08 1.127288224503023711e-02
2.147157190635451345e-08 3.437448596216903171e-03
2.157190635451504821e-08 9.762078672071176910e-03
2.167224080267558296e-08 6.414000151459185685e-04
2.177257525083611771e-08 7.152958565737289540e-03
2.187290969899665247e-08 3.542294141358505281e-03
2.197324414715718722e-08 5.873304548045754810e-03
2.207357859531772198e-08 6.813717568458707574e-03
2.217391304347825673e-08 9.204318018439260063e-03
2.227424749163879148e-08 8.015710386503692442e-03
2.237458193979932955e-08 1.669809545854574829e-03
2.247491638795986430e-08 8.567012271156668884e-03
2.257525083612039905e-08 4.079949665916726524e-03
2.267558528428093381e-08 2.436702294282851351e-03
2.277591973244146856e-08 1.007997168260676459e-02
2.287625418060200332e-08 9.605684689669031703e-03
2.297658862876253807e-08 7.355737043439847418e-03
2.307692307692307282e-08 1.040426867659436337e-02
2.317725752508360758e-08 7.190297026224592818e-03
2.327759197324414233e-08 1.303366670415769500e-02
2.337792642140468040e-08 8.248161810789732609e-03
2.347826086956521515e-08 9.667170542781952300e-03
2.357859531772574990e-08 9.646728809840399849e-03
2.367892976588628466e-08 1.842426818216753555e-03
2.377926421404681941e-08 8.316089207989768237e-03
2.387959866220735417e-08 2.123485739397482520e-03
2.397993311036788892e-08 9.205670395894241867e-03
2.408026755852842367e-08 7.540799240099906042e-03
2.418060200668895843e-08 4.429460904229559799e-03
2.428093645484949649e-08 3.705056656838860187e-03
2.438127090301003124e-08 1.814608639885409089e-04
2.448160535117056600e-08 6.998612295625154973e-03
2.458193979933110075e-08 1.935954871133302099e-02
2.468227424749163551e-08 1.061232744994675126e-02
2.478260869565217026e-08 1.311158085504973876e-02
2.488294314381270501e-08 1.122288922702444416e-02
2.498327759197323977e-08 7.821875005881313500e-03
2.508361204013377452e-08 1.330434781945687497e-02
2.518394648829430928e-08 8.594094897666430810e-03
2.528428093645484734e-08 9.587885448406640795e-03
2.538461538461538209e-08 7.167125418562970626e-03
2.548494983277591685e-08 1.978172695537658548e-03
2.558528428093645160e-08 2.285325208894869661e-03
2.568561872909698635e-08 1.129923441680585200e-02
2.578595317725752111e-08 9.015698180471038228e-03
2.588628762541805586e-08 1.034612799105194851e-03
2.598662207357859062e-08 5.776635190105688586e-03
2.608695652173912537e-08 3.877489295061101009e-03
2.618729096989966343e-08 8.757592066753170507e-03
2.628762541806019819e-08 1.312001394316117571e-02
2.638795986622073294e-08 7.684523154741532483e-03
2.648829431438126769e-08 8.134983505811396384e-03
2.658862876254180245e-08 7.600495752462241468e-03
2.668896321070233720e-08 6.752530194380960624e-03
2.678929765886287196e-08 7.601278524046721323e-03
2.688963210702340671e-08 9.562949351845562510e-03
2.698996655518394146e-08 6.009404256589832155e-03
2.709030100334447622e-08 8.571166263089962864e-03
2.719063545150501428e-08 1.400318320935969169e-02
2.729096989966554904e-08 1.074510060498805493e-02
2.739130434782608379e-08 5.146128144496977565e-03
2.749163879598661854e-08 5.451535052780075857e-03
2.759197324414715330e-08 3.902073328748163067e-03
2.769230769230768805e-08 1.459985832698504522e-02
2.779264214046822281e-08 6.255412924628687976e-03
2.789297658862875756e-08 1.242402926557944522e-02
2.799331103678929231e-08 1.138269083859832359e-02
2.809364548494983038e-08 7.594742476129046592e-03
2.819397993311036513e-08 9.827278933748389428e-03
2.829431438127089988e-08 8.069750485052646152e-03
2.839464882943143464e-08 2.321228188944965409e-03
2.849498327759196939e-08 6.427815043222380453e-03
2.859531772575250415e-08 3.815018002215329364e-03
2.869565217391303890e-08 5.296234455813595560e-03
2.879598662207357365e-08 1.109109887772690220e-02
2.889632107023410841e-08 1.230359616130225278e-02
2.899665551839464316e-08 7.944082133179578356e-03
2.909698996655518122e-08 7.099225429443462368e-03
2.919732441471571598e-08 6.923918439327986576e-03
2.929765886287625073e-08 1.624888517832691554e-03
2.939799331103678549e-08 9.223309696236832791e-03
2.949832775919732024e-08 9.600937780471758762e-03
2.959866220735785499e-08 7.462106300137922796e-03
2.969899665551838975e-08 1.262142644696890095e-02
2.979933110367892450e-08 9.759753051092757981e-03
2.989966555183946256e-08 9.066142266807852845e-04
2.999999999999999732e-08 1.177494082779317192e-02
