0.000000000000000000e+00 9.999999999999995559e-01
1.003344481605351029e-10 6.366248495234236131e-03
2.006688963210702059e-10 1.672734109009278367e-02
3.010033444816052959e-10 9.473124981215512788e-03
4.013377926421404118e-10 2.567345295181722338e-03
5.016722408026755277e-10 9.097589990364745183e-04
6.020066889632105918e-10 4.589381980465374704e-03
7.023411371237457594e-10 9.051120635073532997e-03
8.026755852842808236e-10 6.849700017725111542e-03
9.030100334448158877e-10 7.831700878715579933e-03
1.003344481605351055e-09 9.820022919539848211e-03
1.103678929765886223e-09 7.191277638816070614e-03
1.204013377926421184e-09 6.233289912612454721e-03
1.304347826086956351e-09 1.119612802569830076e-02
1.404682274247491519e-09 6.853130685665069673e-03
1.505016722408026480e-09 4.237210646406351124e-03
1.605351170568561647e-09 1.662842623721932575e-02
1.705685618729096815e-09 3.552449993269567782e-03
1.806020066889631775e-09 4.723649570332302122e-03
1.906354515050166943e-09 5.782475424643375612e-03
2.006688963210702111e-09 -3.235885508944987693e-03
2.107023411371237278e-09 7.303069843486569360e-03
2.207357859531772446e-09 4.485445077338598430e-03
2.307692307692307200e-09 1.091594303889907060e-02
2.408026755852842367e-09 6.861624010286816733e-03
2.508361204013377535e-09 5.278324101757189517e-03
2.608695652173912702e-09 8.077298658721188823e-03
2.709030100334447870e-09 9.528960731867725659e-03
2.809364548494983038e-09 7.275403656407770751e-03
2.909698996655517792e-09 4.234597956115440827e-03
3.010033444816052959e-09 1.253628899782668850e-03
3.110367892976588127e-09 9.583733785936649624e-03
3.210702341137123294e-09 7.817145284060175725e-03
3.311036789297658462e-09 9.148313346151980274e-03
3.411371237458193629e-09 1.180674307964076075e-02
3.511705685618728797e-09 5.459644167385633608e-03
3.612040133779263551e-09 1.038272541685266934e-02
3.712374581939798719e-09 5.644166491326004127e-03
3.812709030100333886e-09 6.461346304270152233e-03
3.913043478260868640e-09 9.230676799251855830e-03
4.013377926421404221e-09 7.534587585436504538e-03
4.113712374581938975e-09 5.523518276405009822e-03
4.214046822742474556e-09 1.210779620556334812e-02
4.314381270903009310e-09 5.336079143483579701e-03
4.414715719063544892e-09 1.049645462990190722e-02
4.515050167224079646e-09 1.085302817768231398e-02
4.615384615384614399e-09 1.707902654521820931e-03
4.715719063545149981e-09 9.518300896248384907e-03
4.816053511705684735e-09 6.425048535195145190e-03
4.916387959866220316e-09 1.136581888566291776e-02
5.016722408026755070e-09 1.142376368353242334e-02
5.117056856187290651e-09 8.531006937894080808e-03
5.217391304347825405e-09 9.042111444139536158e-03
5.317725752508360159e-09 5.143525220793740416e-03
5.418060200668895740e-09 1.051889144983440307e-02
5.518394648829430494e-09 8.962803428802587277e-03
5.618729096989966075e-09 6.561770652421491587e-03
5.719063545150500829e-09 9.407722954132101759e-03
5.819397993311035583e-09 1.144439354558043909e-02
5.919732441471571164e-09 1.725566264288395241e-02
6.020066889632105918e-09 3.940364676433109198e-03
6.120401337792641499e-09 5.397351649076920568e-03
6.220735785953176253e-09 5.029646895132508511e-03
6.321070234113711835e-09 8.925313737586013790e-03
6.421404682274246589e-09 1.320373925837678604e-02
6.521739130434781343e-09 8.188609359999536597e-03
6.622073578595316924e-09 7.185625822295570349e-03
6.722408026755851678e-09 7.053763925651867876e-03
6.822742474916387259e-09 1.083584112909328524e-02
6.923076923076922013e-09 1.348269309119462175e-02
7.023411371237457594e-09 8.319071440069018483e-03
7.123745819397992348e-09 3.738219483416985352e-03
7.224080267558527102e-09 2.200978539957707588e-03
7.324414715719062683e-09 8.618488857591238145e-03
7.424749163879597437e-09 1.505279718280835149e-02
7.525083612040133018e-09 2.864887575918909773e-03
7.625418060200667772e-09 1.751652418843643172e-02
7.725752508361202526e-09 8.496504405605885893e-03
7.826086956521737280e-09 1.343272664803106357e-02
7.926421404682273689e-09 9.596113650986051822e-04
8.026755852842808442e-09 1.126133797617117314e-02
8.127090301003343196e-09 8.925949461593052706e-03
8.227424749163877950e-09 5.743929959773827303e-03
8.327759197324414359e-09 1.094964727000583785e-03
8.428093645484949113e-09 9.768828538016166574e-03
8.528428093645483867e-09 7.549878539971067309e-03
8.628762541806018621e-09 6.509105036995779976e-03
8.729096989966553375e-09 9.396024372702864447e-03
8.829431438127089783e-09 6.106634988781190279e-03
8.929765886287624537e-09 7.274021837532708423e-03
9.030100334448159291e-09 6.153590415782502626e-03
9.130434782608694045e-09 6.869294060570887463e-03
9.230769230769228799e-09 6.746842172579980978e-03
9.331103678929765207e-09 6.356644637479593254e-03
9.431438127090299961e-09 3.764376204603782968e-03
9.531772575250834715e-09 2.221501708668251977e-03
9.632107023411369469e-09 9.130669846828377498e-03
9.732441471571904223e-09 5.279379054347761377e-03
9.832775919732440632e-09 1.177366524843205531e-02
9.933110367892975386e-09 9.519889401517883307e-03
1.003344481605351014e-08 4.073505970768450703e-03
1.013377926421404489e-08 2.836430667404786412e-03
1.023411371237458130e-08 -1.805633924921262474e-03
1.033444816053511606e-08 1.346585188171109219e-02
1.043478260869565081e-08 8.747673437580176167e-03
1.053511705685618556e-08 6.997440069346409428e-03
1.063545150501672032e-08 1.316581730902751171e-02
1.073578595317725673e-08 6.107383709640153147e-03
1.083612040133779148e-08 4.386948687930795551e-03
1.093645484949832623e-08 1.484416268586341743e-02
1.103678929765886099e-08 6.109969029467364997e-03
1.113712374581939574e-08 8.995167555921352448e-03
1.123745819397993215e-08 8.475469909418571063e-03
1.133779264214046690e-08 8.935268618640145738e-03
1.143812709030100166e-08 6.302305535819522665e-03
1.153846153846153641e-08 1.511888173817597415e-02
1.163879598662207117e-08 3.208966093676853763e-03
1.173913043478260757e-08 1.179609101372333484e-02
1.183946488294314233e-08 7.177352539639403166e-03
1.193979933110367708e-08 1.029578113063602321e-02
1.204013377926421184e-08 8.582057033109021307e-03
1.214046822742474824e-08 8.034101371037305137e-03
1.224080267558528300e-08 8.654040001215654310e-03
1.234113712374581775e-08 1.141180553104718769e-02
1.244147157190635251e-08 7.381094399910418519e-03
1.254180602006688726e-08 1.151341654301668918e-02
1.264214046822742367e-08 1.822161776190759763e-03
1.274247491638795842e-08 6.491400090083039587e-03
1.284280936454849318e-08 1.070081384174459069e-02
1.294314381270902793e-08 1.214482984402500548e-02
1.304347826086956269e-08 1.030484596924423346e-02
1.314381270903009909e-08 8.227139527142789122e-03
1.324414715719063385e-08 5.747988648321611556e-03
1.334448160535116860e-08 1.013653797662113741e-02
1.344481605351170336e-08 2.800104816491839725e-03
1.354515050167223811e-08 5.242687848102220612e-03
1.364548494983277452e-08 7.169111409195209547e-03
1.374581939799330927e-08 1.346977411014435751e-02
1.384615384615384403e-08 9.399247386524060485e-03
1.394648829431437878e-08 8.250813719865957713e-03
1.404682274247491519e-08 3.693839930252676949e-03
1.414715719063544994e-08 1.314467318647874992e-02
1.424749163879598470e-08 7.434130799722586495e-03
1.434782608695651945e-08 1.376867346127448252e-02
1.444816053511705420e-08 7.783114867927307112e-03
1.454849498327759061e-08 1.229980017367559089e-02
1.464882943143812537e-08 6.589028797635483950e-03
1.474916387959866012e-08 7.406786217257640102e-03
1.484949832775919487e-08 3.379192882195555803e-03
1.494983277591973128e-08 6.541957251404950831e-03
1.505016722408026604e-08 6.809784318413001844e-03
1.515050167224080079e-08 7.536716183184267830e-03
1.525083612040133554e-08 7.701302121243451190e-03
1.535117056856187030e-08 1.182406733633611234e-02
1.545150501672240505e-08 4.471639316734799321e-03
1.555183946488293981e-08 1.947059998569456406e-03
1.565217391304347456e-08 9.257297483982199204e-03
1.575250836120401262e-08 1.058782066378417992e-02
1.585284280936454738e-08 1.253289765545803278e-03
1.595317725752508213e-08 1.133289707384989471e-02
1.605351170568561688e-08 1.516202844666382672e-02
1.615384615384615164e-08 6.176526573832212541e-03
1.625418060200668639e-08 2.539974118792107625e-03
1.635451505016722115e-08 7.523269708950194520e-03
1.645484949832775590e-08 8.025323452425242240e-03
1.655518394648829065e-08 1.123361798470390825e-02
1.665551839464882872e-08 7.504493091056955480e-03
1.675585284280936347e-08 2.797615692159042579e-03
1.685618729096989823e-08 8.593606197562084908e-03
1.695652173913043298e-08 4.081236534157258594e-03
1.705685618729096773e-08 1.280531089601211377e-02
1.715719063545150249e-08 3.257380407124341876e-03
1.725752508361203724e-08 1.181782012092372561e-02
1.735785953177257200e-08 1.150075724605271500e-02
1.745819397993310675e-08 1.062917504538862454e-02
1.755852842809364150e-08 8.701424727627261532e-03
1.765886287625417957e-08 7.863631404671550876e-03
1.775919732441471432e-08 -1.507744822716641439e-03
1.785953177257524907e-08 1.129361002460815833e-02
1.795986622073578383e-08 7.303468617048362518e-03
1.806020066889631858e-08 4.033589141395991021e-03
1.816053511705685334e-08 6.196560235081765948e-03
1.826086956521738809e-08 4.684411221377976151e-03
1.836120401337792284e-08 1.340625320690542154e-02
1.846153846153845760e-08 6.807796569815181657e-03
1.856187290969899566e-08 4.465887517173418655e-03
1.866220735785953041e-08 2.822401603123369379e-03
1.876254180602006517e-08 1.094304936140521808e-02
1.886287625418059992e-08 5.001969194673922155e-03
1.896321070234113468e-08 6.306619528176390065e-03
1.906354515050166943e-08 7.723586845639405021e-03
1.916387959866220418e-08 9.695865062850559518e-03
1.926421404682273894e-08 1.688491315389709438e-03
1.936454849498327369e-08 1.278320597562894109e-02
1.946488294314380845e-08 6.567075543846508968e-03
1.956521739130434651e-08 4.903934297582906651e-03
1.966555183946488126e-08 2.803166758613417908e-03
1.976588628762541602e-08 4.915096592636570769e-03
1.986622073578595077e-08 9.354651417495666796e-03
1.996655518394648553e-08 7.954974457180895644e-03
2.006688963210702028e-08 1.204169345029744431e-02
2.016722408026755503e-08 9.261405261747833809e-03
2.026755852842808979e-08 1.278095855002756541e-02
2.036789297658862454e-08 5.279793787256599827e-03
2.046822742474916260e-08 7.650572445723018838e-03
2.056856187290969736e-08 1.248520450601731634e-03
2.066889632107023211e-08 1.195000337797612680e-02
2.076923076923076687e-08 5.527781662079561155e-04
2.086956521739130162e-08 7.482216973200411618e-03
2.096989966555183637e-08 8.398428644264802415e-03
2.107023411371237113e-08 4.458009858168254964e-03
2.117056856187290588e-08 6.803770520949096144e-03
2.127090301003344064e-08 7.336763228972162029e-03
2.137123745819397539e-08 1.175375822944661405e-02
2.147157190635451345e-08 6.402175920570908098e-03
2.157190635451504821e-08 5.217169604092093856e-03
2.167224080267558296e-08 7.990168846058565838e-03
2.177257525083611771e-08 1.148444963121499941e-02
2.187290969899665247e-08 4.746771352693427738e-03
2.197324414715718722e-08 1.381404089291744797e-02
2.207357859531772198e-08 9.865734549857001212e-03
2.217391304347825673e-08 -3.323444305459461161e-03
2.227424749163879148e-08 8.951290401551946843e-03
2.237458193979932955e-08 5.342648429593876286e-03
2.247491638795986430e-08 6.828070709705530775e-03
2.257525083612039905e-08 7.582977142338787752e-03
2.267558528428093381e-08 4.468932826228702755e-03
2.277591973244146856e-08 1.039938020882829120e-02
2.287625418060200332e-08 2.227336640777769720e-03
2.297658862876253807e-08 1.046860767819042179e-02
2.307692307692307282e-08 3.210314056450315479e-03
2.317725752508360758e-08 8.933045847437042983e-03
2.327759197324414233e-08 6.668768063642055433e-03
2.337792642140468040e-08 2.399589934722368666e-03
2.347826086956521515e-08 7.058902236896904582e-03
2.357859531772574990e-08 1.055803148536074362e-02
2.367892976588628466e-08 4.252188948608287902e-03
2.377926421404681941e-08 4.714082973283018931e-03
2.387959866220735417e-08 1.468412728446460633e-02
2.397993311036788892e-08 1.155921540559734506e-02
2.408026755852842367e-08 1.352349157721222626e-02
2.418060200668895843e-08 3.476940638410232643e-03
2.428093645484949649e-08 9.739064695040409309e-03
2.438127090301003124e-08 9.363631865789640366e-03
2.448160535117056600e-08 9.679638024789312054e-03
2.458193979933110075e-08 6.703306941757211299e-03
2.468227424749163551e-08 1.256322160174780378e-02
2.478260869565217026e-08 1.022776157892533880e-03
2.488294314381270501e-08 4.946285471303910747e-03
2.498327759197323977e-08 5.911242624882985346e-03
2.508361204013377452e-08 4.089887536814643468e-03
2.518394648829430928e-08 1.519908805904354732e-02
2.528428093645484734e-08 1.191560945258256232e-02
2.538461538461538209e-08 8.274075171995496497e-03
2.548494983277591685e-08 6.662036759345935609e-03
2.558528428093645160e-08 3.563532402318896411e-03
2.568561872909698635e-08 2.461002878852711420e-03
2.578595317725752111e-08 1.033463170856454942e-02
2.588628762541805586e-08 1.040260223685677242e-02
2.598662207357859062e-08 1.147831102497020792e-02
2.608695652173912537e-08 4.468408455069832613e-03
2.618729096989966343e-08 2.950051114724148993e-03
2.628762541806019819e-08 1.151872707481893347e-02
2.638795986622073294e-08 6.865830375117725794e-03
2.648829431438126769e-08 1.233344323619150855e-02
2.658862876254180245e-08 8.463971029355983611e-03
2.668896321070233720e-08 9.525535168859632779e-03
2.678929765886287196e-08 5.900690850076731331e-03
2.688963210702340671e-08 9.480425883692368202e-03
2.698996655518394146e-08 9.214674616728708856e-03
2.709030100334447622e-08 8.051721085438527312e-03
2.719063545150501428e-08 1.323515437997999263e-02
2.729096989966554904e-08 -5.471006764282641127e-04
2.739130434782608379e-08 1.030388202010485560e-02
2.749163879598661854e-08 1.235210687227528831e-02
2.759197324414715330e-08 8.871050237248278431e-03
2.769230769230768805e-08 8.974651838102271767e-03
2.779264214046822281e-08 5.706294071400765285e-03
2.789297658862875756e-08 9.569686777513788586e-03
2.799331103678929231e-08 8.779842256023850933e-03
2.809364548494983038e-08 5.682148927835061099e-03
2.819397993311036513e-08 2.754034504465343453e-03
2.829431438127089988e-08 3.297642255797865463e-03
2.839464882943143464e-08 1.386853560230261184e-02
2.849498327759196939e-08 1.105214818974127600e-02
2.859531772575250415e-08 6.561826080373649346e-03
2.869565217391303890e-08 1.982408893058787251e-03
2.879598662207357365e-08 3.128343836343419442e-03
2.889632107023410841e-08 7.002171820967189805e-03
2.899665551839464316e-08 7.561190545519085385e-03
2.909698996655518122e-08 4.117072921699411504e-03
2.919732441471571598e-08 2.379452775932438743e-03
2.929765886287625073e-08 8.677432096441933113e-03
2.939799331103678549e-08 8.140144246704537206e-03
2.949832775919732024e-08 6.381497087561823107e-03
2.959866220735785499e-08 3.450113408131540160e-03
2.969899665551838975e-08 4.504626061477117957e-03
2.979933110367892450e-08 7.958202830836600197e-03
2.989966555183946256e-08 1.263953198879858020e-02
2.999999999999999732e-08 1.097891444539035935e-02
