0.000000000000000000e+00 9.999999999999995559e-01
1.003344481605351029e-10 -3.449053548046059590e-03
2.006688963210702059e-10 3.245386552575863642e-02
3.010033444816052959e-10 7.634877274735543326e-03
4.013377926421404118e-10 9.843722867598219892e-03
5.016722408026755277e-10 -2.067375421021097528e-04
6.020066889632105918e-10 1.425965874550302881e-02
7.023411371237457594e-10 6.196621454125536034e-03
8.026755852842808236e-10 6.892267795493795500e-03
9.030100334448158877e-10 3.211670809674728976e-03
1.003344481605351055e-09 6.624666689929533184e-03
1.103678929765886223e-09 9.663675232821385261e-04
1.204013377926421184e-09 5.227290777603797213e-03
1.304347826086956351e-09 1.043527084773072239e-02
1.404682274247491519e-09 7.805928643409294765e-03
1.505016722408026480e-09 9.543957940501992740e-03
1.605351170568561647e-09 -2.563970275320596667e-03
1.705685618729096815e-09 1.172551529871102526e-02
1.806020066889631775e-09 8.099387086296669022e-03
1.906354515050166943e-09 6.097981077840972097e-03
2.006688963210702111e-09 1.211841629112963593e-02
2.107023411371237278e-09 5.807465048009633965e-03
2.207357859531772446e-09 -1.701184152191347315e-03
2.307692307692307200e-09 3.473570968911525274e-03
2.408026755852842367e-09 9.195048632418030207e-03
2.508361204013377535e-09 4.996933905092580154e-03
2.608695652173912702e-09 9.592259579057226329e-03
2.709030100334447870e-09 5.071004513596151335e-03
2.809364548494983038e-09 6.132807695177631274e-03
2.909698996655517792e-09 5.144142723141298564e-03
3.010033444816052959e-09 9.089238108215482934e-03
3.110367892976588127e-09 5.525231238372107015e-03
3.210702341137123294e-09 1.039428055271034504e-02
3.311036789297658462e-09 9.658659724580040060e-03
3.411371237458193629e-09 7.384811834869763406e-03
3.511705685618728797e-09 9.101270438014688602e-03
3.612040133779263551e-09 6.173787340933802048e-03
3.712374581939798719e-09 2.911047844900534459e-03
3.812709030100333886e-09 1.090832395887808906e-02
3.913043478260868640e-09 6.926381148935744497e-03
4.013377926421404221e-09 8.240595072825105186e-03
4.113712374581938975e-09 3.697300415550811362e-03
4.214046822742474556e-09 1.266262651807733425e-02
4.314381270903009310e-09 4.376140347217082928e-03
4.414715719063544892e-09 3.926457117374857614e-03
4.515050167224079646e-09 8.564114200589936429e-03
4.615384615384614399e-09 8.482040823111693106e-03
4.715719063545149981e-09 3.290268308643170755e-03
4.816053511705684735e-09 7.664624075759809106e-03
4.916387959866220316e-09 2.956596998535429392e-03
5.016722408026755070e-09 7.082463912676886103e-03
5.117056856187290651e-09 7.085815560719074119e-03
5.217391304347825405e-09 7.504072155474317100e-03
5.317725752508360159e-09 8.334983377634498994e-03
5.418060200668895740e-09 8.272639447318904174e-03
5.518394648829430494e-09 1.012817587313705713e-02
5.618729096989966075e-09 7.240064553293604557e-03
5.719063545150500829e-09 6.733972338949892854e-03
5.819397993311035583e-09 5.391558634785166559e-03
5.919732441471571164e-09 7.755946663180353189e-03
6.020066889632105918e-09 1.224127925936979028e-02
6.120401337792641499e-09 1.365678533031113202e-02
6.220735785953176253e-09 5.900230275670722592e-03
6.321070234113711835e-09 8.808109754879011460e-03
6.421404682274246589e-09 1.621822892431616994e-02
6.521739130434781343e-09 7.770023364776022790e-03
6.622073578595316924e-09 7.115995275321394982e-03
6.722408026755851678e-09 2.397413101305708762e-03
6.822742474916387259e-09 5.387828967913935521e-03
6.923076923076922013e-09 -5.217887530426001995e-04
7.023411371237457594e-09 6.638648249804161329e-03
7.123745819397992348e-09 2.373638198682135811e-03
7.224080267558527102e-09 3.834003664929711876e-03
7.324414715719062683e-09 2.438970547941639918e-03
7.424749163879597437e-09 8.569194890280433172e-03
7.525083612040133018e-09 6.455720233377654736e-03
7.625418060200667772e-09 1.033493674260408182e-02
7.725752508361202526e-09 3.873898312610043939e-03
7.826086956521737280e-09 8.339863713210030408e-03
7.926421404682273689e-09 8.621680730954971519e-03
8.026755852842808442e-09 1.324961900077540472e-02
8.127090301003343196e-09 1.027508728789206134e-02
8.227424749163877950e-09 6.668669817161138567e-03
8.327759197324414359e-09 6.733819081566052786e-03
8.428093645484949113e-09 7.999273536078474467e-03
8.528428093645483867e-09 4.609203667997802990e-03
8.628762541806018621e-09 4.293737228605644558e-03
8.729096989966553375e-09 1.336419872940589407e-02
8.829431438127089783e-09 3.002831146446100982e-03
8.929765886287624537e-09 7.458302351025533281e-03
9.030100334448159291e-09 5.762153102370862548e-03
9.130434782608694045e-09 6.589542306594352652e-03
9.230769230769228799e-09 8.826760874650745395e-03
9.331103678929765207e-09 7.817972272361682975e-03
9.431438127090299961e-09 1.409274973922845786e-02
9.531772575250834715e-09 5.432130003704863097e-03
9.632107023411369469e-09 5.690503076655618019e-03
9.732441471571904223e-09 7.594271151093015364e-03
9.832775919732440632e-09 6.402293829797594225e-05
9.933110367892975386e-09 3.464080434617763243e-03
1.003344481605351014e-08 3.763661480549526130e-03
1.013377926421404489e-08 8.671259115099319570e-03
1.023411371237458130e-08 1.822750847516085675e-03
1.033444816053511606e-08 5.792243929505986808e-03
1.043478260869565081e-08 7.878248278531682983e-03
1.053511705685618556e-08 7.755469833031451189e-03
1.063545150501672032e-08 1.055059549333820478e-02
1.073578595317725673e-08 3.433505775327171713e-03
1.083612040133779148e-08 5.097968163733370209e-03
1.093645484949832623e-08 1.207478094474114146e-02
1.103678929765886099e-08 7.294221911101737496e-03
1.113712374581939574e-08 8.813994144812542508e-03
1.123745819397993215e-08 9.500954377331368231e-03
1.133779264214046690e-08 7.639876050345769526e-03
1.143812709030100166e-08 1.315653791761277336e-02
1.153846153846153641e-08 1.034453244493190212e-02
1.163879598662207117e-08 1.096988010670257516e-02
1.173913043478260757e-08 7.097610720207799505e-03
1.183946488294314233e-08 7.662993301571006770e-03
1.193979933110367708e-08 6.041158134357672155e-03
1.204013377926421184e-08 8.340954248204038302e-03
1.214046822742474824e-08 8.096074359019687222e-03
1.224080267558528300e-08 1.635410333099846653e-03
1.234113712374581775e-08 9.520917771045217526e-03
1.244147157190635251e-08 8.253874807679410786e-03
1.254180602006688726e-08 7.294937459982443230e-03
1.264214046822742367e-08 1.066338763970676486e-02
1.274247491638795842e-08 4.546035873338903285e-03
1.284280936454849318e-08 4.473845756279003563e-03
1.294314381270902793e-08 3.708498618406359283e-03
1.304347826086956269e-08 9.214317532201761474e-03
1.314381270903009909e-08 9.586891363086453427e-03
1.324414715719063385e-08 6.127053002487559130e-03
1.334448160535116860e-08 1.045386937206679509e-02
1.344481605351170336e-08 7.206425025281655919e-03
1.354515050167223811e-08 1.460418211988811187e-02
1.364548494983277452e-08 5.632027233822423616e-03
1.374581939799330927e-08 5.889696340206999545e-03
1.384615384615384403e-08 5.645543013127409145e-03
1.394648829431437878e-08 4.161035411298640539e-03
1.404682274247491519e-08 3.534529258695389559e-03
1.414715719063544994e-08 6.576467956126876360e-03
1.424749163879598470e-08 8.963145906878831198e-03
1.434782608695651945e-08 1.058096898450082424e-02
1.444816053511705420e-08 -1.784966885770828023e-03
1.454849498327759061e-08 7.073628891072676790e-03
1.464882943143812537e-08 2.613132327496890065e-03
1.474916387959866012e-08 6.052855926953266096e-03
1.484949832775919487e-08 9.839182087519425871e-03
1.494983277591973128e-08 1.035187607420832989e-02
1.505016722408026604e-08 5.704350242325057982e-03
1.515050167224080079e-08 8.270477458589270761e-03
1.525083612040133554e-08 5.249532488612778172e-03
1.535117056856187030e-08 8.579774397538764141e-03
1.545150501672240505e-08 7.390743663117557358e-03
1.555183946488293981e-08 8.674835546284724586e-03
1.565217391304347456e-08 4.043505834294015139e-03
1.575250836120401262e-08 5.391091167310914888e-03
1.585284280936454738e-08 1.265814801981749761e-02
1.595317725752508213e-08 1.144866047546230087e-02
1.605351170568561688e-08 4.029256567050701690e-03
1.615384615384615164e-08 7.192079680574762005e-03
1.625418060200668639e-08 4.196884438667938463e-03
1.635451505016722115e-08 6.360489794110407193e-03
1.645484949832775590e-08 8.972782454205411456e-03
1.655518394648829065e-08 1.262297912989344788e-02
1.665551839464882872e-08 7.500523263599147977e-03
1.675585284280936347e-08 7.369737445951342163e-03
1.685618729096989823e-08 7.733792674096556102e-03
1.695652173913043298e-08 1.265666890048461335e-02
1.705685618729096773e-08 1.617057103562111013e-03
1.715719063545150249e-08 5.682086435106184844e-03
1.725752508361203724e-08 8.603873352480445602e-03
1.735785953177257200e-08 1.049586773763204472e-02
1.745819397993310675e-08 3.357005597101046269e-03
1.755852842809364150e-08 9.683843695998827286e-03
1.765886287625417957e-08 1.100699221270469430e-02
1.775919732441471432e-08 7.945259473488999399e-03
1.785953177257524907e-08 1.470287881737936120e-02
1.795986622073578383e-08 9.299134526606427434e-03
1.806020066889631858e-08 1.154566859647435974e-02
1.816053511705685334e-08 1.163410433067989073e-02
1.826086956521738809e-08 -4.816568725365905600e-03
1.836120401337792284e-08 5.592049140213128412e-03
1.846153846153845760e-08 8.795397591548119454e-03
1.856187290969899566e-08 1.033039249494725927e-02
1.866220735785953041e-08 8.991087134613674411e-03
1.876254180602006517e-08 7.920743828118413307e-03
1.886287625418059992e-08 -7.316548412270249815e-04
1.896321070234113468e-08 9.288317276836516312e-03
1.906354515050166943e-08 2.903522602037621973e-03
1.916387959866220418e-08 7.532177695378850998e-03
1.926421404682273894e-08 2.400087128140953978e-03
1.936454849498327369e-08 1.250159017124180712e-02
1.946488294314380845e-08 3.005008715854370124e-03
1.956521739130434651e-08 8.615290560951643917e-03
1.966555183946488126e-08 8.818891684647856347e-03
1.976588628762541602e-08 8.741093432406811872e-03
1.986622073578595077e-08 6.709281957751627237e-03
1.996655518394648553e-08 1.360752310829340186e-02
2.006688963210702028e-08 1.242928260068383930e-02
2.016722408026755503e-08 6.365226942920016243e-03
2.026755852842808979e-08 6.118370144795953584e-03
2.036789297658862454e-08 1.289624846911241289e-02
2.046822742474916260e-08 8.544950507645447321e-03
2.056856187290969736e-08 3.272966079593232162e-03
2.066889632107023211e-08 6.125689076810838206e-03
2.076923076923076687e-08 5.879729224967473675e-03
2.086956521739130162e-08 4.808066552383904839e-03
2.096989966555183637e-08 7.098810034206914747e-03
2.107023411371237113e-08 9.220134433194753995e-03
2.117056856187290588e-08 1.136550849883169109e-02
2.127090301003344064e-08 9.312231572910271982e-03
2.137123745819397539e-08 1.320358521565009706e-02
2.147157190635451345e-08 3.427148658973993081e-03
2.157190635451504821e-08 4.645046937660237546e-03
2.167224080267558296e-08 8.462425619603799673e-03
2.177257525083611771e-08 2.301566476560426653e-03
2.187290969899665247e-08 2.372247429135008632e-04
2.197324414715718722e-08 1.045809329296145708e-02
2.207357859531772198e-08 1.149499294740130226e-02
2.217391304347825673e-08 3.132482002870033873e-03
2.227424749163879148e-08 5.413885238437654394e-03
2.237458193979932955e-08 -3.670804882598216901e-03
2.247491638795986430e-08 4.800146156889492643e-03
2.257525083612039905e-08 8.590964017189688454e-03
2.267558528428093381e-08 1.967178518350833809e-04
2.277591973244146856e-08 9.936146239772125632e-03
2.287625418060200332e-08 8.821911308786425238e-03
2.297658862876253807e-08 7.877277521588269341e-03
2.307692307692307282e-08 7.976746636862118434e-03
2.317725752508360758e-08 9.181461629877192207e-03
2.327759197324414233e-08 2.256440422725294621e-03
2.337792642140468040e-08 8.883413416517556283e-03
2.347826086956521515e-08 1.076460201392584297e-02
2.357859531772574990e-08 1.064240418066029863e-02
2.367892976588628466e-08 6.385617451189951402e-03
2.377926421404681941e-08 8.116823460081225294e-03
2.387959866220735417e-08 1.360941374029007132e-02
2.397993311036788892e-08 6.486830850563339232e-03
2.408026755852842367e-08 6.260711563966838908e-03
2.418060200668895843e-08 5.079832087340124119e-03
2.428093645484949649e-08 4.954599134935600523e-03
2.438127090301003124e-08 9.208234273099802358e-03
2.448160535117056600e-08 3.257802864211573578e-03
2.458193979933110075e-08 -9.339829714599130316e-04
2.468227424749163551e-08 8.041209066252002699e-03
2.478260869565217026e-08 4.734320715756549927e-04
2.488294314381270501e-08 9.054331375609785126e-03
2.498327759197323977e-08 7.015499479953137690e-03
2.508361204013377452e-08 5.733536776027102835e-03
2.518394648829430928e-08 1.446789636507440045e-03
2.528428093645484734e-08 7.065691495723034482e-03
2.538461538461538209e-08 1.635470210020936038e-02
2.548494983277591685e-08 6.403082833164585978e-03
2.558528428093645160e-08 6.495409743214166157e-03
2.568561872909698635e-08 4.283087544369412053e-03
2.578595317725752111e-08 8.520088418699502467e-03
2.588628762541805586e-08 1.072271433725501162e-02
2.598662207357859062e-08 5.541305084783691194e-03
2.608695652173912537e-08 1.134958337089674030e-02
2.618729096989966343e-08 4.728140869115571646e-03
2.628762541806019819e-08 6.131913386608196966e-03
2.638795986622073294e-08 3.698143848494885987e-03
2.648829431438126769e-08 8.318336005134294858e-03
2.658862876254180245e-08 1.047207731926782723e-02
2.668896321070233720e-08 9.673516947290910703e-03
2.678929765886287196e-08 1.010801234992685094e-02
2.688963210702340671e-08 5.160093580155006646e-03
2.698996655518394146e-08 9.571225645245347649e-03
2.709030100334447622e-08 6.553609060110497479e-03
2.719063545150501428e-08 4.641257039182852470e-03
2.729096989966554904e-08 3.761095401797262018e-03
2.739130434782608379e-08 1.474017473334135464e-02
2.749163879598661854e-08 1.274775201026300117e-03
2.759197324414715330e-08 6.593672948075376961e-03
2.769230769230768805e-08 1.344103196242845376e-02
2.779264214046822281e-08 8.579522591637706724e-03
2.789297658862875756e-08 7.339899099926669793e-03
2.799331103678929231e-08 7.804505621672883087e-03
2.809364548494983038e-08 7.882151333689095887e-03
2.819397993311036513e-08 6.873617450894349036e-03
2.829431438127089988e-08 7.803613379807272481e-03
2.839464882943143464e-08 5.523806096380623996e-03
2.849498327759196939e-08 2.363422397932946582e-03
2.859531772575250415e-08 1.362682227155628811e-02
2.869565217391303890e-08 4.578834490331436420e-03
2.879598662207357365e-08 8.300787865676926419e-03
2.889632107023410841e-08 1.095744415292633500e-02
2.899665551839464316e-08 1.105628694272893509e-02
2.909698996655518122e-08 6.344718052520801135e-03
2.919732441471571598e-08 6.148470966192870132e-03
2.929765886287625073e-08 1.125940073697938304e-02
2.939799331103678549e-08 5.867157296884404662e-03
2.949832775919732024e-08 6.015759027593754402e-03
2.959866220735785499e-08 5.837000092798394144e-03
2.969899665551838975e-08 6.680450969707919101e-03
2.979933110367892450e-08 4.801154248850823814e-03
2.989966555183946256e-08 7.062233816495369805e-03
2.999999999999999732e-08 1.074399045841628424e-02
