0.000000000000000000e+00 9.999999999999995559e-01
1.003344481605351029e-10 9.998984067941074638e-01
2.006688963210702059e-10 9.995937531850705993e-01
3.010033444816052959e-10 9.990864169350524016e-01
4.013377926421404118e-10 9.983770267692014810e-01
5.016722408026755277e-10 9.974664610605311621e-01
6.020066889632105918e-10 9.963558459938658407e-01
7.023411371237457594e-10 9.950465532139590730e-01
8.026755852842808236e-10 9.935401969642992936e-01
9.030100334448158877e-10 9.918386307245439237e-01
1.003344481605351055e-09 9.899439433558852031e-01
1.103678929765886223e-09 9.878584547650139935e-01
1.204013377926421184e-09 9.855847110986517556e-01
1.304347826086956351e-09 9.831254794819012099e-01
1.404682274247491519e-09 9.804837423148934361e-01
1.505016722408026480e-09 9.776626911433962119e-01
1.605351170568561647e-09 9.746657201201773812e-01
1.705685618729096815e-09 9.714964190749928452e-01
1.806020066889631775e-09 9.681585662120918423e-01
1.906354515050166943e-09 9.646561204550848645e-01
2.006688963210702111e-09 9.609932134599116216e-01
2.107023411371237278e-09 9.571741413174748025e-01
2.207357859531772446e-09 9.532033559682552282e-01
2.307692307692307200e-09 9.490854563519115494e-01
2.408026755852842367e-09 9.448251793154721634e-01
2.508361204013377535e-09 9.404273903042585925e-01
2.608695652173912702e-09 9.358970738601439798e-01
2.709030100334447870e-09 9.312393239521139510e-01
2.809364548494983038e-09 9.264593341644018487e-01
2.909698996655517792e-09 9.215623877676901721e-01
3.010033444816052959e-09 9.165538476989992800e-01
3.110367892976588127e-09 9.114391464759464823e-01
3.210702341137123294e-09 9.062237760710355472e-01
3.311036789297658462e-09 9.009132777715287421e-01
3.411371237458193629e-09 8.955132320502784404e-01
3.511705685618728797e-09 8.900292484726270992e-01
3.612040133779263551e-09 8.844669556641585606e-01
3.712374581939798719e-09 8.788319913636659653e-01
3.812709030100333886e-09 8.731299925852173960e-01
3.913043478260868640e-09 8.673665859126543642e-01
4.013377926421404221e-09 8.615473779492258677e-01
4.113712374581938975e-09 8.556779459443812907e-01
4.214046822742474556e-09 8.497638286189839185e-01
4.314381270903009310e-09 8.438105172094096940e-01
4.414715719063544892e-09 8.378234467501171068e-01
4.515050167224079646e-09 8.318079876133548378e-01
4.615384615384614399e-09 8.257694373237083330e-01
4.715719063545149981e-09 8.197130126641690717e-01
4.816053511705684735e-09 8.136438420893413737e-01
4.916387959866220316e-09 8.075669584603242246e-01
5.016722408026755070e-09 8.014872921146535267e-01
5.117056856187290651e-09 7.954096642835490893e-01
5.217391304347825405e-09 7.893387808675096373e-01
5.317725752508360159e-09 7.832792265801008513e-01
5.418060200668895740e-09 7.772354594685552120e-01
5.518394648829430494e-09 7.712118058185661873e-01
5.618729096989966075e-09 7.652124554494119657e-01
5.719063545150500829e-09 7.592414574043032660e-01
5.819397993311035583e-09 7.533027160395936450e-01
5.919732441471571164e-09 7.473999875152562700e-01
6.020066889632105918e-09 7.415368766877964424e-01
6.120401337792641499e-09 7.357168344055431408e-01
6.220735785953176253e-09 7.299431552050774652e-01
6.321070234113711835e-09 7.242189754063571572e-01
6.421404682274246589e-09 7.185472716029606133e-01
6.521739130434781343e-09 7.129308595427328310e-01
6.622073578595316924e-09 7.073723933930406993e-01
6.722408026755851678e-09 7.018743653837754559e-01
6.822742474916387259e-09 6.964391058202368257e-01
6.923076923076922013e-09 6.910687834570535815e-01
7.023411371237457594e-09 6.857654062233716763e-01
7.123745819397992348e-09 6.805308222886669034e-01
7.224080267558527102e-09 6.753667214577065980e-01
7.324414715719062683e-09 6.702746368824135104e-01
7.424749163879597437e-09 6.652559470776736594e-01
7.525083612040133018e-09 6.603118782274570719e-01
7.625418060200667772e-09 6.554435067670333348e-01
7.725752508361202526e-09 6.506517622265081124e-01
7.826086956521737280e-09 6.459374303204419299e-01
7.926421404682273689e-09 6.413011562678785360e-01
8.026755852842808442e-09 6.367434483267714329e-01
8.127090301003343196e-09 6.322646815264926223e-01
8.227424749163877950e-09 6.278651015818861314e-01
8.327759197324414359e-09 6.235448289721635673e-01
8.428093645484949113e-09 6.193038631678331463e-01
8.528428093645483867e-09 6.151420869888161169e-01
8.628762541806018621e-09 6.110592710769264801e-01
8.729096989966553375e-09 6.070550784659696220e-01
8.829431438127089783e-09 6.031290692328591385e-01
8.929765886287624537e-09 5.992807052133430901e-01
9.030100334448159291e-09 5.955093547661964859e-01
9.130434782608694045e-09 5.918142975700309005e-01
9.230769230769228799e-09 5.881947294372444901e-01
9.331103678929765207e-09 5.846497671300375787e-01
9.431438127090299961e-09 5.811784531638779505e-01
9.531772575250834715e-09 5.777797605843008055e-01
9.632107023411369469e-09 5.744525977034740105e-01
9.732441471571904223e-09 5.711958127835359278e-01
9.832775919732440632e-09 5.680081986543338290e-01
9.933110367892975386e-09 5.648884972538454896e-01
1.003344481605351014e-08 5.618354040802365779e-01
1.013377926421404489e-08 5.588475725452237697e-01
1.023411371237458130e-08 5.559236182191390485e-01
1.033444816053511606e-08 5.530621229588356114e-01
1.043478260869565081e-08 5.502616389103518468e-01
1.053511705685618556e-08 5.475206923790165714e-01
1.063545150501672032e-08 5.448377875604771825e-01
1.073578595317725673e-08 5.422114101269182029e-01
1.083612040133779148e-08 5.396400306635408262e-01
1.093645484949832623e-08 5.371221079511641072e-01
1.103678929765886099e-08 5.346560920916064719e-01
1.113712374581939574e-08 5.322404274732821516e-01
1.123745819397993215e-08 5.298735555752320803e-01
1.133779264214046690e-08 5.275539176085594084e-01
1.143812709030100166e-08 5.252799569949866410e-01
1.153846153846153641e-08 5.230501216829801514e-01
1.163879598662207117e-08 5.208628663025829386e-01
1.173913043478260757e-08 5.187166541607788339e-01
1.183946488294314233e-08 5.166099590798579611e-01
1.193979933110367708e-08 5.145412670818766410e-01
1.204013377926421184e-08 5.125090779228933524e-01
1.214046822742474824e-08 5.105119064812122520e-01
1.224080267558528300e-08 5.085482840043933361e-01
1.234113712374581775e-08 5.066167592202630576e-01
1.244147157190635251e-08 5.047158993176060759e-01
1.254180602006688726e-08 5.028442908026232727e-01
1.264214046822742367e-08 5.010005402375987682e-01
1.274247491638795842e-08 4.991832748685456345e-01
1.284280936454849318e-08 4.973911431488728940e-01
1.294314381270902793e-08 4.956228151663519266e-01
1.304347826086956269e-08 4.938769829808566381e-01
1.314381270903009909e-08 4.921523608804917460e-01
1.324414715719063385e-08 4.904476855638350563e-01
1.334448160535116860e-08 4.887617162560794482e-01
1.344481605351170336e-08 4.870932347668764373e-01
1.354515050167223811e-08 4.854410454976645917e-01
1.364548494983277452e-08 4.838039754062010145e-01
1.374581939799330927e-08 4.821808739359065843e-01
1.384615384615384403e-08 4.805706129175006946e-01
1.394648829431437878e-08 4.789720864502132192e-01
1.404682274247491519e-08 4.773842107696493198e-01
1.414715719063544994e-08 4.758059241091345815e-01
1.424749163879598470e-08 4.742361865610780769e-01
1.434782608695651945e-08 4.726739799445868750e-01
1.444816053511705420e-08 4.711183076852127338e-01
1.454849498327759061e-08 4.695681947123558353e-01
1.464882943143812537e-08 4.680226873794453013e-01
1.474916387959866012e-08 4.664808534116096639e-01
1.484949832775919487e-08 4.649417818851157569e-01
1.494983277591973128e-08 4.634045832424000810e-01
1.505016722408026604e-08 4.618683893460546752e-01
1.515050167224080079e-08 4.603323535746493000e-01
1.525083612040133554e-08 4.587956509627882928e-01
1.535117056856187030e-08 4.572574783873032400e-01
1.545150501672240505e-08 4.557170548009885636e-01
1.555183946488293981e-08 4.541736215147832434e-01
1.565217391304347456e-08 4.526264425288083482e-01
1.575250836120401262e-08 4.510748049121721670e-01
1.585284280936454738e-08 4.495180192309651268e-01
1.595317725752508213e-08 4.479554200233907268e-01
1.605351170568561688e-08 4.463863663205025478e-01
1.615384615384615164e-08 4.448102422105671416e-01
1.625418060200668639e-08 4.432264574446272976e-01
1.635451505016722115e-08 4.416344480804185180e-01
1.645484949832775590e-08 4.400336771613865827e-01
1.655518394648829065e-08 4.384236354271716651e-01
1.665551839464882872e-08 4.368038420515658604e-01
1.675585284280936347e-08 4.351738454036145898e-01
1.685618729096989823e-08 4.335332238272246452e-01
1.695652173913043298e-08 4.318815864343648614e-01
1.705685618729096773e-08 4.302185739066878289e-01
1.715719063545150249e-08 4.285438593001865137e-01
1.725752508361203724e-08 4.268571488473050235e-01
1.735785953177257200e-08 4.251581827507708300e-01
1.745819397993310675e-08 4.234467359632828609e-01
1.755852842809364150e-08 4.217226189471059983e-01
1.765886287625417957e-08 4.199856784075596816e-01
1.775919732441471432e-08 4.182357979943641668e-01
1.785953177257524907e-08 4.164728989648193158e-01
1.795986622073578383e-08 4.146969408028294279e-01
1.806020066889631858e-08 4.129079217878694474e-01
1.816053511705685334e-08 4.111058795080885231e-01
1.826086956521738809e-08 4.092908913118978864e-01
1.836120401337792284e-08 4.074630746925501645e-01
1.846153846153845760e-08 4.056225876004338482e-01
1.856187290969899566e-08 4.037696286780250721e-01
1.866220735785953041e-08 4.019044374127127561e-01
1.876254180602006517e-08 4.000272942029887702e-01
1.886287625418059992e-08 3.981385203338180245e-01
1.896321070234113468e-08 3.962384778573354027e-01
1.906354515050166943e-08 3.943275693753773847e-01
1.916387959866220418e-08 3.924062377207384045e-01
1.926421404682273894e-08 3.904749655344394998e-01
1.936454849498327369e-08 3.885342747367164229e-01
1.946488294314380845e-08 3.865847258898617578e-01
1.956521739130434651e-08 3.846269174515064004e-01
1.966555183946488126e-08 3.826614849173744504e-01
1.976588628762541602e-08 3.806890998530174652e-01
1.986622073578595077e-08 3.787104688144992126e-01
1.996655518394648553e-08 3.767263321584812807e-01
2.006688963210702028e-08 3.747374627426390270e-01
2.016722408026755503e-08 3.727446645178101314e-01
2.026755852842808979e-08 3.707487710137616355e-01
2.036789297658862454e-08 3.687506437209279175e-01
2.046822742474916260e-08 3.667511703709394055e-01
2.056856187290969736e-08 3.647512631192206811e-01
2.066889632107023211e-08 3.627518566333801653e-01
2.076923076923076687e-08 3.607539060915495588e-01
2.086956521739130162e-08 3.587583850952526521e-01
2.096989966555183637e-08 3.567662835017808565e-01
2.107023411371237113e-08 3.547786051814462160e-01
2.117056856187290588e-08 3.527963657054387081e-01
2.127090301003344064e-08 3.508205899703665809e-01
2.137123745819397539e-08 3.488523097658751682e-01
2.147157190635451345e-08 3.468925612920357726e-01
2.157190635451504821e-08 3.449423826334704901e-01
2.167224080267558296e-08 3.430028111974185445e-01
2.177257525083611771e-08 3.410748811231695266e-01
2.187290969899665247e-08 3.391596206704736716e-01
2.197324414715718722e-08 3.372580495946978507e-01
2.207357859531772198e-08 3.353711765166236813e-01
2.217391304347825673e-08 3.334999962948799745e-01
2.227424749163879148e-08 3.316454874090659644e-01
2.237458193979932955e-08 3.298086093616580117e-01
2.247491638795986430e-08 3.279903001067930313e-01
2.257525083612039905e-08 3.261914735139895272e-01
2.267558528428093381e-08 3.244130168748123877e-01
2.277591973244146856e-08 3.226557884603879489e-01
2.287625418060200332e-08 3.209206151375600391e-01
2.297658862876253807e-08 3.192082900513155685e-01
2.307692307692307282e-08 3.175195703809357561e-01
2.317725752508360758e-08 3.158551751771054295e-01
2.327759197324414233e-08 3.142157832869859058e-01
2.337792642140468040e-08 3.126020313739767409e-01
2.347826086956521515e-08 3.110145120386130224e-01
2.357859531772574990e-08 3.094537720467150921e-01
2.367892976588628466e-08 3.079203106705775128e-01
2.377926421404681941e-08 3.064145781486178888e-01
2.387959866220735417e-08 3.049369742685231754e-01
2.397993311036788892e-08 3.034878470785316029e-01
2.408026755852842367e-08 3.020674917310739449e-01
2.418060200668895843e-08 3.006761494625576070e-01
2.428093645484949649e-08 2.993140067126373594e-01
2.438127090301003124e-08 2.979811943858542422e-01
2.448160535117056600e-08 2.966777872580566022e-01
2.458193979933110075e-08 2.954038035295448728e-01
2.468227424749163551e-08 2.941592045263922151e-01
2.478260869565217026e-08 2.929438945509149073e-01
2.488294314381270501e-08 2.917577208817723200e-01
2.498327759197323977e-08 2.906004739236898171e-01
2.508361204013377452e-08 2.894718875063112540e-01
2.518394648829430928e-08 2.883716393312027448e-01
2.528428093645484734e-08 2.872993515655516417e-01
2.538461538461538209e-08 2.862545915806350982e-01
2.548494983277591685e-08 2.852368728326678537e-01
2.558528428093645160e-08 2.842456558831908953e-01
2.568561872909698635e-08 2.832803495557206785e-01
2.578595317725752111e-08 2.823403122249565911e-01
2.588628762541805586e-08 2.814248532344333364e-01
2.598662207357859062e-08 2.805332344381128995e-01
2.608695652173912537e-08 2.796646718610387161e-01
2.618729096989966343e-08 2.788183374738186227e-01
2.628762541806019819e-08 2.779933610753710926e-01
2.638795986622073294e-08 2.771888322780585723e-01
2.648829431438126769e-08 2.764038025890439010e-01
2.658862876254180245e-08 2.756372875814406820e-01
2.668896321070233720e-08 2.748882691485917129e-01
2.678929765886287196e-08 2.741556978345932039e-01
2.688963210702340671e-08 2.734384952339972141e-01
2.698996655518394146e-08 2.727355564534632570e-01
2.709030100334447622e-08 2.720457526279941862e-01
2.719063545150501428e-08 2.713679334842878932e-01
2.729096989966554904e-08 2.707009299436530236e-01
2.739130434782608379e-08 2.700435567568869599e-01
2.749163879598661854e-08 2.693946151634890596e-01
2.759197324414715330e-08 2.687528955675812514e-01
2.769230769230768805e-08 2.681171802229418977e-01
2.779264214046822281e-08 2.674862459196062914e-01
2.789297658862875756e-08 2.668588666645758667e-01
2.799331103678929231e-08 2.662338163492757870e-01
2.809364548494983038e-08 2.656098713965379665e-01
2.819397993311036513e-08 2.649858133800341298e-01
2.829431438127089988e-08 2.643604316092640349e-01
2.839464882943143464e-08 2.637325256733995538e-01
2.849498327759196939e-08 2.631009079375066229e-01
2.859531772575250415e-08 2.624644059849015609e-01
2.869565217391303890e-08 2.618218649996597591e-01
2.879598662207357365e-08 2.611721500835635923e-01
2.889632107023410841e-08 2.605141485020709968e-01
2.899665551839464316e-08 2.598467718541853100e-01
2.909698996655518122e-08 2.591689581614273763e-01
2.919732441471571598e-08 2.584796738714401632e-01
2.929765886287625073e-08 2.577779157720910819e-01
2.939799331103678549e-08 2.570627128122889293e-01
2.949832775919732024e-08 2.563331278260856938e-01
2.959866220735785499e-08 2.555882591569936246e-01
2.969899665551838975e-08 2.548272421798127296e-01
2.979933110367892450e-08 2.540492507176317361e-01
2.989966555183946256e-08 2.532534983520351446e-01
2.999999999999999732e-08 2.524392396249142689e-01
