0.000000000000000000e+00 9.999999999999995559e-01
1.003344481605351029e-10 5.956433175797444003e-03
2.006688963210702059e-10 1.328995592288382058e-02
3.010033444816052959e-10 7.918515317329602801e-03
4.013377926421404118e-10 4.819769134779307296e-03
5.016722408026755277e-10 1.030668418310269965e-02
6.020066889632105918e-10 1.065865864789464212e-02
7.023411371237457594e-10 4.965220611331023354e-03
8.026755852842808236e-10 8.467279538357451799e-03
9.030100334448158877e-10 9.382740116968006985e-03
1.003344481605351055e-09 5.814983722553265615e-03
1.103678929765886223e-09 1.178592444432072922e-02
1.204013377926421184e-09 5.114712636444254494e-03
1.304347826086956351e-09 -2.240490366893585755e-03
1.404682274247491519e-09 1.238464915783513143e-02
1.505016722408026480e-09 9.596126250344850714e-03
1.605351170568561647e-09 1.103155201228619639e-02
1.705685618729096815e-09 1.267795700770278991e-02
1.806020066889631775e-09 9.564407377818707340e-03
1.906354515050166943e-09 6.224469944222358990e-03
2.006688963210702111e-09 1.373959433750415911e-02
2.107023411371237278e-09 5.505273180638736372e-03
2.207357859531772446e-09 3.604904282997212391e-03
2.307692307692307200e-09 8.015597934006513797e-03
2.408026755852842367e-09 1.034207387437874326e-02
2.508361204013377535e-09 2.997056205243120788e-03
2.608695652173912702e-09 1.057353059364291373e-02
2.709030100334447870e-09 6.837706252879881784e-03
2.809364548494983038e-09 1.120888903465180018e-02
2.909698996655517792e-09 9.719639533312080665e-03
3.010033444816052959e-09 5.533613908827627464e-03
3.110367892976588127e-09 8.158783857294722372e-03
3.210702341137123294e-09 7.161870560174092744e-03
3.311036789297658462e-09 1.248027604237335851e-02
3.411371237458193629e-09 1.176249859539500557e-02
3.511705685618728797e-09 2.514917466386581459e-03
3.612040133779263551e-09 3.439767997100678758e-03
3.712374581939798719e-09 9.896189149937565516e-03
3.812709030100333886e-09 8.703503565995996186e-03
3.913043478260868640e-09 8.184530727168458017e-03
4.013377926421404221e-09 3.435479773519975032e-03
4.113712374581938975e-09 9.689550326788186688e-03
4.214046822742474556e-09 1.017008010919756046e-02
4.314381270903009310e-09 8.964036778300184596e-03
4.414715719063544892e-09 1.363382177224304291e-02
4.515050167224079646e-09 5.629950044842584392e-03
4.615384615384614399e-09 9.382934309327722183e-03
4.715719063545149981e-09 9.389286298098173042e-03
4.816053511705684735e-09 1.207208710101248007e-02
4.916387959866220316e-09 5.002379815163784937e-03
5.016722408026755070e-09 7.760784421679963255e-03
5.117056856187290651e-09 3.867359385175408396e-03
5.217391304347825405e-09 9.533957227126077516e-03
5.317725752508360159e-09 7.539605630946681625e-03
5.418060200668895740e-09 1.081330459995563653e-02
5.518394648829430494e-09 5.713597190427736894e-03
5.618729096989966075e-09 4.079698636103685008e-03
5.719063545150500829e-09 7.528745759166116571e-04
5.819397993311035583e-09 1.089094940606634768e-02
5.919732441471571164e-09 1.051516843533822909e-02
6.020066889632105918e-09 7.470667181539474705e-03
6.120401337792641499e-09 8.549825761530460699e-03
6.220735785953176253e-09 3.746690206658200972e-03
6.321070234113711835e-09 4.750959355511381529e-03
6.421404682274246589e-09 9.509286042044210602e-03
6.521739130434781343e-09 9.352051615864349216e-03
6.622073578595316924e-09 7.897659743365712318e-03
6.722408026755851678e-09 1.115789453387599356e-02
6.822742474916387259e-09 2.466729691941436844e-03
6.923076923076922013e-09 2.043928896587711604e-03
7.023411371237457594e-09 8.874865171197001898e-03
7.123745819397992348e-09 5.868291451437724314e-03
7.224080267558527102e-09 3.221120529178523109e-03
7.324414715719062683e-09 9.304903389257778573e-03
7.424749163879597437e-09 2.131001646945153254e-05
7.525083612040133018e-09 1.168247062064849476e-02
7.625418060200667772e-09 8.186753867298432463e-03
7.725752508361202526e-09 1.100956383740008503e-02
7.826086956521737280e-09 7.066939109186666165e-03
7.926421404682273689e-09 6.637900706030708253e-03
8.026755852842808442e-09 8.169145210491319739e-03
8.127090301003343196e-09 3.256113810749105587e-03
8.227424749163877950e-09 1.004531060903457798e-02
8.327759197324414359e-09 1.094945644676294239e-02
8.428093645484949113e-09 4.564589370531113577e-03
8.528428093645483867e-09 7.109955819359792956e-03
8.628762541806018621e-09 1.735720305111082291e-03
8.729096989966553375e-09 7.334446648351924773e-03
8.829431438127089783e-09 1.199751171501181948e-02
8.929765886287624537e-09 1.029584793639673826e-02
9.030100334448159291e-09 8.598562831699881406e-03
9.130434782608694045e-09 7.453272139179765304e-03
9.230769230769228799e-09 1.154186048258969317e-02
9.331103678929765207e-09 1.244553454122161208e-02
9.431438127090299961e-09 8.880338441518162082e-03
9.531772575250834715e-09 6.700120409181561411e-03
9.632107023411369469e-09 9.695763947812165162e-03
9.732441471571904223e-09 1.061375362557554457e-02
9.832775919732440632e-09 8.361303631205796449e-03
9.933110367892975386e-09 1.291460679132040712e-02
1.003344481605351014e-08 8.068749285011434652e-03
1.013377926421404489e-08 1.156392217863015312e-02
1.023411371237458130e-08 4.432424599751833179e-03
1.033444816053511606e-08 2.828038054745915866e-03
1.043478260869565081e-08 6.140777721827176197e-03
1.053511705685618556e-08 5.934451889609775911e-03
1.063545150501672032e-08 5.590143818607284931e-03
1.073578595317725673e-08 8.773624482711227593e-03
1.083612040133779148e-08 7.492467562579693818e-03
1.093645484949832623e-08 1.605255579581374740e-03
1.103678929765886099e-08 9.910150277739964222e-03
1.113712374581939574e-08 5.624587663164658073e-03
1.123745819397993215e-08 7.631716375355126515e-03
1.133779264214046690e-08 -3.518315714593123113e-04
1.143812709030100166e-08 1.285660679289451396e-03
1.153846153846153641e-08 9.246278920994638328e-03
1.163879598662207117e-08 1.431819063095673972e-02
1.173913043478260757e-08 1.054816682479246641e-02
1.183946488294314233e-08 8.560524776915974174e-03
1.193979933110367708e-08 8.072233051331702616e-03
1.204013377926421184e-08 8.136269976472300380e-03
1.214046822742474824e-08 1.013074440918539446e-02
1.224080267558528300e-08 5.483320762798232426e-03
1.234113712374581775e-08 1.107307280848426889e-02
1.244147157190635251e-08 1.019520656511014450e-02
1.254180602006688726e-08 -1.735525190120861786e-04
1.264214046822742367e-08 2.878805434545494979e-03
1.274247491638795842e-08 2.892487830866943832e-03
1.284280936454849318e-08 1.459486467714115124e-02
1.294314381270902793e-08 5.307681154796876563e-03
1.304347826086956269e-08 8.320581830323985420e-03
1.314381270903009909e-08 3.700200843208001529e-03
1.324414715719063385e-08 6.229925855483313402e-03
1.334448160535116860e-08 7.747283572873272031e-03
1.344481605351170336e-08 4.142774553156794784e-03
1.354515050167223811e-08 9.242386941801529129e-03
1.364548494983277452e-08 3.900251289868024961e-03
1.374581939799330927e-08 8.095921543876888685e-03
1.384615384615384403e-08 8.174510781982490329e-03
1.394648829431437878e-08 7.445075145761601357e-03
1.404682274247491519e-08 5.204594154988729203e-03
1.414715719063544994e-08 6.371807007717252350e-03
1.424749163879598470e-08 3.331953960540684229e-03
1.434782608695651945e-08 1.413212202206787574e-02
1.444816053511705420e-08 1.714132177537362051e-02
1.454849498327759061e-08 4.906649359492165977e-03
1.464882943143812537e-08 6.550176944669511454e-03
1.474916387959866012e-08 1.684375058069301646e-03
1.484949832775919487e-08 5.859377056451458773e-03
1.494983277591973128e-08 9.809520792689967877e-03
1.505016722408026604e-08 3.692057047028125209e-03
1.515050167224080079e-08 8.010334858944534453e-03
1.525083612040133554e-08 1.307605388774292325e-02
1.535117056856187030e-08 4.462154119516203651e-03
1.545150501672240505e-08 8.716917425018099949e-03
1.555183946488293981e-08 6.098710724335866702e-03
1.565217391304347456e-08 7.622097022281449676e-03
1.575250836120401262e-08 4.698365308791408596e-03
1.585284280936454738e-08 1.026625071211956577e-02
1.595317725752508213e-08 1.167801039971689755e-02
1.605351170568561688e-08 7.831744534993927490e-03
1.615384615384615164e-08 3.156962789604409771e-03
1.625418060200668639e-08 -9.843756299330226351e-04
1.635451505016722115e-08 6.114158283033102777e-03
1.645484949832775590e-08 7.869681371577012113e-03
1.655518394648829065e-08 8.242327435695532417e-03
1.665551839464882872e-08 2.793733705472759704e-03
1.675585284280936347e-08 2.901759046260317474e-03
1.685618729096989823e-08 -1.718188835281628203e-03
1.695652173913043298e-08 5.958106960583050941e-03
1.705685618729096773e-08 6.764813359439020811e-03
1.715719063545150249e-08 5.315648056034329161e-03
1.725752508361203724e-08 5.519463044186068493e-03
1.735785953177257200e-08 4.577418627182817598e-03
1.745819397993310675e-08 1.155507617649677646e-02
1.755852842809364150e-08 6.116447099777254717e-03
1.765886287625417957e-08 5.953474556394068237e-03
1.775919732441471432e-08 1.334116209952473930e-02
1.785953177257524907e-08 5.791978726557565123e-04
1.795986622073578383e-08 5.880024676727793782e-03
1.806020066889631858e-08 7.432799076846534694e-03
1.816053511705685334e-08 2.513905375340248771e-03
1.826086956521738809e-08 5.794435622598661552e-03
1.836120401337792284e-08 1.482168051793678141e-03
1.846153846153845760e-08 4.208081920565340337e-06
1.856187290969899566e-08 3.256010541063494076e-03
1.866220735785953041e-08 1.254536622613510247e-02
1.876254180602006517e-08 1.117813832189291055e-02
1.886287625418059992e-08 8.477893492965222697e-03
1.896321070234113468e-08 9.647347219186246103e-03
1.906354515050166943e-08 5.500805777374369841e-03
1.916387959866220418e-08 1.182022877687560238e-02
1.926421404682273894e-08 8.941182765375909128e-03
1.936454849498327369e-08 9.247218214607704628e-03
1.946488294314380845e-08 8.437766667945293883e-03
1.956521739130434651e-08 1.171076836972067409e-02
1.966555183946488126e-08 1.186808742968895394e-02
1.976588628762541602e-08 1.418827438659450669e-03
1.986622073578595077e-08 1.998716522152735754e-03
1.996655518394648553e-08 8.558194022343432530e-03
2.006688963210702028e-08 1.036196143100457170e-02
2.016722408026755503e-08 2.291962400646331468e-03
2.026755852842808979e-08 6.900230618668507301e-03
2.036789297658862454e-08 6.483679874881890896e-03
2.046822742474916260e-08 1.498523333257291250e-02
2.056856187290969736e-08 9.181568750195562983e-03
2.066889632107023211e-08 9.460376842462023261e-03
2.076923076923076687e-08 7.001212277846311643e-03
2.086956521739130162e-08 6.487827318935227017e-03
2.096989966555183637e-08 7.671423787517629364e-03
2.107023411371237113e-08 1.376866868870418696e-02
2.117056856187290588e-08 6.898175093685445999e-03
2.127090301003344064e-08 7.409787636438945092e-03
2.137123745819397539e-08 9.235520698520360144e-03
2.147157190635451345e-08 5.791715126040956549e-03
2.157190635451504821e-08 1.107531621742724633e-02
2.167224080267558296e-08 6.267524816635915152e-03
2.177257525083611771e-08 9.165025457007524093e-03
2.187290969899665247e-08 5.849324473052422250e-03
2.197324414715718722e-08 7.453081233981010204e-03
2.207357859531772198e-08 7.775222315455295602e-03
2.217391304347825673e-08 1.001499856471438354e-02
2.227424749163879148e-08 1.160742107124108392e-02
2.237458193979932955e-08 4.799487797106673052e-03
2.247491638795986430e-08 1.496369516255651941e-02
2.257525083612039905e-08 1.098816128718243558e-02
2.267558528428093381e-08 5.238224694177015875e-03
2.277591973244146856e-08 6.487705911034018919e-03
2.287625418060200332e-08 8.901619885665790211e-03
2.297658862876253807e-08 1.137674345772574439e-02
2.307692307692307282e-08 1.040634864886474421e-02
2.317725752508360758e-08 1.347048146138673380e-02
2.327759197324414233e-08 6.762669104311037904e-03
2.337792642140468040e-08 7.285199947743013424e-03
2.347826086956521515e-08 9.637240253900154416e-03
2.357859531772574990e-08 6.913232321642307464e-03
2.367892976588628466e-08 6.512554620216979596e-03
2.377926421404681941e-08 1.430635033794792378e-02
2.387959866220735417e-08 1.126284420712491720e-02
2.397993311036788892e-08 4.678022561290269901e-03
2.408026755852842367e-08 8.426511855113982472e-03
2.418060200668895843e-08 9.055261484517081183e-03
2.428093645484949649e-08 5.444991668671034929e-03
2.438127090301003124e-08 4.867526186149207651e-03
2.448160535117056600e-08 6.297831628758587125e-03
2.458193979933110075e-08 3.351677218009415163e-03
2.468227424749163551e-08 1.023571647567783280e-02
2.478260869565217026e-08 5.902790739441925866e-03
2.488294314381270501e-08 7.164688423180161705e-03
2.498327759197323977e-08 1.065379319600686173e-02
2.508361204013377452e-08 1.352165677542204771e-02
2.518394648829430928e-08 1.402575322011852081e-02
2.528428093645484734e-08 9.320535047855805708e-03
2.538461538461538209e-08 5.653705604196195868e-03
2.548494983277591685e-08 9.414665366435400265e-03
2.558528428093645160e-08 5.950881845008941171e-03
2.568561872909698635e-08 2.422156608734655093e-03
2.578595317725752111e-08 9.476634744726009432e-03
2.588628762541805586e-08 5.800400143341871186e-03
2.598662207357859062e-08 5.594515586030127628e-03
2.608695652173912537e-08 7.303862547413803030e-03
2.618729096989966343e-08 4.919457568828299043e-03
2.628762541806019819e-08 5.137812621387933577e-03
2.638795986622073294e-08 9.803103882277154624e-03
2.648829431438126769e-08 6.878391301237342555e-03
2.658862876254180245e-08 1.389259062226038538e-02
2.668896321070233720e-08 1.164328067046019669e-02
2.678929765886287196e-08 3.747890089743473752e-03
2.688963210702340671e-08 6.103624365234736754e-03
2.698996655518394146e-08 6.295104896338873934e-03
2.709030100334447622e-08 1.020321293907082080e-02
2.719063545150501428e-08 8.640778351827062276e-03
2.729096989966554904e-08 9.646070647726974132e-03
2.739130434782608379e-08 4.156224297126141429e-03
2.749163879598661854e-08 9.318759037851585825e-03
2.759197324414715330e-08 3.712882415161843953e-03
2.769230769230768805e-08 8.860754810622824273e-03
2.779264214046822281e-08 9.813581775294519596e-03
2.789297658862875756e-08 1.106378651782362332e-02
2.799331103678929231e-08 2.577191749777982266e-03
2.809364548494983038e-08 1.292232417803906332e-02
2.819397993311036513e-08 7.725820577798038144e-03
2.829431438127089988e-08 9.967082286647596656e-03
2.839464882943143464e-08 1.163948417729513025e-02
2.849498327759196939e-08 5.877370259667117486e-03
2.859531772575250415e-08 9.002633939989328898e-03
2.869565217391303890e-08 3.124453615195441590e-03
2.879598662207357365e-08 1.074321074886448908e-02
2.889632107023410841e-08 3.089277136444678554e-03
2.899665551839464316e-08 9.205860460727393474e-03
2.909698996655518122e-08 6.597599285666033361e-03
2.919732441471571598e-08 6.437795369110165672e-03
2.929765886287625073e-08 4.256118071338963957e-03
2.939799331103678549e-08 3.280508749001128602e-03
2.949832775919732024e-08 1.121480749827256929e-02
2.959866220735785499e-08 1.230934513226030445e-02
2.969899665551838975e-08 7.415935307817874723e-03
2.979933110367892450e-08 5.972249226506552017e-03
2.989966555183946256e-08 1.236853693204858703e-02
2.999999999999999732e-08 8.960521249382192785e-03
