0.000000000000000000e+00 9.999999999999995559e-01
1.003344481605351029e-10 5.674694167942473388e-01
2.006688963210702059e-10 3.819870055054044866e-01
3.010033444816052959e-10 2.559525942432429035e-01
4.013377926421404118e-10 1.149702398755242799e-01
5.016722408026755277e-10 5.839942390074624734e-02
6.020066889632105918e-10 2.323196260340010255e-02
7.023411371237457594e-10 -2.021987463331782059e-02
8.026755852842808236e-10 -1.269589120196664214e-02
9.030100334448158877e-10 -6.084072422429374731e-03
1.003344481605351055e-09 -8.695718155575113406e-03
1.103678929765886223e-09 8.311042080946301133e-03
1.204013377926421184e-09 2.299397719054181374e-02
1.304347826086956351e-09 1.828473218688160887e-02
1.404682274247491519e-09 1.789022493809910158e-02
1.505016722408026480e-09 2.554643184888345103e-02
1.605351170568561647e-09 1.921012313797153259e-02
1.705685618729096815e-09 1.857405820718685194e-02
1.806020066889631775e-09 2.696386727034962710e-02
1.906354515050166943e-09 3.164100296949805269e-02
2.006688963210702111e-09 3.172490421842216746e-02
2.107023411371237278e-09 3.373235445644301445e-02
2.207357859531772446e-09 3.021832837027325219e-02
2.307692307692307200e-09 2.162425080938943506e-02
2.408026755852842367e-09 1.947106997435180467e-02
2.508361204013377535e-09 7.503964583819560524e-03
2.608695652173912702e-09 -6.412487269192568978e-03
2.709030100334447870e-09 -7.246179322041573258e-03
2.809364548494983038e-09 -9.884373295721674696e-03
2.909698996655517792e-09 -6.711511749613445835e-03
3.010033444816052959e-09 5.908039115223815210e-03
3.110367892976588127e-09 8.235271221617502732e-03
3.210702341137123294e-09 8.415966736749824761e-03
3.311036789297658462e-09 6.444122051190089538e-03
3.411371237458193629e-09 7.708479451089064391e-03
3.511705685618728797e-09 3.217972791418710447e-03
3.612040133779263551e-09 4.164292581692131089e-03
3.712374581939798719e-09 1.348881961440299461e-02
3.812709030100333886e-09 1.237210060039904171e-02
3.913043478260868640e-09 1.079637100376302020e-02
4.013377926421404221e-09 1.398030052629416903e-02
4.113712374581938975e-09 9.888266911531226958e-03
4.214046822742474556e-09 1.111185884150461996e-02
4.314381270903009310e-09 4.632912936530266847e-03
4.414715719063544892e-09 2.137544580531672983e-03
4.515050167224079646e-09 1.444459207241300443e-03
4.615384615384614399e-09 -5.482820082389323023e-04
4.715719063545149981e-09 3.133445221239791571e-04
4.816053511705684735e-09 1.063376590715596655e-03
4.916387959866220316e-09 1.356470744400717528e-03
5.016722408026755070e-09 -5.488084975199390052e-04
5.117056856187290651e-09 -3.552011419885993480e-04
5.217391304347825405e-09 5.381459325695761922e-03
5.317725752508360159e-09 7.265386603883334377e-03
5.418060200668895740e-09 9.610297352860855402e-03
5.518394648829430494e-09 1.254185739151569834e-02
5.618729096989966075e-09 1.231519067315262582e-02
5.719063545150500829e-09 1.139104721940600168e-02
5.819397993311035583e-09 1.468640881704747977e-02
5.919732441471571164e-09 1.372086354408523848e-02
6.020066889632105918e-09 1.245148042288069488e-02
6.120401337792641499e-09 1.468290490434488380e-02
6.220735785953176253e-09 1.205111217480454855e-02
6.321070234113711835e-09 4.943240089844421620e-03
6.421404682274246589e-09 7.241425841873098262e-03
6.521739130434781343e-09 2.130354009873514868e-03
6.622073578595316924e-09 -9.040174081198161689e-04
6.722408026755851678e-09 -1.683207660864221786e-04
6.822742474916387259e-09 -1.239608434171053175e-03
6.923076923076922013e-09 -6.239601066628740721e-04
7.023411371237457594e-09 6.460319424197867762e-03
7.123745819397992348e-09 7.785301113145181272e-03
7.224080267558527102e-09 6.865431318497660501e-03
7.324414715719062683e-09 3.584422412099985515e-03
7.424749163879597437e-09 9.160840781641817199e-03
7.525083612040133018e-09 1.661245862602252210e-02
7.625418060200667772e-09 8.685435662442538354e-03
7.725752508361202526e-09 1.420137496983413759e-02
7.826086956521737280e-09 8.264835695120950274e-03
7.926421404682273689e-09 3.901135424007298041e-03
8.026755852842808442e-09 2.770774414453832952e-03
8.127090301003343196e-09 8.113224911463153693e-03
8.227424749163877950e-09 5.732831634952960734e-03
8.327759197324414359e-09 3.688467319008308879e-03
8.428093645484949113e-09 5.600532171903763005e-03
8.528428093645483867e-09 2.214554525730415453e-03
8.628762541806018621e-09 -2.428146785444620969e-04
8.729096989966553375e-09 4.424871563900349518e-03
8.829431438127089783e-09 7.555506832647473567e-03
8.929765886287624537e-09 1.425384163244099861e-02
9.030100334448159291e-09 1.109075470955350404e-03
9.130434782608694045e-09 5.582244950335412889e-03
9.230769230769228799e-09 3.408415973064888790e-03
9.331103678929765207e-09 5.611993932847553559e-03
9.431438127090299961e-09 5.151934881602715684e-03
9.531772575250834715e-09 8.603921569048600393e-03
9.632107023411369469e-09 9.231287168087963166e-03
9.732441471571904223e-09 3.869477615180655621e-03
9.832775919732440632e-09 7.232775606476478727e-03
9.933110367892975386e-09 1.141575437013337552e-02
1.003344481605351014e-08 8.580987622608367629e-03
1.013377926421404489e-08 6.765039202899274240e-03
1.023411371237458130e-08 6.128868780401429232e-03
1.033444816053511606e-08 3.850404269284936343e-03
1.043478260869565081e-08 6.102183295904918363e-03
1.053511705685618556e-08 6.967354167386908409e-03
1.063545150501672032e-08 8.882061222285818347e-03
1.073578595317725673e-08 4.266514397859567237e-03
1.083612040133779148e-08 3.328010310007304285e-03
1.093645484949832623e-08 3.755299266737049686e-03
1.103678929765886099e-08 -1.723341100496035517e-04
1.113712374581939574e-08 2.162073537081368345e-04
1.123745819397993215e-08 -3.142343245913581731e-05
1.133779264214046690e-08 3.342672594247485078e-03
1.143812709030100166e-08 6.295630580920239840e-03
1.153846153846153641e-08 8.126305209052548176e-03
1.163879598662207117e-08 1.078596920092264252e-02
1.173913043478260757e-08 1.233111110499250998e-02
1.183946488294314233e-08 8.193349039014830373e-03
1.193979933110367708e-08 5.487813163630279704e-03
1.204013377926421184e-08 6.315593822512797009e-03
1.214046822742474824e-08 1.091237935870540202e-02
1.224080267558528300e-08 3.655612236273521071e-03
1.234113712374581775e-08 4.835581620024261354e-03
1.244147157190635251e-08 5.311802327645351839e-03
1.254180602006688726e-08 -2.542056055080333852e-04
1.264214046822742367e-08 5.521885600317813503e-03
1.274247491638795842e-08 4.021511643543433136e-03
1.284280936454849318e-08 1.027135635484906738e-02
1.294314381270902793e-08 1.979423871922813584e-03
1.304347826086956269e-08 4.894893235225337459e-03
1.314381270903009909e-08 5.731698187703723572e-03
1.324414715719063385e-08 6.953820340252545203e-03
1.334448160535116860e-08 1.046918212920431267e-02
1.344481605351170336e-08 1.135111403995473812e-02
1.354515050167223811e-08 1.457179620207766160e-02
1.364548494983277452e-08 1.612618648010628875e-02
1.374581939799330927e-08 7.304377712609211142e-03
1.384615384615384403e-08 9.446775486395381574e-03
1.394648829431437878e-08 7.420718529033060173e-03
1.404682274247491519e-08 6.636799798200447228e-03
1.414715719063544994e-08 1.087263026516865384e-02
1.424749163879598470e-08 4.267146462654546057e-03
1.434782608695651945e-08 7.720182587186461692e-03
1.444816053511705420e-08 6.587895203791169565e-03
1.454849498327759061e-08 9.208379220679543259e-03
1.464882943143812537e-08 1.093800164170113075e-02
1.474916387959866012e-08 1.160841941605631616e-02
1.484949832775919487e-08 7.606284716553985900e-03
1.494983277591973128e-08 7.898434188524343022e-03
1.505016722408026604e-08 6.851994081328742492e-03
1.515050167224080079e-08 1.084789346633698026e-02
1.525083612040133554e-08 9.438675054091672650e-03
1.535117056856187030e-08 7.488968687932797894e-03
1.545150501672240505e-08 6.996974440975294897e-03
1.555183946488293981e-08 7.247243801795107306e-03
1.565217391304347456e-08 1.045526992158237085e-02
1.575250836120401262e-08 7.948327854592289118e-03
1.585284280936454738e-08 9.959774172514972157e-03
1.595317725752508213e-08 5.184660791305838352e-03
1.605351170568561688e-08 9.915734758651918029e-03
1.615384615384615164e-08 1.539711759313767709e-03
1.625418060200668639e-08 4.665689425250620949e-03
1.635451505016722115e-08 -3.452067676317494699e-03
1.645484949832775590e-08 -2.513115172968946685e-03
1.655518394648829065e-08 1.851698003981971366e-03
1.665551839464882872e-08 4.682441471673304441e-03
1.675585284280936347e-08 3.054450475043025102e-03
1.685618729096989823e-08 9.688679201284869369e-03
1.695652173913043298e-08 7.039528855103429662e-03
1.705685618729096773e-08 1.211071308759196531e-02
1.715719063545150249e-08 7.952037241032633430e-03
1.725752508361203724e-08 6.331396781030604326e-03
1.735785953177257200e-08 8.265539571551258277e-03
1.745819397993310675e-08 1.191985823279060816e-02
1.755852842809364150e-08 8.425121917392686816e-03
1.765886287625417957e-08 1.023046180648442410e-02
1.775919732441471432e-08 6.149482691187897233e-03
1.785953177257524907e-08 7.026254902660242566e-03
1.795986622073578383e-08 1.093918502814052174e-02
1.806020066889631858e-08 9.141020388890244361e-03
1.816053511705685334e-08 6.496897254563040527e-03
1.826086956521738809e-08 4.269671197139311876e-03
1.836120401337792284e-08 6.160296333231783314e-03
1.846153846153845760e-08 8.557780488795399196e-03
1.856187290969899566e-08 8.695733281467525264e-03
1.866220735785953041e-08 8.892251509906771642e-03
1.876254180602006517e-08 1.143210855692319665e-02
1.886287625418059992e-08 6.518651184318702101e-03
1.896321070234113468e-08 9.582765435959693726e-03
1.906354515050166943e-08 8.108601588748320932e-03
1.916387959866220418e-08 9.512585281928919931e-03
1.926421404682273894e-08 3.809628460111453511e-03
1.936454849498327369e-08 2.608235173328429281e-03
1.946488294314380845e-08 6.169398069625272110e-03
1.956521739130434651e-08 5.643562162627146529e-03
1.966555183946488126e-08 6.572540655347897456e-03
1.976588628762541602e-08 7.239627028131681227e-03
1.986622073578595077e-08 6.177277647886437323e-03
1.996655518394648553e-08 5.706876134641061804e-03
2.006688963210702028e-08 6.031556086131081851e-03
2.016722408026755503e-08 7.888102981496820584e-03
2.026755852842808979e-08 7.317686452808312876e-03
2.036789297658862454e-08 1.366401161712392509e-02
2.046822742474916260e-08 1.316569550511080544e-02
2.056856187290969736e-08 1.102783907707126018e-02
2.066889632107023211e-08 8.550029791223460671e-03
2.076923076923076687e-08 7.253696725068752883e-03
2.086956521739130162e-08 1.225833793590672821e-02
2.096989966555183637e-08 1.617985968276258388e-02
2.107023411371237113e-08 1.461250726499020193e-02
2.117056856187290588e-08 1.603515124267946082e-02
2.127090301003344064e-08 1.316132655970507145e-02
2.137123745819397539e-08 1.171859521789798790e-02
2.147157190635451345e-08 5.626545169974505115e-03
2.157190635451504821e-08 4.307854995338780864e-03
2.167224080267558296e-08 4.475938843610559499e-03
2.177257525083611771e-08 9.567689260907867241e-03
2.187290969899665247e-08 1.062099915373691285e-02
2.197324414715718722e-08 7.722394815137290612e-03
2.207357859531772198e-08 9.113633135523657725e-03
2.217391304347825673e-08 8.604426679087550170e-03
2.227424749163879148e-08 5.552938852387611333e-03
2.237458193979932955e-08 -4.320718325727341885e-04
2.247491638795986430e-08 3.129055795968766103e-04
2.257525083612039905e-08 -2.402843898172199368e-03
2.267558528428093381e-08 -5.453826882050905349e-04
2.277591973244146856e-08 3.847706838139139905e-03
2.287625418060200332e-08 9.549589148292328758e-04
2.297658862876253807e-08 1.185673550107367753e-02
2.307692307692307282e-08 1.042074317357409574e-02
2.317725752508360758e-08 5.989908097110771198e-03
2.327759197324414233e-08 1.032219470858667873e-02
2.337792642140468040e-08 5.617751250191343158e-03
2.347826086956521515e-08 3.588375354236944016e-04
2.357859531772574990e-08 3.421746193263789336e-03
2.367892976588628466e-08 6.074699612759661832e-03
2.377926421404681941e-08 -3.988614067112948255e-04
2.387959866220735417e-08 6.865142439709270156e-03
2.397993311036788892e-08 -4.711713594112310749e-05
2.408026755852842367e-08 3.833191125972238832e-03
2.418060200668895843e-08 8.295416042075650156e-03
2.428093645484949649e-08 7.720217478856042197e-03
2.438127090301003124e-08 7.867054248250574672e-03
2.448160535117056600e-08 8.696300421805705505e-03
2.458193979933110075e-08 1.231881022178657643e-02
2.468227424749163551e-08 1.142845925014706644e-02
2.478260869565217026e-08 1.476689965686118003e-02
2.488294314381270501e-08 1.132645750611819234e-02
2.498327759197323977e-08 8.679343669481719148e-03
2.508361204013377452e-08 9.709220855770053088e-03
2.518394648829430928e-08 4.228951284260049417e-03
2.528428093645484734e-08 5.275661434157599694e-03
2.538461538461538209e-08 2.731644668040556553e-03
2.548494983277591685e-08 3.270651305791599361e-03
2.558528428093645160e-08 1.153291373638190348e-03
2.568561872909698635e-08 5.202731514424111317e-03
2.578595317725752111e-08 1.258269214780132709e-03
2.588628762541805586e-08 2.057888792874519417e-03
2.598662207357859062e-08 4.907833116372366938e-03
2.608695652173912537e-08 4.593702570877269790e-03
2.618729096989966343e-08 5.060056984122756653e-03
2.628762541806019819e-08 6.941714704323352983e-03
2.638795986622073294e-08 5.494849692537951032e-03
2.648829431438126769e-08 4.988994288235078234e-03
2.658862876254180245e-08 3.789321827832767189e-03
2.668896321070233720e-08 9.714885883633242458e-03
2.678929765886287196e-08 1.225367287951493328e-02
2.688963210702340671e-08 1.148246112947611842e-02
2.698996655518394146e-08 5.530835157772090102e-03
2.709030100334447622e-08 6.189085275621923274e-03
2.719063545150501428e-08 9.731051850156161726e-03
2.729096989966554904e-08 6.831356904935193203e-05
2.739130434782608379e-08 5.977985500957147189e-03
2.749163879598661854e-08 8.178549991340317363e-03
2.759197324414715330e-08 8.675927874184741900e-03
2.769230769230768805e-08 4.858180467774969070e-03
2.779264214046822281e-08 7.038039199248167718e-03
2.789297658862875756e-08 5.338754548739031887e-03
2.799331103678929231e-08 8.682102738258760249e-03
2.809364548494983038e-08 1.135134796345996060e-02
2.819397993311036513e-08 4.894995449097198741e-03
2.829431438127089988e-08 6.312060490598534433e-03
2.839464882943143464e-08 5.363159669018999209e-03
2.849498327759196939e-08 8.138694106829798616e-03
2.859531772575250415e-08 6.504272307750610764e-03
2.869565217391303890e-08 6.989046719288348995e-03
2.879598662207357365e-08 6.770326085296830484e-03
2.889632107023410841e-08 3.420515793440735263e-03
2.899665551839464316e-08 6.852038393475452273e-03
2.909698996655518122e-08 6.815597697564564766e-03
2.919732441471571598e-08 5.204813053851457122e-03
2.929765886287625073e-08 7.287009730610275078e-03
2.939799331103678549e-08 7.132786195798281569e-03
2.949832775919732024e-08 6.761992342396799804e-03
2.959866220735785499e-08 9.686943373688191444e-03
2.969899665551838975e-08 3.976601706714175642e-03
2.979933110367892450e-08 3.643490398652631836e-03
2.989966555183946256e-08 6.498638639233577687e-03
2.999999999999999732e-08 4.711655944110227853e-03
