0.000000000000000000e+00 9.999999999999995559e-01
1.003344481605351029e-10 -9.798305320094751261e-03
2.006688963210702059e-10 3.303508467116610114e-02
3.010033444816052959e-10 4.305969040653026721e-03
4.013377926421404118e-10 1.276110122767106468e-02
5.016722408026755277e-10 -8.567402026925402016e-04
6.020066889632105918e-10 1.509997159153302938e-02
7.023411371237457594e-10 9.005346927241647407e-04
8.026755852842808236e-10 3.864951261903935321e-03
9.030100334448158877e-10 1.183848538866800852e-02
1.003344481605351055e-09 1.137226569114858053e-02
1.103678929765886223e-09 3.753271336583354802e-03
1.204013377926421184e-09 5.688870672568287906e-03
1.304347826086956351e-09 2.736932842713195747e-03
1.404682274247491519e-09 8.315965382509104067e-03
1.505016722408026480e-09 8.956091475447579969e-03
1.605351170568561647e-09 9.061454066494075907e-03
1.705685618729096815e-09 8.946656285207748791e-03
1.806020066889631775e-09 8.752864767598027632e-03
1.906354515050166943e-09 8.010279190945436903e-03
2.006688963210702111e-09 6.982443320588377529e-03
2.107023411371237278e-09 1.255184504224492875e-02
2.207357859531772446e-09 1.080020122537132116e-02
2.307692307692307200e-09 -2.093651646526806893e-04
2.408026755852842367e-09 6.449229242803359782e-03
2.508361204013377535e-09 1.172057774264308877e-02
2.608695652173912702e-09 2.310683680218356476e-03
2.709030100334447870e-09 1.647963123423745735e-02
2.809364548494983038e-09 5.525003631141975173e-03
2.909698996655517792e-09 5.834602577707320714e-03
3.010033444816052959e-09 2.626593705880262211e-03
3.110367892976588127e-09 7.976044142954066829e-03
3.210702341137123294e-09 6.144582563198477433e-03
3.311036789297658462e-09 8.695685061399687291e-03
3.411371237458193629e-09 9.251986991844330863e-03
3.511705685618728797e-09 5.157031891427585682e-03
3.612040133779263551e-09 9.916149899642387466e-03
3.712374581939798719e-09 9.871714092940322722e-04
3.812709030100333886e-09 1.191344699035501616e-02
3.913043478260868640e-09 4.886488535032788502e-03
4.013377926421404221e-09 3.599450875196074599e-03
4.113712374581938975e-09 6.984378978395878491e-03
4.214046822742474556e-09 1.029589452272799271e-02
4.314381270903009310e-09 1.557415442811408736e-02
4.414715719063544892e-09 1.157198916116116034e-02
4.515050167224079646e-09 8.728708531049352015e-03
4.615384615384614399e-09 1.377231838725890417e-02
4.715719063545149981e-09 6.410425364774432859e-03
4.816053511705684735e-09 9.902692460929308008e-03
4.916387959866220316e-09 1.071614387628511827e-02
5.016722408026755070e-09 7.213884176481853705e-03
5.117056856187290651e-09 1.089544997790523051e-02
5.217391304347825405e-09 8.871603713874272670e-03
5.317725752508360159e-09 7.406788202133539160e-03
5.418060200668895740e-09 5.183666906671279689e-03
5.518394648829430494e-09 8.770220803339251470e-03
5.618729096989966075e-09 5.083532633292501754e-03
5.719063545150500829e-09 1.013065728645530864e-02
5.819397993311035583e-09 1.056329996420882038e-02
5.919732441471571164e-09 5.842390925825173727e-03
6.020066889632105918e-09 3.397070968474284140e-03
6.120401337792641499e-09 5.786529906201095391e-03
6.220735785953176253e-09 1.339447628182576303e-02
6.321070234113711835e-09 1.369099599384299148e-02
6.421404682274246589e-09 8.378265372228093158e-03
6.521739130434781343e-09 7.983515282114831552e-03
6.622073578595316924e-09 1.062743101445030001e-02
6.722408026755851678e-09 8.479345144038330853e-03
6.822742474916387259e-09 8.547876179186045600e-03
6.923076923076922013e-09 -1.066949912203295518e-03
7.023411371237457594e-09 7.078630381770017977e-04
7.123745819397992348e-09 9.897386178688459199e-03
7.224080267558527102e-09 5.991028944013718563e-03
7.324414715719062683e-09 9.386851724179573822e-03
7.424749163879597437e-09 8.855305684766239319e-03
7.525083612040133018e-09 4.099689810885635659e-03
7.625418060200667772e-09 5.042406672934100949e-03
7.725752508361202526e-09 6.331983266687364262e-03
7.826086956521737280e-09 -2.407123109300437352e-03
7.926421404682273689e-09 1.140996759046738855e-02
8.026755852842808442e-09 7.591827731925721197e-03
8.127090301003343196e-09 1.132847741636419832e-02
8.227424749163877950e-09 7.904723836129222067e-03
8.327759197324414359e-09 1.351172631923193770e-02
8.428093645484949113e-09 3.835559821617806880e-03
8.528428093645483867e-09 8.417622200421645898e-03
8.628762541806018621e-09 5.663766946500811521e-03
8.729096989966553375e-09 2.888663779520615673e-03
8.829431438127089783e-09 7.033905626863067549e-03
8.929765886287624537e-09 7.051330081687027553e-03
9.030100334448159291e-09 6.855293598812296774e-03
9.130434782608694045e-09 6.538080775050999875e-03
9.230769230769228799e-09 6.726931312404051642e-03
9.331103678929765207e-09 4.244311150443292116e-03
9.431438127090299961e-09 6.671708917388838658e-03
9.531772575250834715e-09 9.386197724740258028e-03
9.632107023411369469e-09 4.072744606354065586e-03
9.732441471571904223e-09 1.081035222353644507e-02
9.832775919732440632e-09 6.314408474182037039e-03
9.933110367892975386e-09 9.846648080435879691e-03
1.003344481605351014e-08 1.114686602097735013e-02
1.013377926421404489e-08 1.141194799406423759e-02
1.023411371237458130e-08 1.001800425083728373e-03
1.033444816053511606e-08 1.157976989904879739e-02
1.043478260869565081e-08 4.581243238306430612e-03
1.053511705685618556e-08 1.186349887178942721e-02
1.063545150501672032e-08 1.699632410518567630e-02
1.073578595317725673e-08 4.006219245127005599e-03
1.083612040133779148e-08 1.260879358498995934e-02
1.093645484949832623e-08 1.073128319169324926e-02
1.103678929765886099e-08 1.050350548477518679e-02
1.113712374581939574e-08 1.038395666273752953e-02
1.123745819397993215e-08 1.051830442713546331e-02
1.133779264214046690e-08 -1.746194022137085525e-03
1.143812709030100166e-08 6.595102313085089360e-03
1.153846153846153641e-08 6.412505717639450237e-03
1.163879598662207117e-08 1.207964982451483101e-02
1.173913043478260757e-08 1.727356209942605171e-03
1.183946488294314233e-08 1.408497931190614769e-02
1.193979933110367708e-08 2.428987147028492319e-03
1.204013377926421184e-08 9.923984007036871363e-03
1.214046822742474824e-08 2.558190274530086281e-03
1.224080267558528300e-08 1.234208783891346459e-02
1.234113712374581775e-08 2.377051873239831390e-03
1.244147157190635251e-08 1.026439388861479993e-02
1.254180602006688726e-08 8.440827702538147154e-03
1.264214046822742367e-08 1.494015112951902619e-03
1.274247491638795842e-08 9.570023043448533384e-03
1.284280936454849318e-08 4.299160135429628236e-03
1.294314381270902793e-08 1.013500094721908433e-02
1.304347826086956269e-08 7.434418570007283490e-03
1.314381270903009909e-08 9.021605030955563015e-03
1.324414715719063385e-08 6.261100313826805167e-03
1.334448160535116860e-08 -3.325791559918243531e-03
1.344481605351170336e-08 6.349371336543089758e-03
1.354515050167223811e-08 5.340410426134602727e-03
1.364548494983277452e-08 7.528290797875843501e-03
1.374581939799330927e-08 9.180556949017934856e-03
1.384615384615384403e-08 4.574016840598961291e-03
1.394648829431437878e-08 1.557652260656166784e-02
1.404682274247491519e-08 5.960893817441864292e-03
1.414715719063544994e-08 6.637588780350522737e-03
1.424749163879598470e-08 1.451646408054787542e-02
1.434782608695651945e-08 8.002466286835482195e-03
1.444816053511705420e-08 1.094161659553300608e-02
1.454849498327759061e-08 9.232171628284255305e-03
1.464882943143812537e-08 1.016860623702880127e-02
1.474916387959866012e-08 1.313074891497168807e-02
1.484949832775919487e-08 7.496098030834594077e-03
1.494983277591973128e-08 5.292382485965503071e-03
1.505016722408026604e-08 3.942261595886242115e-03
1.515050167224080079e-08 5.302749171819269580e-03
1.525083612040133554e-08 1.058838081116309816e-02
1.535117056856187030e-08 6.162401270046169097e-03
1.545150501672240505e-08 4.116003920345659081e-03
1.555183946488293981e-08 7.512424277091868732e-03
1.565217391304347456e-08 6.277369276317758262e-03
1.575250836120401262e-08 5.452037088161890838e-03
1.585284280936454738e-08 6.857024696966432242e-03
1.595317725752508213e-08 6.094778705128959043e-03
1.605351170568561688e-08 2.261003630605087824e-03
1.615384615384615164e-08 3.408248207841127128e-03
1.625418060200668639e-08 7.452109763882932766e-03
1.635451505016722115e-08 6.500710791356624149e-03
1.645484949832775590e-08 1.166360230458809988e-02
1.655518394648829065e-08 5.123921244675934926e-03
1.665551839464882872e-08 1.187888350746005468e-02
1.675585284280936347e-08 6.475573341697765661e-03
1.685618729096989823e-08 7.439668986076082742e-03
1.695652173913043298e-08 1.423060028780869304e-02
1.705685618729096773e-08 5.168136288429657152e-03
1.715719063545150249e-08 8.766278956821015392e-03
1.725752508361203724e-08 1.717277455464622654e-02
1.735785953177257200e-08 1.676806967115161912e-03
1.745819397993310675e-08 1.108622289360408804e-02
1.755852842809364150e-08 6.218310195031159955e-03
1.765886287625417957e-08 7.910565901757642127e-03
1.775919732441471432e-08 7.463325369105380629e-03
1.785953177257524907e-08 3.954721354137552200e-03
1.795986622073578383e-08 1.011431830592291609e-02
1.806020066889631858e-08 1.129663755888676152e-02
1.816053511705685334e-08 6.444092557898525343e-03
1.826086956521738809e-08 1.014153714761324362e-02
1.836120401337792284e-08 1.259722562688254076e-02
1.846153846153845760e-08 1.289427443130314321e-02
1.856187290969899566e-08 4.259645615878743241e-03
1.866220735785953041e-08 7.086229784215006614e-03
1.876254180602006517e-08 1.176014054053517097e-02
1.886287625418059992e-08 -5.037849076647477921e-03
1.896321070234113468e-08 5.531693311769789526e-03
1.906354515050166943e-08 8.162279127267840079e-03
1.916387959866220418e-08 1.012306242082816436e-02
1.926421404682273894e-08 1.307932292943551900e-02
1.936454849498327369e-08 1.050321004611871716e-02
1.946488294314380845e-08 -1.855129763783044689e-04
1.956521739130434651e-08 4.715413914570254494e-03
1.966555183946488126e-08 -8.067849853058679886e-04
1.976588628762541602e-08 1.148499939362643968e-02
1.986622073578595077e-08 3.888862462604908681e-03
1.996655518394648553e-08 6.064832693420884116e-03
2.006688963210702028e-08 1.557240692376202044e-03
2.016722408026755503e-08 1.128038729433890157e-02
2.026755852842808979e-08 1.128464709123374460e-02
2.036789297658862454e-08 7.093364667688845625e-03
2.046822742474916260e-08 1.137743659186122788e-02
2.056856187290969736e-08 8.493596023739911904e-03
2.066889632107023211e-08 1.143858650305157147e-02
2.076923076923076687e-08 7.786398046260378271e-03
2.086956521739130162e-08 1.170852534433919692e-02
2.096989966555183637e-08 1.019910210504038940e-02
2.107023411371237113e-08 6.238163253804048652e-03
2.117056856187290588e-08 5.364816041412453877e-03
2.127090301003344064e-08 7.929754595691987720e-03
2.137123745819397539e-08 7.840507785150895720e-03
2.147157190635451345e-08 4.729148302332567694e-03
2.157190635451504821e-08 4.086393059337689072e-03
2.167224080267558296e-08 1.142369812672985006e-02
2.177257525083611771e-08 1.082833129744511722e-02
2.187290969899665247e-08 8.218958066377990077e-03
2.197324414715718722e-08 5.883399060801611236e-03
2.207357859531772198e-08 1.323428118680006725e-02
2.217391304347825673e-08 4.517397890479082218e-03
2.227424749163879148e-08 7.409406251352851185e-03
2.237458193979932955e-08 6.726619023686960901e-03
2.247491638795986430e-08 5.509497155084481200e-03
2.257525083612039905e-08 9.159892630955445217e-03
2.267558528428093381e-08 1.534293473668403400e-02
2.277591973244146856e-08 4.565340042390590367e-03
2.287625418060200332e-08 1.179190217383479893e-02
2.297658862876253807e-08 2.922817063992401085e-03
2.307692307692307282e-08 1.123051165028590356e-02
2.317725752508360758e-08 3.907537624565036831e-03
2.327759197324414233e-08 8.538425355010035786e-03
2.337792642140468040e-08 7.637726685703907781e-03
2.347826086956521515e-08 5.189408278901052815e-03
2.357859531772574990e-08 6.750748574979936051e-03
2.367892976588628466e-08 4.022325850451222672e-03
2.377926421404681941e-08 1.006384585214929218e-02
2.387959866220735417e-08 8.818003332631640587e-03
2.397993311036788892e-08 7.441887897518172958e-03
2.408026755852842367e-08 3.398888652425423665e-03
2.418060200668895843e-08 8.451784454862104525e-04
2.428093645484949649e-08 6.926741542572793266e-03
2.438127090301003124e-08 8.776576952921338534e-03
2.448160535117056600e-08 3.489703357971780072e-03
2.458193979933110075e-08 7.022481058211667813e-03
2.468227424749163551e-08 1.562163530401740157e-02
2.478260869565217026e-08 9.535560751038067023e-03
2.488294314381270501e-08 8.000572354713906750e-03
2.498327759197323977e-08 7.952843773359356827e-03
2.508361204013377452e-08 4.921941779659992806e-03
2.518394648829430928e-08 8.214558969930604859e-03
2.528428093645484734e-08 3.441835406072391284e-03
2.538461538461538209e-08 1.113653745778566762e-03
2.548494983277591685e-08 5.981858478921049140e-03
2.558528428093645160e-08 7.757957745963513403e-03
2.568561872909698635e-08 7.533908403827777392e-03
2.578595317725752111e-08 8.561954903928073110e-03
2.588628762541805586e-08 8.171356443139784695e-03
2.598662207357859062e-08 6.547772707759548332e-03
2.608695652173912537e-08 6.589240447192428601e-03
2.618729096989966343e-08 1.127816113964054401e-02
2.628762541806019819e-08 4.845740224741307452e-03
2.638795986622073294e-08 9.770904453333882980e-03
2.648829431438126769e-08 4.392578591432788442e-03
2.658862876254180245e-08 7.228162626970141384e-03
2.668896321070233720e-08 1.048677756143991460e-02
2.678929765886287196e-08 9.475520190442954238e-03
2.688963210702340671e-08 1.054106300101249373e-02
2.698996655518394146e-08 8.042179642030541573e-03
2.709030100334447622e-08 7.681796276624099779e-03
2.719063545150501428e-08 3.439399111360966557e-03
2.729096989966554904e-08 1.796207476860087844e-03
2.739130434782608379e-08 1.014671324788318785e-02
2.749163879598661854e-08 3.061458934903350890e-03
2.759197324414715330e-08 4.947893569071045577e-03
2.769230769230768805e-08 8.101154381785701311e-03
2.779264214046822281e-08 8.594104545842414650e-03
2.789297658862875756e-08 1.345765904641353476e-02
2.799331103678929231e-08 6.176763226842290656e-03
2.809364548494983038e-08 8.767344672005105907e-03
2.819397993311036513e-08 5.485708841702425370e-03
2.829431438127089988e-08 1.512741748016479745e-02
2.839464882943143464e-08 1.492482687342379681e-03
2.849498327759196939e-08 6.184548290829639666e-03
2.859531772575250415e-08 1.171767309164985400e-02
2.869565217391303890e-08 1.066511659783283411e-02
2.879598662207357365e-08 6.739284081210406355e-03
2.889632107023410841e-08 9.056333255586470135e-03
2.899665551839464316e-08 1.216394956825915183e-02
2.909698996655518122e-08 1.270291548925471178e-02
2.919732441471571598e-08 6.809870705012640267e-03
2.929765886287625073e-08 8.614950187264779763e-03
2.939799331103678549e-08 6.967880703164228313e-03
2.949832775919732024e-08 1.278304081339398657e-02
2.959866220735785499e-08 8.690751830759473398e-03
2.969899665551838975e-08 6.791159459093332532e-03
2.979933110367892450e-08 4.993102333483050333e-03
2.989966555183946256e-08 9.060195702693153719e-03
2.999999999999999732e-08 7.653591443908549195e-03
