0.000000000000000000e+00 9.999999999999995559e-01
1.003344481605351029e-10 9.999047617598399995e-01
2.006688963210702059e-10 9.996191577775914716e-01
3.010033444816052959e-10 9.991435200506496583e-01
4.013377926421404118e-10 9.984784011842480211e-01
5.016722408026755277e-10 9.976245733078008548e-01
6.020066889632105918e-10 9.965830265617382500e-01
7.023411371237457594e-10 9.953549671587660352e-01
8.026755852842808236e-10 9.939418150246028816e-01
9.030100334448158877e-10 9.923452010243197785e-01
1.003344481605351055e-09 9.905669637814873418e-01
1.103678929765886223e-09 9.886091460983776891e-01
1.204013377926421184e-09 9.864739909864933542e-01
1.304347826086956351e-09 9.841639373176915839e-01
1.404682274247491519e-09 9.816816151071211527e-01
1.505016722408026480e-09 9.790298404401364118e-01
1.605351170568561647e-09 9.762116100562222565e-01
1.705685618729096815e-09 9.732300956038278938e-01
1.806020066889631775e-09 9.700886375808093209e-01
1.906354515050166943e-09 9.667907389759370362e-01
2.006688963210702111e-09 9.633400586276522626e-01
2.107023411371237278e-09 9.597404043169059928e-01
2.207357859531772446e-09 9.559957256115434454e-01
2.307692307692307200e-09 9.521101064802441893e-01
2.408026755852842367e-09 9.480877576945453411e-01
2.508361204013377535e-09 9.439330090379186577e-01
2.608695652173912702e-09 9.396503013412722538e-01
2.709030100334447870e-09 9.352441783645760731e-01
2.809364548494983038e-09 9.307192785445881356e-01
2.909698996655517792e-09 9.260803266288857305e-01
3.010033444816052959e-09 9.213321252165448394e-01
3.110367892976588127e-09 9.164795462259232028e-01
3.210702341137123294e-09 9.115275223100346436e-01
3.311036789297658462e-09 9.064810382399718369e-01
3.411371237458193629e-09 9.013451222767673299e-01
3.511705685618728797e-09 8.961248375519277332e-01
3.612040133779263551e-09 8.908252734766818337e-01
3.712374581939798719e-09 8.854515371997284667e-01
3.812709030100333886e-09 8.800087451329530186e-01
3.913043478260868640e-09 8.745020145642208309e-01
4.013377926421404221e-09 8.689364553759275633e-01
4.113712374581938975e-09 8.633171618875190578e-01
4.214046822742474556e-09 8.576492048396782142e-01
4.314381270903009310e-09 8.519376235372924100e-01
4.414715719063544892e-09 8.461874181677165874e-01
4.515050167224079646e-09 8.404035423101835489e-01
4.615384615384614399e-09 8.345908956515100119e-01
4.715719063545149981e-09 8.287543169225247697e-01
4.816053511705684735e-09 8.228985770688558299e-01
4.916387959866220316e-09 8.170283726689292481e-01
5.016722408026755070e-09 8.111483196111803906e-01
5.117056856187290651e-09 8.052629470416330371e-01
5.217391304347825405e-09 7.993766915921033389e-01
5.317725752508360159e-09 7.934938918983924783e-01
5.418060200668895740e-09 7.876187834169011692e-01
5.518394648829430494e-09 7.817554935471641153e-01
5.618729096989966075e-09 7.759080370668528515e-01
5.719063545150500829e-09 7.700803118848391637e-01
5.819397993311035583e-09 7.642760951169492722e-01
5.919732441471571164e-09 7.584990394880728459e-01
6.020066889632105918e-09 7.527526700633297985e-01
6.120401337792641499e-09 7.470403813100425783e-01
6.220735785953176253e-09 7.413654344913044314e-01
6.321070234113711835e-09 7.357309553909991973e-01
6.421404682274246589e-09 7.301399323692051579e-01
6.521739130434781343e-09 7.245952147459914228e-01
6.622073578595316924e-09 7.190995115107460256e-01
6.722408026755851678e-09 7.136553903532876220e-01
6.822742474916387259e-09 7.082652770121768970e-01
6.923076923076922013e-09 7.029314549348325558e-01
7.023411371237457594e-09 6.976560652432555187e-01
7.123745819397992348e-09 6.924411069984255374e-01
7.224080267558527102e-09 6.872884377557004765e-01
7.324414715719062683e-09 6.821997744028729382e-01
7.424749163879597437e-09 6.771766942718856486e-01
7.525083612040133018e-09 6.722206365145992901e-01
7.625418060200667772e-09 6.673329037324444712e-01
7.725752508361202526e-09 6.625146638492596107e-01
7.826086956521737280e-09 6.577669522161405657e-01
7.926421404682273689e-09 6.530906739366851843e-01
8.026755852842808442e-09 6.484866064006370445e-01
8.127090301003343196e-09 6.439554020135719314e-01
8.227424749163877950e-09 6.394975911099924915e-01
8.327759197324414359e-09 6.351135850369279412e-01
8.428093645484949113e-09 6.308036793949471921e-01
8.528428093645483867e-09 6.265680574233281064e-01
8.628762541806018621e-09 6.224067935160257914e-01
8.729096989966553375e-09 6.183198568550125618e-01
8.829431438127089783e-09 6.143071151475549829e-01
8.929765886287624537e-09 6.103683384540176116e-01
9.030100334448159291e-09 6.065032030928633189e-01
9.130434782608694045e-09 6.027112956096377649e-01
9.230769230769228799e-09 5.989921167968843552e-01
9.331103678929765207e-09 5.953450857521441764e-01
9.431438127090299961e-09 5.917695439614394370e-01
9.531772575250834715e-09 5.882647593959140497e-01
9.632107023411369469e-09 5.848299306096340633e-01
9.732441471571904223e-09 5.814641908268972648e-01
9.832775919732440632e-09 5.781666120077918469e-01
9.933110367892975386e-09 5.749362088811611482e-01
1.003344481605351014e-08 5.717719429345865523e-01
1.013377926421404489e-08 5.686727263514596009e-01
1.023411371237458130e-08 5.656374258857325144e-01
1.033444816053511606e-08 5.626648666654493480e-01
1.043478260869565081e-08 5.597538359166971400e-01
1.053511705685618556e-08 5.569030866001897229e-01
1.063545150501672032e-08 5.541113409532623102e-01
1.073578595317725673e-08 5.513772939306431642e-01
1.083612040133779148e-08 5.486996165379767199e-01
1.093645484949832623e-08 5.460769590526651784e-01
1.103678929765886099e-08 5.435079541272195280e-01
1.113712374581939574e-08 5.409912197709189075e-01
1.123745819397993215e-08 5.385253622061947354e-01
1.133779264214046690e-08 5.361089785967683152e-01
1.143812709030100166e-08 5.337406596451815810e-01
1.153846153846153641e-08 5.314189920579601711e-01
1.163879598662207117e-08 5.291425608772439837e-01
1.173913043478260757e-08 5.269099516783010140e-01
1.183946488294314233e-08 5.247197526329099304e-01
1.193979933110367708e-08 5.225705564391505131e-01
1.204013377926421184e-08 5.204609621186784274e-01
1.214046822742474824e-08 5.183895766830756147e-01
1.224080267558528300e-08 5.163550166713669620e-01
1.234113712374581775e-08 5.143559095612671994e-01
1.244147157190635251e-08 5.123908950571702814e-01
1.254180602006688726e-08 5.104586262583182821e-01
1.264214046822742367e-08 5.085577707109891765e-01
1.274247491638795842e-08 5.066870113489017058e-01
1.284280936454849318e-08 5.048450473263903504e-01
1.294314381270902793e-08 5.030305947492014207e-01
1.304347826086956269e-08 5.012423873080483760e-01
1.314381270903009909e-08 4.994791768203128424e-01
1.324414715719063385e-08 4.977397336854920695e-01
1.334448160535116860e-08 4.960228472601777017e-01
1.344481605351170336e-08 4.943273261585100498e-01
1.354515050167223811e-08 4.926519984841619682e-01
1.364548494983277452e-08 4.909957119999998620e-01
1.374581939799330927e-08 4.893573342416253635e-01
1.384615384615384403e-08 4.877357525810198102e-01
1.394648829431437878e-08 4.861298742465092193e-01
1.404682274247491519e-08 4.845386263052270381e-01
1.414715719063544994e-08 4.829609556141824522e-01
1.424749163879598470e-08 4.813958287459431107e-01
1.434782608695651945e-08 4.798422318948156740e-01
1.444816053511705420e-08 4.782991707692500483e-01
1.454849498327759061e-08 4.767656704760163122e-01
1.464882943143812537e-08 4.752407754014933428e-01
1.474916387959866012e-08 4.737235490951817174e-01
1.484949832775919487e-08 4.722130741603023374e-01
1.494983277591973128e-08 4.707084521560656043e-01
1.505016722408026604e-08 4.692088035159103776e-01
1.515050167224080079e-08 4.677132674856978589e-01
1.525083612040133554e-08 4.662210020855247494e-01
1.535117056856187030e-08 4.647311840984769127e-01
1.545150501672240505e-08 4.632430090892997732e-01
1.555183946488293981e-08 4.617556914555929204e-01
1.565217391304347456e-08 4.602684645137716801e-01
1.575250836120401262e-08 4.587805806216605498e-01
1.585284280936454738e-08 4.572913113391990914e-01
1.595317725752508213e-08 4.557999476283603468e-01
1.605351170568561688e-08 4.543058000929918183e-01
1.615384615384615164e-08 4.528081992589084170e-01
1.625418060200668639e-08 4.513064958941811478e-01
1.635451505016722115e-08 4.498000613691880978e-01
1.645484949832775590e-08 4.482882880556252059e-01
1.655518394648829065e-08 4.467705897633066914e-01
1.665551839464882872e-08 4.452464022132320842e-01
1.675585284280936347e-08 4.437151835450564019e-01
1.685618729096989823e-08 4.421764148567660646e-01
1.695652173913043298e-08 4.406296007740488907e-01
1.705685618729096773e-08 4.390742700465475323e-01
1.715719063545150249e-08 4.375099761678981625e-01
1.725752508361203724e-08 4.359362980161983758e-01
1.735785953177257200e-08 4.343528405112934143e-01
1.745819397993310675e-08 4.327592352850531121e-01
1.755852842809364150e-08 4.311551413606023453e-01
1.765886287625417957e-08 4.295402458362889142e-01
1.775919732441471432e-08 4.279142645700136360e-01
1.785953177257524907e-08 4.262769428594119780e-01
1.795986622073578383e-08 4.246280561132663167e-01
1.806020066889631858e-08 4.229674105094414216e-01
1.816053511705685334e-08 4.212948436345754777e-01
1.826086956521738809e-08 4.196102251007205464e-01
1.836120401337792284e-08 4.179134571341189264e-01
1.846153846153845760e-08 4.162044751313129787e-01
1.856187290969899566e-08 4.144832481778249478e-01
1.866220735785953041e-08 4.127497795247138668e-01
1.876254180602006517e-08 4.110041070183936829e-01
1.886287625418059992e-08 4.092463034792216958e-01
1.896321070234113468e-08 4.074764770244931888e-01
1.906354515050166943e-08 4.056947713316406690e-01
1.916387959866220418e-08 4.039013658376170990e-01
1.926421404682273894e-08 4.020964758706441211e-01
1.936454849498327369e-08 4.002803527107260395e-01
1.946488294314380845e-08 3.984532835755757452e-01
1.956521739130434651e-08 3.966155915288538947e-01
1.966555183946488126e-08 3.947676353079032086e-01
1.976588628762541602e-08 3.929098090684476352e-01
1.986622073578595077e-08 3.910425420440349353e-01
1.996655518394648553e-08 3.891662981183215964e-01
2.006688963210702028e-08 3.872815753086249480e-01
2.016722408026755503e-08 3.853889051595166260e-01
2.026755852842808979e-08 3.834888520455707606e-01
2.036789297658862454e-08 3.815820123827494137e-01
2.046822742474916260e-08 3.796690137482565675e-01
2.056856187290969736e-08 3.777505139090715502e-01
2.066889632107023211e-08 3.758271997597307790e-01
2.076923076923076687e-08 3.738997861703036163e-01
2.086956521739130162e-08 3.719690147458721285e-01
2.096989966555183637e-08 3.700356524991951224e-01
2.107023411371237113e-08 3.681004904385952181e-01
2.117056856187290588e-08 3.661643420734680410e-01
2.127090301003344064e-08 3.642280418401608322e-01
2.137123745819397539e-08 3.622924434513118963e-01
2.147157190635451345e-08 3.603584181720696500e-01
2.157190635451504821e-08 3.584268530269363318e-01
2.167224080267558296e-08 3.564986489412849124e-01
2.177257525083611771e-08 3.545747188218937307e-01
2.187290969899665247e-08 3.526559855811227662e-01
2.197324414715718722e-08 3.507433801096158654e-01
2.207357859531772198e-08 3.488378392026633135e-01
2.217391304347825673e-08 3.469403034455790236e-01
2.227424749163879148e-08 3.450517150636628894e-01
2.237458193979932955e-08 3.431730157424983108e-01
2.247491638795986430e-08 3.413051444245076560e-01
2.257525083612039905e-08 3.394490350878308638e-01
2.267558528428093381e-08 3.376056145137155129e-01
2.277591973244146856e-08 3.357758000487075511e-01
2.287625418060200332e-08 3.339604973680093680e-01
2.297658862876253807e-08 3.321605982464249096e-01
2.307692307692307282e-08 3.303769783433450069e-01
2.317725752508360758e-08 3.286104950082268106e-01
2.327759197324414233e-08 3.268619851130117326e-01
2.337792642140468040e-08 3.251322629178803325e-01
2.347826086956521515e-08 3.234221179766819665e-01
2.357859531772574990e-08 3.217323130882863702e-01
2.367892976588628466e-08 3.200635823000007041e-01
2.377926421404681941e-08 3.184166289690553153e-01
2.387959866220735417e-08 3.167921238880153090e-01
2.397993311036788892e-08 3.151907034797943319e-01
2.408026755852842367e-08 3.136129680677536280e-01
2.418060200668895843e-08 3.120594802261551504e-01
2.428093645484949649e-08 3.105307632160002607e-01
2.438127090301003124e-08 3.090272995110368570e-01
2.448160535117056600e-08 3.075495294184455997e-01
2.458193979933110075e-08 3.060978497984343516e-01
2.468227424749163551e-08 3.046726128866663053e-01
2.478260869565217026e-08 3.032741252231383466e-01
2.488294314381270501e-08 3.019026466907971940e-01
2.498327759197323977e-08 3.005583896668452271e-01
2.508361204013377452e-08 2.992415182893418679e-01
2.518394648829430928e-08 2.979521478413501012e-01
2.528428093645484734e-08 2.966903442545167913e-01
2.538461538461538209e-08 2.954561237336056911e-01
2.548494983277591685e-08 2.942494525031307262e-01
2.558528428093645160e-08 2.930702466768599357e-01
2.568561872909698635e-08 2.919183722505871992e-01
2.578595317725752111e-08 2.907936452181850706e-01
2.588628762541805586e-08 2.896958318105811725e-01
2.598662207357859062e-08 2.886246488569248481e-01
2.608695652173912537e-08 2.875797642668396215e-01
2.618729096989966343e-08 2.865607976322936956e-01
2.628762541806019819e-08 2.855673209472631147e-01
2.638795986622073294e-08 2.845988594430083340e-01
2.648829431438126769e-08 2.836548925364479889e-01
2.658862876254180245e-08 2.827348548887781976e-01
2.668896321070233720e-08 2.818381375711684345e-01
2.678929765886287196e-08 2.809640893340547563e-01
2.688963210702340671e-08 2.801120179762606743e-01
2.698996655518394146e-08 2.792811918098908608e-01
2.709030100334447622e-08 2.784708412166824743e-01
2.719063545150501428e-08 2.776801602912494227e-01
2.729096989966554904e-08 2.769083085664213462e-01
2.739130434782608379e-08 2.761544128156670497e-01
2.749163879598661854e-08 2.754175689273954397e-01
2.759197324414715330e-08 2.746968438457504380e-01
2.769230769230768805e-08 2.739912775723568616e-01
2.779264214046822281e-08 2.732998852233394227e-01
2.789297658862875756e-08 2.726216591358142649e-01
2.799331103678929231e-08 2.719555710179568653e-01
2.809364548494983038e-08 2.713005741366741885e-01
2.819397993311036513e-08 2.706556055368465330e-01
2.829431438127089988e-08 2.700195882860710328e-01
2.839464882943143464e-08 2.693914337388240154e-01
2.849498327759196939e-08 2.687700438139558057e-01
2.859531772575250415e-08 2.681543132794632078e-01
2.869565217391303890e-08 2.675431320385226464e-01
2.879598662207357365e-08 2.669353874108307267e-01
2.889632107023410841e-08 2.663299664033804692e-01
2.899665551839464316e-08 2.657257579649001666e-01
2.909698996655518122e-08 2.651216552182996677e-01
2.919732441471571598e-08 2.645165576656017814e-01
2.929765886287625073e-08 2.639093733599882641e-01
2.939799331103678549e-08 2.632990210397548325e-01
2.949832775919732024e-08 2.626844322191519421e-01
2.959866220735785499e-08 2.620645532312804171e-01
2.969899665551838975e-08 2.614383472184219070e-01
2.979933110367892450e-08 2.608047960654018560e-01
2.989966555183946256e-08 2.601629022718146000e-01
2.999999999999999732e-08 2.595116907591817346e-01
