0.000000000000000000e+00 9.999999999999995559e-01
1.003344481605351029e-10 9.907378419426615679e-01
2.006688963210702059e-10 9.639853268346316728e-01
3.010033444816052959e-10 9.226513104130468212e-01
4.013377926421404118e-10 8.709880550792102882e-01
5.016722408026755277e-10 8.138500609359804461e-01
6.020066889632105918e-10 7.559159559942747464e-01
7.023411371237457594e-10 7.010415600618421506e-01
8.026755852842808236e-10 6.518631070061934318e-01
9.030100334448158877e-10 6.096935214957160953e-01
1.003344481605351055e-09 5.746762888913483636e-01
1.103678929765886223e-09 5.461042100279724920e-01
1.204013377926421184e-09 5.227887077666322213e-01
1.304347826086956351e-09 5.033809132373359141e-01
1.404682274247491519e-09 4.865877562021821978e-01
1.505016722408026480e-09 4.712764945872667810e-01
1.605351170568561647e-09 4.565009176712843120e-01
1.705685618729096815e-09 4.414994315226239419e-01
1.806020066889631775e-09 4.257069923269218847e-01
1.906354515050166943e-09 4.087968506676472602e-01
2.006688963210702111e-09 3.907378171733870142e-01
2.107023411371237278e-09 3.718320775495531083e-01
2.207357859531772446e-09 3.526962106911215589e-01
2.307692307692307200e-09 3.341646158560149793e-01
2.408026755852842367e-09 3.171228375248283382e-01
2.508361204013377535e-09 3.023065769301284678e-01
2.608695652173912702e-09 2.901190968446732965e-01
2.709030100334447870e-09 2.805185811683026942e-01
2.809364548494983038e-09 2.730081718767832788e-01
2.909698996655517792e-09 2.667317859655881085e-01
3.010033444816052959e-09 2.606489190731969829e-01
3.110367892976588127e-09 2.537414637311646848e-01
3.210702341137123294e-09 2.452009805006936938e-01
3.311036789297658462e-09 2.345558279187981987e-01
3.411371237458193629e-09 2.217187200929073565e-01
3.511705685618728797e-09 2.069584521525575371e-01
3.612040133779263551e-09 1.908170052905682479e-01
3.712374581939798719e-09 1.740005392232785997e-01
3.812709030100333886e-09 1.572698521781113190e-01
3.913043478260868640e-09 1.413464478157330229e-01
4.013377926421404221e-09 1.268398011054270580e-01
4.113712374581938975e-09 1.141943866241603156e-01
4.214046822742474556e-09 1.036535373535565352e-01
4.314381270903009310e-09 9.524015264344037890e-02
4.414715719063544892e-09 8.875840605853174692e-02
4.515050167224079646e-09 8.382228591316845390e-02
4.615384615384614399e-09 7.991386866138908140e-02
4.715719063545149981e-09 7.646702570714523917e-02
4.816053511705684735e-09 7.296349843785979172e-02
4.916387959866220316e-09 6.902176176315996670e-02
5.016722408026755070e-09 6.445804148429709612e-02
5.117056856187290651e-09 5.930441081735821768e-02
5.217391304347825405e-09 5.377962265684224641e-02
5.317725752508360159e-09 4.822075187067583618e-02
5.418060200668895740e-09 4.299369132424672030e-02
5.518394648829430494e-09 3.840489624329575247e-02
5.618729096989966075e-09 3.463446101991038417e-02
5.719063545150500829e-09 3.170298369323059501e-02
5.819397993311035583e-09 2.947475849093492833e-02
5.919732441471571164e-09 2.769105461758832737e-02
6.020066889632105918e-09 2.602206381643875147e-02
6.120401337792641499e-09 2.412525047584058654e-02
6.220735785953176253e-09 2.170028586046084812e-02
6.321070234113711835e-09 1.853444762575308380e-02
6.421404682274246589e-09 1.453533861459608938e-02
6.521739130434781343e-09 9.749026849391129526e-03
6.622073578595316924e-09 4.361559411620355084e-03
6.722408026755851678e-09 -1.318432208874127654e-03
6.822742474916387259e-09 -6.897172625199607388e-03
6.923076923076922013e-09 -1.195111525680473026e-02
7.023411371237457594e-09 -1.609331385254255536e-02
7.123745819397992348e-09 -1.903916263378956086e-02
7.224080267558527102e-09 -2.065744433142806605e-02
7.324414715719062683e-09 -2.099407287036062983e-02
7.424749163879597437e-09 -2.026150468232715968e-02
7.525083612040133018e-09 -1.879515799150847932e-02
7.625418060200667772e-09 -1.698675324039693180e-02
7.725752508361202526e-09 -1.521044020872483644e-02
7.826086956521737280e-09 -1.375890975914573558e-02
7.926421404682273689e-09 -1.280301458802700007e-02
8.026755852842808442e-09 -1.238111698203362733e-02
8.127090301003343196e-09 -1.241602783038618305e-02
8.227424749163877950e-09 -1.275078813517295517e-02
8.327759197324414359e-09 -1.319160804189865172e-02
8.428093645484949113e-09 -1.354743048376919577e-02
8.528428093645483867e-09 -1.365968177794567306e-02
8.628762541806018621e-09 -1.342070193334080064e-02
8.729096989966553375e-09 -1.278298828724476130e-02
8.829431438127089783e-09 -1.176248442457291689e-02
8.929765886287624537e-09 -1.043778168960559152e-02
9.030100334448159291e-09 -8.944542036616390246e-03
9.130434782608694045e-09 -7.462496877519588998e-03
9.230769230769228799e-09 -6.192481464793120338e-03
9.331103678929765207e-09 -5.323538978108853514e-03
9.431438127090299961e-09 -4.994316048276948791e-03
9.531772575250834715e-09 -5.256991899214830122e-03
9.632107023411369469e-09 -6.053893954833523307e-03
9.732441471571904223e-09 -7.215498633351317449e-03
9.832775919732440632e-09 -8.483709445614235484e-03
9.933110367892975386e-09 -9.557491535354458237e-03
1.003344481605351014e-08 -1.015132866151752244e-02
1.013377926421404489e-08 -1.005280203308807352e-02
1.023411371237458130e-08 -9.165321826740692110e-03
1.033444816053511606e-08 -7.525803097914106690e-03
1.043478260869565081e-08 -5.293658600582675303e-03
1.053511705685618556e-08 -2.714801356538783933e-03
1.063545150501672032e-08 -7.021684661848680287e-05
1.073578595317725673e-08 2.378481568793955944e-03
1.083612040133779148e-08 4.434730071695229189e-03
1.093645484949832623e-08 5.995607066014113466e-03
1.103678929765886099e-08 7.059930022449330440e-03
1.113712374581939574e-08 7.717223386016622798e-03
1.123745819397993215e-08 8.122377754049309173e-03
1.133779264214046690e-08 8.462437409263487420e-03
1.143812709030100166e-08 8.921905587401222221e-03
1.153846153846153641e-08 9.651844071888848742e-03
1.163879598662207117e-08 1.074653554005046245e-02
1.173913043478260757e-08 1.223002607009498685e-02
1.183946488294314233e-08 1.405360174362215234e-02
1.193979933110367708e-08 1.610407368209003376e-02
1.204013377926421184e-08 1.822151076141138859e-02
1.214046822742474824e-08 2.022377625205835569e-02
1.224080267558528300e-08 2.193411232382474346e-02
1.234113712374581775e-08 2.320741896540757035e-02
1.244147157190635251e-08 2.395107863198395540e-02
1.254180602006688726e-08 2.413723895871060232e-02
1.264214046822742367e-08 2.380513438884417077e-02
1.274247491638795842e-08 2.305383242497863888e-02
1.284280936454849318e-08 2.202723392337567476e-02
1.294314381270902793e-08 2.089393067576005361e-02
1.304347826086956269e-08 1.982463223647772457e-02
1.314381270903009909e-08 1.896960342402115654e-02
1.324414715719063385e-08 1.843829299644762082e-02
1.334448160535116860e-08 1.828333795779205767e-02
1.344481605351170336e-08 1.849134625291753639e-02
1.354515050167223811e-08 1.898292700647744372e-02
1.364548494983277452e-08 1.962384525106080496e-02
1.374581939799330927e-08 2.024757064508184157e-02
1.384615384615384403e-08 2.068693072427038593e-02
1.394648829431437878e-08 2.080966156352698909e-02
1.404682274247491519e-08 2.055036160843500687e-02
1.414715719063544994e-08 1.993073450811972194e-02
1.424749163879598470e-08 1.906170036867185433e-02
1.434782608695651945e-08 1.812487380398623490e-02
1.444816053511705420e-08 1.733613847919177747e-02
1.454849498327759061e-08 1.689908372483903826e-02
1.464882943143812537e-08 1.695929507456955115e-02
1.474916387959866012e-08 1.757076027723191922e-02
1.484949832775919487e-08 1.868272582857614939e-02
1.494983277591973128e-08 2.015001392668568092e-02
1.505016722408026604e-08 2.176367831453597523e-02
1.515050167224080079e-08 2.329379305758443736e-02
1.525083612040133554e-08 2.453361478677559132e-02
1.535117056856187030e-08 2.533495674436351403e-02
1.545150501672240505e-08 2.562794202363863350e-02
1.555183946488293981e-08 2.542310090298962807e-02
1.565217391304347456e-08 2.479842488757218882e-02
1.575250836120401262e-08 2.387709857084787182e-02
1.585284280936454738e-08 2.280249879946757985e-02
1.595317725752508213e-08 2.171583775190599058e-02
1.605351170568561688e-08 2.073938958229036567e-02
1.615384615384615164e-08 1.996572695973343470e-02
1.625418060200668639e-08 1.945176542541833184e-02
1.635451505016722115e-08 1.921609072033293036e-02
1.645484949832775590e-08 1.923880629460968453e-02
1.655518394648829065e-08 1.946429467136079686e-02
1.665551839464882872e-08 1.980803021564734104e-02
1.675585284280936347e-08 2.016836352295028889e-02
1.685618729096989823e-08 2.044296797834070645e-02
1.695652173913043298e-08 2.054785520469127810e-02
1.705685618729096773e-08 2.043528778194787787e-02
1.715719063545150249e-08 2.010627673596659948e-02
1.725752508361203724e-08 1.961404375162643932e-02
1.735785953177257200e-08 1.905675148102714545e-02
1.745819397993310675e-08 1.856040097973678943e-02
1.755852842809364150e-08 1.825526567740025710e-02
1.765886287625417957e-08 1.825083591375009293e-02
1.775919732441471432e-08 1.861455692600082201e-02
1.785953177257524907e-08 1.935865414373361820e-02
1.795986622073578383e-08 2.043742991187428096e-02
1.806020066889631858e-08 2.175516628378653186e-02
1.816053511705685334e-08 2.318274668282792328e-02
1.826086956521738809e-08 2.457969983463583960e-02
1.836120401337792284e-08 2.581771073131193875e-02
1.846153846153845760e-08 2.680167131718612372e-02
1.856187290969899566e-08 2.748489832932604626e-02
1.866220735785953041e-08 2.787607571602085041e-02
1.876254180602006517e-08 2.803668841656390548e-02
1.886287625418059992e-08 2.806913881599586852e-02
1.896321070234113468e-08 2.809727587409484306e-02
1.906354515050166943e-08 2.824252150745323875e-02
1.916387959866220418e-08 2.859985037054465010e-02
1.926421404682273894e-08 2.921824049307929563e-02
1.936454849498327369e-08 3.008963275391144526e-02
1.946488294314380845e-08 3.114890576569993852e-02
1.956521739130434651e-08 3.228515654709269989e-02
1.966555183946488126e-08 3.336217895188736682e-02
1.976588628762541602e-08 3.424404992143745274e-02
1.986622073578595077e-08 3.482067573821669149e-02
1.996655518394648553e-08 3.502826927264052204e-02
2.006688963210702028e-08 3.486094676443420026e-02
2.016722408026755503e-08 3.437158075202172841e-02
2.026755852842808979e-08 3.366220317182308519e-02
2.036789297658862454e-08 3.286612116878216000e-02
2.046822742474916260e-08 3.212515624782333323e-02
2.056856187290969736e-08 3.156593938970223695e-02
2.066889632107023211e-08 3.127907394968827692e-02
2.076923076923076687e-08 3.130438594795804247e-02
2.086956521739130162e-08 3.162457111851160046e-02
2.096989966555183637e-08 3.216839964294581494e-02
2.107023411371237113e-08 3.282327973972697793e-02
2.117056856187290588e-08 3.345546330134775009e-02
2.127090301003344064e-08 3.393466555282977776e-02
2.137123745819397539e-08 3.415867480443411652e-02
2.147157190635451345e-08 3.407304027406233421e-02
2.157190635451504821e-08 3.368147901868141086e-02
2.167224080267558296e-08 3.304433964976585120e-02
2.177257525083611771e-08 3.226505159283573482e-02
2.187290969899665247e-08 3.146737394091884271e-02
2.197324414715718722e-08 3.076863264490459215e-02
2.207357859531772198e-08 3.025524557960061062e-02
2.217391304347825673e-08 2.996625621101575015e-02
2.227424749163879148e-08 2.988841712467599221e-02
2.237458193979932955e-08 2.996320219268278420e-02
2.247491638795986430e-08 3.010294622151912791e-02
2.257525083612039905e-08 3.021110598246103465e-02
2.267558528428093381e-08 3.020107828695816829e-02
2.277591973244146856e-08 3.000920666986178070e-02
2.287625418060200332e-08 2.960005852234602261e-02
2.297658862876253807e-08 2.896483249543358590e-02
2.307692307692307282e-08 2.811584883850022989e-02
2.317725752508360758e-08 2.708075921297322178e-02
2.327759197324414233e-08 2.589922038283333505e-02
2.337792642140468040e-08 2.462275542525009867e-02
2.347826086956521515e-08 2.331626267166509239e-02
2.357859531772574990e-08 2.205810723918410002e-02
2.367892976588628466e-08 2.093563683231456155e-02
2.377926421404681941e-08 2.003443551465727487e-02
2.387959866220735417e-08 1.942217534767309156e-02
2.397993311036788892e-08 1.913060384530246294e-02
2.408026755852842367e-08 1.914096573597212636e-02
2.418060200668895843e-08 1.937823224005260497e-02
2.428093645484949649e-08 1.971770200989485244e-02
2.438127090301003124e-08 2.000430360847784556e-02
2.448160535117056600e-08 2.008123919262743556e-02
2.458193979933110075e-08 1.982162016562859230e-02
2.468227424749163551e-08 1.915541961429021584e-02
2.478260869565217026e-08 1.808485794977433836e-02
2.488294314381270501e-08 1.668405765349771988e-02
2.498327759197323977e-08 1.508269054628945567e-02
2.508361204013377452e-08 1.343731575932083193e-02
2.518394648829430928e-08 1.189709962469763516e-02
2.528428093645484734e-08 1.057186829918251893e-02
2.538461538461538209e-08 9.509722522711516399e-03
2.548494983277591685e-08 8.689023141825773927e-03
2.558528428093645160e-08 8.026122428112776250e-03
2.568561872909698635e-08 7.396643698242178974e-03
2.578595317725752111e-08 6.665225644930987403e-03
2.588628762541805586e-08 5.717036826289905414e-03
2.598662207357859062e-08 4.484280646680284185e-03
2.608695652173912537e-08 2.962256094011949618e-03
2.618729096989966343e-08 1.211936980636088004e-03
2.628762541806019819e-08 -6.510697277328961847e-04
2.638795986622073294e-08 -2.478534869463385956e-03
2.648829431438126769e-08 -4.117801403586368245e-03
2.658862876254180245e-08 -5.440298053914830595e-03
2.668896321070233720e-08 -6.364668048492890667e-03
2.678929765886287196e-08 -6.870136934225988881e-03
2.688963210702340671e-08 -6.997929059680306658e-03
2.698996655518394146e-08 -6.841092072797527561e-03
2.709030100334447622e-08 -6.525432604030879415e-03
2.719063545150501428e-08 -6.185890403442817660e-03
2.729096989966554904e-08 -5.943253118621065131e-03
2.739130434782608379e-08 -5.885579334070685335e-03
2.749163879598661854e-08 -6.057273736545918177e-03
2.759197324414715330e-08 -6.456875624238438659e-03
2.769230769230768805e-08 -7.042787351821610045e-03
2.779264214046822281e-08 -7.744812988775562519e-03
2.789297658862875756e-08 -8.478732256437337619e-03
2.799331103678929231e-08 -9.161189258443488970e-03
2.809364548494983038e-08 -9.722715901312371789e-03
2.819397993311036513e-08 -1.011743134480684939e-02
2.829431438127089988e-08 -1.032859902872240374e-02
2.839464882943143464e-08 -1.036966299549554361e-02
2.849498327759196939e-08 -1.028067681811231995e-02
2.859531772575250415e-08 -1.012034604994795778e-02
2.869565217391303890e-08 -9.954392464253572492e-03
2.879598662207357365e-08 -9.841660404699015957e-03
2.889632107023410841e-08 -9.820183756861847191e-03
2.899665551839464316e-08 -9.896018767712462527e-03
2.909698996655518122e-08 -1.003767837461337978e-02
2.919732441471571598e-08 -1.017824343482634508e-02
2.929765886287625073e-08 -1.022568860402531601e-02
2.939799331103678549e-08 -1.007996008241225649e-02
2.949832775919732024e-08 -9.653430009382438573e-03
2.959866220735785499e-08 -8.890145005526706168e-03
2.969899665551838975e-08 -7.779248372225315566e-03
2.979933110367892450e-08 -6.359212270303749373e-03
2.989966555183946256e-08 -4.711777480986277175e-03
2.999999999999999732e-08 -2.947127225187519579e-03
