0.000000000000000000e+00 9.999999999999995559e-01
1.003344481605351029e-10 5.776089261356446292e-01
2.006688963210702059e-10 3.941327164207713563e-01
3.010033444816052959e-10 2.623668442813140156e-01
4.013377926421404118e-10 1.319735132993182236e-01
5.016722408026755277e-10 6.663432342291635002e-02
6.020066889632105918e-10 2.694861498115655798e-02
7.023411371237457594e-10 -1.355190310339557738e-02
8.026755852842808236e-10 -1.264050720119695714e-02
9.030100334448158877e-10 -1.018660881432379220e-02
1.003344481605351055e-09 -9.627221933788761635e-03
1.103678929765886223e-09 5.981884004916926921e-03
1.204013377926421184e-09 1.588814010951723754e-02
1.304347826086956351e-09 2.111420339399482440e-02
1.404682274247491519e-09 2.081222133144065845e-02
1.505016722408026480e-09 1.956602583480681473e-02
1.605351170568561647e-09 2.221950546131383486e-02
1.705685618729096815e-09 2.051366320164507012e-02
1.806020066889631775e-09 1.969845972680953072e-02
1.906354515050166943e-09 2.807165662277087345e-02
2.006688963210702111e-09 3.488048753057319123e-02
2.107023411371237278e-09 3.165687682174254253e-02
2.207357859531772446e-09 3.148347676673270840e-02
2.307692307692307200e-09 2.965759752550762782e-02
2.408026755852842367e-09 1.952178428215498029e-02
2.508361204013377535e-09 1.712708824169939525e-02
2.608695652173912702e-09 6.116719152905558503e-03
2.709030100334447870e-09 -6.978824286099572644e-03
2.809364548494983038e-09 -8.059930902141434345e-03
2.909698996655517792e-09 -9.823221248127249686e-03
3.010033444816052959e-09 -5.974179971048744486e-03
3.110367892976588127e-09 5.961945908702238200e-03
3.210702341137123294e-09 8.214074640523089457e-03
3.311036789297658462e-09 8.270231522883001937e-03
3.411371237458193629e-09 6.818377193895934496e-03
3.511705685618728797e-09 7.622024816638994955e-03
3.612040133779263551e-09 3.133315849551251628e-03
3.712374581939798719e-09 4.472014790069160986e-03
3.812709030100333886e-09 1.130185159937776261e-02
3.913043478260868640e-09 1.339110258934811393e-02
4.013377926421404221e-09 1.193497499964211485e-02
4.113712374581938975e-09 1.317253592371686426e-02
4.214046822742474556e-09 1.049240359062882273e-02
4.314381270903009310e-09 1.165261586482711775e-02
4.414715719063544892e-09 7.381124880038046968e-03
4.515050167224079646e-09 2.150804851989335069e-03
4.615384615384614399e-09 2.943483703774531050e-03
4.715719063545149981e-09 4.282153132363418317e-04
4.816053511705684735e-09 -1.643226956251462581e-03
4.916387959866220316e-09 1.984208369000357505e-04
5.016722408026755070e-09 1.728633761677844096e-03
5.117056856187290651e-09 -2.348463264380750651e-04
5.217391304347825405e-09 3.563894135634993431e-04
5.317725752508360159e-09 3.792913711229192048e-04
5.418060200668895740e-09 5.461625885138177497e-03
5.518394648829430494e-09 7.609185031013157401e-03
5.618729096989966075e-09 1.162076815135701033e-02
5.719063545150500829e-09 1.123214103829679560e-02
5.819397993311035583e-09 1.210534289974160051e-02
5.919732441471571164e-09 1.164810813209847182e-02
6.020066889632105918e-09 1.514754177630557586e-02
6.120401337792641499e-09 1.396916568704479993e-02
6.220735785953176253e-09 1.252972218553632250e-02
6.321070234113711835e-09 1.468998937174592449e-02
6.421404682274246589e-09 1.210703166044646735e-02
6.521739130434781343e-09 4.898791245481736931e-03
6.622073578595316924e-09 7.525959336482464755e-03
6.722408026755851678e-09 2.523151919942402156e-03
6.822742474916387259e-09 -9.559908459627410341e-04
6.923076923076922013e-09 -2.414597724769295024e-04
7.023411371237457594e-09 -8.538919453388147838e-04
7.123745819397992348e-09 -7.687257454918980815e-04
7.224080267558527102e-09 3.914877987808551736e-03
7.324414715719062683e-09 9.411457289799468953e-03
7.424749163879597437e-09 6.234016060029889256e-03
7.525083612040133018e-09 5.821653794601635776e-03
7.625418060200667772e-09 5.231420125420962325e-03
7.725752508361202526e-09 1.485619906849083502e-02
7.826086956521737280e-09 1.112086433495733731e-02
7.926421404682273689e-09 1.192938406586246426e-02
8.026755852842808442e-09 1.202625827483890311e-02
8.127090301003343196e-09 7.373388026139827967e-03
8.227424749163877950e-09 3.927151998752593035e-03
8.327759197324414359e-09 3.953787654215177097e-03
8.428093645484949113e-09 9.324940406726392461e-03
8.528428093645483867e-09 3.314710803507638255e-03
8.628762541806018621e-09 5.026013426377720639e-03
8.729096989966553375e-09 4.053704200508450109e-03
8.829431438127089783e-09 2.904333302494420399e-03
8.929765886287624537e-09 -9.276044111770161051e-04
9.030100334448159291e-09 4.221208887544578361e-03
9.130434782608694045e-09 8.563269384615860083e-03
9.230769230769228799e-09 1.331263366852748417e-02
9.331103678929765207e-09 1.070540536815285616e-03
9.431438127090299961e-09 5.607127655227032298e-03
9.531772575250834715e-09 3.467584649508196476e-03
9.632107023411369469e-09 5.615860132542670712e-03
9.732441471571904223e-09 4.220792387200832281e-03
9.832775919732440632e-09 9.413733756185180962e-03
9.933110367892975386e-09 9.613867362315193371e-03
1.003344481605351014e-08 4.555595039398029067e-03
1.013377926421404489e-08 5.115237789773597124e-03
1.023411371237458130e-08 1.103744269624773976e-02
1.033444816053511606e-08 8.346065320110764019e-03
1.043478260869565081e-08 8.696738220638610545e-03
1.053511705685618556e-08 5.934012877621887283e-03
1.063545150501672032e-08 6.193335073683609894e-03
1.073578595317725673e-08 3.266309561710774041e-03
1.083612040133779148e-08 6.161787280535213282e-03
1.093645484949832623e-08 7.235745802446498162e-03
1.103678929765886099e-08 5.672371843753659659e-03
1.113712374581939574e-08 4.099644470663082671e-03
1.123745819397993215e-08 3.377095763561491475e-03
1.133779264214046690e-08 3.382207165685696421e-03
1.143812709030100166e-08 5.577375656756809828e-05
1.153846153846153641e-08 -9.644315471072717819e-05
1.163879598662207117e-08 1.425448485758920450e-04
1.173913043478260757e-08 5.551344959246944620e-03
1.183946488294314233e-08 6.993933052392611004e-03
1.193979933110367708e-08 9.547679759346013040e-03
1.204013377926421184e-08 1.162635301126578764e-02
1.214046822742474824e-08 1.225773973008352155e-02
1.224080267558528300e-08 7.478259424022106611e-03
1.234113712374581775e-08 5.282665224398183819e-03
1.244147157190635251e-08 6.454526746783913714e-03
1.254180602006688726e-08 1.103236816706762262e-02
1.264214046822742367e-08 3.670073337675174539e-03
1.274247491638795842e-08 4.976130973273313121e-03
1.284280936454849318e-08 4.595149265502929299e-03
1.294314381270902793e-08 5.291623779573554221e-04
1.304347826086956269e-08 4.262812611458082455e-03
1.314381270903009909e-08 3.672960404471768431e-03
1.324414715719063385e-08 9.641811797660266095e-03
1.334448160535116860e-08 2.934687088057768168e-03
1.344481605351170336e-08 3.429766390212926966e-03
1.354515050167223811e-08 6.459968021030289449e-03
1.364548494983277452e-08 3.375803449001860568e-03
1.374581939799330927e-08 1.042966777082766743e-02
1.384615384615384403e-08 1.096129002228001664e-02
1.394648829431437878e-08 1.161224650054903419e-02
1.404682274247491519e-08 1.575133913175112352e-02
1.414715719063544994e-08 1.164574061779022514e-02
1.424749163879598470e-08 5.524839040258980316e-03
1.434782608695651945e-08 9.054626195935507049e-03
1.444816053511705420e-08 5.899925840636041120e-03
1.454849498327759061e-08 8.833858562312472615e-03
1.464882943143812537e-08 8.143447677851405053e-03
1.474916387959866012e-08 3.901076921708844080e-03
1.484949832775919487e-08 7.764860737320102707e-03
1.494983277591973128e-08 7.592977418621412594e-03
1.505016722408026604e-08 8.606469682818234518e-03
1.515050167224080079e-08 1.287809545076058944e-02
1.525083612040133554e-08 1.053008588704735897e-02
1.535117056856187030e-08 8.017146833031419187e-03
1.545150501672240505e-08 7.597473558184597922e-03
1.555183946488293981e-08 6.785736452616653036e-03
1.565217391304347456e-08 1.114077679330096812e-02
1.575250836120401262e-08 9.375162408570865760e-03
1.585284280936454738e-08 7.345253890132781224e-03
1.595317725752508213e-08 7.354358743166282061e-03
1.605351170568561688e-08 6.887225741082774431e-03
1.615384615384615164e-08 1.086239376621132673e-02
1.625418060200668639e-08 8.005996254271402143e-03
1.635451505016722115e-08 9.336584567086188974e-03
1.645484949832775590e-08 7.113783602027897411e-03
1.655518394648829065e-08 6.499313628378615253e-03
1.665551839464882872e-08 4.858022457211657458e-03
1.675585284280936347e-08 4.366537600151605691e-03
1.685618729096989823e-08 -1.516628531625018646e-03
1.695652173913043298e-08 -2.758126894718901032e-03
1.705685618729096773e-08 -1.017307278704023682e-03
1.715719063545150249e-08 3.948342575420529452e-03
1.725752508361203724e-08 3.598102280305286518e-03
1.735785953177257200e-08 6.344281386079116819e-03
1.745819397993310675e-08 8.791778991609161195e-03
1.755852842809364150e-08 9.449006958465950082e-03
1.765886287625417957e-08 1.137805179289305864e-02
1.775919732441471432e-08 7.082188940635861414e-03
1.785953177257524907e-08 7.150191963242657697e-03
1.795986622073578383e-08 9.959586762685096809e-03
1.806020066889631858e-08 1.264877494968042609e-02
1.816053511705685334e-08 9.306223376077421561e-03
1.826086956521738809e-08 9.290202510300420852e-03
1.836120401337792284e-08 6.606961044514496860e-03
1.846153846153845760e-08 7.631714140905655579e-03
1.856187290969899566e-08 1.140714455697350305e-02
1.866220735785953041e-08 8.126408372572887368e-03
1.876254180602006517e-08 6.614003427925516446e-03
1.886287625418059992e-08 4.267375724837053561e-03
1.896321070234113468e-08 6.125660486884298289e-03
1.906354515050166943e-08 8.753197773374134585e-03
1.916387959866220418e-08 8.763879623663751312e-03
1.926421404682273894e-08 9.006953462508746414e-03
1.936454849498327369e-08 1.302308726165342552e-02
1.946488294314380845e-08 6.424123319590060478e-03
1.956521739130434651e-08 1.060388527315046271e-02
1.966555183946488126e-08 8.552532264861439915e-03
1.976588628762541602e-08 9.393628316884275117e-03
1.986622073578595077e-08 5.477051581904486544e-03
1.996655518394648553e-08 3.492242965385272159e-03
2.006688963210702028e-08 5.286999187626123531e-03
2.016722408026755503e-08 5.709392186362953481e-03
2.026755852842808979e-08 6.048361380858773700e-03
2.036789297658862454e-08 7.497830990997313323e-03
2.046822742474916260e-08 4.686978046746266210e-03
2.056856187290969736e-08 7.055950701231313536e-03
2.066889632107023211e-08 4.114292686647798812e-03
2.076923076923076687e-08 8.433414051670822323e-03
2.086956521739130162e-08 6.708103401334881109e-03
2.096989966555183637e-08 1.026685517275764160e-02
2.107023411371237113e-08 1.307026755715224274e-02
2.117056856187290588e-08 1.315484569639442831e-02
2.127090301003344064e-08 1.038949471622614001e-02
2.137123745819397539e-08 8.257681151675685255e-03
2.147157190635451345e-08 7.248664564422848886e-03
2.157190635451504821e-08 1.289694333892961106e-02
2.167224080267558296e-08 1.649367972914129316e-02
2.177257525083611771e-08 1.411077209105520563e-02
2.187290969899665247e-08 1.612907036566185726e-02
2.197324414715718722e-08 1.274100812182915252e-02
2.207357859531772198e-08 1.176011104385772318e-02
2.217391304347825673e-08 5.661057149332593755e-03
2.227424749163879148e-08 5.169716200009593504e-03
2.237458193979932955e-08 3.692074916397261077e-03
2.247491638795986430e-08 9.460112574415051670e-03
2.257525083612039905e-08 1.171057429491326185e-02
2.267558528428093381e-08 6.786755754969603545e-03
2.277591973244146856e-08 9.021468215486343548e-03
2.287625418060200332e-08 9.748935477380293521e-03
2.297658862876253807e-08 7.228964622059517661e-03
2.307692307692307282e-08 3.088823780140403322e-04
2.317725752508360758e-08 1.915923031621696079e-03
2.327759197324414233e-08 -3.360699155167224533e-03
2.337792642140468040e-08 -2.793480227867737795e-06
2.347826086956521515e-08 9.087267816790954751e-04
2.357859531772574990e-08 1.163582101379373240e-04
2.367892976588628466e-08 7.142975319450104582e-03
2.377926421404681941e-08 1.263106704386000867e-02
2.387959866220735417e-08 9.396352587328429123e-03
2.397993311036788892e-08 6.242572238527117380e-03
2.408026755852842367e-08 1.349314906347495908e-02
2.418060200668895843e-08 2.721567904820909860e-03
2.428093645484949649e-08 7.499554364167034057e-04
2.438127090301003124e-08 3.234442469482042351e-03
2.448160535117056600e-08 5.571345132578816965e-03
2.458193979933110075e-08 6.525468509009368923e-04
2.468227424749163551e-08 6.857393308310927825e-03
2.478260869565217026e-08 -6.730739356180962885e-04
2.488294314381270501e-08 3.952894404924910642e-03
2.498327759197323977e-08 8.758807983003848857e-03
2.508361204013377452e-08 7.629745461322016455e-03
2.518394648829430928e-08 7.660436787642847280e-03
2.528428093645484734e-08 8.579956750931479886e-03
2.538461538461538209e-08 1.282278127371707342e-02
2.548494983277591685e-08 1.108660764704167204e-02
2.558528428093645160e-08 1.483828912449490847e-02
2.568561872909698635e-08 1.149812994068527029e-02
2.578595317725752111e-08 8.820108928915101204e-03
2.588628762541805586e-08 9.885610582562230630e-03
2.598662207357859062e-08 6.256365747980330294e-03
2.608695652173912537e-08 3.893742369190299375e-03
2.618729096989966343e-08 3.977272024943958803e-03
2.628762541806019819e-08 2.201588258763337129e-03
2.638795986622073294e-08 9.349169457617652812e-04
2.648829431438126769e-08 4.581071166045950355e-03
2.658862876254180245e-08 4.048866766838663672e-03
2.668896321070233720e-08 2.275106135221095435e-03
2.678929765886287196e-08 5.033787118685287797e-03
2.688963210702340671e-08 4.152720788133143319e-03
2.698996655518394146e-08 5.092843002166042195e-03
2.709030100334447622e-08 6.034053074933432882e-03
2.719063545150501428e-08 6.984972926346157650e-03
2.729096989966554904e-08 5.339743777226765679e-03
2.739130434782608379e-08 4.194523246245465339e-03
2.749163879598661854e-08 6.446610799397890085e-03
2.759197324414715330e-08 9.121262914099020208e-03
2.769230769230768805e-08 1.489024609859696674e-02
2.779264214046822281e-08 8.784551179591489067e-03
2.789297658862875756e-08 5.216240966958006313e-03
2.799331103678929231e-08 5.984470215971198805e-03
2.809364548494983038e-08 9.134360753265154467e-03
2.819397993311036513e-08 -2.256469447918166954e-04
2.829431438127089988e-08 5.821135488664632048e-03
2.839464882943143464e-08 8.212865143112306476e-03
2.849498327759196939e-08 8.725496075346199018e-03
2.859531772575250415e-08 4.957722202795647806e-03
2.869565217391303890e-08 6.849452166433914191e-03
2.879598662207357365e-08 4.491208096095128388e-03
2.889632107023410841e-08 8.176475581842826412e-03
2.899665551839464316e-08 9.671750776327621771e-03
2.909698996655518122e-08 6.979821080295808833e-03
2.919732441471571598e-08 6.276006040769968770e-03
2.929765886287625073e-08 5.915244198749126589e-03
2.939799331103678549e-08 8.080846935133520134e-03
2.949832775919732024e-08 5.839791537192616337e-03
2.959866220735785499e-08 8.204886120331095559e-03
2.969899665551838975e-08 6.319673408389210947e-03
2.979933110367892450e-08 5.193551747453657372e-03
2.989966555183946256e-08 4.376129949134845674e-03
2.999999999999999732e-08 8.394333715696294246e-03
