0.000000000000000000e+00 9.999999999999995559e-01
1.003344481605351029e-10 -8.689740226464848227e-03
2.006688963210702059e-10 3.369236383330234674e-02
3.010033444816052959e-10 -9.305379041382349711e-03
4.013377926421404118e-10 1.226487898908824870e-02
5.016722408026755277e-10 9.637548121443795680e-04
6.020066889632105918e-10 1.245761117033914074e-02
7.023411371237457594e-10 1.396606887508632013e-04
8.026755852842808236e-10 1.358308732767963926e-02
9.030100334448158877e-10 -3.047438421061751624e-04
1.003344481605351055e-09 9.479986441778240000e-03
1.103678929765886223e-09 7.207693484106937956e-03
1.204013377926421184e-09 8.861385143353023297e-03
1.304347826086956351e-09 2.622898205420195420e-03
1.404682274247491519e-09 1.075442184563647936e-02
1.505016722408026480e-09 6.508088394473534113e-03
1.605351170568561647e-09 9.551612735263193335e-03
1.705685618729096815e-09 -3.606445058511626757e-03
1.806020066889631775e-09 6.869016575887654762e-03
1.906354515050166943e-09 4.856429239318935109e-03
2.006688963210702111e-09 4.282979474048012776e-03
2.107023411371237278e-09 6.504132534228430733e-03
2.207357859531772446e-09 1.610745303389220923e-02
2.307692307692307200e-09 1.015411885848667081e-02
2.408026755852842367e-09 1.027898286011963078e-02
2.508361204013377535e-09 3.532624224887781841e-03
2.608695652173912702e-09 9.277114031340433220e-03
2.709030100334447870e-09 4.846040751294133052e-03
2.809364548494983038e-09 6.457344378748580520e-03
2.909698996655517792e-09 6.970190419596337082e-03
3.010033444816052959e-09 4.282247675364858099e-03
3.110367892976588127e-09 2.839665416809175613e-03
3.210702341137123294e-09 9.170414207149561389e-03
3.311036789297658462e-09 5.848864780102598464e-03
3.411371237458193629e-09 6.372420671801029037e-03
3.511705685618728797e-09 1.143166382724697741e-02
3.612040133779263551e-09 2.792939730837590024e-03
3.712374581939798719e-09 7.639194057180248576e-03
3.812709030100333886e-09 1.197152394970739755e-04
3.913043478260868640e-09 1.428597168184667608e-02
4.013377926421404221e-09 3.426271553945246275e-03
4.113712374581938975e-09 5.847877191951048395e-03
4.214046822742474556e-09 5.550215358728904924e-03
4.314381270903009310e-09 1.232053681850337444e-02
4.414715719063544892e-09 1.063250715289760975e-03
4.515050167224079646e-09 1.333474839997045996e-02
4.615384615384614399e-09 8.160338067613403211e-04
4.715719063545149981e-09 6.652218094480932299e-03
4.816053511705684735e-09 8.653983924565266869e-03
4.916387959866220316e-09 6.609831567819268207e-03
5.016722408026755070e-09 4.294707938402629946e-03
5.117056856187290651e-09 8.758630406174767319e-03
5.217391304347825405e-09 7.997236321678757864e-03
5.317725752508360159e-09 7.426491360387725213e-03
5.418060200668895740e-09 5.982096860307626468e-03
5.518394648829430494e-09 1.240783774043656071e-02
5.618729096989966075e-09 6.022761751676948723e-03
5.719063545150500829e-09 1.028482907040802370e-02
5.819397993311035583e-09 2.700636054939357066e-03
5.919732441471571164e-09 9.926679461855341183e-03
6.020066889632105918e-09 1.209452647950463693e-02
6.120401337792641499e-09 1.811602307061400442e-03
6.220735785953176253e-09 5.504485733247630949e-03
6.321070234113711835e-09 5.797661976691873172e-03
6.421404682274246589e-09 1.212896767047392556e-02
6.521739130434781343e-09 1.100758064973553566e-02
6.622073578595316924e-09 4.290571276040682468e-03
6.722408026755851678e-09 7.799545236754632134e-03
6.822742474916387259e-09 6.275037862049588633e-03
6.923076923076922013e-09 3.415974474484214079e-03
7.023411371237457594e-09 4.224492496920528861e-03
7.123745819397992348e-09 8.869321637824551310e-03
7.224080267558527102e-09 1.072632015134255927e-02
7.324414715719062683e-09 6.780476992882185014e-03
7.424749163879597437e-09 4.043963633891940919e-03
7.525083612040133018e-09 7.870682349364183789e-03
7.625418060200667772e-09 5.710583550357164334e-03
7.725752508361202526e-09 4.204699046606739411e-03
7.826086956521737280e-09 5.780896127123299512e-03
7.926421404682273689e-09 1.203929144107023300e-02
8.026755852842808442e-09 6.408066357427457012e-03
8.127090301003343196e-09 7.825504083962920437e-03
8.227424749163877950e-09 4.509142788009605322e-03
8.327759197324414359e-09 5.860768191988897577e-03
8.428093645484949113e-09 1.001132139064069872e-02
8.528428093645483867e-09 4.682984115449688282e-03
8.628762541806018621e-09 8.417251391793036108e-03
8.729096989966553375e-09 9.042308079425841541e-04
8.829431438127089783e-09 1.069429392254821719e-02
8.929765886287624537e-09 1.967459316549033041e-03
9.030100334448159291e-09 -1.347874018755421469e-03
9.130434782608694045e-09 6.944576390417180403e-03
9.230769230769228799e-09 7.247679064674469700e-03
9.331103678929765207e-09 8.496659052653529262e-03
9.431438127090299961e-09 6.555587383485688389e-03
9.531772575250834715e-09 6.885237895843885833e-03
9.632107023411369469e-09 5.861442895892429381e-03
9.732441471571904223e-09 8.532145308765958641e-03
9.832775919732440632e-09 9.625273983746509762e-03
9.933110367892975386e-09 1.340844061657334510e-02
1.003344481605351014e-08 5.649127185772610284e-03
1.013377926421404489e-08 6.143221296187370561e-03
1.023411371237458130e-08 2.065197143267072204e-03
1.033444816053511606e-08 6.208515264476564301e-03
1.043478260869565081e-08 4.455529912714980591e-03
1.053511705685618556e-08 1.882210229900772944e-03
1.063545150501672032e-08 8.271408822081728271e-03
1.073578595317725673e-08 5.341703875638654196e-03
1.083612040133779148e-08 7.909749656142144730e-03
1.093645484949832623e-08 5.851220338775556945e-03
1.103678929765886099e-08 7.460529741118304345e-03
1.113712374581939574e-08 5.368791128831232502e-03
1.123745819397993215e-08 7.507346293222998644e-03
1.133779264214046690e-08 8.074827872865134037e-03
1.143812709030100166e-08 9.879428966086399241e-03
1.153846153846153641e-08 4.888673196915556407e-03
1.163879598662207117e-08 1.419526778821172258e-02
1.173913043478260757e-08 4.724546292608214175e-03
1.183946488294314233e-08 9.011280441839452163e-03
1.193979933110367708e-08 6.511356915145294008e-03
1.204013377926421184e-08 1.130710094809815082e-02
1.214046822742474824e-08 7.259300222448347717e-03
1.224080267558528300e-08 1.085395369037882307e-02
1.234113712374581775e-08 8.394742897857522881e-03
1.244147157190635251e-08 8.828134362232864865e-03
1.254180602006688726e-08 2.991093625223688584e-03
1.264214046822742367e-08 1.205029296615170269e-02
1.274247491638795842e-08 4.110888475044366733e-03
1.284280936454849318e-08 8.471905671806457747e-03
1.294314381270902793e-08 8.812241492638941964e-03
1.304347826086956269e-08 6.293771485417656679e-03
1.314381270903009909e-08 6.190919659337846929e-03
1.324414715719063385e-08 6.097395686634736293e-03
1.334448160535116860e-08 7.916384470149525482e-03
1.344481605351170336e-08 5.212008353446045614e-03
1.354515050167223811e-08 7.217703412007910220e-03
1.364548494983277452e-08 4.836063197750134664e-03
1.374581939799330927e-08 3.768663697059261228e-03
1.384615384615384403e-08 9.078547343604644049e-03
1.394648829431437878e-08 7.312601966681425182e-03
1.404682274247491519e-08 9.407849901717007732e-03
1.414715719063544994e-08 7.977445776712294850e-03
1.424749163879598470e-08 7.850835158585730070e-03
1.434782608695651945e-08 5.249857654074244553e-03
1.444816053511705420e-08 1.442281005959812276e-02
1.454849498327759061e-08 3.147966375728979485e-03
1.464882943143812537e-08 9.435020290000296905e-03
1.474916387959866012e-08 1.024553301644186114e-02
1.484949832775919487e-08 1.253176972412786520e-02
1.494983277591973128e-08 7.422104717318158545e-03
1.505016722408026604e-08 1.016924304628832876e-02
1.515050167224080079e-08 1.083089115070478940e-02
1.525083612040133554e-08 1.392681352432199524e-02
1.535117056856187030e-08 5.174258722271814562e-03
1.545150501672240505e-08 1.120292875193657466e-02
1.555183946488293981e-08 3.321581371023072174e-03
1.565217391304347456e-08 3.421094717067090993e-03
1.575250836120401262e-08 1.090931781341989912e-02
1.585284280936454738e-08 4.988007484785701197e-03
1.595317725752508213e-08 8.632979635924978301e-03
1.605351170568561688e-08 6.278196295268050238e-03
1.615384615384615164e-08 6.480137018728089789e-03
1.625418060200668639e-08 8.223926165747488110e-03
1.635451505016722115e-08 3.140586586815275957e-03
1.645484949832775590e-08 7.723775144399455499e-03
1.655518394648829065e-08 2.886860175156626823e-03
1.665551839464882872e-08 2.873078428635355772e-03
1.675585284280936347e-08 3.926580688021756582e-03
1.685618729096989823e-08 5.198656051129149809e-03
1.695652173913043298e-08 9.686673440515792058e-03
1.705685618729096773e-08 6.011881035961505427e-04
1.715719063545150249e-08 1.036792522520036276e-03
1.725752508361203724e-08 8.637480097937464893e-03
1.735785953177257200e-08 1.360769878329655749e-02
1.745819397993310675e-08 9.033288165197706637e-03
1.755852842809364150e-08 6.407732398939765088e-03
1.765886287625417957e-08 1.225020220276678597e-02
1.775919732441471432e-08 3.626751503229337648e-03
1.785953177257524907e-08 4.876205595188586560e-03
1.795986622073578383e-08 3.406908486248579320e-03
1.806020066889631858e-08 3.219220531756512155e-03
1.816053511705685334e-08 8.915000330980015278e-03
1.826086956521738809e-08 1.246374462011091110e-02
1.836120401337792284e-08 7.659978206188501615e-03
1.846153846153845760e-08 1.178598397703036794e-02
1.856187290969899566e-08 6.030656594174203453e-03
1.866220735785953041e-08 7.362362108866324709e-03
1.876254180602006517e-08 6.206125466094321828e-03
1.886287625418059992e-08 9.873674522224928918e-03
1.896321070234113468e-08 1.271970822806046085e-02
1.906354515050166943e-08 1.142088802073160797e-02
1.916387959866220418e-08 9.306169681215210529e-03
1.926421404682273894e-08 1.188236933454021350e-02
1.936454849498327369e-08 1.181017020269449491e-02
1.946488294314380845e-08 -7.412281686739817087e-04
1.956521739130434651e-08 -3.860066592140648902e-04
1.966555183946488126e-08 3.085568603955142312e-03
1.976588628762541602e-08 1.738099813719848341e-02
1.986622073578595077e-08 8.337930353254079108e-03
1.996655518394648553e-08 1.193600986671109615e-02
2.006688963210702028e-08 1.068597956009379422e-03
2.016722408026755503e-08 3.372522733473371209e-03
2.026755852842808979e-08 5.148394249720005672e-03
2.036789297658862454e-08 1.186693393443553901e-02
2.046822742474916260e-08 9.357369588278909023e-03
2.056856187290969736e-08 4.999357479713438523e-03
2.066889632107023211e-08 6.484464606041666183e-03
2.076923076923076687e-08 6.764243943947303647e-03
2.086956521739130162e-08 9.364955974528086161e-03
2.096989966555183637e-08 8.813409395999586768e-03
2.107023411371237113e-08 6.553897093536561677e-03
2.117056856187290588e-08 6.572030934449036785e-03
2.127090301003344064e-08 9.168144182708953469e-03
2.137123745819397539e-08 1.032093261066004131e-02
2.147157190635451345e-08 1.205656600264325660e-02
2.157190635451504821e-08 6.037077373844987153e-03
2.167224080267558296e-08 7.311316852993133587e-03
2.177257525083611771e-08 1.071630360900986505e-02
2.187290969899665247e-08 -1.098067396943907745e-03
2.197324414715718722e-08 1.031321155221647835e-02
2.207357859531772198e-08 8.378801021740713353e-03
2.217391304347825673e-08 4.205770810424463817e-03
2.227424749163879148e-08 7.502743487827310750e-03
2.237458193979932955e-08 9.916580402593090302e-03
2.247491638795986430e-08 9.045968659679180790e-03
2.257525083612039905e-08 1.072660211944045927e-02
2.267558528428093381e-08 9.143736786446586204e-03
2.277591973244146856e-08 1.325642101245438388e-02
2.287625418060200332e-08 1.173601159953735484e-02
2.297658862876253807e-08 1.000335635480071456e-02
2.307692307692307282e-08 8.162508734693764770e-03
2.317725752508360758e-08 1.042925788309660012e-02
2.327759197324414233e-08 1.191086380489575665e-02
2.337792642140468040e-08 1.093229738176604987e-02
2.347826086956521515e-08 9.417632522159474079e-03
2.357859531772574990e-08 1.337960096259709249e-02
2.367892976588628466e-08 1.653061895791789427e-03
2.377926421404681941e-08 1.332875848193166603e-02
2.387959866220735417e-08 1.393685351776154839e-03
2.397993311036788892e-08 7.228294978705482668e-03
2.408026755852842367e-08 7.705806129835791364e-03
2.418060200668895843e-08 1.286055851412613946e-03
2.428093645484949649e-08 7.399221764917689181e-03
2.438127090301003124e-08 1.024342972496245993e-02
2.448160535117056600e-08 9.948505788892387028e-03
2.458193979933110075e-08 4.139886473097115910e-03
2.468227424749163551e-08 5.045526641416728589e-03
2.478260869565217026e-08 1.038068167577517117e-02
2.488294314381270501e-08 3.409335694132004796e-03
2.498327759197323977e-08 2.434361669776848470e-03
2.508361204013377452e-08 2.215345223185174409e-03
2.518394648829430928e-08 1.086923840622160652e-02
2.528428093645484734e-08 3.230945276165381620e-03
2.538461538461538209e-08 5.002357228982137749e-03
2.548494983277591685e-08 7.400048752737937302e-03
2.558528428093645160e-08 8.220403692327040573e-03
2.568561872909698635e-08 4.375018736529958166e-03
2.578595317725752111e-08 4.593820914431735389e-03
2.588628762541805586e-08 6.509412281611090360e-03
2.598662207357859062e-08 5.087935080312354016e-03
2.608695652173912537e-08 1.760682160278583116e-03
2.618729096989966343e-08 1.078097290218977058e-02
2.628762541806019819e-08 6.871523084119745065e-03
2.638795986622073294e-08 5.260058081597891386e-03
2.648829431438126769e-08 2.768200613233083411e-03
2.658862876254180245e-08 8.311375070811912943e-03
2.668896321070233720e-08 1.615111625885193953e-03
2.678929765886287196e-08 9.992979028347922024e-03
2.688963210702340671e-08 9.585137765211370264e-04
2.698996655518394146e-08 1.015790175595557461e-02
2.709030100334447622e-08 1.616890404526000538e-02
2.719063545150501428e-08 9.489532753504139467e-03
2.729096989966554904e-08 5.347905624522444196e-03
2.739130434782608379e-08 1.026233989377948845e-02
2.749163879598661854e-08 8.280800233354822931e-03
2.759197324414715330e-08 1.063012592386702176e-02
2.769230769230768805e-08 1.368912446238376886e-02
2.779264214046822281e-08 1.244801793901265281e-02
2.789297658862875756e-08 1.307804932212413250e-02
2.799331103678929231e-08 4.804589190319381517e-03
2.809364548494983038e-08 1.712079939229863837e-03
2.819397993311036513e-08 5.250741929894964591e-03
2.829431438127089988e-08 1.129524102063541972e-02
2.839464882943143464e-08 3.093647843444035685e-03
2.849498327759196939e-08 5.244778919825113066e-03
2.859531772575250415e-08 6.266963186112281363e-03
2.869565217391303890e-08 1.013611151535195182e-02
2.879598662207357365e-08 8.729716070113356305e-03
2.889632107023410841e-08 6.190726672245472524e-03
2.899665551839464316e-08 1.067520420095832180e-02
2.909698996655518122e-08 1.449078800435411006e-02
2.919732441471571598e-08 7.101658545937180288e-03
2.929765886287625073e-08 8.265873495715850283e-03
2.939799331103678549e-08 7.970338175790668903e-03
2.949832775919732024e-08 4.400948528787947470e-03
2.959866220735785499e-08 1.047743048917798396e-02
2.969899665551838975e-08 6.380948610255387024e-03
2.979933110367892450e-08 3.340058376618207890e-03
2.989966555183946256e-08 8.151453231843467512e-03
2.999999999999999732e-08 5.375307603376633554e-03
