0.000000000000000000e+00 9.999999999999995559e-01
1.003344481605351029e-10 9.999107192391524235e-01
2.006688963210702059e-10 9.996429742748499381e-01
3.010033444816052959e-10 9.991970568827902577e-01
4.013377926421404118e-10 9.985734527595040433e-01
5.016722408026755277e-10 9.977728406294349428e-01
6.020066889632105918e-10 9.967960909979082240e-01
7.023411371237457594e-10 9.956442645530240165e-01
8.026755852842808236e-10 9.943186102203848131e-01
9.030100334448158877e-10 9.928205628753823397e-01
1.003344481605351055e-09 9.911517407186291040e-01
1.103678929765886223e-09 9.893139423209059702e-01
1.204013377926421184e-09 9.873091433448089038e-01
1.304347826086956351e-09 9.851394929510449705e-01
1.404682274247491519e-09 9.828073098980788513e-01
1.505016722408026480e-09 9.803150783445574445e-01
1.605351170568561647e-09 9.776654433646405629e-01
1.705685618729096815e-09 9.748612061870295387e-01
1.806020066889631775e-09 9.719053191691303661e-01
1.906354515050166943e-09 9.688008805183850880e-01
2.006688963210702111e-09 9.655511287733898884e-01
2.107023411371237278e-09 9.621594370579300559e-01
2.207357859531772446e-09 9.586293071215876704e-01
2.307692307692307200e-09 9.549643631810089683e-01
2.408026755852842367e-09 9.511683455763543238e-01
2.508361204013377535e-09 9.472451042578271529e-01
2.608695652173912702e-09 9.431985921175035648e-01
2.709030100334447870e-09 9.390328581819908926e-01
2.809364548494983038e-09 9.347520406816783867e-01
2.909698996655517792e-09 9.303603600125576190e-01
3.010033444816052959e-09 9.258621116067436985e-01
3.110367892976588127e-09 9.212616587279417457e-01
3.210702341137123294e-09 9.165634252081824584e-01
3.311036789297658462e-09 9.117718881421637001e-01
3.411371237458193629e-09 9.068915705555170570e-01
3.511705685618728797e-09 9.019270340632711269e-01
3.612040133779263551e-09 8.968828715346419678e-01
3.712374581939798719e-09 8.917636997801636767e-01
3.812709030100333886e-09 8.865741522769546856e-01
3.913043478260868640e-09 8.813188719476854338e-01
4.013377926421404221e-09 8.760025040085416270e-01
4.113712374581938975e-09 8.706296889011497786e-01
4.214046822742474556e-09 8.652050553230783425e-01
4.314381270903009310e-09 8.597332133711460544e-01
4.414715719063544892e-09 8.542187478113182353e-01
4.515050167224079646e-09 8.486662114885267227e-01
4.615384615384614399e-09 8.430801188892436127e-01
4.715719063545149981e-09 8.374649398691131896e-01
4.816053511705684735e-09 8.318250935573903160e-01
4.916387959866220316e-09 8.261649424493471283e-01
5.016722408026755070e-09 8.204887866972045973e-01
5.117056856187290651e-09 8.148008586095065731e-01
5.217391304347825405e-09 8.091053173682081212e-01
5.317725752508360159e-09 8.034062439720655036e-01
5.418060200668895740e-09 7.977076364142388076e-01
5.518394648829430494e-09 7.920134051012999166e-01
5.618729096989966075e-09 7.863273685201314089e-01
5.719063545150500829e-09 7.806532491584706746e-01
5.819397993311035583e-09 7.749946696841184535e-01
5.919732441471571164e-09 7.693551493870903757e-01
6.020066889632105918e-09 7.637381008882506706e-01
6.120401337792641499e-09 7.581468271172130402e-01
6.220735785953176253e-09 7.525845185615641642e-01
6.321070234113711835e-09 7.470542507887136807e-01
6.421404682274246589e-09 7.415589822409476284e-01
6.521739130434781343e-09 7.361015523035348007e-01
6.622073578595316924e-09 7.306846796450211512e-01
6.722408026755851678e-09 7.253109608281478327e-01
6.822742474916387259e-09 7.199828691891262400e-01
6.923076923076922013e-09 7.147027539823584963e-01
7.023411371237457594e-09 7.094728397870062597e-01
7.123745819397992348e-09 7.042952261712021045e-01
7.224080267558527102e-09 6.991718876090722290e-01
7.324414715719062683e-09 6.941046736451589316e-01
7.424749163879597437e-09 6.890953093002640806e-01
7.525083612040133018e-09 6.841453957121940155e-01
7.625418060200667772e-09 6.792564110043938230e-01
7.725752508361202526e-09 6.744297113749585515e-01
7.826086956521737280e-09 6.696665323980746098e-01
7.926421404682273689e-09 6.649679905295233784e-01
8.026755852842808442e-09 6.603350848074904800e-01
8.127090301003343196e-09 6.557686987395741074e-01
8.227424749163877950e-09 6.512696023665703882e-01
8.327759197324414359e-09 6.468384544933226676e-01
8.428093645484949113e-09 6.424758050766794515e-01
8.528428093645483867e-09 6.381820977603868128e-01
8.628762541806018621e-09 6.339576725465636553e-01
8.729096989966553375e-09 6.298027685932657826e-01
8.829431438127089783e-09 6.257175271275361439e-01
8.929765886287624537e-09 6.217019944632625750e-01
9.030100334448159291e-09 6.177561251131339359e-01
9.130434782608694045e-09 6.138797849839729981e-01
9.230769230769228799e-09 6.100727546447622940e-01
9.331103678929765207e-09 6.063347326567408713e-01
9.431438127090299961e-09 6.026653389550433726e-01
9.531772575250834715e-09 5.990641182714900870e-01
9.632107023411369469e-09 5.955305435882827236e-01
9.732441471571904223e-09 5.920640196125681598e-01
9.832775919732440632e-09 5.886638862620302559e-01
9.933110367892975386e-09 5.853294221519368401e-01
1.003344481605351014e-08 5.820598480743199854e-01
1.013377926421404489e-08 5.788543304602864481e-01
1.023411371237458130e-08 5.757119848167553400e-01
1.033444816053511606e-08 5.726318791292790422e-01
1.043478260869565081e-08 5.696130372229586403e-01
1.053511705685618556e-08 5.666544420738446330e-01
1.063545150501672032e-08 5.637550390636254516e-01
1.073578595317725673e-08 5.609137391708038933e-01
1.083612040133779148e-08 5.581294220920048899e-01
1.093645484949832623e-08 5.554009392874904583e-01
1.103678929765886099e-08 5.527271169454117672e-01
1.113712374581939574e-08 5.501067588597853275e-01
1.123745819397993215e-08 5.475386492176503861e-01
1.133779264214046690e-08 5.450215552913306727e-01
1.143812709030100166e-08 5.425542300321987144e-01
1.153846153846153641e-08 5.401354145628219916e-01
1.163879598662207117e-08 5.377638405648332842e-01
1.173913043478260757e-08 5.354382325603534998e-01
1.183946488294314233e-08 5.331573100852524671e-01
1.193979933110367708e-08 5.309197897530033572e-01
1.204013377926421184e-08 5.287243872083404739e-01
1.214046822742474824e-08 5.265698189703735821e-01
1.224080267558528300e-08 5.244548041652564718e-01
1.234113712374581775e-08 5.223780661489212385e-01
1.244147157190635251e-08 5.203383340208143082e-01
1.254180602006688726e-08 5.183343440299563731e-01
1.264214046822742367e-08 5.163648408750356467e-01
1.274247491638795842e-08 5.144285789006081133e-01
1.284280936454849318e-08 5.125243231918210629e-01
1.294314381270902793e-08 5.106508505704084877e-01
1.304347826086956269e-08 5.088069504950103461e-01
1.314381270903009909e-08 5.069914258691552433e-01
1.324414715719063385e-08 5.052030937605109795e-01
1.334448160535116860e-08 5.034407860352498876e-01
1.344481605351170336e-08 5.017033499115937101e-01
1.354515050167223811e-08 4.999896484368007710e-01
1.364548494983277452e-08 4.982985608920310061e-01
1.374581939799330927e-08 4.966289831296689661e-01
1.384615384615384403e-08 4.949798278478143576e-01
1.394648829431437878e-08 4.933500248067443916e-01
1.404682274247491519e-08 4.917385209922326972e-01
1.414715719063544994e-08 4.901442807306560789e-01
1.424749163879598470e-08 4.885662857608515375e-01
1.434782608695651945e-08 4.870035352676887475e-01
1.444816053511705420e-08 4.854550458823014281e-01
1.454849498327759061e-08 4.839198516538830708e-01
1.464882943143812537e-08 4.823970039978821567e-01
1.474916387959866012e-08 4.808855716253519486e-01
1.484949832775919487e-08 4.793846404580961451e-01
1.494983277591973128e-08 4.778933135341321692e-01
1.505016722408026604e-08 4.764107109078349889e-01
1.515050167224080079e-08 4.749359695489770439e-01
1.525083612040133554e-08 4.734682432446790101e-01
1.535117056856187030e-08 4.720067025080990630e-01
1.545150501672240505e-08 4.705505344974730275e-01
1.555183946488293981e-08 4.690989429488842122e-01
1.565217391304347456e-08 4.676511481259074676e-01
1.575250836120401262e-08 4.662063867890166025e-01
1.585284280936454738e-08 4.647639121873801127e-01
1.595317725752508213e-08 4.633229940754024501e-01
1.605351170568561688e-08 4.618829187560847815e-01
1.615384615384615164e-08 4.604429891529937535e-01
1.625418060200668639e-08 4.590025249123397266e-01
1.635451505016722115e-08 4.575608625363642989e-01
1.645484949832775590e-08 4.561173555489491105e-01
1.655518394648829065e-08 4.546713746940490575e-01
1.665551839464882872e-08 4.532223081672669407e-01
1.675585284280936347e-08 4.517695618805818158e-01
1.685618729096989823e-08 4.503125597599557106e-01
1.695652173913043298e-08 4.488507440752534383e-01
1.705685618729096773e-08 4.473835758016274089e-01
1.715719063545150249e-08 4.459105350112420596e-01
1.725752508361203724e-08 4.444311212939485722e-01
1.735785953177257200e-08 4.429448542052563109e-01
1.745819397993310675e-08 4.414512737397033315e-01
1.755852842809364150e-08 4.399499408274884504e-01
1.765886287625417957e-08 4.384404378520033729e-01
1.775919732441471432e-08 4.369223691856906067e-01
1.785953177257524907e-08 4.353953617414559885e-01
1.795986622073578383e-08 4.338590655366824089e-01
1.806020066889631858e-08 4.323131542667200122e-01
1.816053511705685334e-08 4.307573258845843744e-01
1.826086956521738809e-08 4.291913031834507231e-01
1.836120401337792284e-08 4.276148343784241801e-01
1.846153846153845760e-08 4.260276936839610396e-01
1.856187290969899566e-08 4.244296818832369866e-01
1.866220735785953041e-08 4.228206268856973260e-01
1.876254180602006517e-08 4.212003842689777677e-01
1.886287625418059992e-08 4.195688378013608388e-01
1.896321070234113468e-08 4.179258999409290465e-01
1.906354515050166943e-08 4.162715123075819701e-01
1.916387959866220418e-08 4.146056461241249824e-01
1.926421404682273894e-08 4.129283026226803766e-01
1.936454849498327369e-08 4.112395134127406759e-01
1.946488294314380845e-08 4.095393408072758312e-01
1.956521739130434651e-08 4.078278781034007094e-01
1.966555183946488126e-08 4.061052498142390110e-01
1.976588628762541602e-08 4.043716118487498123e-01
1.986622073578595077e-08 4.026271516364418601e-01
1.996655518394648553e-08 4.008720881940645020e-01
2.006688963210702028e-08 3.991066721315522647e-01
2.016722408026755503e-08 3.973311855946901616e-01
2.026755852842808979e-08 3.955459421421851918e-01
2.036789297658862454e-08 3.937512865550413799e-01
2.046822742474916260e-08 3.919475945763774560e-01
2.056856187290969736e-08 3.901352725800633081e-01
2.066889632107023211e-08 3.883147571668041365e-01
2.076923076923076687e-08 3.864865146865653633e-01
2.086956521739130162e-08 3.846510406864921960e-01
2.096989966555183637e-08 3.828088592837556869e-01
2.107023411371237113e-08 3.809605224630322473e-01
2.117056856187290588e-08 3.791066092986045133e-01
2.127090301003344064e-08 3.772477251013588995e-01
2.137123745819397539e-08 3.753845004912347849e-01
2.147157190635451345e-08 3.735175903959710442e-01
2.157190635451504821e-08 3.716476729772758558e-01
2.167224080267558296e-08 3.697754484858304380e-01
2.177257525083611771e-08 3.679016380468172476e-01
2.187290969899665247e-08 3.660269823779347398e-01
2.197324414715718722e-08 3.641522404421330128e-01
2.207357859531772198e-08 3.622781880375677277e-01
2.217391304347825673e-08 3.604056163275221603e-01
2.227424749163879148e-08 3.585353303132990388e-01
2.237458193979932955e-08 3.566681472533155262e-01
2.247491638795986430e-08 3.548048950318674066e-01
2.257525083612039905e-08 3.529464104812392589e-01
2.267558528428093381e-08 3.510935376610455072e-01
2.277591973244146856e-08 3.492471260988755377e-01
2.287625418060200332e-08 3.474080289964905366e-01
2.297658862876253807e-08 3.455771014059910162e-01
2.307692307692307282e-08 3.437551983805113287e-01
2.317725752508360758e-08 3.419431731041366329e-01
2.327759197324414233e-08 3.401418750058519680e-01
2.337792642140468040e-08 3.383521478624333390e-01
2.347826086956521515e-08 3.365748278952727102e-01
2.357859531772574990e-08 3.348107418661961932e-01
2.367892976588628466e-08 3.330607051773805116e-01
2.377926421404681941e-08 3.313255199805086315e-01
2.387959866220735417e-08 3.296059733003126602e-01
2.397993311036788892e-08 3.279028351776533956e-01
2.408026755852842367e-08 3.262168568372579847e-01
2.418060200668895843e-08 3.245487688852035646e-01
2.428093645484949649e-08 3.228992795411729233e-01
2.438127090301003124e-08 3.212690729104351051e-01
2.448160535117056600e-08 3.196588073004153485e-01
2.458193979933110075e-08 3.180691135866047792e-01
2.468227424749163551e-08 3.165005936324444269e-01
2.478260869565217026e-08 3.149538187676710344e-01
2.488294314381270501e-08 3.134293283294606325e-01
2.498327759197323977e-08 3.119276282705386594e-01
2.508361204013377452e-08 3.104491898382343851e-01
2.518394648829430928e-08 3.089944483282722199e-01
2.528428093645484734e-08 3.075638019168709936e-01
2.538461538461538209e-08 3.061576105745100196e-01
2.548494983277591685e-08 3.047761950644846118e-01
2.558528428093645160e-08 3.034198360291339713e-01
2.568561872909698635e-08 3.020887731663691733e-01
2.578595317725752111e-08 3.007832044988739129e-01
2.588628762541805586e-08 2.995032857380804936e-01
2.598662207357859062e-08 2.982491297447494860e-01
2.608695652173912537e-08 2.970208060877054246e-01
2.618729096989966343e-08 2.958183407019930877e-01
2.628762541806019819e-08 2.946417156474360199e-01
2.638795986622073294e-08 2.934908689682855787e-01
2.648829431438126769e-08 2.923656946543596868e-01
2.658862876254180245e-08 2.912660427037800370e-01
2.668896321070233720e-08 2.901917192871208417e-01
2.678929765886287196e-08 2.891424870124985058e-01
2.688963210702340671e-08 2.881180652908404971e-01
2.698996655518394146e-08 2.871181308002889176e-01
2.709030100334447622e-08 2.861423180484173878e-01
2.719063545150501428e-08 2.851902200306615232e-01
2.729096989966554904e-08 2.842613889831017704e-01
2.739130434782608379e-08 2.833553372274709159e-01
2.749163879598661854e-08 2.824715381060107222e-01
2.759197324414715330e-08 2.816094270035565672e-01
2.769230769230768805e-08 2.807684024539947032e-01
2.779264214046822281e-08 2.799478273280133767e-01
2.789297658862875756e-08 2.791470300988567743e-01
2.799331103678929231e-08 2.783653061825886454e-01
2.809364548494983038e-08 2.776019193491832127e-01
2.819397993311036513e-08 2.768561032005869560e-01
2.829431438127089988e-08 2.761270627117270449e-01
2.839464882943143464e-08 2.754139758302995289e-01
2.849498327759196939e-08 2.747159951310276238e-01
2.859531772575250415e-08 2.740322495199668529e-01
2.869565217391303890e-08 2.733618459843211168e-01
2.879598662207357365e-08 2.727038713831470007e-01
2.889632107023410841e-08 2.720573942742454676e-01
2.899665551839464316e-08 2.714214667724790253e-01
2.909698996655518122e-08 2.707951264347073783e-01
2.919732441471571598e-08 2.701773981665040458e-01
2.929765886287625073e-08 2.695672961457998840e-01
2.939799331103678549e-08 2.689638257586012826e-01
2.949832775919732024e-08 2.683659855419439078e-01
2.959866220735785499e-08 2.677727691292731138e-01
2.969899665551838975e-08 2.671831671934859487e-01
2.979933110367892450e-08 2.665961693829276835e-01
2.989966555183946256e-08 2.660107662457082967e-01
2.999999999999999732e-08 2.654259511377878855e-01
