0.000000000000000000e+00 9.999999999999995559e-01
1.003344481605351029e-10 8.301711161945410020e-03
2.006688963210702059e-10 8.044897657692798298e-03
3.010033444816052959e-10 6.877777559121970793e-03
4.013377926421404118e-10 6.287531371178670982e-03
5.016722408026755277e-10 9.951292598512097992e-03
6.020066889632105918e-10 2.237737538518233104e-03
7.023411371237457594e-10 6.351274273437064292e-03
8.026755852842808236e-10 6.610681528442986614e-03
9.030100334448158877e-10 4.227245840841579658e-03
1.003344481605351055e-09 1.314729824792496352e-02
1.103678929765886223e-09 6.882609330750317361e-03
1.204013377926421184e-09 3.825843778243348883e-03
1.304347826086956351e-09 8.773434209949250787e-03
1.404682274247491519e-09 8.439580765809353777e-03
1.505016722408026480e-09 8.416608170563045360e-03
1.605351170568561647e-09 9.716721300904064898e-03
1.705685618729096815e-09 1.048178033336773056e-02
1.806020066889631775e-09 2.977091002322001384e-03
1.906354515050166943e-09 5.839404266502394233e-03
2.006688963210702111e-09 1.186275408899643488e-02
2.107023411371237278e-09 4.542185265526847704e-03
2.207357859531772446e-09 -7.139729664507205595e-04
2.307692307692307200e-09 8.700679038016240555e-03
2.408026755852842367e-09 2.308762397676232124e-04
2.508361204013377535e-09 1.474762291788593842e-03
2.608695652173912702e-09 5.955563594109841707e-03
2.709030100334447870e-09 5.729937652213594815e-03
2.809364548494983038e-09 4.096292698912693854e-03
2.909698996655517792e-09 1.198073010915393435e-02
3.010033444816052959e-09 4.898516288969038263e-03
3.110367892976588127e-09 1.211109513874409835e-02
3.210702341137123294e-09 4.826775909524434229e-03
3.311036789297658462e-09 1.244113082520575085e-02
3.411371237458193629e-09 1.428282101905094595e-02
3.511705685618728797e-09 7.978674970664423674e-03
3.612040133779263551e-09 4.279224061728838929e-03
3.712374581939798719e-09 4.505125796276701275e-03
3.812709030100333886e-09 9.463596834565005111e-03
3.913043478260868640e-09 6.781848805230477825e-03
4.013377926421404221e-09 7.252112155041962570e-03
4.113712374581938975e-09 3.331178025261124099e-03
4.214046822742474556e-09 6.776661941983524833e-03
4.314381270903009310e-09 6.380917191273804794e-03
4.414715719063544892e-09 1.305342060146622712e-02
4.515050167224079646e-09 6.842059926660102979e-03
4.615384615384614399e-09 2.108242425152447291e-04
4.715719063545149981e-09 5.805277404039113111e-03
4.816053511705684735e-09 7.481453896769515305e-03
4.916387959866220316e-09 5.133028773608947284e-03
5.016722408026755070e-09 7.583380436796566607e-03
5.117056856187290651e-09 1.076555323053590175e-02
5.217391304347825405e-09 1.057543959931110666e-02
5.317725752508360159e-09 1.042765605314404515e-02
5.418060200668895740e-09 1.019943030929363129e-02
5.518394648829430494e-09 9.237724574495597904e-03
5.618729096989966075e-09 8.211263817382826249e-03
5.719063545150500829e-09 6.447221828377034010e-03
5.819397993311035583e-09 1.085952429079359337e-03
5.919732441471571164e-09 9.737648624968021568e-03
6.020066889632105918e-09 8.988008243396704289e-03
6.120401337792641499e-09 9.695595886236115304e-03
6.220735785953176253e-09 3.505663971175802546e-03
6.321070234113711835e-09 1.210626345114438826e-02
6.421404682274246589e-09 5.538597644344746967e-03
6.521739130434781343e-09 1.655977033674072355e-02
6.622073578595316924e-09 9.463377577744959759e-03
6.722408026755851678e-09 6.513624252852471576e-03
6.822742474916387259e-09 1.129837307726634828e-02
6.923076923076922013e-09 5.327360133778629402e-03
7.023411371237457594e-09 2.413007595231816960e-03
7.123745819397992348e-09 9.159846050432020673e-03
7.224080267558527102e-09 5.519915578024996161e-03
7.324414715719062683e-09 1.425357979249690550e-02
7.424749163879597437e-09 8.946792463182430197e-03
7.525083612040133018e-09 9.461481711608123873e-03
7.625418060200667772e-09 8.578258838836791758e-03
7.725752508361202526e-09 8.983475487359440445e-03
7.826086956521737280e-09 6.625510996796923902e-03
7.926421404682273689e-09 1.237335290791593059e-02
8.026755852842808442e-09 1.093309590696190520e-02
8.127090301003343196e-09 1.006643747542107633e-03
8.227424749163877950e-09 8.242197600869151028e-03
8.327759197324414359e-09 1.144861986587376347e-02
8.428093645484949113e-09 6.732150033581916007e-03
8.528428093645483867e-09 4.791395189209745470e-03
8.628762541806018621e-09 6.173804679031077644e-03
8.729096989966553375e-09 1.081772263782718006e-02
8.829431438127089783e-09 7.921215958779174657e-03
8.929765886287624537e-09 1.121119171732921742e-02
9.030100334448159291e-09 6.642968681443111971e-03
9.130434782608694045e-09 1.034178685223765062e-02
9.230769230769228799e-09 1.240188705582268361e-02
9.331103678929765207e-09 1.499974836432071273e-02
9.431438127090299961e-09 7.395636257960610908e-03
9.531772575250834715e-09 2.732187096866066887e-03
9.632107023411369469e-09 8.628161302597607205e-03
9.732441471571904223e-09 1.172674414494341913e-03
9.832775919732440632e-09 8.081842807221229635e-03
9.933110367892975386e-09 8.706321548894663601e-03
1.003344481605351014e-08 6.354006105569937057e-03
1.013377926421404489e-08 7.501143831801868750e-03
1.023411371237458130e-08 2.289075877957669897e-03
1.033444816053511606e-08 8.714815565002103151e-03
1.043478260869565081e-08 7.234606347378360648e-03
1.053511705685618556e-08 9.795833499200233552e-03
1.063545150501672032e-08 1.463576881698958054e-02
1.073578595317725673e-08 4.142267200197231880e-03
1.083612040133779148e-08 1.315302505481892766e-02
1.093645484949832623e-08 9.620895344706578353e-03
1.103678929765886099e-08 3.953803136917322298e-05
1.113712374581939574e-08 1.139865527315002056e-02
1.123745819397993215e-08 5.149982189286902989e-03
1.133779264214046690e-08 4.433703309601247193e-03
1.143812709030100166e-08 7.279088013608756014e-03
1.153846153846153641e-08 2.911416394684829961e-03
1.163879598662207117e-08 7.710596677019140519e-03
1.173913043478260757e-08 8.909645280515368637e-03
1.183946488294314233e-08 5.333497031826025733e-03
1.193979933110367708e-08 1.215834360320756403e-02
1.204013377926421184e-08 1.991907107417538632e-03
1.214046822742474824e-08 2.783445264871447101e-03
1.224080267558528300e-08 4.160545489046728329e-03
1.234113712374581775e-08 9.261868305690435996e-03
1.244147157190635251e-08 1.574609581706226322e-02
1.254180602006688726e-08 5.115283524782605375e-03
1.264214046822742367e-08 9.156854721028300295e-03
1.274247491638795842e-08 8.331549906053649368e-03
1.284280936454849318e-08 7.795411464405582053e-03
1.294314381270902793e-08 1.228905708538856854e-02
1.304347826086956269e-08 8.849490526616156719e-03
1.314381270903009909e-08 7.087288831061267294e-03
1.324414715719063385e-08 7.092524813453873062e-03
1.334448160535116860e-08 7.829531232588872458e-03
1.344481605351170336e-08 8.685447948190306439e-03
1.354515050167223811e-08 3.953648815924451845e-03
1.364548494983277452e-08 7.511649633284774030e-03
1.374581939799330927e-08 8.909232824680351354e-03
1.384615384615384403e-08 5.682029107340051677e-03
1.394648829431437878e-08 9.364364410392036348e-03
1.404682274247491519e-08 1.500278010529070092e-03
1.414715719063544994e-08 9.616335458660488222e-03
1.424749163879598470e-08 7.320653034827170544e-03
1.434782608695651945e-08 1.128434637589764179e-02
1.444816053511705420e-08 1.368811545546157540e-02
1.454849498327759061e-08 1.399240830436336396e-02
1.464882943143812537e-08 8.540332166514797915e-03
1.474916387959866012e-08 3.629614014694965921e-03
1.484949832775919487e-08 1.611632399120941847e-02
1.494983277591973128e-08 8.886869725454044425e-03
1.505016722408026604e-08 8.555727469589591988e-03
1.515050167224080079e-08 5.560824462761868557e-03
1.525083612040133554e-08 1.135719219296182046e-02
1.535117056856187030e-08 3.297108014659046529e-03
1.545150501672240505e-08 1.329422926647454671e-02
1.555183946488293981e-08 2.266302408722014553e-03
1.565217391304347456e-08 1.858122234872774470e-03
1.575250836120401262e-08 5.560485422805873205e-03
1.585284280936454738e-08 2.127405012813088012e-03
1.595317725752508213e-08 6.956699541538855641e-03
1.605351170568561688e-08 4.197977339773699933e-03
1.615384615384615164e-08 1.328902343242640074e-02
1.625418060200668639e-08 1.045138339575180444e-02
1.635451505016722115e-08 1.104599567658941239e-02
1.645484949832775590e-08 9.571864924902487304e-03
1.655518394648829065e-08 8.890910169434992211e-03
1.665551839464882872e-08 6.382986259353235284e-03
1.675585284280936347e-08 6.500415010504699380e-03
1.685618729096989823e-08 6.048492119365043388e-04
1.695652173913043298e-08 3.154029780236223754e-03
1.705685618729096773e-08 7.408288019528960766e-03
1.715719063545150249e-08 -1.791766090158872747e-04
1.725752508361203724e-08 9.648760359884453117e-03
1.735785953177257200e-08 1.570870578366961867e-02
1.745819397993310675e-08 1.107965825729173570e-02
1.755852842809364150e-08 8.776222765645458682e-03
1.765886287625417957e-08 5.997873340252661903e-03
1.775919732441471432e-08 2.852868507890750013e-03
1.785953177257524907e-08 5.902102941255817428e-03
1.795986622073578383e-08 1.208661662238524025e-02
1.806020066889631858e-08 5.867743557827511530e-03
1.816053511705685334e-08 7.696659836628282070e-03
1.826086956521738809e-08 6.985325519298648048e-03
1.836120401337792284e-08 7.923694178017229653e-03
1.846153846153845760e-08 3.885972786904094960e-03
1.856187290969899566e-08 8.308575251247641083e-03
1.866220735785953041e-08 9.326519124193754368e-03
1.876254180602006517e-08 5.660279667198130776e-03
1.886287625418059992e-08 1.085429588607115907e-02
1.896321070234113468e-08 1.105242571591195586e-02
1.906354515050166943e-08 6.943536804467888290e-03
1.916387959866220418e-08 9.498270830988229246e-03
1.926421404682273894e-08 1.009392108389869404e-02
1.936454849498327369e-08 6.982323258767039395e-03
1.946488294314380845e-08 8.947527508971226534e-03
1.956521739130434651e-08 2.357771326728308296e-03
1.966555183946488126e-08 7.440460461822362773e-03
1.976588628762541602e-08 9.714477674351943218e-03
1.986622073578595077e-08 9.990793292522424235e-03
1.996655518394648553e-08 6.153283307634384823e-03
2.006688963210702028e-08 6.048660864277929580e-03
2.016722408026755503e-08 4.264235647541636531e-03
2.026755852842808979e-08 9.260636796838046109e-03
2.036789297658862454e-08 1.339323662614449843e-02
2.046822742474916260e-08 8.083605736476949521e-03
2.056856187290969736e-08 1.037231277119031979e-02
2.066889632107023211e-08 1.723643914661043830e-02
2.076923076923076687e-08 9.409189794479506583e-03
2.086956521739130162e-08 1.127257804200729185e-02
2.096989966555183637e-08 9.831510640358743364e-03
2.107023411371237113e-08 5.513988451789081022e-03
2.117056856187290588e-08 -3.525657212930480722e-04
2.127090301003344064e-08 9.890594019348738705e-03
2.137123745819397539e-08 5.295347138931935996e-03
2.147157190635451345e-08 6.233853059724106657e-04
2.157190635451504821e-08 5.921279179656278348e-03
2.167224080267558296e-08 1.023621587267396077e-02
2.177257525083611771e-08 1.278397727358267233e-02
2.187290969899665247e-08 5.858380648120378384e-03
2.197324414715718722e-08 3.038396092546521293e-03
2.207357859531772198e-08 5.147212354445383602e-03
2.217391304347825673e-08 5.585105432469294681e-03
2.227424749163879148e-08 1.056024298033383414e-02
2.237458193979932955e-08 7.510632111106604544e-03
2.247491638795986430e-08 4.711356872289027345e-03
2.257525083612039905e-08 5.981774757047359295e-03
2.267558528428093381e-08 9.617282141205173857e-03
2.277591973244146856e-08 4.963621924271672745e-03
2.287625418060200332e-08 5.547552759876265074e-03
2.297658862876253807e-08 9.094082891177537875e-03
2.307692307692307282e-08 1.068448304283360975e-02
2.317725752508360758e-08 9.458229164106775333e-03
2.327759197324414233e-08 4.584609151646799191e-03
2.337792642140468040e-08 8.050485437554301404e-03
2.347826086956521515e-08 5.507761936321082206e-03
2.357859531772574990e-08 9.106293780519235728e-03
2.367892976588628466e-08 1.201569595512128399e-02
2.377926421404681941e-08 2.895830360547445911e-03
2.387959866220735417e-08 6.663810314847358300e-03
2.397993311036788892e-08 7.913193608200926044e-03
2.408026755852842367e-08 1.313028435646997755e-02
2.418060200668895843e-08 5.568955427702687068e-03
2.428093645484949649e-08 1.113945092725568235e-02
2.438127090301003124e-08 2.966945004685040896e-03
2.448160535117056600e-08 8.177437770657046065e-03
2.458193979933110075e-08 6.830898149238304618e-04
2.468227424749163551e-08 7.475805527205441059e-03
2.478260869565217026e-08 7.199176988839665371e-03
2.488294314381270501e-08 8.851866029775020892e-03
2.498327759197323977e-08 5.840175182494251015e-03
2.508361204013377452e-08 8.198677764025299325e-03
2.518394648829430928e-08 5.879222807702836825e-03
2.528428093645484734e-08 1.314655071598141815e-02
2.538461538461538209e-08 7.014143456618802258e-03
2.548494983277591685e-08 5.973837090563378915e-03
2.558528428093645160e-08 1.069920390145627856e-02
2.568561872909698635e-08 1.575443723180736111e-02
2.578595317725752111e-08 4.874156213100317055e-03
2.588628762541805586e-08 8.648931945698615231e-03
2.598662207357859062e-08 6.359262682701663505e-03
2.608695652173912537e-08 7.737434409660935014e-03
2.618729096989966343e-08 1.285841878976275469e-03
2.628762541806019819e-08 5.103133327011368653e-03
2.638795986622073294e-08 9.865438488423198399e-03
2.648829431438126769e-08 1.133987382962811305e-02
2.658862876254180245e-08 5.602999385811052377e-03
2.668896321070233720e-08 1.094532249906862709e-02
2.678929765886287196e-08 9.864443446762693329e-03
2.688963210702340671e-08 7.314314325548316315e-03
2.698996655518394146e-08 5.096774601387654181e-03
2.709030100334447622e-08 7.320021521200936916e-03
2.719063545150501428e-08 1.263129314514184649e-02
2.729096989966554904e-08 6.032364579081644744e-03
2.739130434782608379e-08 1.044374498244910951e-02
2.749163879598661854e-08 8.439461224681119728e-03
2.759197324414715330e-08 7.803811031456237696e-03
2.769230769230768805e-08 4.634390392465089457e-03
2.779264214046822281e-08 9.211943100186043704e-03
2.789297658862875756e-08 2.076800293274797850e-03
2.799331103678929231e-08 4.153372088870612919e-03
2.809364548494983038e-08 9.956823953186089149e-03
2.819397993311036513e-08 6.241140843273536992e-03
2.829431438127089988e-08 3.657403336236479457e-04
2.839464882943143464e-08 6.497791496851733524e-03
2.849498327759196939e-08 1.937641669244482678e-03
2.859531772575250415e-08 7.612985454157059247e-03
2.869565217391303890e-08 8.630273005690395141e-03
2.879598662207357365e-08 7.638686542787584410e-03
2.889632107023410841e-08 1.645919109978390832e-02
2.899665551839464316e-08 8.284411639447764042e-03
2.909698996655518122e-08 6.242595835256303446e-03
2.919732441471571598e-08 1.326847396596094776e-02
2.929765886287625073e-08 9.742040117534885024e-03
2.939799331103678549e-08 -3.510946593351235365e-03
2.949832775919732024e-08 7.892322994680680062e-03
2.959866220735785499e-08 1.128736169507267920e-02
2.969899665551838975e-08 9.426090965469435118e-03
2.979933110367892450e-08 -2.044465212265131771e-04
2.989966555183946256e-08 9.457155418905115532e-03
2.999999999999999732e-08 -4.381720295218637052e-04
