0.000000000000000000e+00 9.999999999999995559e-01
1.003344481605351029e-10 3.331085584962671306e-03
2.006688963210702059e-10 8.317486296946386554e-03
3.010033444816052959e-10 4.811286843684408482e-03
4.013377926421404118e-10 7.328572967873966948e-03
5.016722408026755277e-10 9.434323011705566739e-03
6.020066889632105918e-10 8.887024799811441347e-03
7.023411371237457594e-10 8.813222726181596522e-03
8.026755852842808236e-10 1.021642327121569799e-02
9.030100334448158877e-10 7.539991302453565893e-03
1.003344481605351055e-09 4.959887272137163128e-03
1.103678929765886223e-09 2.765529250412852857e-03
1.204013377926421184e-09 6.939762922398261431e-03
1.304347826086956351e-09 7.003325245638495136e-03
1.404682274247491519e-09 8.797315312574497531e-03
1.505016722408026480e-09 9.308625557901423903e-03
1.605351170568561647e-09 4.005159410703299817e-03
1.705685618729096815e-09 7.253487723131031052e-03
1.806020066889631775e-09 4.966150971090045954e-03
1.906354515050166943e-09 5.877823040197197903e-03
2.006688963210702111e-09 5.829985120359133452e-03
2.107023411371237278e-09 8.018443240933125979e-03
2.207357859531772446e-09 6.651440779824909291e-03
2.307692307692307200e-09 7.421025887920048615e-03
2.408026755852842367e-09 8.366535389721766608e-03
2.508361204013377535e-09 1.742476657986482755e-02
2.608695652173912702e-09 4.335143730207719447e-03
2.709030100334447870e-09 5.389995469346311671e-03
2.809364548494983038e-09 7.733699937038467781e-03
2.909698996655517792e-09 9.193238536792790183e-03
3.010033444816052959e-09 1.097864995972585439e-02
3.110367892976588127e-09 8.146825745346111119e-03
3.210702341137123294e-09 9.929047745446761483e-03
3.311036789297658462e-09 4.171643497793303158e-03
3.411371237458193629e-09 7.417522015307491563e-03
3.511705685618728797e-09 4.568152684030997446e-03
3.612040133779263551e-09 4.092120272677668728e-04
3.712374581939798719e-09 1.345610498425505418e-02
3.812709030100333886e-09 1.523254310515470382e-02
3.913043478260868640e-09 3.732851741337068693e-03
4.013377926421404221e-09 8.219378845274079304e-03
4.113712374581938975e-09 7.921718554142477900e-03
4.214046822742474556e-09 1.009494631884118483e-02
4.314381270903009310e-09 2.563873875434497830e-03
4.414715719063544892e-09 1.251518319467286901e-02
4.515050167224079646e-09 1.052069532169230305e-02
4.615384615384614399e-09 1.488370005071787232e-02
4.715719063545149981e-09 1.218032874002734738e-02
4.816053511705684735e-09 1.312144724009529223e-02
4.916387959866220316e-09 8.760349703844932598e-03
5.016722408026755070e-09 3.091756731615030902e-03
5.117056856187290651e-09 1.075032511641229628e-02
5.217391304347825405e-09 5.626213521298597739e-03
5.317725752508360159e-09 9.336879480136686671e-03
5.418060200668895740e-09 1.118998403373339459e-02
5.518394648829430494e-09 1.013908666461170623e-02
5.618729096989966075e-09 4.818439022950590962e-03
5.719063545150500829e-09 1.051981571308936367e-02
5.819397993311035583e-09 7.812117416344611931e-03
5.919732441471571164e-09 7.255103077639603673e-03
6.020066889632105918e-09 9.633674419201385467e-03
6.120401337792641499e-09 2.204841407431483002e-03
6.220735785953176253e-09 9.042464095014329795e-03
6.321070234113711835e-09 9.898288217335425576e-03
6.421404682274246589e-09 5.888656312705254844e-03
6.521739130434781343e-09 7.570985172615779871e-03
6.622073578595316924e-09 1.142931908980246263e-02
6.722408026755851678e-09 3.199534016314694359e-03
6.822742474916387259e-09 5.252303580753738335e-03
6.923076923076922013e-09 9.270443338099221969e-03
7.023411371237457594e-09 8.152473771421522505e-03
7.123745819397992348e-09 7.059005567422738277e-03
7.224080267558527102e-09 8.060794883415964979e-03
7.324414715719062683e-09 3.813386962349217015e-03
7.424749163879597437e-09 1.313687540412124266e-02
7.525083612040133018e-09 6.534835388215839806e-03
7.625418060200667772e-09 3.733774652331958883e-03
7.725752508361202526e-09 6.987981817294285948e-03
7.826086956521737280e-09 1.266823608493279456e-02
7.926421404682273689e-09 8.587592503455148893e-03
8.026755852842808442e-09 8.307114090981088106e-03
8.127090301003343196e-09 4.284419407795253543e-03
8.227424749163877950e-09 1.020909212020052435e-02
8.327759197324414359e-09 9.679913410138275831e-03
8.428093645484949113e-09 1.047826261398474706e-02
8.528428093645483867e-09 6.645927865216236588e-03
8.628762541806018621e-09 6.680480166659862919e-03
8.729096989966553375e-09 4.153031209633871630e-03
8.829431438127089783e-09 1.249219301425699008e-02
8.929765886287624537e-09 6.882621532450269863e-03
9.030100334448159291e-09 3.892854723232016655e-03
9.130434782608694045e-09 9.230180689126524229e-03
9.230769230769228799e-09 5.700327314289176106e-03
9.331103678929765207e-09 7.753443779353154548e-03
9.431438127090299961e-09 1.113031242276224693e-02
9.531772575250834715e-09 9.004032084452049875e-03
9.632107023411369469e-09 1.506770706829021859e-02
9.732441471571904223e-09 8.005891079530629700e-03
9.832775919732440632e-09 4.977829869132262275e-03
9.933110367892975386e-09 9.271711135221382891e-03
1.003344481605351014e-08 4.057220534622393501e-03
1.013377926421404489e-08 5.914888079087719103e-03
1.023411371237458130e-08 1.075623503733422540e-02
1.033444816053511606e-08 9.893271771438226156e-03
1.043478260869565081e-08 -6.634967161596460900e-04
1.053511705685618556e-08 1.774347127063768265e-03
1.063545150501672032e-08 1.382788114617058105e-02
1.073578595317725673e-08 4.988490126350774399e-03
1.083612040133779148e-08 6.519257437610709478e-03
1.093645484949832623e-08 7.814470040388772631e-03
1.103678929765886099e-08 2.699701251970412948e-03
1.113712374581939574e-08 9.666728473909055527e-03
1.123745819397993215e-08 7.763227921065652716e-03
1.133779264214046690e-08 4.763774002720272058e-03
1.143812709030100166e-08 1.039638511962784166e-02
1.153846153846153641e-08 3.062124491905670980e-03
1.163879598662207117e-08 1.318286331458743028e-02
1.173913043478260757e-08 1.130464985955164162e-02
1.183946488294314233e-08 1.307857578991786403e-02
1.193979933110367708e-08 4.777454210919096847e-03
1.204013377926421184e-08 1.145857837537896974e-02
1.214046822742474824e-08 1.329009758045199968e-02
1.224080267558528300e-08 7.840532406973447013e-03
1.234113712374581775e-08 8.948552639733946615e-03
1.244147157190635251e-08 3.194016755562811144e-03
1.254180602006688726e-08 3.814485037380868637e-03
1.264214046822742367e-08 6.691202314602920365e-03
1.274247491638795842e-08 7.611395879703778539e-03
1.284280936454849318e-08 1.013544764450919830e-02
1.294314381270902793e-08 1.001025685929019839e-02
1.304347826086956269e-08 1.021062018428109917e-02
1.314381270903009909e-08 6.731073210050459409e-03
1.324414715719063385e-08 3.283273162962909841e-03
1.334448160535116860e-08 1.245570171329303186e-02
1.344481605351170336e-08 7.880562626475406951e-03
1.354515050167223811e-08 2.008000324448633127e-03
1.364548494983277452e-08 1.003412470889935432e-02
1.374581939799330927e-08 3.653218606692332400e-03
1.384615384615384403e-08 5.218930373498321777e-03
1.394648829431437878e-08 8.414682884423027587e-03
1.404682274247491519e-08 1.134399908843941769e-02
1.414715719063544994e-08 7.848611389682711575e-03
1.424749163879598470e-08 6.110607938043704015e-03
1.434782608695651945e-08 9.693414466079427680e-03
1.444816053511705420e-08 6.176834318179822737e-03
1.454849498327759061e-08 1.310381430975899111e-02
1.464882943143812537e-08 9.145608798302024695e-03
1.474916387959866012e-08 7.629409012730980523e-03
1.484949832775919487e-08 9.627778882461508411e-03
1.494983277591973128e-08 4.978959189091664884e-03
1.505016722408026604e-08 4.562834872581638876e-03
1.515050167224080079e-08 1.166402753829645818e-02
1.525083612040133554e-08 1.391432260843783637e-02
1.535117056856187030e-08 6.038121879122398603e-03
1.545150501672240505e-08 8.507552397708995767e-03
1.555183946488293981e-08 8.841996746118215358e-03
1.565217391304347456e-08 7.876452024630879734e-03
1.575250836120401262e-08 8.717515447304213100e-03
1.585284280936454738e-08 4.284054669103989042e-03
1.595317725752508213e-08 7.926921925966867385e-03
1.605351170568561688e-08 2.117411484109155573e-03
1.615384615384615164e-08 1.093364187796610175e-02
1.625418060200668639e-08 1.210412353633916107e-03
1.635451505016722115e-08 4.539239430377641112e-03
1.645484949832775590e-08 8.490737539937225076e-03
1.655518394648829065e-08 1.223004138317707219e-02
1.665551839464882872e-08 1.180882536599695692e-02
1.675585284280936347e-08 1.557846081868519486e-02
1.685618729096989823e-08 1.036481032667781882e-02
1.695652173913043298e-08 1.262621507574522746e-02
1.705685618729096773e-08 5.946712734501234839e-03
1.715719063545150249e-08 9.475741745794468915e-03
1.725752508361203724e-08 5.063220845694918829e-03
1.735785953177257200e-08 1.050397577969294956e-02
1.745819397993310675e-08 5.743396682420920558e-03
1.755852842809364150e-08 8.766567826848578604e-03
1.765886287625417957e-08 5.635781666761561191e-03
1.775919732441471432e-08 1.202149908985649523e-02
1.785953177257524907e-08 3.338287036595611202e-03
1.795986622073578383e-08 1.123931722154528122e-03
1.806020066889631858e-08 6.888633854304274801e-03
1.816053511705685334e-08 9.017316493178087825e-03
1.826086956521738809e-08 8.153162070103499651e-03
1.836120401337792284e-08 1.299133537113172226e-02
1.846153846153845760e-08 3.315646427156471437e-03
1.856187290969899566e-08 1.350458668383724276e-02
1.866220735785953041e-08 1.424323904374655801e-02
1.876254180602006517e-08 9.064375277331195718e-03
1.886287625418059992e-08 3.816220846033413407e-03
1.896321070234113468e-08 1.803986871119841236e-03
1.906354515050166943e-08 1.144759935977053902e-02
1.916387959866220418e-08 1.303300321068413294e-02
1.926421404682273894e-08 9.770682879078148100e-03
1.936454849498327369e-08 2.062051160056383153e-03
1.946488294314380845e-08 4.840331437831250222e-03
1.956521739130434651e-08 1.339346354342303008e-02
1.966555183946488126e-08 5.530769631448989067e-03
1.976588628762541602e-08 1.043075881194843561e-02
1.986622073578595077e-08 1.103656368241319984e-02
1.996655518394648553e-08 6.482542243186261918e-03
2.006688963210702028e-08 6.541246253857343693e-03
2.016722408026755503e-08 1.275205595508895756e-02
2.026755852842808979e-08 3.112746825341286636e-03
2.036789297658862454e-08 1.070338798477528733e-02
2.046822742474916260e-08 9.928222743572686498e-03
2.056856187290969736e-08 6.416063923850632775e-03
2.066889632107023211e-08 1.095483932173653939e-02
2.076923076923076687e-08 -1.961195185085265035e-03
2.086956521739130162e-08 3.553339093890934934e-03
2.096989966555183637e-08 3.498077369269632711e-03
2.107023411371237113e-08 2.491634381326009347e-03
2.117056856187290588e-08 3.506781273677261890e-03
2.127090301003344064e-08 9.817341348152120242e-03
2.137123745819397539e-08 5.664952585675543661e-03
2.147157190635451345e-08 1.970848776349310577e-02
2.157190635451504821e-08 7.167138595598662384e-03
2.167224080267558296e-08 1.085472421702653699e-02
2.177257525083611771e-08 8.526502714868974819e-03
2.187290969899665247e-08 7.512360032232886543e-03
2.197324414715718722e-08 8.071247800707261055e-03
2.207357859531772198e-08 -2.719262497959242051e-04
2.217391304347825673e-08 4.122220333913560221e-03
2.227424749163879148e-08 1.104644011553681908e-02
2.237458193979932955e-08 2.009479465242378689e-03
2.247491638795986430e-08 3.548715448549825784e-03
2.257525083612039905e-08 1.458042315444742264e-03
2.267558528428093381e-08 6.264349112647774574e-03
2.277591973244146856e-08 9.913626030120917948e-03
2.287625418060200332e-08 8.440361848876610021e-03
2.297658862876253807e-08 3.383309026713000444e-03
2.307692307692307282e-08 7.207717870189777644e-03
2.317725752508360758e-08 5.570639860721197066e-03
2.327759197324414233e-08 5.736087185909868186e-03
2.337792642140468040e-08 7.916900975432392129e-03
2.347826086956521515e-08 5.854541540166205600e-03
2.357859531772574990e-08 9.137190673851084202e-03
2.367892976588628466e-08 9.675396642076521461e-03
2.377926421404681941e-08 8.161898438426490321e-03
2.387959866220735417e-08 8.230149435662616197e-03
2.397993311036788892e-08 7.697827279010660030e-03
2.408026755852842367e-08 5.700807028266944784e-03
2.418060200668895843e-08 7.600595144250449180e-03
2.428093645484949649e-08 5.579638043689456178e-03
2.438127090301003124e-08 1.060024716951406785e-02
2.448160535117056600e-08 4.717219531173062058e-03
2.458193979933110075e-08 7.572214718198260267e-03
2.468227424749163551e-08 6.388254459092499588e-03
2.478260869565217026e-08 1.291636202697697688e-02
2.488294314381270501e-08 1.049866941283016455e-02
2.498327759197323977e-08 5.146375526971407391e-03
2.508361204013377452e-08 -5.049294392965326256e-05
2.518394648829430928e-08 6.587619724845087885e-03
2.528428093645484734e-08 1.089519888099738099e-02
2.538461538461538209e-08 2.598104646251685364e-03
2.548494983277591685e-08 1.135001031020380427e-02
2.558528428093645160e-08 7.285220682357249067e-03
2.568561872909698635e-08 7.405133126750000627e-03
2.578595317725752111e-08 6.579082770713120913e-03
2.588628762541805586e-08 4.817350365466095512e-03
2.598662207357859062e-08 8.221148506059591105e-03
2.608695652173912537e-08 4.757170643085337387e-03
2.618729096989966343e-08 9.794708905879247543e-03
2.628762541806019819e-08 5.027224530028405122e-03
2.638795986622073294e-08 8.041293074876658398e-03
2.648829431438126769e-08 7.273788926154853111e-03
2.658862876254180245e-08 1.052053066783093481e-02
2.668896321070233720e-08 1.020300366370392557e-02
2.678929765886287196e-08 9.039857792053775098e-03
2.688963210702340671e-08 1.416224710192587853e-02
2.698996655518394146e-08 3.820646067040850326e-03
2.709030100334447622e-08 8.305725378523661981e-03
2.719063545150501428e-08 9.081653824372945202e-03
2.729096989966554904e-08 1.057354213941252841e-02
2.739130434782608379e-08 3.746860212004798560e-03
2.749163879598661854e-08 1.204971585971021698e-02
2.759197324414715330e-08 2.189119744928805927e-03
2.769230769230768805e-08 5.090189533248321539e-03
2.779264214046822281e-08 4.617517282409465407e-03
2.789297658862875756e-08 4.137672028582783934e-03
2.799331103678929231e-08 1.105976724128037401e-02
2.809364548494983038e-08 6.348272740925300570e-03
2.819397993311036513e-08 4.417508835521935170e-03
2.829431438127089988e-08 1.427519600492057998e-02
2.839464882943143464e-08 6.710646673294086081e-03
2.849498327759196939e-08 4.555423662726298603e-03
2.859531772575250415e-08 1.111927876324161381e-02
2.869565217391303890e-08 1.147174425234801648e-02
2.879598662207357365e-08 1.252227104193415902e-02
2.889632107023410841e-08 9.150129719518108190e-03
2.899665551839464316e-08 9.332090302708550417e-03
2.909698996655518122e-08 8.853612422557187445e-03
2.919732441471571598e-08 1.155044001965914793e-02
2.929765886287625073e-08 3.312987212645576371e-03
2.939799331103678549e-08 9.480253044856761652e-03
2.949832775919732024e-08 1.060761677716094177e-02
2.959866220735785499e-08 6.092944499003634731e-03
2.969899665551838975e-08 8.977695785064753603e-03
2.979933110367892450e-08 2.415387971690316493e-03
2.989966555183946256e-08 2.507555324446226683e-03
2.999999999999999732e-08 9.609738067284309682e-03
