0.000000000000000000e+00 9.999999999999995559e-01
1.003344481605351029e-10 9.918510955414622243e-01
2.006688963210702059e-10 9.682059854214555283e-01
3.010033444816052959e-10 9.313374673594815301e-01
4.013377926421404118e-10 8.846222211295773352e-01
5.016722408026755277e-10 8.320169385493856318e-01
6.020066889632105918e-10 7.774865066649331302e-01
7.023411371237457594e-10 7.244955984515971670e-01
8.026755852842808236e-10 6.756512815592267129e-01
9.030100334448158877e-10 6.325418397599862352e-01
1.003344481605351055e-09 5.957683627329876108e-01
1.103678929765886223e-09 5.651240615299977232e-01
1.204013377926421184e-09 5.398519076362375824e-01
1.304347826086956351e-09 5.189084548083857662e-01
1.404682274247491519e-09 5.011783230261674937e-01
1.505016722408026480e-09 4.856121474236420599e-01
1.605351170568561647e-09 4.712905904204279794e-01
1.705685618729096815e-09 4.574388782788247898e-01
1.806020066889631775e-09 4.434245500436703180e-01
1.906354515050166943e-09 4.287651532759635953e-01
2.006688963210702111e-09 4.131567760708820813e-01
2.107023411371237278e-09 3.965158076584769375e-01
2.207357859531772446e-09 3.790126481494746624e-01
2.307692307692307200e-09 3.610723726068758577e-01
2.408026755852842367e-09 3.433247736930559180e-01
2.508361204013377535e-09 3.265018327016590005e-01
2.608695652173912702e-09 3.112987232118842873e-01
2.709030100334447870e-09 2.982284592239807242e-01
2.809364548494983038e-09 2.875053491462788435e-01
2.909698996655517792e-09 2.789867616933047190e-01
3.010033444816052959e-09 2.721882050584402135e-01
3.110367892976588127e-09 2.663680243994773766e-01
3.210702341137123294e-09 2.606609073226628381e-01
3.311036789297658462e-09 2.542287928933230079e-01
3.411371237458193629e-09 2.463962810391798763e-01
3.511705685618728797e-09 2.367448099781471471e-01
3.612040133779263551e-09 2.251526914814752922e-01
3.712374581939798719e-09 2.117821854536030279e-01
3.812709030100333886e-09 1.970259717079751449e-01
3.913043478260868640e-09 1.814309827818040288e-01
4.013377926421404221e-09 1.656171401169447277e-01
4.113712374581938975e-09 1.502036663781607384e-01
4.214046822742474556e-09 1.357490936204892307e-01
4.314381270903009310e-09 1.227056318610149632e-01
4.414715719063544892e-09 1.113859722077593511e-01
4.515050167224079646e-09 1.019410951375651908e-01
4.615384615384614399e-09 9.435003570768521475e-02
4.715719063545149981e-09 8.842486457245063436e-02
4.816053511705684735e-09 8.383457445447431433e-02
4.916387959866220316e-09 8.014925790200638778e-02
5.016722408026755070e-09 7.690137068268719511e-02
5.117056856187290651e-09 7.365556426098361642e-02
5.217391304347825405e-09 7.007459664296403212e-02
5.317725752508360159e-09 6.596791760145079286e-02
5.418060200668895740e-09 6.131237997812506030e-02
5.518394648829430494e-09 5.624055449929471484e-02
5.618729096989966075e-09 5.099961641531904066e-02
5.719063545150500829e-09 4.589052014766994286e-02
5.819397993311035583e-09 4.120124026669907957e-02
5.919732441471571164e-09 3.714820326835560627e-02
6.020066889632105918e-09 3.383684351336915808e-02
6.120401337792641499e-09 3.124673366314224127e-02
6.220735785953176253e-09 2.924077340632452726e-02
6.321070234113711835e-09 2.759318337851171879e-02
6.421404682274246589e-09 2.602859908731478336e-02
6.521739130434781343e-09 2.426452061771910973e-02
6.622073578595316924e-09 2.205104870701588005e-02
6.722408026755851678e-09 1.920409736526990097e-02
6.822742474916387259e-09 1.563007474781809986e-02
6.923076923076922013e-09 1.134083212703857965e-02
7.023411371237457594e-09 6.457631658509316655e-03
7.123745819397992348e-09 1.202641137838115007e-03
7.224080267558527102e-09 -4.123154382108395674e-03
7.324414715719062683e-09 -9.175193987628935122e-03
7.424749163879597437e-09 -1.361066474239310681e-02
7.525083612040133018e-09 -1.713779682345322949e-02
7.625418060200667772e-09 -1.956068243468956497e-02
7.725752508361202526e-09 -2.081061561036747984e-02
7.826086956521737280e-09 -2.095677071547465825e-02
7.926421404682273689e-09 -2.019305416306055312e-02
8.026755852842808442e-09 -1.880321174494563319e-02
8.127090301003343196e-09 -1.711129109268157492e-02
8.227424749163877950e-09 -1.542787078862316308e-02
8.327759197324414359e-09 -1.400309250721698019e-02
8.428093645484949113e-09 -1.299531996558839914e-02
8.528428093645483867e-09 -1.245992934578932232e-02
8.628762541806018621e-09 -1.235766518641728644e-02
8.729096989966553375e-09 -1.257768420347977166e-02
8.829431438127089783e-09 -1.296801551744811848e-02
8.929765886287624537e-09 -1.336613039318861745e-02
9.030100334448159291e-09 -1.362426515416034940e-02
9.130434782608694045e-09 -1.362708757789796686e-02
9.230769230769228799e-09 -1.330203862622149867e-02
9.331103678929765207e-09 -1.262426243362016129e-02
9.431438127090299961e-09 -1.161808584340784725e-02
9.531772575250834715e-09 -1.035583225839446612e-02
9.632107023411369469e-09 -8.953170860332163028e-03
9.732441471571904223e-09 -7.559176293586263723e-03
9.832775919732440632e-09 -6.339507728366959062e-03
9.933110367892975386e-09 -5.452750369233053986e-03
1.003344481605351014e-08 -5.022502361162856435e-03
1.013377926421404489e-08 -5.110283204472414881e-03
1.023411371237458130e-08 -5.695735168751524420e-03
1.033444816053511606e-08 -6.670142198812727130e-03
1.043478260869565081e-08 -7.846862530633437818e-03
1.053511705685618556e-08 -8.988411282484220013e-03
1.063545150501672032e-08 -9.845712159951785711e-03
1.073578595317725673e-08 -1.020171220944927730e-02
1.083612040133779148e-08 -9.910132332404739466e-03
1.093645484949832623e-08 -8.921055190013850791e-03
1.103678929765886099e-08 -7.288076039374621722e-03
1.113712374581939574e-08 -5.156001886599807793e-03
1.123745819397993215e-08 -2.732404606966337343e-03
1.133779264214046690e-08 -2.495942660230270754e-04
1.143812709030100166e-08 2.074956646211334639e-03
1.153846153846153641e-08 4.072211331673541990e-03
1.163879598662207117e-08 5.643756375187306343e-03
1.173913043478260757e-08 6.770083749076338808e-03
1.183946488294314233e-08 7.505411533679200685e-03
1.193979933110367708e-08 7.961754563021509329e-03
1.204013377926421184e-08 8.286205711303888666e-03
1.214046822742474824e-08 8.635633221271570709e-03
1.224080267558528300e-08 9.152511429681384550e-03
1.234113712374581775e-08 9.944749265234122115e-03
1.244147157190635251e-08 1.107146934603495635e-02
1.254180602006688726e-08 1.253587437597863952e-02
1.264214046822742367e-08 1.428561757795969792e-02
1.274247491638795842e-08 1.622038984560258273e-02
1.284280936454849318e-08 1.820568613980691822e-02
1.294314381270902793e-08 2.009094743677720257e-02
1.304347826086956269e-08 2.172962716499473451e-02
1.314381270903009909e-08 2.299839025514973864e-02
1.324414715719063385e-08 2.381276950459647671e-02
1.334448160535116860e-08 2.413720947771045081e-02
1.344481605351170336e-08 2.398840093806922993e-02
1.354515050167223811e-08 2.343190712647938781e-02
1.364548494983277452e-08 2.257303337116950068e-02
1.374581939799330927e-08 2.154349272693911396e-02
1.384615384615384403e-08 2.048561944463019729e-02
1.394648829431437878e-08 1.953578364006947066e-02
1.404682274247491519e-08 1.880846558800499876e-02
1.414715719063544994e-08 1.838234714242145337e-02
1.424749163879598470e-08 1.828984597440408769e-02
1.434782608695651945e-08 1.851166201387793864e-02
1.444816053511705420e-08 1.897789049570380165e-02
1.454849498327759061e-08 1.957681245802865913e-02
1.464882943143812537e-08 2.017143801160096658e-02
1.474916387959866012e-08 2.062231277878032870e-02
1.484949832775919487e-08 2.081333245461255976e-02
1.494983277591973128e-08 2.067587149373225491e-02
1.505016722408026604e-08 2.020598079646949985e-02
1.515050167224080079e-08 1.947013487531169817e-02
1.525083612040133554e-08 1.859705372838255794e-02
1.535117056856187030e-08 1.775611302781904266e-02
1.545150501672240505e-08 1.712606372406837857e-02
1.555183946488293981e-08 1.686033281973921966e-02
1.565217391304347456e-08 1.705631046250323871e-02
1.575250836120401262e-08 1.773534815834974104e-02
1.585284280936454738e-08 1.883781006707980349e-02
1.595317725752508213e-08 2.023403904988607324e-02
1.605351170568561688e-08 2.174844802333094837e-02
1.615384615384615164e-08 2.319109664794860234e-02
1.625418060200668639e-08 2.438978808454367667e-02
1.635451505016722115e-08 2.521618727491322515e-02
1.645484949832775590e-08 2.560146699709590218e-02
1.655518394648829065e-08 2.553985857659862510e-02
1.665551839464882872e-08 2.508135927143845256e-02
1.675585284280936347e-08 2.431695350879205936e-02
1.685618729096989823e-08 2.336058267685754697e-02
1.695652173913043298e-08 2.233171796820573873e-02
1.705685618729096773e-08 2.134111251710689439e-02
1.715719063545150249e-08 2.048071891175463205e-02
1.725752508361203724e-08 1.981744452737830425e-02
1.735785953177257200e-08 1.938976758586543475e-02
1.745819397993310675e-08 1.920632519453727149e-02
1.755852842809364150e-08 1.924618115044572295e-02
1.765886287625417957e-08 1.946117327148829193e-02
1.775919732441471432e-08 1.978111058186296164e-02
1.785953177257524907e-08 2.012238679648391954e-02
1.795986622073578383e-08 2.039980463653395457e-02
1.806020066889631858e-08 2.054032357743747206e-02
1.816053511705685334e-08 2.049645824165314406e-02
1.826086956521738809e-08 2.025656532243442706e-02
1.836120401337792284e-08 1.984950741393252255e-02
1.846153846153845760e-08 1.934217214183986747e-02
1.856187290969899566e-08 1.882981106825509093e-02
1.866220735785953041e-08 1.842074323606600339e-02
1.876254180602006517e-08 1.821821709937790357e-02
1.886287625418059992e-08 1.830282581323228880e-02
1.896321070234113468e-08 1.871870560888910795e-02
1.906354515050166943e-08 1.946590992666283673e-02
1.916387959866220418e-08 2.050009824767281066e-02
1.926421404682273894e-08 2.173932806855339780e-02
1.936454849498327369e-08 2.307657605294952119e-02
1.946488294314380845e-08 2.439582078087669179e-02
1.956521739130434651e-08 2.558915144681723347e-02
1.966555183946488126e-08 2.657238352324071268e-02
1.976588628762541602e-08 2.729697735805899569e-02
1.986622073578595077e-08 2.775658637544845680e-02
1.996655518394648553e-08 2.798725420417230714e-02
2.006688963210702028e-08 2.806110203953673249e-02
2.016722408026755503e-08 2.807425670415892444e-02
2.026755852842808979e-08 2.813068164385553599e-02
2.036789297658862454e-08 2.832434768444857393e-02
2.046822742474916260e-08 2.872264297593732363e-02
2.056856187290969736e-08 2.935391277195047513e-02
2.066889632107023211e-08 3.020145815760998803e-02
2.076923076923076687e-08 3.120525394120563997e-02
2.086956521739130162e-08 3.227125374154533183e-02
2.096989966555183637e-08 3.328672269990051724e-02
2.107023411371237113e-08 3.413889314846355050e-02
2.117056856187290588e-08 3.473363495167759024e-02
2.127090301003344064e-08 3.501089624573427289e-02
2.137123745819397539e-08 3.495436209807156053e-02
2.147157190635451345e-08 3.459391089941010050e-02
2.157190635451504821e-08 3.400074864926840024e-02
2.167224080267558296e-08 3.327629477500796545e-02
2.177257525083611771e-08 3.253677559932793839e-02
2.187290969899665247e-08 3.189595925967114720e-02
2.197324414715718722e-08 3.144855144058281843e-02
2.207357859531772198e-08 3.125654441618314766e-02
2.217391304347825673e-08 3.134036617001877134e-02
2.227424749163879148e-08 3.167607774414157168e-02
2.237458193979932955e-08 3.219914264832456768e-02
2.247491638795986430e-08 3.281445267293710277e-02
2.257525083612039905e-08 3.341137575813238336e-02
2.267558528428093381e-08 3.388169272011874733e-02
2.277591973244146856e-08 3.413758166746921202e-02
2.287625418060200332e-08 3.412650213677750899e-02
2.297658862876253807e-08 3.384010590353809383e-02
2.307692307692307282e-08 3.331522736819663572e-02
2.317725752508360758e-08 3.262648062232009760e-02
2.327759197324414233e-08 3.187172815765570988e-02
2.337792642140468040e-08 3.115327631812057213e-02
2.347826086956521515e-08 3.055866700828456864e-02
2.357859531772574990e-08 3.014506203092540138e-02
2.367892976588628466e-08 2.993037079150686827e-02
2.377926421404681941e-08 2.989264319434007527e-02
2.387959866220735417e-08 2.997726219115072824e-02
2.397993311036788892e-08 3.010966701695259526e-02
2.408026755852842367e-08 3.021021567407011083e-02
2.418060200668895843e-08 3.020764980348716877e-02
2.428093645484949649e-08 3.004845616089753951e-02
2.438127090301003124e-08 2.970092748512245806e-02
2.448160535117056600e-08 2.915440957612619802e-02
2.458193979933110075e-08 2.841553880750464708e-02
2.468227424749163551e-08 2.750382017345910993e-02
2.478260869565217026e-08 2.644853491929341494e-02
2.488294314381270501e-08 2.528787564795536777e-02
2.498327759197323977e-08 2.406981265788873253e-02
2.508361204013377452e-08 2.285302929831361032e-02
2.518394648829430928e-08 2.170577962722584214e-02
2.528428093645484734e-08 2.070093751009966648e-02
2.538461538461538209e-08 1.990672819945659214e-02
2.548494983277591685e-08 1.937427938167697247e-02
2.558528428093645160e-08 1.912465046569828200e-02
2.568561872909698635e-08 1.913885973152362752e-02
2.578595317725752111e-08 1.935427920673185934e-02
2.588628762541805586e-08 1.966956138642861340e-02
2.598662207357859062e-08 1.995828046522998486e-02
2.608695652173912537e-08 2.008923975548116553e-02
2.618729096989966343e-08 1.994953360823061364e-02
2.628762541806019819e-08 1.946548403374971994e-02
2.638795986622073294e-08 1.861678624268230456e-02
2.648829431438126769e-08 1.744056205416742028e-02
2.658862876254180245e-08 1.602420111402290057e-02
2.668896321070233720e-08 1.448832877498019284e-02
2.678929765886287196e-08 1.296338345538678924e-02
2.688963210702340671e-08 1.156462242632843272e-02
2.698996655518394146e-08 1.037062712757947508e-02
2.709030100334447622e-08 9.409539153280525176e-03
2.719063545150501428e-08 8.655565305414085128e-03
2.729096989966554904e-08 8.036153025293691493e-03
2.739130434782608379e-08 7.448125102033749390e-03
2.749163879598661854e-08 6.779396781047018761e-03
2.759197324414715330e-08 5.931972586049311276e-03
2.769230769230768805e-08 4.841857081847374990e-03
2.779264214046822281e-08 3.492264163748357454e-03
2.789297658862875756e-08 1.917882289510610891e-03
2.799331103678929231e-08 1.996648547791404858e-04
2.809364548494983038e-08 -1.548654793744096494e-03
2.819397993311036513e-08 -3.199679540594373497e-03
2.829431438127089988e-08 -4.633534647617475188e-03
2.839464882943143464e-08 -5.757317554185814937e-03
2.849498327759196939e-08 -6.519456446687881858e-03
2.859531772575250415e-08 -6.916669949689582472e-03
2.869565217391303890e-08 -6.992652678118055007e-03
2.879598662207357365e-08 -6.829145354852637732e-03
2.889632107023410841e-08 -6.531382440464948008e-03
2.899665551839464316e-08 -6.210789145859427381e-03
2.909698996655518122e-08 -5.968070409221248700e-03
2.919732441471571598e-08 -5.879481604337565004e-03
2.929765886287625073e-08 -5.988218026623391005e-03
2.939799331103678549e-08 -6.301735411588771027e-03
2.949832775919732024e-08 -6.794686594144429270e-03
2.959866220735785499e-08 -7.416269250347796820e-03
2.969899665551838975e-08 -8.100274940202420448e-03
2.979933110367892450e-08 -8.776037804782173615e-03
2.989966555183946256e-08 -9.378717570264196932e-03
2.999999999999999732e-08 -9.857762903674724408e-03
