0.000000000000000000e+00 9.999999999999995559e-01
1.003344481605351029e-10 -1.028677815699773242e-02
2.006688963210702059e-10 1.955904912964080700e-02
3.010033444816052959e-10 -6.947359489615525380e-03
4.013377926421404118e-10 3.172296269319721702e-03
5.016722408026755277e-10 2.247620251238781168e-03
6.020066889632105918e-10 5.506296151145959397e-03
7.023411371237457594e-10 1.484525596474427570e-02
8.026755852842808236e-10 3.416108198181895539e-03
9.030100334448158877e-10 7.630438180031121759e-03
1.003344481605351055e-09 4.337212304963583911e-03
1.103678929765886223e-09 9.583164848528336055e-03
1.204013377926421184e-09 6.173684680546374925e-03
1.304347826086956351e-09 4.907115987654445295e-03
1.404682274247491519e-09 4.086000611468133294e-03
1.505016722408026480e-09 6.287913372580850729e-03
1.605351170568561647e-09 6.154308460763579028e-03
1.705685618729096815e-09 7.659433157699757980e-03
1.806020066889631775e-09 8.026725842425887908e-03
1.906354515050166943e-09 3.528355597562278685e-03
2.006688963210702111e-09 1.259452166898623188e-02
2.107023411371237278e-09 5.721654730252953222e-03
2.207357859531772446e-09 6.905040641911247556e-03
2.307692307692307200e-09 7.897020105226896028e-03
2.408026755852842367e-09 1.610324522363035943e-02
2.508361204013377535e-09 1.217163391765949294e-02
2.608695652173912702e-09 -1.999295609262470770e-04
2.709030100334447870e-09 3.252546552950830779e-03
2.809364548494983038e-09 6.582895452748948641e-03
2.909698996655517792e-09 4.657957312501551442e-03
3.010033444816052959e-09 5.492691695217802664e-03
3.110367892976588127e-09 6.365096988977395412e-03
3.210702341137123294e-09 7.928943737493273844e-03
3.311036789297658462e-09 5.827612524445020641e-03
3.411371237458193629e-09 4.161576466862910474e-03
3.511705685618728797e-09 7.115309084300741951e-03
3.612040133779263551e-09 8.408380209795040736e-03
3.712374581939798719e-09 7.559688551292323595e-03
3.812709030100333886e-09 6.567636883104828807e-03
3.913043478260868640e-09 9.982251318594821676e-03
4.013377926421404221e-09 6.150905845788250982e-03
4.113712374581938975e-09 9.231469071166857956e-03
4.214046822742474556e-09 1.163302495367865173e-04
4.314381270903009310e-09 1.470225680197335787e-02
4.414715719063544892e-09 2.059569240929085086e-03
4.515050167224079646e-09 8.255708527044205644e-03
4.615384615384614399e-09 9.862332753593352347e-03
4.715719063545149981e-09 8.175480952266306334e-03
4.816053511705684735e-09 6.500486027678682461e-04
4.916387959866220316e-09 1.123192145999130261e-02
5.016722408026755070e-09 6.114850673812526408e-03
5.117056856187290651e-09 4.133100712040735196e-03
5.217391304347825405e-09 6.229961614173606076e-03
5.317725752508360159e-09 5.366650720890060906e-03
5.418060200668895740e-09 7.335198517456693185e-03
5.518394648829430494e-09 1.055160192576630462e-02
5.618729096989966075e-09 7.284216505454905836e-03
5.719063545150500829e-09 5.966963915859077421e-03
5.819397993311035583e-09 7.448579207995104957e-03
5.919732441471571164e-09 1.348415711605022681e-02
6.020066889632105918e-09 8.064553788668289008e-03
6.120401337792641499e-09 6.502494396691615476e-03
6.220735785953176253e-09 4.661278821471293368e-03
6.321070234113711835e-09 1.027312345626434087e-02
6.421404682274246589e-09 6.018617488359225866e-03
6.521739130434781343e-09 9.938739084452594477e-03
6.622073578595316924e-09 1.057743525087629678e-02
6.722408026755851678e-09 7.346155141923972620e-03
6.822742474916387259e-09 6.581911233328446159e-03
6.923076923076922013e-09 5.606691752625432915e-03
7.023411371237457594e-09 1.494433896029536898e-02
7.123745819397992348e-09 1.224241974618023657e-02
7.224080267558527102e-09 1.889666191973939698e-03
7.324414715719062683e-09 2.964018100689494190e-03
7.424749163879597437e-09 9.378695981903455506e-03
7.525083612040133018e-09 7.958336878007760129e-03
7.625418060200667772e-09 3.270997471224888851e-03
7.725752508361202526e-09 3.803819345983485735e-03
7.826086956521737280e-09 1.232649796113638452e-02
7.926421404682273689e-09 1.166850128806590225e-02
8.026755852842808442e-09 2.995692797197602522e-03
8.127090301003343196e-09 -1.323637214507048313e-03
8.227424749163877950e-09 8.590211941412470922e-03
8.327759197324414359e-09 8.769694017189785806e-03
8.428093645484949113e-09 1.414872784164169974e-03
8.528428093645483867e-09 6.504765337285827766e-03
8.628762541806018621e-09 2.733274596520439328e-04
8.729096989966553375e-09 1.033947791819203599e-02
8.829431438127089783e-09 4.542953151289927383e-03
8.929765886287624537e-09 1.979280732399933598e-03
9.030100334448159291e-09 7.435198370258584710e-03
9.130434782608694045e-09 8.566690942042803208e-03
9.230769230769228799e-09 4.605812813104552365e-03
9.331103678929765207e-09 8.964713499762206467e-03
9.431438127090299961e-09 1.245899352305620579e-02
9.531772575250834715e-09 1.043093948384939129e-02
9.632107023411369469e-09 9.745389863756337857e-04
9.732441471571904223e-09 1.194880013545739778e-02
9.832775919732440632e-09 6.094348891458508657e-04
9.933110367892975386e-09 2.847258302014202790e-03
1.003344481605351014e-08 5.884785611133768607e-03
1.013377926421404489e-08 4.976072129059489445e-03
1.023411371237458130e-08 7.628031800211936171e-03
1.033444816053511606e-08 1.353577675890501805e-02
1.043478260869565081e-08 1.052256143980552679e-02
1.053511705685618556e-08 1.120454335343861255e-02
1.063545150501672032e-08 5.628264312619889187e-03
1.073578595317725673e-08 7.065581898761662781e-03
1.083612040133779148e-08 9.443560058111855754e-03
1.093645484949832623e-08 5.732398513376728809e-03
1.103678929765886099e-08 5.638121620877272616e-03
1.113712374581939574e-08 8.039952210840020305e-03
1.123745819397993215e-08 4.121980014507312801e-03
1.133779264214046690e-08 9.377210190887230040e-03
1.143812709030100166e-08 7.562519141979660853e-03
1.153846153846153641e-08 5.971136650463194744e-03
1.163879598662207117e-08 2.737421441850218171e-03
1.173913043478260757e-08 8.371627411123882742e-03
1.183946488294314233e-08 4.608090199481964383e-03
1.193979933110367708e-08 8.335451883904833673e-03
1.204013377926421184e-08 8.672813389778355128e-03
1.214046822742474824e-08 8.850065120600157306e-03
1.224080267558528300e-08 5.429450699964815871e-03
1.234113712374581775e-08 4.012317564539779127e-03
1.244147157190635251e-08 1.198669911921972434e-02
1.254180602006688726e-08 6.974466474904501487e-03
1.264214046822742367e-08 8.977285704428341825e-03
1.274247491638795842e-08 4.391457937080213425e-03
1.284280936454849318e-08 9.006439696840944087e-03
1.294314381270902793e-08 9.992308782326179625e-03
1.304347826086956269e-08 8.894890391112790506e-03
1.314381270903009909e-08 3.725931315889485611e-03
1.324414715719063385e-08 1.208822541844321863e-02
1.334448160535116860e-08 1.768080011164376497e-03
1.344481605351170336e-08 1.413606869759482035e-02
1.354515050167223811e-08 -1.764617222108153384e-04
1.364548494983277452e-08 6.136702995519243385e-03
1.374581939799330927e-08 9.482669622871128801e-03
1.384615384615384403e-08 6.959813153809642564e-03
1.394648829431437878e-08 1.144994267329509964e-02
1.404682274247491519e-08 5.337802395860465066e-04
1.414715719063544994e-08 9.014794776349671634e-03
1.424749163879598470e-08 1.050943159345846256e-02
1.434782608695651945e-08 5.578586741671202713e-03
1.444816053511705420e-08 9.622212631686732215e-03
1.454849498327759061e-08 4.030190274556530623e-03
1.464882943143812537e-08 3.245418287063498754e-03
1.474916387959866012e-08 4.929460811315841857e-03
1.484949832775919487e-08 9.404571253079196946e-03
1.494983277591973128e-08 6.499487248854209781e-03
1.505016722408026604e-08 7.773102684039941493e-03
1.515050167224080079e-08 1.539975992054306827e-03
1.525083612040133554e-08 8.251370747073147327e-03
1.535117056856187030e-08 6.876155146490092740e-03
1.545150501672240505e-08 9.943039914249905686e-03
1.555183946488293981e-08 1.422075183604206566e-02
1.565217391304347456e-08 8.735314461366869287e-03
1.575250836120401262e-08 5.878347043560534432e-03
1.585284280936454738e-08 1.322940902698699871e-02
1.595317725752508213e-08 6.788631350775163956e-03
1.605351170568561688e-08 6.151775275955074715e-03
1.615384615384615164e-08 6.291811042000579682e-03
1.625418060200668639e-08 9.661256691203856314e-03
1.635451505016722115e-08 1.071988829065428570e-02
1.645484949832775590e-08 1.149945920221077424e-02
1.655518394648829065e-08 9.229658361267685865e-03
1.665551839464882872e-08 7.793255633148522127e-03
1.675585284280936347e-08 9.270041088139854488e-03
1.685618729096989823e-08 7.818703995028201958e-03
1.695652173913043298e-08 4.009818923772077992e-03
1.705685618729096773e-08 5.980308321676310740e-03
1.715719063545150249e-08 6.936122997528566987e-03
1.725752508361203724e-08 5.927748576651114057e-03
1.735785953177257200e-08 1.258813903168668966e-02
1.745819397993310675e-08 7.965956951414556245e-03
1.755852842809364150e-08 7.459574412597914234e-03
1.765886287625417957e-08 4.424635814049963402e-03
1.775919732441471432e-08 1.413556455992154466e-02
1.785953177257524907e-08 1.288845982967302788e-02
1.795986622073578383e-08 8.592693423509798617e-03
1.806020066889631858e-08 1.043962698266776359e-02
1.816053511705685334e-08 7.608103468813114806e-03
1.826086956521738809e-08 5.032304077259418945e-05
1.836120401337792284e-08 4.412572533978245323e-03
1.846153846153845760e-08 3.863770635170344584e-03
1.856187290969899566e-08 6.792006218686756809e-03
1.866220735785953041e-08 8.993533576066307239e-03
1.876254180602006517e-08 7.617439604953965548e-03
1.886287625418059992e-08 4.926144109513218294e-03
1.896321070234113468e-08 5.374162267861306089e-03
1.906354515050166943e-08 5.850403496298998973e-03
1.916387959866220418e-08 1.425539295732119495e-02
1.926421404682273894e-08 1.286083892078434751e-02
1.936454849498327369e-08 4.825055521840686083e-03
1.946488294314380845e-08 1.276813324441433174e-02
1.956521739130434651e-08 3.632783754894348092e-03
1.966555183946488126e-08 8.914219049790577179e-03
1.976588628762541602e-08 6.275222130954173291e-03
1.986622073578595077e-08 1.102781235345612863e-02
1.996655518394648553e-08 9.470510462312462310e-03
2.006688963210702028e-08 3.974514611886827836e-03
2.016722408026755503e-08 4.183569473688487569e-03
2.026755852842808979e-08 9.898512950866723836e-03
2.036789297658862454e-08 9.023367822453453452e-03
2.046822742474916260e-08 5.513643739560514755e-03
2.056856187290969736e-08 1.030757297856641289e-02
2.066889632107023211e-08 5.808763199252661887e-03
2.076923076923076687e-08 8.372903902815958394e-03
2.086956521739130162e-08 7.191357386878005978e-03
2.096989966555183637e-08 1.512089816703690755e-02
2.107023411371237113e-08 5.868391463852720702e-03
2.117056856187290588e-08 1.409909484264479373e-02
2.127090301003344064e-08 8.694980737020723688e-03
2.137123745819397539e-08 1.327846886587557076e-02
2.147157190635451345e-08 6.880528119822681846e-04
2.157190635451504821e-08 7.587480038065752552e-03
2.167224080267558296e-08 5.052446236582532578e-03
2.177257525083611771e-08 1.418936932010288546e-02
2.187290969899665247e-08 7.892431001189043754e-03
2.197324414715718722e-08 5.150186599851499375e-03
2.207357859531772198e-08 4.823237435139090742e-03
2.217391304347825673e-08 2.698478359522704390e-03
2.227424749163879148e-08 7.799577260167537933e-03
2.237458193979932955e-08 3.269963339282590383e-04
2.247491638795986430e-08 1.235140782048833701e-02
2.257525083612039905e-08 6.283202243874497737e-03
2.267558528428093381e-08 7.145765649808229897e-03
2.277591973244146856e-08 7.635188290243310506e-03
2.287625418060200332e-08 2.736845302094272243e-03
2.297658862876253807e-08 7.781251779403626154e-03
2.307692307692307282e-08 1.177478484515339860e-02
2.317725752508360758e-08 7.075403580503502980e-03
2.327759197324414233e-08 9.378008963842419249e-03
2.337792642140468040e-08 1.032275611201245551e-02
2.347826086956521515e-08 1.604442915269857495e-02
2.357859531772574990e-08 1.088586713461990423e-02
2.367892976588628466e-08 1.151343438477079456e-02
2.377926421404681941e-08 3.083567901139380729e-03
2.387959866220735417e-08 9.339190550025845000e-03
2.397993311036788892e-08 8.748701828479827497e-03
2.408026755852842367e-08 6.320252321234085501e-03
2.418060200668895843e-08 7.155016493549839172e-03
2.428093645484949649e-08 2.562065895840420597e-03
2.438127090301003124e-08 6.388870208572873001e-03
2.448160535117056600e-08 1.837308642360890561e-03
2.458193979933110075e-08 4.455645808146783265e-03
2.468227424749163551e-08 8.325094394686694682e-03
2.478260869565217026e-08 7.876509672275594856e-03
2.488294314381270501e-08 1.153702682594168541e-02
2.498327759197323977e-08 9.050272304484120039e-03
2.508361204013377452e-08 1.250596397692238342e-02
2.518394648829430928e-08 8.287222643386214435e-03
2.528428093645484734e-08 1.217674813115777327e-02
2.538461538461538209e-08 1.163116854889962096e-02
2.548494983277591685e-08 2.368770136516933252e-03
2.558528428093645160e-08 2.477086619923709460e-03
2.568561872909698635e-08 1.138181608184892293e-02
2.578595317725752111e-08 1.186910204550354828e-02
2.588628762541805586e-08 8.486287039498798673e-03
2.598662207357859062e-08 1.020775078105712157e-02
2.608695652173912537e-08 2.060016315906796399e-03
2.618729096989966343e-08 1.078624523759339968e-02
2.628762541806019819e-08 -1.231105680664409951e-03
2.638795986622073294e-08 6.075560361403238747e-03
2.648829431438126769e-08 8.471096438060481126e-03
2.658862876254180245e-08 1.210914868175779098e-02
2.668896321070233720e-08 9.148495342235742761e-03
2.678929765886287196e-08 6.774252828787235593e-03
2.688963210702340671e-08 8.587587268500196727e-03
2.698996655518394146e-08 1.224431433598034517e-02
2.709030100334447622e-08 5.615315427119805733e-03
2.719063545150501428e-08 6.410134711042718252e-03
2.729096989966554904e-08 6.909027182554490498e-03
2.739130434782608379e-08 2.036726204293916841e-03
2.749163879598661854e-08 -2.551906552871342510e-03
2.759197324414715330e-08 1.191172626095738686e-02
2.769230769230768805e-08 8.429175254289263813e-03
2.779264214046822281e-08 4.620443447837042743e-03
2.789297658862875756e-08 5.665354039164910080e-03
2.799331103678929231e-08 5.868220244927131041e-03
2.809364548494983038e-08 1.515251014751674286e-02
2.819397993311036513e-08 7.690462538103823992e-03
2.829431438127089988e-08 3.238402009348744903e-03
2.839464882943143464e-08 6.486426124505639303e-03
2.849498327759196939e-08 7.886706126551300960e-03
2.859531772575250415e-08 2.292167764352414164e-03
2.869565217391303890e-08 8.132469604153284501e-03
2.879598662207357365e-08 4.139313547290288976e-03
2.889632107023410841e-08 2.129193123677765006e-04
2.899665551839464316e-08 5.653533724587214530e-03
2.909698996655518122e-08 1.149031025550235896e-02
2.919732441471571598e-08 6.150690432517536867e-03
2.929765886287625073e-08 7.143572476071106091e-03
2.939799331103678549e-08 5.450368448855757823e-03
2.949832775919732024e-08 5.396739445627673874e-03
2.959866220735785499e-08 1.790856528843003635e-03
2.969899665551838975e-08 4.141630832464296592e-03
2.979933110367892450e-08 1.129090977327553390e-02
2.989966555183946256e-08 8.744631466489677721e-03
2.999999999999999732e-08 9.021655372722439670e-03
