0.000000000000000000e+00 9.999999999999995559e-01
1.003344481605351029e-10 9.999264476593996420e-01
2.006688963210702059e-10 9.997058566888488151e-01
3.010033444816052959e-10 9.993384251419915598e-01
4.013377926421404118e-10 9.988244827747628785e-01
5.016722408026755277e-10 9.981644905458785244e-01
6.020066889632105918e-10 9.973590399189375955e-01
7.023411371237457594e-10 9.964088519675267097e-01
8.026755852842808236e-10 9.953147762851348723e-01
9.030100334448158877e-10 9.940777897020639520e-01
1.003344481605351055e-09 9.926989948119105955e-01
1.103678929765886223e-09 9.911796183105742175e-01
1.204013377926421184e-09 9.895210091511198458e-01
1.304347826086956351e-09 9.877246365181846510e-01
1.404682274247491519e-09 9.857920876259785858e-01
1.505016722408026480e-09 9.837250653442681791e-01
1.605351170568561647e-09 9.815253856570780311e-01
1.705685618729096815e-09 9.791949749591586372e-01
1.806020066889631775e-09 9.767358671955885807e-01
1.906354515050166943e-09 9.741502008501737864e-01
2.006688963210702111e-09 9.714402157885990707e-01
2.107023411371237278e-09 9.686082499625519038e-01
2.207357859531772446e-09 9.656567359813003071e-01
2.307692307692307200e-09 9.625881975574475113e-01
2.408026755852842367e-09 9.594052458338129252e-01
2.508361204013377535e-09 9.561105755985997989e-01
2.608695652173912702e-09 9.527069613961978156e-01
2.709030100334447870e-09 9.491972535411544731e-01
2.809364548494983038e-09 9.455843740429956679e-01
2.909698996655517792e-09 9.418713124497319900e-01
3.010033444816052959e-09 9.380611216179879364e-01
3.110367892976588127e-09 9.341569134178218103e-01
3.210702341137123294e-09 9.301618543803642503e-01
3.311036789297658462e-09 9.260791612964895947e-01
3.411371237458193629e-09 9.219120967747698181e-01
3.511705685618728797e-09 9.176639647669978528e-01
3.612040133779263551e-09 9.133381060695718867e-01
3.712374581939798719e-09 9.089378938090288962e-01
3.812709030100333886e-09 9.044667289199868065e-01
3.913043478260868640e-09 8.999280356237062684e-01
4.013377926421404221e-09 8.953252569154273033e-01
4.113712374581938975e-09 8.906618500685449247e-01
4.214046822742474556e-09 8.859412821635967994e-01
4.314381270903009310e-09 8.811670256499184450e-01
4.414715719063544892e-09 8.763425539476757953e-01
4.515050167224079646e-09 8.714713370978588447e-01
4.615384615384614399e-09 8.665568374676285712e-01
4.715719063545149981e-09 8.616025055182433556e-01
4.816053511705684735e-09 8.566117756425922769e-01
4.916387959866220316e-09 8.515880620791422828e-01
5.016722408026755070e-09 8.465347549088934054e-01
5.117056856187290651e-09 8.414552161416924969e-01
5.217391304347825405e-09 8.363527758980005000e-01
5.317725752508360159e-09 8.312307286919543570e-01
5.418060200668895740e-09 8.260923298212852206e-01
5.518394648829430494e-09 8.209407918693718553e-01
5.618729096989966075e-09 8.157792813244149066e-01
5.719063545150500829e-09 8.106109153204179574e-01
5.819397993311035583e-09 8.054387585043422115e-01
5.919732441471571164e-09 8.002658200334987759e-01
6.020066889632105918e-09 7.950950507069036721e-01
6.120401337792641499e-09 7.899293402340025194e-01
6.220735785953176253e-09 7.847715146438355438e-01
6.321070234113711835e-09 7.796243338373699538e-01
6.421404682274246589e-09 7.744904892854010958e-01
6.521739130434781343e-09 7.693726018740659756e-01
6.622073578595316924e-09 7.642732198996802229e-01
6.722408026755851678e-09 7.591948172142647389e-01
6.822742474916387259e-09 7.541397915227832094e-01
6.923076923076922013e-09 7.491104628327757142e-01
7.023411371237457594e-09 7.441090720567269390e-01
7.123745819397992348e-09 7.391377797671869754e-01
7.224080267558527102e-09 7.341986651043144185e-01
7.324414715719062683e-09 7.292937248352004964e-01
7.424749163879597437e-09 7.244248725640040076e-01
7.525083612040133018e-09 7.195939380916143158e-01
7.625418060200667772e-09 7.148026669232575570e-01
7.725752508361202526e-09 7.100527199221549068e-01
7.826086956521737280e-09 7.053456731070597563e-01
7.926421404682273689e-09 7.006830175912098779e-01
8.026755852842808442e-09 6.960661596599735379e-01
8.127090301003343196e-09 6.914964209841900633e-01
8.227424749163877950e-09 6.869750389659711187e-01
8.327759197324414359e-09 6.825031672134835858e-01
8.428093645484949113e-09 6.780818761410098983e-01
8.528428093645483867e-09 6.737121536903649677e-01
8.628762541806018621e-09 6.693949061695571023e-01
8.729096989966553375e-09 6.651309592043826990e-01
8.829431438127089783e-09 6.609210587984761798e-01
8.929765886287624537e-09 6.567658724971744411e-01
9.030100334448159291e-09 6.526659906504144182e-01
9.130434782608694045e-09 6.486219277697392593e-01
9.230769230769228799e-09 6.446341239743871299e-01
9.331103678929765207e-09 6.407029465213213149e-01
9.431438127090299961e-09 6.368286914139814625e-01
9.531772575250834715e-09 6.330115850844548753e-01
9.632107023411369469e-09 6.292517861437219029e-01
9.732441471571904223e-09 6.255493871945683182e-01
9.832775919732440632e-09 6.219044167017481195e-01
9.933110367892975386e-09 6.183168409139513377e-01
1.003344481605351014e-08 6.147865658321398641e-01
1.013377926421404489e-08 6.113134392188295241e-01
1.023411371237458130e-08 6.078972526429190504e-01
1.033444816053511606e-08 6.045377435547162337e-01
1.043478260869565081e-08 6.012345973858633785e-01
1.053511705685618556e-08 5.979874496689335794e-01
1.063545150501672032e-08 5.947958881715519341e-01
1.073578595317725673e-08 5.916594550399899566e-01
1.083612040133779148e-08 5.885776489472840378e-01
1.093645484949832623e-08 5.855499272410512601e-01
1.103678929765886099e-08 5.825757080862978832e-01
1.113712374581939574e-08 5.796543725986585960e-01
1.123745819397993215e-08 5.767852669636494012e-01
1.133779264214046690e-08 5.739677045376795350e-01
1.143812709030100166e-08 5.712009679267233686e-01
1.153846153846153641e-08 5.684843110387411969e-01
1.163879598662207117e-08 5.658169611061054649e-01
1.173913043478260757e-08 5.631981206744887114e-01
1.183946488294314233e-08 5.606269695548533605e-01
1.193979933110367708e-08 5.581026667353916615e-01
1.204013377926421184e-08 5.556243522504642485e-01
1.214046822742474824e-08 5.531911490037935142e-01
1.224080267558528300e-08 5.508021645433841540e-01
1.234113712374581775e-08 5.484564927858522898e-01
1.244147157190635251e-08 5.461532156880675171e-01
1.254180602006688726e-08 5.438914048642247145e-01
1.264214046822742367e-08 5.416701231466855004e-01
1.274247491638795842e-08 5.394884260891456007e-01
1.284280936454849318e-08 5.373453634109039978e-01
1.294314381270902793e-08 5.352399803812253332e-01
1.304347826086956269e-08 5.331713191430047516e-01
1.314381270903009909e-08 5.311384199751527646e-01
1.324414715719063385e-08 5.291403224933320937e-01
1.334448160535116860e-08 5.271760667888769625e-01
1.344481605351170336e-08 5.252446945059374706e-01
1.354515050167223811e-08 5.233452498570732025e-01
1.364548494983277452e-08 5.214767805777261733e-01
1.374581939799330927e-08 5.196383388201778475e-01
1.384615384615384403e-08 5.178289819877770483e-01
1.394648829431437878e-08 5.160477735103974339e-01
1.404682274247491519e-08 5.142937835622476417e-01
1.414715719063544994e-08 5.125660897233106361e-01
1.424749163879598470e-08 5.108637775858453356e-01
1.434782608695651945e-08 5.091859413075087160e-01
1.444816053511705420e-08 5.075316841128084677e-01
1.454849498327759061e-08 5.059001187446960923e-01
1.464882943143812537e-08 5.042903678682417734e-01
1.474916387959866012e-08 5.027015644284251739e-01
1.484949832775919487e-08 5.011328519641705670e-01
1.494983277591973128e-08 4.995833848808449718e-01
1.505016722408026604e-08 4.980523286835028540e-01
1.515050167224080079e-08 4.965388601732315665e-01
1.525083612040133554e-08 4.950421676090013268e-01
1.535117056856187030e-08 4.935614508374683851e-01
1.545150501672240505e-08 4.920959213932121212e-01
1.555183946488293981e-08 4.906448025719120087e-01
1.565217391304347456e-08 4.892073294789796023e-01
1.575250836120401262e-08 4.877827490561688073e-01
1.585284280936454738e-08 4.863703200886769218e-01
1.595317725752508213e-08 4.849693131952340641e-01
1.605351170568561688e-08 4.835790108036535084e-01
1.615384615384615164e-08 4.821987071142809778e-01
1.625418060200668639e-08 4.808277080537341486e-01
1.635451505016722115e-08 4.794653312212756036e-01
1.645484949832775590e-08 4.781109058300995751e-01
1.655518394648829065e-08 4.767637726457417124e-01
1.665551839464882872e-08 4.754232839237499397e-01
1.675585284280936347e-08 4.740888033486682085e-01
1.685618729096989823e-08 4.727597059762895793e-01
1.695652173913043298e-08 4.714353781810515231e-01
1.705685618729096773e-08 4.701152176103253755e-01
1.715719063545150249e-08 4.687986331472598356e-01
1.725752508361203724e-08 4.674850448837151173e-01
1.735785953177257200e-08 4.661738841047070592e-01
1.745819397993310675e-08 4.648645932856633745e-01
1.755852842809364150e-08 4.635566261036624391e-01
1.765886287625417957e-08 4.622494474636978379e-01
1.775919732441471432e-08 4.609425335408819380e-01
1.785953177257524907e-08 4.596353718393643151e-01
1.795986622073578383e-08 4.583274612686096261e-01
1.806020066889631858e-08 4.570183122375383045e-01
1.816053511705685334e-08 4.557074467668994489e-01
1.826086956521738809e-08 4.543943986201088858e-01
1.836120401337792284e-08 4.530787134526435556e-01
1.846153846153845760e-08 4.517599489799544177e-01
1.856187290969899566e-08 4.504376751637190757e-01
1.866220735785953041e-08 4.491114744161302519e-01
1.876254180602006517e-08 4.477809418217764681e-01
1.886287625418059992e-08 4.464456853765558231e-01
1.896321070234113468e-08 4.451053262429290336e-01
1.906354515050166943e-08 4.437594990207057721e-01
1.916387959866220418e-08 4.424078520324375430e-01
1.926421404682273894e-08 4.410500476223831456e-01
1.936454849498327369e-08 4.396857624679015863e-01
1.946488294314380845e-08 4.383146879020313191e-01
1.956521739130434651e-08 4.369365302459154443e-01
1.966555183946488126e-08 4.355510111496462833e-01
1.976588628762541602e-08 4.341578679400165952e-01
1.986622073578595077e-08 4.327568539735912045e-01
1.996655518394648553e-08 4.313477389934406991e-01
2.006688963210702028e-08 4.299303094878176856e-01
2.016722408026755503e-08 4.285043690490009105e-01
2.026755852842808979e-08 4.270697387304825954e-01
2.036789297658862454e-08 4.256262574006359767e-01
2.046822742474916260e-08 4.241737820909664003e-01
2.056856187290969736e-08 4.227121883370247302e-01
2.066889632107023211e-08 4.212413705100429562e-01
2.076923076923076687e-08 4.197612421373455582e-01
2.086956521739130162e-08 4.182717362095865199e-01
2.096989966555183637e-08 4.167728054728687126e-01
2.107023411371237113e-08 4.152644227038162494e-01
2.117056856187290588e-08 4.137465809656956095e-01
2.127090301003344064e-08 4.122192938437045928e-01
2.137123745819397539e-08 4.106825956575932413e-01
2.147157190635451345e-08 4.091365416498179419e-01
2.157190635451504821e-08 4.075812081474891602e-01
2.167224080267558296e-08 4.060166926964239309e-01
2.177257525083611771e-08 4.044431141656890105e-01
2.187290969899665247e-08 4.028606128210842074e-01
2.197324414715718722e-08 4.012693503661017846e-01
2.207357859531772198e-08 3.996695099489749325e-01
2.217391304347825673e-08 3.980612961345263434e-01
2.227424749163879148e-08 3.964449348396167916e-01
2.237458193979932955e-08 3.948206732311002609e-01
2.247491638795986430e-08 3.931887795852944123e-01
2.257525083612039905e-08 3.915495431080838196e-01
2.267558528428093381e-08 3.899032737148949157e-01
2.277591973244146856e-08 3.882503017698882286e-01
2.287625418060200332e-08 3.865909777838449357e-01
2.297658862876253807e-08 3.849256720703405077e-01
2.307692307692307282e-08 3.832547743599289958e-01
2.317725752508360758e-08 3.815786933721874163e-01
2.327759197324414233e-08 3.798978563456003044e-01
2.337792642140468040e-08 3.782127085253931265e-01
2.347826086956521515e-08 3.765237126095577480e-01
2.357859531772574990e-08 3.748313481534422675e-01
2.367892976588628466e-08 3.731361109334079829e-01
2.377926421404681941e-08 3.714385122701910347e-01
2.387959866220735417e-08 3.697390783127302294e-01
2.397993311036788892e-08 3.680383492833567138e-01
2.408026755852842367e-08 3.663368786853609671e-01
2.418060200668895843e-08 3.646352324740813611e-01
2.428093645484949649e-08 3.629339881927783340e-01
2.438127090301003124e-08 3.612337340746742953e-01
2.448160535117056600e-08 3.595350681126553982e-01
2.458193979933110075e-08 3.578385970982432829e-01
2.468227424749163551e-08 3.561449356315476988e-01
2.478260869565217026e-08 3.544547051040159436e-01
2.488294314381270501e-08 3.527685326558894219e-01
2.498327759197323977e-08 3.510870501103720565e-01
2.508361204013377452e-08 3.494108928865991004e-01
2.518394648829430928e-08 3.477406988935735077e-01
2.528428093645484734e-08 3.460771074073198394e-01
2.538461538461538209e-08 3.444207579335610836e-01
2.548494983277591685e-08 3.427722890582957094e-01
2.558528428093645160e-08 3.411323372887035132e-01
2.568561872909698635e-08 3.395015358868552213e-01
2.578595317725752111e-08 3.378805136987456104e-01
2.588628762541805586e-08 3.362698939811989973e-01
2.598662207357859062e-08 3.346702932292293098e-01
2.608695652173912537e-08 3.330823200064487177e-01
2.618729096989966343e-08 3.315065737811386248e-01
2.628762541806019819e-08 3.299436437705943748e-01
2.638795986622073294e-08 3.283941077963583033e-01
2.648829431438126769e-08 3.268585311529400017e-01
2.658862876254180245e-08 3.253374654926132203e-01
2.668896321070233720e-08 3.238314477288433135e-01
2.678929765886287196e-08 3.223409989608772563e-01
2.688963210702340671e-08 3.208666234219830216e-01
2.698996655518394146e-08 3.194088074537808075e-01
2.709030100334447622e-08 3.179680185090570932e-01
2.719063545150501428e-08 3.165447041853899357e-01
2.729096989966554904e-08 3.151392912918504208e-01
2.739130434782608379e-08 3.137521849509710692e-01
2.749163879598661854e-08 3.123837677380952860e-01
2.759197324414715330e-08 3.110343988601351750e-01
2.769230769230768805e-08 3.097044133756771678e-01
2.779264214046822281e-08 3.083941214582793799e-01
2.789297658862875756e-08 3.071038077047028025e-01
2.799331103678929231e-08 3.058337304897164599e-01
2.809364548494983038e-08 3.045841213690041460e-01
2.819397993311036513e-08 3.033551845315891615e-01
2.829431438127089988e-08 3.021470963030754020e-01
2.839464882943143464e-08 3.009600047008826329e-01
2.849498327759196939e-08 2.997940290425312182e-01
2.859531772575250415e-08 2.986492596079036721e-01
2.869565217391303890e-08 2.975257573562832825e-01
2.879598662207357365e-08 2.964235536988391595e-01
2.889632107023410841e-08 2.953426503270951686e-01
2.899665551839464316e-08 2.942830190977869242e-01
2.909698996655518122e-08 2.932446019743767396e-01
2.919732441471571598e-08 2.922273110253644224e-01
2.929765886287625073e-08 2.912310284793929727e-01
2.939799331103678549e-08 2.902556068370195641e-01
2.949832775919732024e-08 2.893008690388854109e-01
2.959866220735785499e-08 2.883666086898864500e-01
2.969899665551838975e-08 2.874525903388189807e-01
2.979933110367892450e-08 2.865585498128411790e-01
2.989966555183946256e-08 2.856841946059688331e-01
2.999999999999999732e-08 2.848292043206978597e-01
