0.000000000000000000e+00 9.999999999999995559e-01
1.003344481605351029e-10 -7.063656881842588506e-04
2.006688963210702059e-10 6.927091047546376362e-03
3.010033444816052959e-10 5.502674118892414076e-03
4.013377926421404118e-10 2.191249205592357523e-03
5.016722408026755277e-10 1.242115960791612822e-02
6.020066889632105918e-10 7.639777171777696607e-03
7.023411371237457594e-10 7.311973403821258807e-03
8.026755852842808236e-10 9.061346280896196564e-03
9.030100334448158877e-10 5.889529659134329700e-03
1.003344481605351055e-09 1.621270036740750809e-03
1.103678929765886223e-09 5.695955535871249226e-03
1.204013377926421184e-09 7.142544169827368984e-03
1.304347826086956351e-09 3.855025769938365439e-03
1.404682274247491519e-09 8.862735168406948166e-03
1.505016722408026480e-09 7.604207430883512010e-03
1.605351170568561647e-09 9.779652125429116535e-03
1.705685618729096815e-09 8.210538828029542366e-03
1.806020066889631775e-09 6.655624202384830858e-03
1.906354515050166943e-09 8.591968948181814489e-03
2.006688963210702111e-09 3.160661904339852075e-03
2.107023411371237278e-09 9.593291511735333246e-03
2.207357859531772446e-09 8.975683186652325465e-03
2.307692307692307200e-09 4.199184333776060513e-03
2.408026755852842367e-09 1.144332401273409107e-02
2.508361204013377535e-09 5.026227610705214996e-03
2.608695652173912702e-09 1.223009905440588206e-02
2.709030100334447870e-09 6.393190595242877541e-03
2.809364548494983038e-09 2.891505335229142565e-03
2.909698996655517792e-09 6.547128909174788555e-03
3.010033444816052959e-09 9.735109701348131084e-03
3.110367892976588127e-09 7.197855946819317792e-03
3.210702341137123294e-09 1.137308287835758595e-02
3.311036789297658462e-09 6.681990656524501929e-03
3.411371237458193629e-09 7.471128543261732965e-03
3.511705685618728797e-09 5.710814636676815256e-03
3.612040133779263551e-09 5.615519914260003881e-03
3.712374581939798719e-09 7.937825160421104267e-03
3.812709030100333886e-09 4.857755616874433538e-03
3.913043478260868640e-09 6.014705198534903326e-03
4.013377926421404221e-09 8.214940803907697792e-03
4.113712374581938975e-09 1.065859747560555723e-02
4.214046822742474556e-09 8.461050085493599521e-03
4.314381270903009310e-09 8.354052400693645630e-03
4.414715719063544892e-09 1.220250664030502613e-02
4.515050167224079646e-09 1.005476270994082148e-02
4.615384615384614399e-09 9.571258182669314593e-03
4.715719063545149981e-09 5.104770728678127180e-03
4.816053511705684735e-09 1.097631629595322358e-02
4.916387959866220316e-09 7.881944868343060753e-03
5.016722408026755070e-09 1.316317729884593744e-02
5.117056856187290651e-09 4.989979163567899098e-03
5.217391304347825405e-09 6.396200169417455214e-03
5.317725752508360159e-09 4.442811429762341668e-03
5.418060200668895740e-09 8.361491762277187961e-03
5.518394648829430494e-09 8.739511112086626593e-03
5.618729096989966075e-09 8.025277398614400967e-03
5.719063545150500829e-09 5.891117052256253546e-03
5.819397993311035583e-09 7.644818814183627909e-03
5.919732441471571164e-09 4.313622197391417043e-03
6.020066889632105918e-09 4.473312867970247880e-03
6.120401337792641499e-09 1.073471876331682368e-02
6.220735785953176253e-09 1.106820708524803958e-02
6.321070234113711835e-09 1.720710449771944983e-02
6.421404682274246589e-09 8.994247417802851696e-03
6.521739130434781343e-09 7.944092237845108012e-03
6.622073578595316924e-09 5.891212092549992681e-03
6.722408026755851678e-09 7.048140412818950078e-04
6.822742474916387259e-09 9.909502366668588441e-03
6.923076923076922013e-09 8.750438540440396568e-03
7.023411371237457594e-09 1.208875857735421978e-02
7.123745819397992348e-09 3.414283841189782488e-03
7.224080267558527102e-09 1.019945728154185438e-02
7.324414715719062683e-09 7.643564709137717558e-03
7.424749163879597437e-09 1.000792824592114036e-02
7.525083612040133018e-09 3.761469234416060271e-03
7.625418060200667772e-09 5.258217512825941360e-03
7.725752508361202526e-09 4.242329039603582978e-03
7.826086956521737280e-09 7.403688653082727937e-03
7.926421404682273689e-09 1.408137017998331228e-02
8.026755852842808442e-09 4.199797544548372445e-03
8.127090301003343196e-09 7.268756873271906525e-03
8.227424749163877950e-09 5.072809353193880565e-03
8.327759197324414359e-09 1.145806225746094642e-02
8.428093645484949113e-09 7.258735408290211202e-03
8.528428093645483867e-09 1.163966763503405770e-02
8.628762541806018621e-09 -9.753017807257017852e-04
8.729096989966553375e-09 4.969000119357611794e-03
8.829431438127089783e-09 6.485457083475816564e-03
8.929765886287624537e-09 1.277650757709039922e-02
9.030100334448159291e-09 -2.405854916616304907e-04
9.130434782608694045e-09 7.019124711714762495e-03
9.230769230769228799e-09 -6.073301469847143313e-04
9.331103678929765207e-09 9.827160337847046928e-03
9.431438127090299961e-09 8.842858594837778308e-03
9.531772575250834715e-09 3.022161884672853842e-03
9.632107023411369469e-09 6.769598779214426425e-03
9.732441471571904223e-09 2.922517071099088332e-03
9.832775919732440632e-09 8.412919867993915932e-03
9.933110367892975386e-09 7.945346233155277035e-03
1.003344481605351014e-08 5.856494958897885857e-03
1.013377926421404489e-08 7.937105886988394046e-03
1.023411371237458130e-08 7.919601618933220719e-03
1.033444816053511606e-08 5.174650740927209600e-03
1.043478260869565081e-08 7.576499298999554710e-03
1.053511705685618556e-08 1.362395254642931666e-02
1.063545150501672032e-08 5.863157683057982489e-03
1.073578595317725673e-08 1.050332903883378390e-02
1.083612040133779148e-08 6.141832436988403643e-03
1.093645484949832623e-08 5.823718486360570171e-03
1.103678929765886099e-08 5.680110557369526768e-03
1.113712374581939574e-08 -1.602220819685360939e-03
1.123745819397993215e-08 -1.149629939785362914e-03
1.133779264214046690e-08 9.424414733258156332e-03
1.143812709030100166e-08 1.110348486034112847e-02
1.153846153846153641e-08 8.308047287368046721e-03
1.163879598662207117e-08 2.883153447508561519e-04
1.173913043478260757e-08 5.785205798727589138e-03
1.183946488294314233e-08 4.648677712528397760e-03
1.193979933110367708e-08 1.432760833783136394e-02
1.204013377926421184e-08 9.765629648268261617e-03
1.214046822742474824e-08 6.924627910561854255e-03
1.224080267558528300e-08 1.034458302846055604e-02
1.234113712374581775e-08 -8.569617312006283082e-04
1.244147157190635251e-08 7.248558484742494840e-03
1.254180602006688726e-08 1.279840186692354255e-02
1.264214046822742367e-08 7.901162146931990649e-03
1.274247491638795842e-08 1.181278068339584354e-02
1.284280936454849318e-08 7.437626369962999605e-03
1.294314381270902793e-08 1.627940201685237984e-03
1.304347826086956269e-08 5.716635463783266424e-03
1.314381270903009909e-08 9.002261764452259424e-03
1.324414715719063385e-08 2.339002394539207042e-03
1.334448160535116860e-08 8.529735730232598442e-03
1.344481605351170336e-08 9.402633040530821839e-04
1.354515050167223811e-08 6.667059651267249684e-03
1.364548494983277452e-08 -2.684871455333873169e-03
1.374581939799330927e-08 4.931957136335610170e-03
1.384615384615384403e-08 9.954247264841927303e-03
1.394648829431437878e-08 6.331287299030377395e-03
1.404682274247491519e-08 9.636634837401332129e-03
1.414715719063544994e-08 9.126727467583528597e-03
1.424749163879598470e-08 1.708128913145031107e-03
1.434782608695651945e-08 1.254621685699267714e-02
1.444816053511705420e-08 2.947752611982590136e-03
1.454849498327759061e-08 1.439710110672114476e-02
1.464882943143812537e-08 1.224719510079301521e-02
1.474916387959866012e-08 1.044290403220514592e-02
1.484949832775919487e-08 5.719486959749405137e-03
1.494983277591973128e-08 4.698273969398378508e-04
1.505016722408026604e-08 8.540670406248203686e-03
1.515050167224080079e-08 8.293725714211244021e-03
1.525083612040133554e-08 6.128352078120835426e-03
1.535117056856187030e-08 1.057153642554231610e-02
1.545150501672240505e-08 7.541513635538323046e-03
1.555183946488293981e-08 7.741843661941131237e-03
1.565217391304347456e-08 1.088396715870243101e-02
1.575250836120401262e-08 5.273172628414929050e-03
1.585284280936454738e-08 4.907427217623344488e-03
1.595317725752508213e-08 6.905768715064039727e-03
1.605351170568561688e-08 7.048790642862833369e-03
1.615384615384615164e-08 4.226148414353939932e-03
1.625418060200668639e-08 6.016800840612662044e-03
1.635451505016722115e-08 1.203782684754409367e-02
1.645484949832775590e-08 1.316647288840975226e-02
1.655518394648829065e-08 4.004866533003551173e-03
1.665551839464882872e-08 6.127013203696273988e-03
1.675585284280936347e-08 1.697878111453378705e-02
1.685618729096989823e-08 2.596090999373694592e-03
1.695652173913043298e-08 9.054849756321611473e-03
1.705685618729096773e-08 3.304725815788775618e-03
1.715719063545150249e-08 9.349447137050225648e-03
1.725752508361203724e-08 4.505644881939743947e-03
1.735785953177257200e-08 3.718912061667194353e-03
1.745819397993310675e-08 9.089438242158289979e-03
1.755852842809364150e-08 5.797671728440252463e-03
1.765886287625417957e-08 7.471013698464659680e-03
1.775919732441471432e-08 1.013889576262460603e-02
1.785953177257524907e-08 1.207202344353237866e-02
1.795986622073578383e-08 1.246232688218320075e-02
1.806020066889631858e-08 1.671334059115495499e-03
1.816053511705685334e-08 5.750976681588990634e-03
1.826086956521738809e-08 1.129103499385988689e-02
1.836120401337792284e-08 8.949960772754355157e-03
1.846153846153845760e-08 5.996094751346030087e-03
1.856187290969899566e-08 2.515593070933166888e-03
1.866220735785953041e-08 7.132902038241267784e-03
1.876254180602006517e-08 6.677965356433322210e-03
1.886287625418059992e-08 6.803490663913306855e-03
1.896321070234113468e-08 2.625845953490849559e-03
1.906354515050166943e-08 5.206182704864984259e-03
1.916387959866220418e-08 1.953018861298610499e-03
1.926421404682273894e-08 1.628263477285797275e-03
1.936454849498327369e-08 1.343618736799463004e-02
1.946488294314380845e-08 5.637728206405752569e-03
1.956521739130434651e-08 -1.093622438571867231e-03
1.966555183946488126e-08 6.525936588947513564e-03
1.976588628762541602e-08 1.028054721395356419e-02
1.986622073578595077e-08 4.960814389987766929e-03
1.996655518394648553e-08 2.124453422790308077e-03
2.006688963210702028e-08 3.222641793737558366e-03
2.016722408026755503e-08 5.787754173341400250e-03
2.026755852842808979e-08 9.647361184397735059e-03
2.036789297658862454e-08 9.300665637399946686e-03
2.046822742474916260e-08 1.365594309455592410e-02
2.056856187290969736e-08 7.067657804706550286e-03
2.066889632107023211e-08 1.204290180155503411e-02
2.076923076923076687e-08 1.115970495275661611e-03
2.086956521739130162e-08 8.392328914670109732e-03
2.096989966555183637e-08 8.935531752156736229e-03
2.107023411371237113e-08 1.085240340612523419e-02
2.117056856187290588e-08 8.443662768537089219e-03
2.127090301003344064e-08 1.107860747882964854e-02
2.137123745819397539e-08 1.314957153177954800e-02
2.147157190635451345e-08 4.133824954233884970e-03
2.157190635451504821e-08 3.706340089463361874e-03
2.167224080267558296e-08 1.294590944527756332e-02
2.177257525083611771e-08 6.704959456151888750e-03
2.187290969899665247e-08 1.038213975904206214e-02
2.197324414715718722e-08 1.239327577071853460e-02
2.207357859531772198e-08 1.102440522012277865e-02
2.217391304347825673e-08 1.016659617901568939e-02
2.227424749163879148e-08 1.114721078521308320e-02
2.237458193979932955e-08 6.887168012987531993e-03
2.247491638795986430e-08 7.571119024058743999e-03
2.257525083612039905e-08 7.607042745858429329e-03
2.267558528428093381e-08 8.859837994657115967e-03
2.277591973244146856e-08 6.027062625987280806e-03
2.287625418060200332e-08 8.516411839210549783e-03
2.297658862876253807e-08 8.171785669359490564e-03
2.307692307692307282e-08 5.480161324555149135e-03
2.317725752508360758e-08 1.131860265681032020e-02
2.327759197324414233e-08 1.012161719215270636e-02
2.337792642140468040e-08 8.939117416756405324e-03
2.347826086956521515e-08 9.583650652785222560e-03
2.357859531772574990e-08 8.344345360172051446e-03
2.367892976588628466e-08 1.006045765504898909e-02
2.377926421404681941e-08 1.092165938172308393e-02
2.387959866220735417e-08 1.251183002336287570e-02
2.397993311036788892e-08 5.716824967019419959e-03
2.408026755852842367e-08 3.455635440877889188e-03
2.418060200668895843e-08 3.491701141284192511e-03
2.428093645484949649e-08 8.558127694181369080e-03
2.438127090301003124e-08 2.894279667892478772e-03
2.448160535117056600e-08 1.118487910457919773e-02
2.458193979933110075e-08 1.121439147204630546e-02
2.468227424749163551e-08 1.569072195006552704e-03
2.478260869565217026e-08 1.465554911109261116e-02
2.488294314381270501e-08 8.715051980386712485e-03
2.498327759197323977e-08 1.116293554608398762e-02
2.508361204013377452e-08 7.475029066594550409e-03
2.518394648829430928e-08 5.421069930660858856e-03
2.528428093645484734e-08 8.807605957474918396e-03
2.538461538461538209e-08 -2.148225017823942110e-05
2.548494983277591685e-08 6.385537796862109441e-03
2.558528428093645160e-08 6.340345629846647763e-03
2.568561872909698635e-08 7.958858126283344103e-03
2.578595317725752111e-08 9.238321882676495123e-03
2.588628762541805586e-08 9.987676329694158278e-03
2.598662207357859062e-08 6.488149890007698095e-03
2.608695652173912537e-08 1.234788473650036411e-02
2.618729096989966343e-08 9.690390700001834390e-03
2.628762541806019819e-08 4.549740125711515017e-03
2.638795986622073294e-08 2.212840876339752761e-04
2.648829431438126769e-08 7.715047224625235130e-03
2.658862876254180245e-08 7.074393640378849775e-03
2.668896321070233720e-08 1.037489512905598321e-02
2.678929765886287196e-08 1.042799527760155005e-02
2.688963210702340671e-08 5.983981756967317149e-03
2.698996655518394146e-08 1.048939106366183864e-02
2.709030100334447622e-08 1.088256602210196933e-02
2.719063545150501428e-08 1.655833409428837319e-02
2.729096989966554904e-08 7.467653557845636315e-03
2.739130434782608379e-08 1.237898568333207182e-02
2.749163879598661854e-08 1.556517391080144107e-02
2.759197324414715330e-08 9.349300260258899126e-03
2.769230769230768805e-08 1.404736994697027008e-02
2.779264214046822281e-08 1.054396617889319897e-02
2.789297658862875756e-08 6.519518747857851355e-03
2.799331103678929231e-08 9.466229937358891511e-03
2.809364548494983038e-08 1.057796300594131787e-02
2.819397993311036513e-08 1.274656362574222435e-02
2.829431438127089988e-08 1.022180616321713073e-02
2.839464882943143464e-08 4.870790169930762012e-03
2.849498327759196939e-08 2.790078974526835620e-03
2.859531772575250415e-08 8.809433072912530374e-03
2.869565217391303890e-08 5.351272206966165360e-03
2.879598662207357365e-08 3.137157367592221646e-03
2.889632107023410841e-08 9.133094515413685277e-03
2.899665551839464316e-08 8.088813062605660492e-03
2.909698996655518122e-08 1.109736982724612159e-02
2.919732441471571598e-08 9.270508280376539914e-03
2.929765886287625073e-08 7.996930051492275038e-03
2.939799331103678549e-08 1.197676482960681119e-02
2.949832775919732024e-08 9.284357181985213384e-03
2.959866220735785499e-08 1.364520834376452101e-02
2.969899665551838975e-08 6.453058882413876575e-03
2.979933110367892450e-08 -4.249447889386475871e-03
2.989966555183946256e-08 5.334546228540189283e-03
2.999999999999999732e-08 6.709211128313064681e-03
