0.000000000000000000e+00 9.999999999999995559e-01
1.003344481605351029e-10 6.041074378330790751e-03
2.006688963210702059e-10 3.194528981201111544e-03
3.010033444816052959e-10 7.488387556051705543e-03
4.013377926421404118e-10 8.037770952319209239e-03
5.016722408026755277e-10 3.036465021301549411e-03
6.020066889632105918e-10 4.509075861440729922e-03
7.023411371237457594e-10 4.915981316108330307e-03
8.026755852842808236e-10 8.734174500129586113e-03
9.030100334448158877e-10 1.776836083485565420e-03
1.003344481605351055e-09 3.206373984084401416e-03
1.103678929765886223e-09 8.437830884385875627e-03
1.204013377926421184e-09 2.848937644990685598e-03
1.304347826086956351e-09 8.733265454085661905e-03
1.404682274247491519e-09 1.320500772409525896e-02
1.505016722408026480e-09 9.776549124094606816e-03
1.605351170568561647e-09 7.119208879740959901e-03
1.705685618729096815e-09 1.029222098968361754e-02
1.806020066889631775e-09 1.237498718220811540e-02
1.906354515050166943e-09 4.548763555042019228e-03
2.006688963210702111e-09 1.292696441107912646e-02
2.107023411371237278e-09 7.474458789655335708e-03
2.207357859531772446e-09 1.148134967439240657e-02
2.307692307692307200e-09 1.863374072193554193e-03
2.408026755852842367e-09 1.110647066337063470e-02
2.508361204013377535e-09 8.360306202885640220e-03
2.608695652173912702e-09 5.461082200133270982e-03
2.709030100334447870e-09 9.604302703687579018e-03
2.809364548494983038e-09 3.514127663392601405e-03
2.909698996655517792e-09 8.149085682181131385e-03
3.010033444816052959e-09 9.188999942815754066e-03
3.110367892976588127e-09 1.937097091114522301e-02
3.210702341137123294e-09 6.360995494284555490e-03
3.311036789297658462e-09 1.202542544142185324e-02
3.411371237458193629e-09 4.770910490554161262e-03
3.511705685618728797e-09 6.251399544539384436e-03
3.612040133779263551e-09 5.999258214224706919e-03
3.712374581939798719e-09 1.119506768833707089e-02
3.812709030100333886e-09 7.465739997183819775e-03
3.913043478260868640e-09 1.216280564731119646e-02
4.013377926421404221e-09 6.769656845555587985e-03
4.113712374581938975e-09 3.426155123753627744e-03
4.214046822742474556e-09 9.790103542357465882e-03
4.314381270903009310e-09 8.186304623875820946e-03
4.414715719063544892e-09 8.426462196145047268e-03
4.515050167224079646e-09 4.326769292123023095e-03
4.615384615384614399e-09 6.417073845983928444e-03
4.715719063545149981e-09 5.271359841009781548e-03
4.816053511705684735e-09 6.388130564155772989e-03
4.916387959866220316e-09 5.818975594057920579e-03
5.016722408026755070e-09 9.587439346350786276e-03
5.117056856187290651e-09 9.838677154131869260e-03
5.217391304347825405e-09 1.319606938917842337e-02
5.317725752508360159e-09 9.223363302778101250e-03
5.418060200668895740e-09 8.634753012858079405e-03
5.518394648829430494e-09 8.597793601318706042e-03
5.618729096989966075e-09 9.542961522922648737e-03
5.719063545150500829e-09 2.687130394378875291e-03
5.819397993311035583e-09 1.278117878978967878e-02
5.919732441471571164e-09 2.303093890439201086e-03
6.020066889632105918e-09 3.774272772537036469e-03
6.120401337792641499e-09 8.723201285340445588e-03
6.220735785953176253e-09 2.352993445479152970e-03
6.321070234113711835e-09 9.637355609538452925e-03
6.421404682274246589e-09 7.669267152223421813e-03
6.521739130434781343e-09 6.725486899764641403e-03
6.622073578595316924e-09 9.743814364900769054e-04
6.722408026755851678e-09 6.055687725382306874e-03
6.822742474916387259e-09 4.228926907407843348e-03
6.923076923076922013e-09 5.112623160571659435e-03
7.023411371237457594e-09 1.256629090264496131e-02
7.123745819397992348e-09 1.013835171423509672e-02
7.224080267558527102e-09 7.735364801006438043e-03
7.324414715719062683e-09 7.123441203535401528e-03
7.424749163879597437e-09 8.949789280136963635e-03
7.525083612040133018e-09 7.060853803014243389e-03
7.625418060200667772e-09 3.225894232620886079e-03
7.725752508361202526e-09 1.737157340476844659e-03
7.826086956521737280e-09 1.384127481030748494e-02
7.926421404682273689e-09 5.889337598913618049e-03
8.026755852842808442e-09 1.429233494731258110e-02
8.127090301003343196e-09 8.132270310722179360e-03
8.227424749163877950e-09 8.365251185409925891e-03
8.327759197324414359e-09 9.556502909550637637e-03
8.428093645484949113e-09 7.575817521683699159e-03
8.528428093645483867e-09 3.861107966627626807e-03
8.628762541806018621e-09 7.210084350495765508e-03
8.729096989966553375e-09 1.068428200541460260e-02
8.829431438127089783e-09 5.614329869434054633e-03
8.929765886287624537e-09 4.879337184264473555e-03
9.030100334448159291e-09 7.215062680032677256e-03
9.130434782608694045e-09 4.383371080025923877e-03
9.230769230769228799e-09 5.656544378707117210e-03
9.331103678929765207e-09 3.380243838047901697e-03
9.431438127090299961e-09 7.175771214214721541e-03
9.531772575250834715e-09 7.848282588286998804e-03
9.632107023411369469e-09 8.300916415404546028e-03
9.732441471571904223e-09 9.835642650214297678e-03
9.832775919732440632e-09 4.114477911004948626e-03
9.933110367892975386e-09 1.076260246937043967e-02
1.003344481605351014e-08 5.300807373434497996e-03
1.013377926421404489e-08 9.308182290559159980e-03
1.023411371237458130e-08 7.224756599616018876e-03
1.033444816053511606e-08 2.611088026875602562e-03
1.043478260869565081e-08 2.499099971774640643e-03
1.053511705685618556e-08 4.763799897244069825e-03
1.063545150501672032e-08 6.914626933888442378e-03
1.073578595317725673e-08 6.659520983746974876e-03
1.083612040133779148e-08 1.045643690763150072e-02
1.093645484949832623e-08 4.278514547138309240e-03
1.103678929765886099e-08 8.423713933832521067e-03
1.113712374581939574e-08 9.432060319289715250e-03
1.123745819397993215e-08 6.626342772094576117e-03
1.133779264214046690e-08 1.231013791587732241e-02
1.143812709030100166e-08 5.734186288049601156e-03
1.153846153846153641e-08 1.027596183601174606e-02
1.163879598662207117e-08 1.535701784624129811e-02
1.173913043478260757e-08 1.301286073785478184e-02
1.183946488294314233e-08 6.094608984007148823e-03
1.193979933110367708e-08 4.737332935293750782e-03
1.204013377926421184e-08 4.438374305492421429e-03
1.214046822742474824e-08 9.605946026674446261e-03
1.224080267558528300e-08 1.492375270319780921e-02
1.234113712374581775e-08 6.686845234527740399e-03
1.244147157190635251e-08 7.116954228808263991e-03
1.254180602006688726e-08 4.574591485088437548e-03
1.264214046822742367e-08 7.429832562298826354e-03
1.274247491638795842e-08 2.344939065168988573e-03
1.284280936454849318e-08 6.966039934852674698e-03
1.294314381270902793e-08 1.045971615037268564e-02
1.304347826086956269e-08 1.638017548346229826e-02
1.314381270903009909e-08 1.067126048549877151e-02
1.324414715719063385e-08 7.275489289175508627e-03
1.334448160535116860e-08 8.964101162602591474e-03
1.344481605351170336e-08 3.324748573557518086e-03
1.354515050167223811e-08 1.347539374649030751e-02
1.364548494983277452e-08 5.258800447425540300e-03
1.374581939799330927e-08 3.618596930072788065e-04
1.384615384615384403e-08 8.257497949525330685e-03
1.394648829431437878e-08 1.069498637940788713e-02
1.404682274247491519e-08 1.013415647227294304e-02
1.414715719063544994e-08 8.323415810034913084e-03
1.424749163879598470e-08 4.709532202777920104e-03
1.434782608695651945e-08 7.151287850367526490e-03
1.444816053511705420e-08 6.915474581311181063e-03
1.454849498327759061e-08 6.334002774769762270e-03
1.464882943143812537e-08 1.306761779239559544e-02
1.474916387959866012e-08 5.853570298971515727e-03
1.484949832775919487e-08 3.085505892563510186e-03
1.494983277591973128e-08 4.806644538048672130e-03
1.505016722408026604e-08 3.839064739892390950e-03
1.515050167224080079e-08 9.323070707195506290e-03
1.525083612040133554e-08 5.817068045896805345e-03
1.535117056856187030e-08 1.313843992370563110e-02
1.545150501672240505e-08 4.236010133577119974e-03
1.555183946488293981e-08 9.494100820134215857e-03
1.565217391304347456e-08 6.512971445671206748e-03
1.575250836120401262e-08 1.423019969691706899e-03
1.585284280936454738e-08 4.013514417973172710e-03
1.595317725752508213e-08 1.742545879692275045e-03
1.605351170568561688e-08 9.571455760598313045e-03
1.615384615384615164e-08 1.039026735606737514e-02
1.625418060200668639e-08 1.286532687995156458e-02
1.635451505016722115e-08 7.708182032051763208e-03
1.645484949832775590e-08 1.796907924371286694e-03
1.655518394648829065e-08 1.448318453417482034e-02
1.665551839464882872e-08 5.334643472244716446e-03
1.675585284280936347e-08 1.092384650530718246e-02
1.685618729096989823e-08 1.267127542031420886e-03
1.695652173913043298e-08 1.255483102744587784e-02
1.705685618729096773e-08 1.189432034675089178e-02
1.715719063545150249e-08 6.182736833469346799e-03
1.725752508361203724e-08 9.851253270032131124e-03
1.735785953177257200e-08 4.915253697279676343e-03
1.745819397993310675e-08 6.537595744187723809e-03
1.755852842809364150e-08 4.196534867718305223e-03
1.765886287625417957e-08 3.891344757118019460e-03
1.775919732441471432e-08 3.919357329124144654e-03
1.785953177257524907e-08 6.391280443765183505e-03
1.795986622073578383e-08 9.069022940716759199e-03
1.806020066889631858e-08 1.069020672482909849e-02
1.816053511705685334e-08 6.411637240940647187e-03
1.826086956521738809e-08 8.025807908241802333e-03
1.836120401337792284e-08 5.508958879111746504e-03
1.846153846153845760e-08 9.211889328471490473e-03
1.856187290969899566e-08 8.128255607802423871e-03
1.866220735785953041e-08 9.108774109807244931e-03
1.876254180602006517e-08 4.927635111065211369e-03
1.886287625418059992e-08 1.007404097678025676e-02
1.896321070234113468e-08 6.417494481106106492e-03
1.906354515050166943e-08 1.982467650968809583e-03
1.916387959866220418e-08 6.787798043357389129e-03
1.926421404682273894e-08 3.548147454222674857e-03
1.936454849498327369e-08 1.051316436276685147e-02
1.946488294314380845e-08 8.769257163862774831e-03
1.956521739130434651e-08 1.236272708145802306e-02
1.966555183946488126e-08 1.652759380878178778e-03
1.976588628762541602e-08 3.280539549357512456e-03
1.986622073578595077e-08 1.128465550000205646e-02
1.996655518394648553e-08 1.023332360920932611e-02
2.006688963210702028e-08 5.964906651747029463e-03
2.016722408026755503e-08 7.802499488943528093e-03
2.026755852842808979e-08 8.544911347384746489e-03
2.036789297658862454e-08 3.152275684354556486e-03
2.046822742474916260e-08 1.235437645774064945e-02
2.056856187290969736e-08 7.235550855231176123e-03
2.066889632107023211e-08 9.266335782891845646e-03
2.076923076923076687e-08 1.110920120641839190e-02
2.086956521739130162e-08 2.134676842941467777e-03
2.096989966555183637e-08 4.020111147558725478e-03
2.107023411371237113e-08 5.192308070220709101e-03
2.117056856187290588e-08 1.793862971402305996e-04
2.127090301003344064e-08 1.462310294914254995e-02
2.137123745819397539e-08 7.607355236980480918e-03
2.147157190635451345e-08 5.674366150571466018e-03
2.157190635451504821e-08 1.294610251858766166e-02
2.167224080267558296e-08 5.040926377235864335e-03
2.177257525083611771e-08 1.393860010111287739e-02
2.187290969899665247e-08 5.479074911092328762e-03
2.197324414715718722e-08 6.851014450976132195e-03
2.207357859531772198e-08 1.203624816612054553e-02
2.217391304347825673e-08 6.297382617680453466e-03
2.227424749163879148e-08 7.944450264038916201e-03
2.237458193979932955e-08 1.085590033919700548e-02
2.247491638795986430e-08 5.272115989005305564e-03
2.257525083612039905e-08 8.320805544916690458e-03
2.267558528428093381e-08 1.248674689006096586e-02
2.277591973244146856e-08 6.815133103041000340e-03
2.287625418060200332e-08 7.038548624177833057e-03
2.297658862876253807e-08 2.278914882030293361e-03
2.307692307692307282e-08 9.673877142499754181e-03
2.317725752508360758e-08 1.216437423532325951e-02
2.327759197324414233e-08 3.654324453395140036e-03
2.337792642140468040e-08 7.282831146747563780e-03
2.347826086956521515e-08 9.100963331070372614e-03
2.357859531772574990e-08 9.236342866542027186e-03
2.367892976588628466e-08 6.526011464700096944e-03
2.377926421404681941e-08 8.475377211907140357e-03
2.387959866220735417e-08 1.078479189069084937e-02
2.397993311036788892e-08 6.791680966539417538e-04
2.408026755852842367e-08 1.022681053541136219e-02
2.418060200668895843e-08 3.759037286386307693e-03
2.428093645484949649e-08 5.865697950489931131e-03
2.438127090301003124e-08 8.524456097691620118e-03
2.448160535117056600e-08 3.991523862121132589e-03
2.458193979933110075e-08 7.793308327621025454e-03
2.468227424749163551e-08 5.012929725735983631e-03
2.478260869565217026e-08 9.847711533432716713e-03
2.488294314381270501e-08 1.476638599458552324e-02
2.498327759197323977e-08 8.066149578788622820e-03
2.508361204013377452e-08 8.088837144325372597e-03
2.518394648829430928e-08 4.881392355437209202e-03
2.528428093645484734e-08 8.412425462732480222e-03
2.538461538461538209e-08 7.397003720492530306e-03
2.548494983277591685e-08 8.826826843134431486e-03
2.558528428093645160e-08 5.983251048711952201e-03
2.568561872909698635e-08 5.368556430811684960e-03
2.578595317725752111e-08 6.261262481671091978e-03
2.588628762541805586e-08 4.163002146537708031e-03
2.598662207357859062e-08 1.340646788841915425e-02
2.608695652173912537e-08 1.107136465202311279e-02
2.618729096989966343e-08 4.960416535769802265e-03
2.628762541806019819e-08 5.148599640869356946e-03
2.638795986622073294e-08 -1.256163183059547366e-03
2.648829431438126769e-08 3.872748772428069933e-03
2.658862876254180245e-08 1.171718686668659672e-02
2.668896321070233720e-08 4.130731728444005102e-03
2.678929765886287196e-08 9.237861780660232627e-03
2.688963210702340671e-08 9.938550874321822395e-03
2.698996655518394146e-08 9.473190380683275957e-03
2.709030100334447622e-08 1.130515619441247767e-03
2.719063545150501428e-08 1.006652899902669811e-02
2.729096989966554904e-08 9.854635368942621723e-03
2.739130434782608379e-08 1.402844651063100793e-02
2.749163879598661854e-08 6.560126495498607747e-03
2.759197324414715330e-08 1.257256017394850316e-02
2.769230769230768805e-08 1.269751105001719685e-02
2.779264214046822281e-08 5.458120763380156296e-03
2.789297658862875756e-08 1.310610902317473590e-02
2.799331103678929231e-08 9.018306157405212367e-03
2.809364548494983038e-08 5.053205673510668093e-03
2.819397993311036513e-08 7.339548767049706296e-03
2.829431438127089988e-08 9.903144390578650161e-03
2.839464882943143464e-08 1.239452523531679728e-02
2.849498327759196939e-08 9.779704979631681505e-03
2.859531772575250415e-08 9.358352619210129689e-03
2.869565217391303890e-08 7.590085313841207250e-03
2.879598662207357365e-08 8.192736664116356468e-03
2.889632107023410841e-08 2.726613762447956460e-03
2.899665551839464316e-08 9.090097195852582523e-03
2.909698996655518122e-08 1.083783919875980738e-02
2.919732441471571598e-08 9.046666825667718306e-03
2.929765886287625073e-08 6.860724985453994784e-03
2.939799331103678549e-08 8.579798997014319653e-03
2.949832775919732024e-08 5.794735429348429716e-03
2.959866220735785499e-08 8.237131963388034245e-03
2.969899665551838975e-08 7.424430595274482576e-03
2.979933110367892450e-08 1.601821735485962949e-03
2.989966555183946256e-08 3.114386062427808820e-03
2.999999999999999732e-08 7.139577538464398319e-03
