0.000000000000000000e+00 9.999999999999995559e-01
1.003344481605351029e-10 9.932769097010277770e-01
2.006688963210702059e-10 9.736543669818018554e-01
3.010033444816052959e-10 9.426980170646999113e-01
4.013377926421404118e-10 9.027822432222497584e-01
5.016722408026755277e-10 8.567817841143778868e-01
6.020066889632105918e-10 8.077186242256718662e-01
7.023411371237457594e-10 7.584225270471670610e-01
8.026755852842808236e-10 7.112567394265728593e-01
9.030100334448158877e-10 6.679439074956927680e-01
1.003344481605351055e-09 6.295052802697518324e-01
1.103678929765886223e-09 5.963040063286971781e-01
1.204013377926421184e-09 5.681656332416281652e-01
1.304347826086956351e-09 5.445392332407088531e-01
1.404682274247491519e-09 5.246621521996589488e-01
1.505016722408026480e-09 5.076991303781392961e-01
1.605351170568561647e-09 4.928395112092771591e-01
1.705685618729096815e-09 4.793505010255827981e-01
1.806020066889631775e-09 4.665961478477205215e-01
1.906354515050166943e-09 4.540381533465298602e-01
2.006688963210702111e-09 4.412348249146921253e-01
2.107023411371237278e-09 4.278492590047304200e-01
2.207357859531772446e-09 4.136695139421981970e-01
2.307692307692307200e-09 3.986350592983620711e-01
2.408026755852842367e-09 3.828579501801371854e-01
2.508361204013377535e-09 3.666257536040313791e-01
2.608695652173912702e-09 3.503766003599093626e-01
2.709030100334447870e-09 3.346437472016787762e-01
2.809364548494983038e-09 3.199755516510803255e-01
2.909698996655517792e-09 3.068442415484225472e-01
3.010033444816052959e-09 2.955611205837434530e-01
3.110367892976588127e-09 2.862156704267076468e-01
3.210702341137123294e-09 2.786514356417096883e-01
3.311036789297658462e-09 2.724838505039037795e-01
3.411371237458193629e-09 2.671563247022277765e-01
3.511705685618728797e-09 2.620231849381267630e-01
3.612040133779263551e-09 2.564432930595677007e-01
3.712374581939798719e-09 2.498672736757588386e-01
3.812709030100333886e-09 2.419041664374224632e-01
3.913043478260868640e-09 2.323589067694331045e-01
4.013377926421404221e-09 2.212386946467627402e-01
4.113712374581938975e-09 2.087323152866271680e-01
4.214046822742474556e-09 1.951705021943092311e-01
4.314381270903009310e-09 1.809768638791087736e-01
4.414715719063544892e-09 1.666179033665328713e-01
4.515050167224079646e-09 1.525580537535742298e-01
4.615384615384614399e-09 1.392225564559408657e-01
4.715719063545149981e-09 1.269684772182700927e-01
4.816053511705684735e-09 1.160628585021432485e-01
4.916387959866220316e-09 1.066670657576930387e-01
5.016722408026755070e-09 9.882739724262708247e-02
5.117056856187290651e-09 9.247326319670226558e-02
5.217391304347825405e-09 8.742493178707601287e-02
5.317725752508360159e-09 8.341246049299302912e-02
5.418060200668895740e-09 8.010588439528447402e-02
5.518394648829430494e-09 7.715437974436556434e-02
5.618729096989966075e-09 7.422966230676496246e-02
5.719063545150500829e-09 7.106711949381611104e-02
5.819397993311035583e-09 6.749775626976259324e-02
5.919732441471571164e-09 6.346522826624295677e-02
6.020066889632105918e-09 5.902484838344061735e-02
6.120401337792641499e-09 5.432488156594897366e-02
6.220735785953176253e-09 4.957384915688485549e-02
6.321070234113711835e-09 4.500012220003493657e-02
6.421404682274246589e-09 4.081120868427330628e-02
6.521739130434781343e-09 3.715964582147977813e-02
6.622073578595316924e-09 3.412053453252906349e-02
6.722408026755851678e-09 3.168307045225932095e-02
6.822742474916387259e-09 2.975565170725397168e-02
6.923076923076922013e-09 2.818192959071622386e-02
7.023411371237457594e-09 2.676392325698296812e-02
7.123745819397992348e-09 2.528812441320840362e-02
7.224080267558527102e-09 2.355114701880131958e-02
7.324414715719062683e-09 2.138251323704295701e-02
7.424749163879597437e-09 1.866316600084911778e-02
7.525083612040133018e-09 1.533894450578889533e-02
7.625418060200667772e-09 1.142846007852621470e-02
7.725752508361202526e-09 7.024706883623793412e-03
7.826086956521737280e-09 2.289629754667444478e-03
7.926421404682273689e-09 -2.558933850038311655e-03
8.026755852842808442e-09 -7.267821169696788569e-03
8.127090301003343196e-09 -1.157531538588731437e-02
8.227424749163877950e-09 -1.524138477959311767e-02
8.327759197324414359e-09 -1.807739265068148554e-02
8.428093645484949113e-09 -1.997063369178524866e-02
8.528428093645483867e-09 -2.089934516946391485e-02
8.628762541806018621e-09 -2.093515918395526601e-02
8.729096989966553375e-09 -2.023209994480391558e-02
8.829431438127089783e-09 -1.900373036398550833e-02
8.929765886287624537e-09 -1.749232617527279876e-02
9.030100334448159291e-09 -1.593544596350192355e-02
9.130434782608694045e-09 -1.453560529858494328e-02
9.230769230769228799e-09 -1.343788175665353718e-02
9.331103678929765207e-09 -1.271841945630695740e-02
9.431438127090299961e-09 -1.238445505658473597e-02
9.531772575250834715e-09 -1.238424330283521141e-02
9.632107023411369469e-09 -1.262364688928718434e-02
9.732441471571904223e-09 -1.298549384148954544e-02
9.832775919732440632e-09 -1.334813325172413273e-02
9.933110367892975386e-09 -1.360069997020186411e-02
1.003344481605351014e-08 -1.365400905460315353e-02
1.013377926421404489e-08 -1.344727518954116560e-02
1.023411371237458130e-08 -1.295162590350595541e-02
1.033444816053511606e-08 -1.217149276799122520e-02
1.043478260869565081e-08 -1.114450743715304261e-02
1.053511705685618556e-08 -9.939784216977021539e-03
1.063545150501672032e-08 -8.653815368132757382e-03
1.073578595317725673e-08 -7.402976044776436379e-03
1.083612040133779148e-08 -6.312010555175202528e-03
1.093645484949832623e-08 -5.498805662591929946e-03
1.103678929765886099e-08 -5.056991434595846553e-03
1.113712374581939574e-08 -5.039052416953088837e-03
1.123745819397993215e-08 -5.443277081978638993e-03
1.133779264214046690e-08 -6.207735147909738960e-03
1.143812709030100166e-08 -7.213477507452744145e-03
1.153846153846153641e-08 -8.297474666160594564e-03
1.163879598662207117e-08 -9.273824000745896357e-03
1.173913043478260757e-08 -9.959944519929014861e-03
1.183946488294314233e-08 -1.020329295112845300e-02
1.193979933110367708e-08 -9.903878668888661113e-03
1.204013377926421184e-08 -9.028598237454374398e-03
1.214046822742474824e-08 -7.614978422891559989e-03
1.224080267558528300e-08 -5.763940723360352035e-03
1.234113712374581775e-08 -3.623219382742537756e-03
1.244147157190635251e-08 -1.364644816717157372e-03
1.254180602006688726e-08 8.406552712041997708e-04
1.264214046822742367e-08 2.845089198307461029e-03
1.274247491638795842e-08 4.542173741523560480e-03
1.284280936454849318e-08 5.876799826908191485e-03
1.294314381270902793e-08 6.847567246392094811e-03
1.304347826086956269e-08 7.501850339981829159e-03
1.314381270903009909e-08 7.925188794160599806e-03
1.324414715719063385e-08 8.227083604324213553e-03
1.334448160535116860e-08 8.525347373494090650e-03
1.344481605351170336e-08 8.930924372661281849e-03
1.354515050167223811e-08 9.534703329796594823e-03
1.364548494983277452e-08 1.039741823017012630e-02
1.374581939799330927e-08 1.154334050089279515e-02
1.384615384615384403e-08 1.295812302918242578e-02
1.394648829431437878e-08 1.459083642273210392e-02
1.404682274247491519e-08 1.635990675210506617e-02
1.414715719063544994e-08 1.816230980039988674e-02
1.424749163879598470e-08 1.988502594271437593e-02
1.434782608695651945e-08 2.141747314565653482e-02
1.444816053511705420e-08 2.266348737043643452e-02
1.454849498327759061e-08 2.355146721629699375e-02
1.464882943143812537e-08 2.404155721854495803e-02
1.474916387959866012e-08 2.412917139499394861e-02
1.484949832775919487e-08 2.384466855650783229e-02
1.494983277591973128e-08 2.324947600645580620e-02
1.505016722408026604e-08 2.242932440708046010e-02
1.515050167224080079e-08 2.148545299258626876e-02
1.525083612040133554e-08 2.052467796228999580e-02
1.535117056856187030e-08 1.964914572106521082e-02
1.545150501672240505e-08 1.894649927620066857e-02
1.555183946488293981e-08 1.848114162217180320e-02
1.565217391304347456e-08 1.828731112325734237e-02
1.575250836120401262e-08 1.836475696087189538e-02
1.585284280936454738e-08 1.867783117767731968e-02
1.595317725752508213e-08 1.915868973998820571e-02
1.605351170568561688e-08 1.971493387453688781e-02
1.615384615384615164e-08 2.024140722571214981e-02
1.625418060200668639e-08 2.063506930360484506e-02
1.635451505016722115e-08 2.081105539673407112e-02
1.645484949832775590e-08 2.071742508724785242e-02
1.655518394648829065e-08 2.034590701505776048e-02
1.665551839464882872e-08 1.973630496984447869e-02
1.675585284280936347e-08 1.897315191980833773e-02
1.685618729096989823e-08 1.817454837038277524e-02
1.695652173913043298e-08 1.747463497979431443e-02
1.705685618729096773e-08 1.700249173445490120e-02
1.715719063545150249e-08 1.686110490217298738e-02
1.725752508361203724e-08 1.711017414484128710e-02
1.735785953177257200e-08 1.775588296813141245e-02
1.745819397993310675e-08 1.874944823534847524e-02
1.755852842809364150e-08 1.999458028558501188e-02
1.765886287625417957e-08 2.136229717252151328e-02
1.775919732441471432e-08 2.271021624603105152e-02
1.785953177257524907e-08 2.390277156559255517e-02
1.795986622073578383e-08 2.482889349996512257e-02
1.806020066889631858e-08 2.541446969413800605e-02
1.816053511705685334e-08 2.562815696552983927e-02
1.826086956521738809e-08 2.548051008086291494e-02
1.836120401337792284e-08 2.501760723643138909e-02
1.846153846153845760e-08 2.431113199164565072e-02
1.856187290969899566e-08 2.344710122047567735e-02
1.866220735785953041e-08 2.251514505353559639e-02
1.876254180602006517e-08 2.159961194598841380e-02
1.886287625418059992e-08 2.077302294295467824e-02
1.896321070234113468e-08 2.009176285573968310e-02
1.906354515050166943e-08 1.959353186597615273e-02
1.916387959866220418e-08 1.929603965370121216e-02
1.926421404682273894e-08 1.919664366281848694e-02
1.936454849498327369e-08 1.927297005911066119e-02
1.946488294314380845e-08 1.948483872809237197e-02
1.956521739130434651e-08 1.977790142639170717e-02
1.966555183946488126e-08 2.008923040454470635e-02
1.976588628762541602e-08 2.035469450201365244e-02
1.986622073578595077e-08 2.051744575059436318e-02
1.996655518394648553e-08 2.053637294862173043e-02
2.006688963210702028e-08 2.039311575885990879e-02
2.016722408026755503e-08 2.009627698789385672e-02
2.026755852842808979e-08 1.968184124367085633e-02
2.036789297658862454e-08 1.920943524511973047e-02
2.046822742474916260e-08 1.875481005229968218e-02
2.056856187290969736e-08 1.839962021971193462e-02
2.066889632107023211e-08 1.822006694161009896e-02
2.076923076923076687e-08 1.827616312214009817e-02
2.086956521739130162e-08 1.860324394278260393e-02
2.096989966555183637e-08 1.920693632265047315e-02
2.107023411371237113e-08 2.006221723549860350e-02
2.117056856187290588e-08 2.111655835403822290e-02
2.127090301003344064e-08 2.229658641523412504e-02
2.137123745819397539e-08 2.351726404986024047e-02
2.147157190635451345e-08 2.469234953073309521e-02
2.157190635451504821e-08 2.574482168190790274e-02
2.167224080267558296e-08 2.661602942210763642e-02
2.177257525083611771e-08 2.727250880213999418e-02
2.187290969899665247e-08 2.770967536323228411e-02
2.197324414715718722e-08 2.795192881384950950e-02
2.207357859531772198e-08 2.804908932489698012e-02
2.217391304347825673e-08 2.806950462078719802e-02
2.227424749163879148e-08 2.809059368665199272e-02
2.237458193979932955e-08 2.818797548331995750e-02
2.247491638795986430e-08 2.842460358798632597e-02
2.257525083612039905e-08 2.884142346620733807e-02
2.267558528428093381e-08 2.945094062068788834e-02
2.277591973244146856e-08 3.023472560334949238e-02
2.287625418060200332e-08 3.114532496395058803e-02
2.297658862876253807e-08 3.211238144159950930e-02
2.307692307692307282e-08 3.305210891905060316e-02
2.317725752508360758e-08 3.387874010630127775e-02
2.327759197324414233e-08 3.451626662822780689e-02
2.337792642140468040e-08 3.490877446660172606e-02
2.347826086956521515e-08 3.502793655094390418e-02
2.357859531772574990e-08 3.487669794227016978e-02
2.367892976588628466e-08 3.448877927133669336e-02
2.377926421404681941e-08 3.392422073340060906e-02
2.387959866220735417e-08 3.326169603566287575e-02
2.397993311036788892e-08 3.258868053102344925e-02
2.408026755852842367e-08 3.199073811613396129e-02
2.418060200668895843e-08 3.154121017446614994e-02
2.428093645484949649e-08 3.129248032358115938e-02
2.438127090301003124e-08 3.126978761240986615e-02
2.448160535117056600e-08 3.146829461552445861e-02
2.458193979933110075e-08 3.185379753947809034e-02
2.468227424749163551e-08 3.236709607507694264e-02
2.478260869565217026e-08 3.293162836175030778e-02
2.488294314381270501e-08 3.346354607373795698e-02
2.498327759197323977e-08 3.388300734063943304e-02
2.508361204013377452e-08 3.412517513147178549e-02
2.518394648829430928e-08 3.414930776336234236e-02
2.528428093645484734e-08 3.394448159272569349e-02
2.538461538461538209e-08 3.353091621439504427e-02
2.548494983277591685e-08 3.295654071651096806e-02
2.558528428093645160e-08 3.228924196534270485e-02
2.568561872909698635e-08 3.160601957802927631e-02
2.578595317725752111e-08 3.098086775267865078e-02
2.588628762541805586e-08 3.047346767470317935e-02
2.598662207357859062e-08 3.012062775983783205e-02
2.608695652173912537e-08 2.993186637310113474e-02
2.618729096989966343e-08 2.988970200522246892e-02
2.628762541806019819e-08 2.995428147112239731e-02
2.638795986622073294e-08 3.007114979414227465e-02
2.648829431438126769e-08 3.018043499523419965e-02
2.658862876254180245e-08 3.022560343998384469e-02
2.668896321070233720e-08 3.016024936646275259e-02
2.678929765886287196e-08 2.995202054355925944e-02
2.688963210702340671e-08 2.958357262317783468e-02
2.698996655518394146e-08 2.905117439039201985e-02
2.709030100334447622e-08 2.836206397129345871e-02
2.719063545150501428e-08 2.753176551069245678e-02
2.729096989966554904e-08 2.658230589827449697e-02
2.739130434782608379e-08 2.554171870547271989e-02
2.749163879598661854e-08 2.444456464831928563e-02
2.759197324414715330e-08 2.333264167031131806e-02
2.769230769230768805e-08 2.225478151677382638e-02
2.779264214046822281e-08 2.126473218480945740e-02
2.789297658862875756e-08 2.041659690668627333e-02
2.799331103678929231e-08 1.975802255840879498e-02
2.809364548494983038e-08 1.932210859749257728e-02
2.819397993311036513e-08 1.911962172036265478e-02
2.829431438127089988e-08 1.913336550484902310e-02
2.839464882943143464e-08 1.931636735364716112e-02
2.849498327759196939e-08 1.959491945872368288e-02
2.859531772575250415e-08 1.987657107726199107e-02
2.869565217391303890e-08 2.006212354361258318e-02
2.879598662207357365e-08 2.005976651022820315e-02
2.889632107023410841e-08 1.979892718248932662e-02
2.899665551839464316e-08 1.924132017842455911e-02
2.909698996655518122e-08 1.838711248650138491e-02
2.919732441471571598e-08 1.727497154777326085e-02
2.929765886287625073e-08 1.597586959936939111e-02
2.939799331103678549e-08 1.458164961642831846e-02
2.949832775919732024e-08 1.319029412703837285e-02
2.959866220735785499e-08 1.189040265084436408e-02
2.969899665551838975e-08 1.074748272887993822e-02
2.979933110367892450e-08 9.794294366441252606e-03
2.989966555183946256e-08 9.026746247922799032e-03
2.999999999999999732e-08 8.405875090852428164e-03
