0.000000000000000000e+00 9.999999999999995559e-01
1.003344481605351029e-10 -1.340196436381079804e-02
2.006688963210702059e-10 2.018837364254138719e-02
3.010033444816052959e-10 1.250655438421144523e-02
4.013377926421404118e-10 8.235852719953971543e-03
5.016722408026755277e-10 9.972487176505851966e-03
6.020066889632105918e-10 1.420857406274445055e-03
7.023411371237457594e-10 1.167130784278522584e-02
8.026755852842808236e-10 1.804344401270575621e-03
9.030100334448158877e-10 4.102505257818907063e-03
1.003344481605351055e-09 8.604297706003346397e-03
1.103678929765886223e-09 2.304350701058173467e-03
1.204013377926421184e-09 6.741334605906677130e-03
1.304347826086956351e-09 8.664045216922378057e-03
1.404682274247491519e-09 7.076596530945836877e-03
1.505016722408026480e-09 4.272386911361883075e-03
1.605351170568561647e-09 6.269633732993874081e-03
1.705685618729096815e-09 8.189963952004660624e-03
1.806020066889631775e-09 1.212812521859535538e-02
1.906354515050166943e-09 7.657869343815032308e-03
2.006688963210702111e-09 -3.599706661328113191e-03
2.107023411371237278e-09 6.935104211542334092e-03
2.207357859531772446e-09 1.284121753959786838e-02
2.307692307692307200e-09 6.555377248729636099e-03
2.408026755852842367e-09 6.340894194052744924e-03
2.508361204013377535e-09 1.322811044296613898e-02
2.608695652173912702e-09 1.074615306037529118e-02
2.709030100334447870e-09 1.027310569209245045e-02
2.809364548494983038e-09 7.624125208747441033e-03
2.909698996655517792e-09 1.408637975032399564e-03
3.010033444816052959e-09 1.373919844385942599e-02
3.110367892976588127e-09 2.561620297071865934e-03
3.210702341137123294e-09 5.449930214964340998e-03
3.311036789297658462e-09 5.434925159899708230e-03
3.411371237458193629e-09 4.847967717571456149e-03
3.511705685618728797e-09 8.200836871292964403e-03
3.612040133779263551e-09 7.621773851928509598e-03
3.712374581939798719e-09 8.524477266508029977e-03
3.812709030100333886e-09 7.970729243030133526e-03
3.913043478260868640e-09 4.864770945768390718e-03
4.013377926421404221e-09 5.783807614999888005e-03
4.113712374581938975e-09 9.690484166493080684e-03
4.214046822742474556e-09 8.564522899874565248e-03
4.314381270903009310e-09 9.466717464455152650e-03
4.414715719063544892e-09 1.292740619591429239e-02
4.515050167224079646e-09 4.166872999962146357e-03
4.615384615384614399e-09 1.091707855307416826e-02
4.715719063545149981e-09 2.824774623912913903e-03
4.816053511705684735e-09 8.472396607193561149e-03
4.916387959866220316e-09 7.996827935135271057e-03
5.016722408026755070e-09 9.891624076623251050e-03
5.117056856187290651e-09 9.813401905848152806e-03
5.217391304347825405e-09 1.071433946697414145e-02
5.317725752508360159e-09 1.060759216757477079e-02
5.418060200668895740e-09 1.618331462882362844e-03
5.518394648829430494e-09 1.109565749392216367e-02
5.618729096989966075e-09 1.030912842820312821e-02
5.719063545150500829e-09 9.572888416100044928e-03
5.819397993311035583e-09 1.198688331800731172e-02
5.919732441471571164e-09 5.476854621990836190e-03
6.020066889632105918e-09 8.842147123386667057e-03
6.120401337792641499e-09 6.244907002591935409e-03
6.220735785953176253e-09 1.469633024129960754e-02
6.321070234113711835e-09 1.062350226646662822e-02
6.421404682274246589e-09 8.054175781484887442e-03
6.521739130434781343e-09 8.338108516814858595e-03
6.622073578595316924e-09 -9.520615169311278173e-04
6.722408026755851678e-09 1.065326734281249466e-02
6.822742474916387259e-09 4.591242946534855422e-03
6.923076923076922013e-09 1.014261540403599629e-02
7.023411371237457594e-09 2.151948028181891164e-03
7.123745819397992348e-09 3.970980831193197426e-03
7.224080267558527102e-09 1.708133692367446062e-03
7.324414715719062683e-09 1.116988276597192555e-02
7.424749163879597437e-09 6.845015666932146095e-03
7.525083612040133018e-09 1.294060228795886926e-02
7.625418060200667772e-09 1.474910588352350282e-02
7.725752508361202526e-09 4.621155770523028249e-03
7.826086956521737280e-09 3.309203883227295265e-03
7.926421404682273689e-09 7.566712364773070867e-03
8.026755852842808442e-09 7.847415348186564596e-03
8.127090301003343196e-09 1.270906493677504290e-03
8.227424749163877950e-09 4.192803227267260721e-03
8.327759197324414359e-09 1.209571680174147297e-02
8.428093645484949113e-09 2.464099400017644853e-03
8.528428093645483867e-09 9.163401812473430602e-04
8.628762541806018621e-09 5.231015274491211328e-03
8.729096989966553375e-09 2.101208579736319089e-03
8.829431438127089783e-09 9.354448573793631982e-03
8.929765886287624537e-09 2.894623297087604331e-03
9.030100334448159291e-09 9.117420317447891970e-03
9.130434782608694045e-09 1.072368500932288898e-03
9.230769230769228799e-09 -7.166093120841341389e-04
9.331103678929765207e-09 8.259080458059491620e-03
9.431438127090299961e-09 6.301273966941644405e-03
9.531772575250834715e-09 -9.908860886703279832e-05
9.632107023411369469e-09 7.102976346413819933e-03
9.732441471571904223e-09 8.595453243057615128e-03
9.832775919732440632e-09 9.779692166140803791e-03
9.933110367892975386e-09 1.106327796631969944e-02
1.003344481605351014e-08 7.796430235609226600e-03
1.013377926421404489e-08 7.844657104182105323e-03
1.023411371237458130e-08 3.365443094550259195e-03
1.033444816053511606e-08 3.741603422847404690e-03
1.043478260869565081e-08 3.939822300241941494e-03
1.053511705685618556e-08 1.112061248902636822e-02
1.063545150501672032e-08 3.107402042252851819e-03
1.073578595317725673e-08 8.350714621170395036e-03
1.083612040133779148e-08 5.695167879284277444e-03
1.093645484949832623e-08 1.290861378160475595e-02
1.103678929765886099e-08 8.610985841885680780e-03
1.113712374581939574e-08 6.745146152473679990e-03
1.123745819397993215e-08 1.129988080668699671e-02
1.133779264214046690e-08 2.830060485706438738e-03
1.143812709030100166e-08 8.626006635816974022e-03
1.153846153846153641e-08 8.091676879989847387e-03
1.163879598662207117e-08 1.091041010021166074e-02
1.173913043478260757e-08 2.925180916817670708e-03
1.183946488294314233e-08 1.142281608800266475e-02
1.193979933110367708e-08 5.088524916526504516e-03
1.204013377926421184e-08 9.287619998701434482e-03
1.214046822742474824e-08 5.909731783718127386e-03
1.224080267558528300e-08 1.805412011251111100e-03
1.234113712374581775e-08 5.762901794181205135e-03
1.244147157190635251e-08 4.464022219298054324e-03
1.254180602006688726e-08 1.053445792874291125e-02
1.264214046822742367e-08 -5.829812176697283729e-04
1.274247491638795842e-08 8.347386843200894566e-03
1.284280936454849318e-08 8.351270561971026185e-03
1.294314381270902793e-08 9.765268666004764050e-03
1.304347826086956269e-08 8.352670334259498092e-03
1.314381270903009909e-08 8.538188525435511447e-03
1.324414715719063385e-08 7.132255612981685047e-03
1.334448160535116860e-08 8.949039481474678481e-03
1.344481605351170336e-08 8.330996848304525818e-03
1.354515050167223811e-08 6.990830179065024921e-03
1.364548494983277452e-08 1.123412006730156731e-02
1.374581939799330927e-08 5.827366592886355084e-03
1.384615384615384403e-08 9.948680257926150600e-03
1.394648829431437878e-08 5.161950989314440484e-03
1.404682274247491519e-08 5.097065360443276370e-03
1.414715719063544994e-08 1.238595529291530023e-02
1.424749163879598470e-08 2.282524579445965353e-03
1.434782608695651945e-08 1.569398971299438769e-02
1.444816053511705420e-08 1.794779883234712834e-04
1.454849498327759061e-08 4.679205002992707293e-03
1.464882943143812537e-08 6.043934757164434388e-03
1.474916387959866012e-08 2.053284596519326394e-03
1.484949832775919487e-08 9.653194717984378906e-03
1.494983277591973128e-08 7.088810727995984752e-03
1.505016722408026604e-08 1.044527594003534857e-02
1.515050167224080079e-08 1.306013633596084245e-02
1.525083612040133554e-08 7.499235514048031501e-03
1.535117056856187030e-08 4.333112520694713116e-03
1.545150501672240505e-08 7.636641484264353012e-03
1.555183946488293981e-08 7.454364514047170931e-03
1.565217391304347456e-08 2.654126073008415427e-03
1.575250836120401262e-08 1.225122964598408890e-03
1.585284280936454738e-08 1.025345214376157700e-02
1.595317725752508213e-08 8.210680428585375237e-03
1.605351170568561688e-08 7.229019782140700019e-03
1.615384615384615164e-08 4.925153645064970012e-03
1.625418060200668639e-08 7.710857893568861914e-03
1.635451505016722115e-08 9.415963684616847004e-03
1.645484949832775590e-08 7.452164963718880576e-03
1.655518394648829065e-08 2.884466973580555611e-03
1.665551839464882872e-08 1.070857103622856535e-02
1.675585284280936347e-08 6.979023584410097569e-03
1.685618729096989823e-08 7.156013947526174840e-03
1.695652173913043298e-08 9.706618833727437973e-03
1.705685618729096773e-08 4.908844285902772692e-03
1.715719063545150249e-08 9.737513256929999569e-03
1.725752508361203724e-08 1.024861976709213682e-02
1.735785953177257200e-08 6.806769486836231758e-03
1.745819397993310675e-08 6.483627884629475195e-03
1.755852842809364150e-08 9.509207315897858642e-03
1.765886287625417957e-08 9.317684624988647329e-03
1.775919732441471432e-08 5.297059624429855708e-03
1.785953177257524907e-08 8.757384793742117174e-03
1.795986622073578383e-08 6.672740038206770134e-03
1.806020066889631858e-08 6.388653327546309733e-03
1.816053511705685334e-08 1.152782022818247577e-02
1.826086956521738809e-08 8.641827401455441302e-03
1.836120401337792284e-08 3.709056145625141358e-03
1.846153846153845760e-08 4.857694858734518464e-03
1.856187290969899566e-08 1.013573743227783042e-02
1.866220735785953041e-08 5.962619600476319441e-03
1.876254180602006517e-08 1.035027234713686850e-03
1.886287625418059992e-08 9.429201133950021116e-03
1.896321070234113468e-08 7.526773063735270157e-03
1.906354515050166943e-08 6.352514522607870251e-03
1.916387959866220418e-08 9.832469730356986626e-03
1.926421404682273894e-08 1.075939441700442256e-02
1.936454849498327369e-08 6.014460611316287640e-03
1.946488294314380845e-08 -1.488101989895876127e-03
1.956521739130434651e-08 2.390786902909843893e-03
1.966555183946488126e-08 6.635854621850718546e-03
1.976588628762541602e-08 4.775593724484775843e-03
1.986622073578595077e-08 1.255045119210673916e-02
1.996655518394648553e-08 1.201184242485414493e-02
2.006688963210702028e-08 6.896515054274644438e-03
2.016722408026755503e-08 7.947521083320191059e-05
2.026755852842808979e-08 7.882845294168742620e-03
2.036789297658862454e-08 5.424386415255551090e-03
2.046822742474916260e-08 6.152141794820461043e-03
2.056856187290969736e-08 8.375597646192297838e-03
2.066889632107023211e-08 2.864059221224094128e-03
2.076923076923076687e-08 9.978235401347857955e-03
2.086956521739130162e-08 3.809093601460015414e-03
2.096989966555183637e-08 6.924214945884894432e-03
2.107023411371237113e-08 1.737058953403450030e-03
2.117056856187290588e-08 1.053681777856365839e-02
2.127090301003344064e-08 1.225758760256829422e-02
2.137123745819397539e-08 4.550907751759905931e-03
2.147157190635451345e-08 6.940978559441634069e-03
2.157190635451504821e-08 9.858412815235714430e-03
2.167224080267558296e-08 4.085890280845208208e-03
2.177257525083611771e-08 1.057982803078377602e-02
2.187290969899665247e-08 5.588510172762958111e-03
2.197324414715718722e-08 8.285836445306506495e-03
2.207357859531772198e-08 4.231165535987142096e-03
2.217391304347825673e-08 7.543069613640092201e-03
2.227424749163879148e-08 1.125027964295025051e-02
2.237458193979932955e-08 1.472935383675980786e-02
2.247491638795986430e-08 5.371176373472173401e-03
2.257525083612039905e-08 1.388907504398114064e-02
2.267558528428093381e-08 1.156424398626693974e-02
2.277591973244146856e-08 1.207059183617195317e-02
2.287625418060200332e-08 -9.028578222321746727e-04
2.297658862876253807e-08 2.433242012002390792e-03
2.307692307692307282e-08 4.638122870074898145e-03
2.317725752508360758e-08 5.525266838391641733e-03
2.327759197324414233e-08 8.754541502899101935e-03
2.337792642140468040e-08 1.111964264726444766e-02
2.347826086956521515e-08 4.031899079919489676e-03
2.357859531772574990e-08 1.622756117054002280e-03
2.367892976588628466e-08 4.826376009993571352e-03
2.377926421404681941e-08 7.547161312544122674e-03
2.387959866220735417e-08 5.199966366934812706e-03
2.397993311036788892e-08 1.121385681243185217e-02
2.408026755852842367e-08 6.005166086853521053e-03
2.418060200668895843e-08 5.018680941102730657e-03
2.428093645484949649e-08 1.082233390680603126e-02
2.438127090301003124e-08 5.265120605390314137e-03
2.448160535117056600e-08 1.180368358389820814e-02
2.458193979933110075e-08 5.961122442835679706e-03
2.468227424749163551e-08 1.189169049864599245e-02
2.478260869565217026e-08 8.863237214189790408e-03
2.488294314381270501e-08 6.638712838288233706e-03
2.498327759197323977e-08 6.571195819381741438e-03
2.508361204013377452e-08 1.166629075842622217e-02
2.518394648829430928e-08 1.057418192405255863e-02
2.528428093645484734e-08 6.550330832425130603e-03
2.538461538461538209e-08 3.637989022410519080e-03
2.548494983277591685e-08 6.402659497838881011e-03
2.558528428093645160e-08 1.091403451946718582e-02
2.568561872909698635e-08 7.041284256287139165e-03
2.578595317725752111e-08 2.775350979911414811e-03
2.588628762541805586e-08 4.591157021968758634e-03
2.598662207357859062e-08 7.940745539997826757e-03
2.608695652173912537e-08 7.206968604875159737e-03
2.618729096989966343e-08 4.151486048518651141e-03
2.628762541806019819e-08 5.926625907911006394e-03
2.638795986622073294e-08 8.889770777974896274e-03
2.648829431438126769e-08 1.064031630138926980e-02
2.658862876254180245e-08 1.171268549460408037e-02
2.668896321070233720e-08 6.364097831280174020e-03
2.678929765886287196e-08 1.266356033143818671e-02
2.688963210702340671e-08 9.484940963338751516e-03
2.698996655518394146e-08 9.899651637678398564e-03
2.709030100334447622e-08 1.189245594136667007e-02
2.719063545150501428e-08 3.621237076401956183e-03
2.729096989966554904e-08 3.169938853398023438e-03
2.739130434782608379e-08 9.518879443580187394e-03
2.749163879598661854e-08 1.648047134699501953e-02
2.759197324414715330e-08 1.041890421685857070e-02
2.769230769230768805e-08 5.517607520951589919e-03
2.779264214046822281e-08 2.044636300415016497e-03
2.789297658862875756e-08 4.860225038546571452e-03
2.799331103678929231e-08 1.126829308126924695e-02
2.809364548494983038e-08 9.696968249722586614e-03
2.819397993311036513e-08 8.530242005697716984e-03
2.829431438127089988e-08 9.109909886338226140e-03
2.839464882943143464e-08 9.978451405778984359e-03
2.849498327759196939e-08 2.992446059522667779e-03
2.859531772575250415e-08 2.574787739812500580e-03
2.869565217391303890e-08 7.296665529507594811e-03
2.879598662207357365e-08 9.894350418263832964e-03
2.889632107023410841e-08 4.865825624243003480e-03
2.899665551839464316e-08 6.100911283400432122e-03
2.909698996655518122e-08 8.290403322971874947e-03
2.919732441471571598e-08 5.979033180409692311e-03
2.929765886287625073e-08 3.680199522348368436e-03
2.939799331103678549e-08 8.491319072327904727e-03
2.949832775919732024e-08 1.228505290983429761e-02
2.959866220735785499e-08 1.116552586657778429e-02
2.969899665551838975e-08 4.801520586669372898e-03
2.979933110367892450e-08 9.165992540381997372e-03
2.989966555183946256e-08 3.676520750263023544e-03
2.999999999999999732e-08 1.005255260007274776e-02
