0.000000000000000000e+00 9.999999999999995559e-01
1.003344481605351029e-10 9.936947902047410519e-01
2.006688963210702059e-10 9.752603193248424729e-01
3.010033444816052959e-10 9.460784787172049626e-01
4.013377926421404118e-10 9.082575664043142094e-01
5.016722408026755277e-10 8.643743988169815262e-01
6.020066889632105918e-10 8.171749666953610491e-01
7.023411371237457594e-10 7.692804081865586285e-01
8.026755852842808236e-10 7.229408626701206986e-01
9.030100334448158877e-10 6.798679725404184193e-01
1.003344481605351055e-09 6.411602619610433651e-01
1.103678929765886223e-09 6.073180419189095902e-01
1.204013377926421184e-09 5.783295533012344780e-01
1.304347826086956351e-09 5.538005995748794819e-01
1.404682274247491519e-09 5.330973324650044587e-01
1.505016722408026480e-09 5.154758698552610596e-01
1.605351170568561647e-09 5.001813006351772950e-01
1.705685618729096815e-09 4.865096740039799306e-01
1.806020066889631775e-09 4.738368635274519125e-01
1.906354515050166943e-09 4.616253258523967951e-01
2.006688963210702111e-09 4.494223846276225731e-01
2.107023411371237278e-09 4.368617129560289358e-01
2.207357859531772446e-09 4.236743215920580341e-01
2.307692307692307200e-09 4.097085509296865546e-01
2.408026755852842367e-09 3.949525034233610787e-01
2.508361204013377535e-09 3.795488538154023206e-01
2.608695652173912702e-09 3.637920117010906007e-01
2.709030100334447870e-09 3.481011059662068585e-01
2.809364548494983038e-09 3.329681613585144806e-01
2.909698996655517792e-09 3.188874522154537816e-01
3.010033444816052959e-09 3.062775021734881475e-01
3.110367892976588127e-09 2.954100549021123623e-01
3.210702341137123294e-09 2.863598048800604090e-01
3.311036789297658462e-09 2.789848869078235816e-01
3.411371237458193629e-09 2.729420433463300988e-01
3.511705685618728797e-09 2.677335227884337643e-01
3.612040133779263551e-09 2.627767433236741779e-01
3.712374581939798719e-09 2.574839138794360882e-01
3.812709030100333886e-09 2.513378724014522225e-01
3.913043478260868640e-09 2.439523438063382343e-01
4.013377926421404221e-09 2.351089332039757451e-01
4.113712374581938975e-09 2.247682935592892339e-01
4.214046822742474556e-09 2.130577714000836953e-01
4.314381270903009310e-09 2.002413895459089488e-01
4.414715719063544892e-09 1.866796869387080948e-01
4.515050167224079646e-09 1.727866783697959985e-01
4.615384615384614399e-09 1.589894934449440078e-01
4.715719063545149981e-09 1.456938793084827377e-01
4.816053511705684735e-09 1.332565254590966364e-01
4.916387959866220316e-09 1.219637139499578499e-01
5.016722408026755070e-09 1.120153795252937512e-01
5.117056856187290651e-09 1.035141518550139472e-01
5.217391304347825405e-09 9.645990655885963716e-02
5.317725752508360159e-09 9.075119842751867838e-02
5.418060200668895740e-09 8.619518333501968721e-02
5.518394648829430494e-09 8.252698838052723029e-02
5.618729096989966075e-09 7.943802239444640312e-02
5.719063545150500829e-09 7.661079691580433004e-02
5.819397993311035583e-09 7.375600727060203921e-02
5.919732441471571164e-09 7.064647752523757485e-02
6.020066889632105918e-09 6.714251485682208587e-02
6.120401337792641499e-09 6.320437378736623590e-02
6.220735785953176253e-09 5.888969541157250409e-02
6.321070234113711835e-09 5.433648351615828764e-02
6.421404682274246589e-09 4.973478827986896333e-02
6.521739130434781343e-09 4.529219565557945915e-02
6.622073578595316924e-09 4.119905638799357950e-02
6.722408026755851678e-09 3.759900611665364240e-02
6.822742474916387259e-09 3.456890172261269795e-02
6.923076923076922013e-09 3.211023975416720661e-02
7.023411371237457594e-09 3.015195201126643146e-02
7.123745819397992348e-09 2.856267721611488453e-02
7.224080267558527102e-09 2.716951217984181141e-02
7.324414715719062683e-09 2.577994867060109940e-02
7.424749163879597437e-09 2.420407603144431041e-02
7.525083612040133018e-09 2.227489093655408287e-02
7.625418060200667772e-09 1.986537300232130154e-02
7.725752508361202526e-09 1.690159077699753334e-02
7.826086956521737280e-09 1.337137393828564079e-02
7.926421404682273689e-09 9.328071501801166870e-03
8.026755852842808442e-09 4.888795368102478653e-03
8.127090301003343196e-09 2.265617540192065710e-04
8.227424749163877950e-09 -4.443914876232244945e-03
8.327759197324414359e-09 -8.886280492099800019e-03
8.428093645484949113e-09 -1.286691560574340989e-02
8.528428093645483867e-09 -1.618098804238554678e-02
8.628762541806018621e-09 -1.867671492335746045e-02
8.729096989966553375e-09 -2.027410216478152394e-02
8.829431438127089783e-09 -2.097492084300037196e-02
8.929765886287624537e-09 -2.086191781570697484e-02
9.030100334448159291e-09 -2.008703269699774197e-02
9.130434782608694045e-09 -1.885033527264377839e-02
9.230769230769228799e-09 -1.737307117882307128e-02
9.331103678929765207e-09 -1.586922225318723734e-02
9.431438127090299961e-09 -1.452011693906620458e-02
9.531772575250834715e-09 -1.345584658014938387e-02
9.632107023411369469e-09 -1.274575651692042878e-02
9.732441471571904223e-09 -1.239845253787216599e-02
9.832775919732440632e-09 -1.237002533818559562e-02
9.933110367892975386e-09 -1.257793175268676587e-02
1.003344481605351014e-08 -1.291741938745039238e-02
1.013377926421404489e-08 -1.327757881615885746e-02
1.023411371237458130e-08 -1.355489620160170959e-02
1.033444816053511606e-08 -1.366326169509256283e-02
1.043478260869565081e-08 -1.354042267121863263e-02
1.053511705685618556e-08 -1.315156933162727089e-02
1.063545150501672032e-08 -1.249095279216899494e-02
1.073578595317725673e-08 -1.158218311541533638e-02
1.083612040133779148e-08 -1.047731152347738948e-02
1.093645484949832623e-08 -9.254232549068838395e-03
1.103678929765886099e-08 -8.011615033005008157e-03
1.113712374581939574e-08 -6.860666478937578472e-03
1.123745819397993215e-08 -5.913588258146073098e-03
1.133779264214046690e-08 -5.269464016441139861e-03
1.143812709030100166e-08 -4.999289148699758746e-03
1.153846153846153641e-08 -5.132591798857316819e-03
1.163879598662207117e-08 -5.648349880167734260e-03
1.173913043478260757e-08 -6.472527226729696270e-03
1.183946488294314233e-08 -7.483555089954066139e-03
1.193979933110367708e-08 -8.525660958775507781e-03
1.204013377926421184e-08 -9.428406235416374181e-03
1.214046822742474824e-08 -1.002949244491354100e-02
1.224080267558528300e-08 -1.019713975614646578e-02
1.234113712374581775e-08 -9.848313460558710125e-03
1.244147157190635251e-08 -8.959785550527326475e-03
1.254180602006688726e-08 -7.570311679839049346e-03
1.264214046822742367e-08 -5.773793808655468263e-03
1.274247491638795842e-08 -3.704847127080154387e-03
1.284280936454849318e-08 -1.519386376337843007e-03
1.294314381270902793e-08 6.265199408514218055e-04
1.304347826086956269e-08 2.596280873872399211e-03
1.314381270903009909e-08 4.288220299900219815e-03
1.324414715719063385e-08 5.645092340141060275e-03
1.334448160535116860e-08 6.657048307157618396e-03
1.344481605351170336e-08 7.358451078398367887e-03
1.354515050167223811e-08 7.819706925008128306e-03
1.364548494983277452e-08 8.135728175643447760e-03
1.374581939799330927e-08 8.412758953878600454e-03
1.384615384615384403e-08 8.755163435598496344e-03
1.394648829431437878e-08 9.253495241304907082e-03
1.404682274247491519e-08 9.974835366512073767e-03
1.414715719063544994e-08 1.095606976353141401e-02
1.424749163879598470e-08 1.220049972993538998e-02
1.434782608695651945e-08 1.367792776591434875e-02
1.444816053511705420e-08 1.532811272596208696e-02
1.454849498327759061e-08 1.706722240680234176e-02
1.464882943143812537e-08 1.879663421093291653e-02
1.474916387959866012e-08 2.041317796577789973e-02
1.484949832775919487e-08 2.181973086170669457e-02
1.494983277591973128e-08 2.293501462912623731e-02
1.505016722408026604e-08 2.370154106319651011e-02
1.515050167224080079e-08 2.409090026084038591e-02
1.525083612040133554e-08 2.410594452888389222e-02
1.535117056856187030e-08 2.377981958472295126e-02
1.545150501672240505e-08 2.317215498181331504e-02
1.555183946488293981e-08 2.236298461345871680e-02
1.565217391304347456e-08 2.144509671846070095e-02
1.575250836120401262e-08 2.051552330922536832e-02
1.585284280936454738e-08 1.966681768569698147e-02
1.595317725752508213e-08 1.897869662381603331e-02
1.605351170568561688e-08 1.851059137755918863e-02
1.615384615384615164e-08 1.829567680184059422e-02
1.625418060200668639e-08 1.833700564915292236e-02
1.635451505016722115e-08 1.860640286282371630e-02
1.645484949832775590e-08 1.904669348544343194e-02
1.655518394648829065e-08 1.957758280319828875e-02
1.665551839464882872e-08 2.010505832970434226e-02
1.675585284280936347e-08 2.053358418489021481e-02
1.685618729096989823e-08 2.077971838223816384e-02
1.695652173913043298e-08 2.078525599333068061e-02
1.705685618729096773e-08 2.052774598367311173e-02
1.715719063545150249e-08 2.002636717241329870e-02
1.725752508361203724e-08 1.934171982167636611e-02
1.735785953177257200e-08 1.856903176615426129e-02
1.745819397993310675e-08 1.782543044132466753e-02
1.755852842809364150e-08 1.723306475134545740e-02
1.765886287625417957e-08 1.690072651442734580e-02
1.775919732441471432e-08 1.690701614359087571e-02
1.785953177257524907e-08 1.728791250850560124e-02
1.795986622073578383e-08 1.803086006017483658e-02
1.806020066889631858e-08 1.907632137179157694e-02
1.816053511705685334e-08 2.032639980420966261e-02
1.826086956521738809e-08 2.165889477993071174e-02
1.836120401337792284e-08 2.294426555174334734e-02
1.846153846153845760e-08 2.406261836365199483e-02
1.856187290969899566e-08 2.491804439705403232e-02
1.866220735785953041e-08 2.544834064464990275e-02
1.876254180602006517e-08 2.562915734958823993e-02
1.886287625418059992e-08 2.547269354171145805e-02
1.896321070234113468e-08 2.502197190966059040e-02
1.906354515050166943e-08 2.434229272174874212e-02
1.916387959866220418e-08 2.351161908693554653e-02
1.926421404682273894e-08 2.261141560137734652e-02
1.936454849498327369e-08 2.171897116289030899e-02
1.946488294314380845e-08 2.090165440326038904e-02
1.956521739130434651e-08 2.021304490291069705e-02
1.966555183946488126e-08 1.969057614786544688e-02
1.976588628762541602e-08 1.935426251450309693e-02
1.986622073578595077e-08 1.920622726861960852e-02
1.996655518394648553e-08 1.923100418375862930e-02
2.006688963210702028e-08 1.939682710982965422e-02
2.016722408026755503e-08 1.965823812105347776e-02
2.026755852842808979e-08 1.996027180142809568e-02
2.036789297658862454e-08 2.024421290649400587e-02
2.046822742474916260e-08 2.045454332578723611e-02
2.056856187290969736e-08 2.054630152994848385e-02
2.066889632107023211e-08 2.049179351026032825e-02
2.076923076923076687e-08 2.028551396422176994e-02
2.086956521739130162e-08 1.994630370142002826e-02
2.096989966555183637e-08 1.951616370330962191e-02
2.107023411371237113e-08 1.905568979892143314e-02
2.117056856187290588e-08 1.863666961394376195e-02
2.127090301003344064e-08 1.833287359958424984e-02
2.137123745819397539e-08 1.821037604184313347e-02
2.147157190635451345e-08 1.831880675036049941e-02
2.157190635451504821e-08 1.868476052651862201e-02
2.167224080267558296e-08 1.930822907923816431e-02
2.177257525083611771e-08 2.016245014967609633e-02
2.187290969899665247e-08 2.119708189993660744e-02
2.197324414715718722e-08 2.234418581406284049e-02
2.207357859531772198e-08 2.352619066081482538e-02
2.217391304347825673e-08 2.466483440504724581e-02
2.227424749163879148e-08 2.569003452981902594e-02
2.237458193979932955e-08 2.654769821303123653e-02
2.247491638795986430e-08 2.720562642964577740e-02
2.257525083612039905e-08 2.765686960866652749e-02
2.267558528428093381e-08 2.792014429838572676e-02
2.277591973244146856e-08 2.803721250995090675e-02
2.287625418060200332e-08 2.806744760881869222e-02
2.297658862876253807e-08 2.808014224237560461e-02
2.307692307692307282e-08 2.814542012018332942e-02
2.317725752508360758e-08 2.832484789513840459e-02
2.327759197324414233e-08 2.866295623495851777e-02
2.337792642140468040e-08 2.918083082630710395e-02
2.347826086956521515e-08 2.987270856305871553e-02
2.357859531772574990e-08 3.070612856726781872e-02
2.367892976588628466e-08 3.162569354971947466e-02
2.377926421404681941e-08 3.255997282894374650e-02
2.387959866220735417e-08 3.343061407058519480e-02
2.397993311036788892e-08 3.416240850217305836e-02
2.408026755852842367e-08 3.469292975552924763e-02
2.418060200668895843e-08 3.498045686439307106e-02
2.428093645484949649e-08 3.500917324824506099e-02
2.438127090301003124e-08 3.479104751188163286e-02
2.448160535117056600e-08 3.436427108050074675e-02
2.458193979933110075e-08 3.378857363203986719e-02
2.468227424749163551e-08 3.313809722274238534e-02
2.478260869565217026e-08 3.249274738341035446e-02
2.488294314381270501e-08 3.192904612176988149e-02
2.498327759197323977e-08 3.151150209581494305e-02
2.508361204013377452e-08 3.128541327304066449e-02
2.518394648829430928e-08 3.127185315298619539e-02
2.528428093645484734e-08 3.146538079956670564e-02
2.538461538461538209e-08 3.183476492600282454e-02
2.548494983277591685e-08 3.232672490510921093e-02
2.558528428093645160e-08 3.287237213639214450e-02
2.568561872909698635e-08 3.339570200184814597e-02
2.578595317725752111e-08 3.382317650331859160e-02
2.588628762541805586e-08 3.409320403705937141e-02
2.598662207357859062e-08 3.416422552264409412e-02
2.608695652173912537e-08 3.402020520628300931e-02
2.618729096989966343e-08 3.367262181966390600e-02
2.628762541806019819e-08 3.315854138149951919e-02
2.638795986622073294e-08 3.253496039540703516e-02
2.648829431438126769e-08 3.187023277998932841e-02
2.658862876254180245e-08 3.123391244660021770e-02
2.668896321070233720e-08 3.068664234492947396e-02
2.678929765886287196e-08 3.027172456704178144e-02
2.688963210702340671e-08 3.000969937384996220e-02
2.698996655518394146e-08 2.989669694452230450e-02
2.709030100334447622e-08 2.990661756407615376e-02
2.719063545150501428e-08 2.999649321067100749e-02
2.729096989966554904e-08 3.011383700846881686e-02
2.739130434782608379e-08 3.020451294439962728e-02
2.749163879598661854e-08 3.021970920543662342e-02
2.759197324414715330e-08 3.012094995171790690e-02
2.769230769230768805e-08 2.988263632703270362e-02
2.779264214046822281e-08 2.949222448564909824e-02
2.789297658862875756e-08 2.894867152426001608e-02
2.799331103678929231e-08 2.826008263425030392e-02
2.809364548494983038e-08 2.744150804723514969e-02
2.819397993311036513e-08 2.651357701447383183e-02
2.829431438127089988e-08 2.550220248827130345e-02
2.839464882943143464e-08 2.443907991634314963e-02
2.849498327759196939e-08 2.336228735308136170e-02
2.859531772575250415e-08 2.231609772222129320e-02
2.869565217391303890e-08 2.134920459890742028e-02
2.879598662207357365e-08 2.051093003786980118e-02
2.889632107023410841e-08 1.984554052863849935e-02
2.899665551839464316e-08 1.938540399950052992e-02
2.909698996655518122e-08 1.914421629222181481e-02
2.919732441471571598e-08 1.911177017980825524e-02
2.929765886287625073e-08 1.925165104221419898e-02
2.939799331103678549e-08 1.950281648345559768e-02
2.949832775919732024e-08 1.978532925133353812e-02
2.959866220735785499e-08 2.000970459493695355e-02
2.969899665551838975e-08 2.008857721905884380e-02
2.979933110367892450e-08 1.994885416772496090e-02
2.989966555183946256e-08 1.954231842597695112e-02
2.999999999999999732e-08 1.885283294233581347e-02
