0.000000000000000000e+00 9.999999999999995559e-01
1.003344481605351029e-10 9.999394054049212111e-01
2.006688963210702059e-10 9.997576664491646392e-01
3.010033444816052959e-10 9.994549175651943340e-01
4.013377926421404118e-10 9.990313826206335124e-01
5.016722408026755277e-10 9.984873746388627236e-01
6.020066889632105918e-10 9.978232954085058948e-01
7.023411371237457594e-10 9.970396349824537374e-01
8.026755852842808236e-10 9.961369710672486333e-01
9.030100334448158877e-10 9.951159683038468540e-01
1.003344481605351055e-09 9.939773774409479401e-01
1.103678929765886223e-09 9.927220344022507081e-01
1.204013377926421184e-09 9.913508592491906413e-01
1.304347826086956351e-09 9.898648550408499780e-01
1.404682274247491519e-09 9.882651065929420886e-01
1.505016722408026480e-09 9.865527791378947420e-01
1.605351170568561647e-09 9.847291168882462697e-01
1.705685618729096815e-09 9.827954415057069681e-01
1.806020066889631775e-09 9.807531504784016141e-01
1.906354515050166943e-09 9.786037154089417545e-01
2.006688963210702111e-09 9.763486802161276401e-01
2.107023411371237278e-09 9.739896592532133468e-01
2.207357859531772446e-09 9.715283353457926374e-01
2.307692307692307200e-09 9.689664577524935707e-01
2.408026755852842367e-09 9.663058400517832158e-01
2.508361204013377535e-09 9.635483579582971858e-01
2.608695652173912702e-09 9.606959470722111760e-01
2.709030100334447870e-09 9.577506005652712817e-01
2.809364548494983038e-09 9.547143668071884637e-01
2.909698996655517792e-09 9.515893469361905721e-01
3.010033444816052959e-09 9.483776923775940615e-01
3.110367892976588127e-09 9.450816023143319144e-01
3.210702341137123294e-09 9.417033211134373527e-01
3.311036789297658462e-09 9.382451357125303204e-01
3.411371237458193629e-09 9.347093729704043508e-01
3.511705685618728797e-09 9.310983969858462883e-01
3.612040133779263551e-09 9.274146063888588642e-01
3.712374581939798719e-09 9.236604316084674471e-01
3.812709030100333886e-09 9.198383321213170483e-01
3.913043478260868640e-09 9.159507936852682164e-01
4.013377926421404221e-09 9.120003255621991212e-01
4.113712374581938975e-09 9.079894577342119133e-01
4.214046822742474556e-09 9.039207381174293454e-01
4.314381270903009310e-09 8.997967297775391060e-01
4.414715719063544892e-09 8.956200081512080136e-01
4.515050167224079646e-09 8.913931582774624607e-01
4.615384615384614399e-09 8.871187720430676604e-01
4.715719063545149981e-09 8.827994454458967244e-01
4.816053511705684735e-09 8.784377758802153213e-01
4.916387959866220316e-09 8.740363594477368325e-01
5.016722408026755070e-09 8.695977882982358631e-01
5.117056856187290651e-09 8.651246480034177067e-01
5.217391304347825405e-09 8.606195149676589828e-01
5.317725752508360159e-09 8.560849538791426294e-01
5.418060200668895740e-09 8.515235152048029610e-01
5.518394648829430494e-09 8.469377327323994731e-01
5.618729096989966075e-09 8.423301211629216079e-01
5.719063545150500829e-09 8.377031737564138991e-01
5.819397993311035583e-09 8.330593600341860139e-01
5.919732441471571164e-09 8.284011235402520823e-01
6.020066889632105918e-09 8.237308796647077047e-01
6.120401337792641499e-09 8.190510135316224627e-01
6.220735785953176253e-09 8.143638779538887595e-01
6.321070234113711835e-09 8.096717914573213770e-01
6.421404682274246589e-09 8.049770363761651337e-01
6.521739130434781343e-09 8.002818570220135985e-01
6.622073578595316924e-09 7.955884579279968172e-01
6.722408026755851678e-09 7.908990021699418005e-01
6.822742474916387259e-09 7.862156097660566445e-01
6.923076923076922013e-09 7.815403561565338331e-01
7.023411371237457594e-09 7.768752707643090671e-01
7.123745819397992348e-09 7.722223356380638615e-01
7.224080267558527102e-09 7.675834841783847340e-01
7.324414715719062683e-09 7.629605999478571432e-01
7.424749163879597437e-09 7.583555155656908076e-01
7.525083612040133018e-09 7.537700116873352618e-01
7.625418060200667772e-09 7.492058160693735314e-01
7.725752508361202526e-09 7.446646027198371431e-01
7.826086956521737280e-09 7.401479911339235995e-01
7.926421404682273689e-09 7.356575456149488934e-01
8.026755852842808442e-09 7.311947746802199832e-01
8.127090301003343196e-09 7.267611305513564934e-01
8.227424749163877950e-09 7.223580087284557916e-01
8.327759197324414359e-09 7.179867476473429377e-01
8.428093645484949113e-09 7.136486284190179941e-01
8.528428093645483867e-09 7.093448746502679647e-01
8.628762541806018621e-09 7.050766523442870692e-01
8.729096989966553375e-09 7.008450698800152701e-01
8.829431438127089783e-09 6.966511780687844047e-01
8.929765886287624537e-09 6.924959702867394817e-01
9.030100334448159291e-09 6.883803826813900129e-01
9.130434782608694045e-09 6.843052944505383373e-01
9.230769230769228799e-09 6.802715281917179890e-01
9.331103678929765207e-09 6.762798503201883360e-01
9.431438127090299961e-09 6.723309715534285802e-01
9.531772575250834715e-09 6.684255474599860580e-01
9.632107023411369469e-09 6.645641790704532870e-01
9.732441471571904223e-09 6.607474135482709343e-01
9.832775919732440632e-09 6.569757449179798314e-01
9.933110367892975386e-09 6.532496148484792098e-01
1.003344481605351014e-08 6.495694134887926019e-01
1.013377926421404489e-08 6.459354803537852296e-01
1.023411371237458130e-08 6.423481052572308503e-01
1.033444816053511606e-08 6.388075292895858404e-01
1.043478260869565081e-08 6.353139458377898841e-01
1.053511705685618556e-08 6.318675016443885406e-01
1.063545150501672032e-08 6.284682979032457650e-01
1.073578595317725673e-08 6.251163913890998014e-01
1.083612040133779148e-08 6.218117956182087624e-01
1.093645484949832623e-08 6.185544820373187758e-01
1.103678929765886099e-08 6.153443812381996780e-01
1.113712374581939574e-08 6.121813841949950152e-01
1.123745819397993215e-08 6.090653435216463185e-01
1.133779264214046690e-08 6.059960747466747177e-01
1.143812709030100166e-08 6.029733576026221620e-01
1.153846153846153641e-08 5.999969373274893769e-01
1.163879598662207117e-08 5.970665259755429943e-01
1.173913043478260757e-08 5.941818037348998160e-01
1.183946488294314233e-08 5.913424202493522408e-01
1.193979933110367708e-08 5.885479959419350759e-01
1.204013377926421184e-08 5.857981233378054542e-01
1.214046822742474824e-08 5.830923683840558702e-01
1.224080267558528300e-08 5.804302717641471876e-01
1.234113712374581775e-08 5.778113502047208527e-01
1.244147157190635251e-08 5.752350977726155001e-01
1.254180602006688726e-08 5.727009871599950674e-01
1.264214046822742367e-08 5.702084709555684805e-01
1.274247491638795842e-08 5.677569828999690094e-01
1.284280936454849318e-08 5.653459391234421094e-01
1.294314381270902793e-08 5.629747393640825992e-01
1.304347826086956269e-08 5.606427681649476247e-01
1.314381270903009909e-08 5.583493960484708918e-01
1.324414715719063385e-08 5.560939806666899132e-01
1.334448160535116860e-08 5.538758679259041529e-01
1.344481605351170336e-08 5.516943930844689925e-01
1.354515050167223811e-08 5.495488818225389149e-01
1.364548494983277452e-08 5.474386512826655560e-01
1.374581939799330927e-08 5.453630110802618614e-01
1.384615384615384403e-08 5.433212642830413941e-01
1.394648829431437878e-08 5.413127083586413146e-01
1.404682274247491519e-08 5.393366360897462464e-01
1.414715719063544994e-08 5.373923364561175031e-01
1.424749163879598470e-08 5.354790954830448424e-01
1.434782608695651945e-08 5.335961970558293910e-01
1.444816053511705420e-08 5.317429237000047548e-01
1.454849498327759061e-08 5.299185573271034677e-01
1.464882943143812537e-08 5.281223799458658608e-01
1.474916387959866012e-08 5.263536743388866901e-01
1.484949832775919487e-08 5.246117247047811238e-01
1.494983277591973128e-08 5.228958172660446158e-01
1.505016722408026604e-08 5.212052408428650141e-01
1.515050167224080079e-08 5.195392873932306310e-01
1.525083612040133554e-08 5.178972525197592658e-01
1.535117056856187030e-08 5.162784359437505577e-01
1.545150501672240505e-08 5.146821419470393177e-01
1.555183946488293981e-08 5.131076797823004298e-01
1.565217391304347456e-08 5.115543640525235247e-01
1.575250836120401262e-08 5.100215150604409109e-01
1.585284280936454738e-08 5.085084591287537537e-01
1.595317725752508213e-08 5.070145288920577809e-01
1.605351170568561688e-08 5.055390635614259720e-01
1.615384615384615164e-08 5.040814091626544258e-01
1.625418060200668639e-08 5.026409187492205666e-01
1.635451505016722115e-08 5.012169525910507017e-01
1.645484949832775590e-08 4.998088783402239166e-01
1.655518394648829065e-08 4.984160711747803729e-01
1.665551839464882872e-08 4.970379139218234488e-01
1.675585284280936347e-08 4.956737971611381299e-01
1.685618729096989823e-08 4.943231193105601107e-01
1.695652173913043298e-08 4.929852866943541523e-01
1.705685618729096773e-08 4.916597135958681308e-01
1.715719063545150249e-08 4.903458222957375323e-01
1.725752508361203724e-08 4.890430430969197051e-01
1.735785953177257200e-08 4.877508143378371241e-01
1.745819397993310675e-08 4.864685823949044252e-01
1.755852842809364150e-08 4.851958016757033088e-01
1.765886287625417957e-08 4.839319346040618641e-01
1.775919732441471432e-08 4.826764515982728265e-01
1.785953177257524907e-08 4.814288310436704577e-01
1.795986622073578383e-08 4.801885592607601505e-01
1.806020066889631858e-08 4.789551304700662704e-01
1.816053511705685334e-08 4.777280467548371545e-01
1.826086956521738809e-08 4.765068180227080563e-01
1.836120401337792284e-08 4.752909619673909014e-01
1.846153846153845760e-08 4.740800040314149810e-01
1.856187290969899566e-08 4.728734773709038497e-01
1.866220735785953041e-08 4.716709228233281204e-01
1.876254180602006517e-08 4.704718888791233899e-01
1.886287625418059992e-08 4.692759316580148443e-01
1.896321070234113468e-08 4.680826148908399098e-01
1.906354515050166943e-08 4.668915099075998110e-01
1.916387959866220418e-08 4.657021956324229883e-01
1.926421404682273894e-08 4.645142585860584927e-01
1.936454849498327369e-08 4.633272928964648485e-01
1.946488294314380845e-08 4.621409003179954289e-01
1.956521739130434651e-08 4.609546902596211027e-01
1.966555183946488126e-08 4.597682798225719569e-01
1.976588628762541602e-08 4.585812938477133449e-01
1.986622073578595077e-08 4.573933649729105544e-01
1.996655518394648553e-08 4.562041337005737773e-01
2.006688963210702028e-08 4.550132484755097795e-01
2.016722408026755503e-08 4.538203657731469942e-01
2.026755852842808979e-08 4.526251501981324310e-01
2.036789297658862454e-08 4.514272745932442765e-01
2.046822742474916260e-08 4.502264201584953440e-01
2.056856187290969736e-08 4.490222765802462379e-01
2.066889632107023211e-08 4.478145421700858719e-01
2.076923076923076687e-08 4.466029240131810241e-01
2.086956521739130162e-08 4.453871381257365480e-01
2.096989966555183637e-08 4.441669096211538492e-01
2.107023411371237113e-08 4.429419728844247728e-01
2.117056856187290588e-08 4.417120717542422637e-01
2.127090301003344064e-08 4.404769597122604741e-01
2.137123745819397539e-08 4.392364000788939182e-01
2.147157190635451345e-08 4.379901662149937591e-01
2.157190635451504821e-08 4.367380417287022309e-01
2.167224080267558296e-08 4.354798206867434573e-01
2.177257525083611771e-08 4.342153078293723989e-01
2.187290969899665247e-08 4.329443187881681920e-01
2.197324414715718722e-08 4.316666803058302193e-01
2.207357859531772198e-08 4.303822304571001123e-01
2.217391304347825673e-08 4.290908188699131265e-01
2.227424749163879148e-08 4.277923069458572369e-01
2.237458193979932955e-08 4.264865680789984292e-01
2.247491638795986430e-08 4.251734878721160071e-01
2.257525083612039905e-08 4.238529643493769705e-01
2.267558528428093381e-08 4.225249081644704141e-01
2.277591973244146856e-08 4.211892428032152358e-01
2.287625418060200332e-08 4.198459047796519461e-01
2.297658862876253807e-08 4.184948438246303137e-01
2.307692307692307282e-08 4.171360230659040824e-01
2.317725752508360758e-08 4.157694191987579280e-01
2.327759197324414233e-08 4.143950226461935449e-01
2.337792642140468040e-08 4.130128377077217916e-01
2.347826086956521515e-08 4.116228826958190368e-01
2.357859531772574990e-08 4.102251900591293299e-01
2.367892976588628466e-08 4.088198064915125607e-01
2.377926421404681941e-08 4.074067930260689141e-01
2.387959866220735417e-08 4.059862251132925759e-01
2.397993311036788892e-08 4.045581926825457253e-01
2.408026755852842367e-08 4.031228001860691079e-01
2.418060200668895843e-08 4.016801666247924452e-01
2.428093645484949649e-08 4.002304255552368573e-01
2.438127090301003124e-08 3.987737250768498276e-01
2.448160535117056600e-08 3.973102277991539810e-01
2.458193979933110075e-08 3.958401107881381886e-01
2.468227424749163551e-08 3.943635654913663080e-01
2.478260869565217026e-08 3.928807976413280501e-01
2.488294314381270501e-08 3.913920271366122527e-01
2.498327759197323977e-08 3.898974879005289718e-01
2.508361204013377452e-08 3.883974277168695810e-01
2.518394648829430928e-08 3.868921080425424264e-01
2.528428093645484734e-08 3.853818037968827492e-01
2.538461538461538209e-08 3.838668031274956038e-01
2.548494983277591685e-08 3.823474071525432283e-01
2.558528428093645160e-08 3.808239296794533879e-01
2.568561872909698635e-08 3.792966969000830524e-01
2.578595317725752111e-08 3.777660470624318867e-01
2.588628762541805586e-08 3.762323301190628189e-01
2.598662207357859062e-08 3.746959073524420702e-01
2.608695652173912537e-08 3.731571509774800344e-01
2.618729096989966343e-08 3.716164437216065153e-01
2.628762541806019819e-08 3.700741783827766196e-01
2.638795986622073294e-08 3.685307573658636593e-01
2.648829431438126769e-08 3.669865921979519330e-01
2.658862876254180245e-08 3.654421030230990963e-01
2.668896321070233720e-08 3.638977180771959530e-01
2.678929765886287196e-08 3.623538731436032889e-01
2.688963210702340671e-08 3.608110109903022167e-01
2.698996655518394146e-08 3.592695807893426241e-01
2.709030100334447622e-08 3.577300375194274462e-01
2.719063545150501428e-08 3.561928413525179971e-01
2.729096989966554904e-08 3.546584570253900615e-01
2.739130434782608379e-08 3.531273531971163004e-01
2.749163879598661854e-08 3.516000017934949318e-01
2.759197324414715330e-08 3.500768773394782873e-01
2.769230769230768805e-08 3.485584562806990361e-01
2.779264214046822281e-08 3.470452162952207265e-01
2.789297658862875756e-08 3.455376355966764401e-01
2.799331103678929231e-08 3.440361922299864372e-01
2.809364548494983038e-08 3.425413633608713204e-01
2.819397993311036513e-08 3.410536245604054995e-01
2.829431438127089988e-08 3.395734490858708376e-01
2.839464882943143464e-08 3.381013071591952857e-01
2.849498327759196939e-08 3.366376652442695794e-01
2.859531772575250415e-08 3.351829853244548407e-01
2.869565217391303890e-08 3.337377241815938089e-01
2.879598662207357365e-08 3.323023326778544173e-01
2.889632107023410841e-08 3.308772550417291569e-01
2.899665551839464316e-08 3.294629281595189418e-01
2.909698996655518122e-08 3.280597808736229748e-01
2.919732441471571598e-08 3.266682332889542795e-01
2.929765886287625073e-08 3.252886960887855228e-01
2.939799331103678549e-08 3.239215698613225336e-01
2.949832775919732024e-08 3.225672444382853832e-01
2.959866220735785499e-08 3.212260982467569637e-01
2.969899665551838975e-08 3.198984976755399057e-01
2.979933110367892450e-08 3.185847964572380842e-01
2.989966555183946256e-08 3.172853350672513728e-01
2.999999999999999732e-08 3.160004401408422203e-01
