0.000000000000000000e+00 9.999999999999995559e-01
1.003344481605351029e-10 7.816236101794432969e-03
2.006688963210702059e-10 8.083178609398517650e-03
3.010033444816052959e-10 3.558707853082917170e-03
4.013377926421404118e-10 8.525624797845051187e-03
5.016722408026755277e-10 9.608263890511047414e-03
6.020066889632105918e-10 5.506856652060152478e-03
7.023411371237457594e-10 9.878129073066363106e-03
8.026755852842808236e-10 1.818397979436618640e-03
9.030100334448158877e-10 1.236503595658432425e-03
1.003344481605351055e-09 8.771270165429702337e-03
1.103678929765886223e-09 4.876482021232681971e-03
1.204013377926421184e-09 8.060855346577746119e-03
1.304347826086956351e-09 5.576788132997505427e-03
1.404682274247491519e-09 7.508722098961394427e-03
1.505016722408026480e-09 2.040492387648865785e-03
1.605351170568561647e-09 1.019329796355207193e-02
1.705685618729096815e-09 4.315892439298921017e-03
1.806020066889631775e-09 7.967765187750275313e-03
1.906354515050166943e-09 7.681240493621796853e-03
2.006688963210702111e-09 1.150968924178699844e-02
2.107023411371237278e-09 9.651569787094450847e-03
2.207357859531772446e-09 1.003394681843007910e-02
2.307692307692307200e-09 1.205821720762475895e-02
2.408026755852842367e-09 7.404828191813934979e-03
2.508361204013377535e-09 1.052345607513343467e-02
2.608695652173912702e-09 1.199031580785329953e-02
2.709030100334447870e-09 8.514190942671509901e-03
2.809364548494983038e-09 9.078325097536048618e-03
2.909698996655517792e-09 9.566585006272063443e-03
3.010033444816052959e-09 1.156556717353149702e-02
3.110367892976588127e-09 6.767674294660233278e-03
3.210702341137123294e-09 9.806256658856902370e-03
3.311036789297658462e-09 4.752216678158787885e-03
3.411371237458193629e-09 6.759904965653979261e-03
3.511705685618728797e-09 8.710016105601296049e-03
3.612040133779263551e-09 1.059729541268717053e-02
3.712374581939798719e-09 1.100360508342535307e-02
3.812709030100333886e-09 2.686789762635043849e-03
3.913043478260868640e-09 4.951018073793623728e-03
4.013377926421404221e-09 4.998688662673586407e-03
4.113712374581938975e-09 1.145931334518235020e-02
4.214046822742474556e-09 6.042187170283496583e-03
4.314381270903009310e-09 9.090089628717422723e-03
4.414715719063544892e-09 4.430093148640210782e-03
4.515050167224079646e-09 6.775872170255209728e-03
4.615384615384614399e-09 1.038574310909500843e-02
4.715719063545149981e-09 1.230728747048468949e-02
4.816053511705684735e-09 4.208152853166744443e-03
4.916387959866220316e-09 2.843905169372550577e-03
5.016722408026755070e-09 5.798077806157770318e-03
5.117056856187290651e-09 1.310218358173619209e-02
5.217391304347825405e-09 7.166357151872241281e-03
5.317725752508360159e-09 1.324081571656576285e-02
5.418060200668895740e-09 6.427737181002330519e-03
5.518394648829430494e-09 7.701439303444396374e-03
5.618729096989966075e-09 8.442521471473061687e-03
5.719063545150500829e-09 1.318868321596505279e-02
5.819397993311035583e-09 1.164463401916830329e-02
5.919732441471571164e-09 2.829280592506962320e-03
6.020066889632105918e-09 5.631502549096435023e-03
6.120401337792641499e-09 7.075347451873885592e-03
6.220735785953176253e-09 7.967423441900545189e-03
6.321070234113711835e-09 1.086681170165068253e-02
6.421404682274246589e-09 2.983371648629744820e-03
6.521739130434781343e-09 7.609863988282826799e-03
6.622073578595316924e-09 3.320529042192044578e-03
6.722408026755851678e-09 1.205518194246685965e-02
6.822742474916387259e-09 9.837846414943307929e-03
6.923076923076922013e-09 7.503931668373221495e-03
7.023411371237457594e-09 7.081955725181786170e-03
7.123745819397992348e-09 8.265693213952150439e-03
7.224080267558527102e-09 3.718650591750903046e-03
7.324414715719062683e-09 7.338277744279401819e-03
7.424749163879597437e-09 3.257555159026179030e-03
7.525083612040133018e-09 7.463666275930602029e-03
7.625418060200667772e-09 4.346651913546797225e-03
7.725752508361202526e-09 3.442810818288457100e-03
7.826086956521737280e-09 1.230592318345356123e-02
7.926421404682273689e-09 4.123447957502239525e-03
8.026755852842808442e-09 5.532318093344642390e-03
8.127090301003343196e-09 -2.908073004626396656e-03
8.227424749163877950e-09 4.222515216868356208e-03
8.327759197324414359e-09 8.299283446514881674e-03
8.428093645484949113e-09 8.789754677084643877e-03
8.528428093645483867e-09 7.656738987424509951e-03
8.628762541806018621e-09 7.974478321580080395e-03
8.729096989966553375e-09 1.361505005034235709e-02
8.829431438127089783e-09 1.267939633274759934e-03
8.929765886287624537e-09 5.676006976133036314e-03
9.030100334448159291e-09 1.093933027828135340e-02
9.130434782608694045e-09 4.353956877323226192e-03
9.230769230769228799e-09 1.331402818803485190e-02
9.331103678929765207e-09 6.450515784487980200e-03
9.431438127090299961e-09 6.896299131244748408e-03
9.531772575250834715e-09 6.973745804600538049e-03
9.632107023411369469e-09 7.180773420236084316e-03
9.732441471571904223e-09 8.444010200928572449e-03
9.832775919732440632e-09 2.543866762344057335e-03
9.933110367892975386e-09 1.159310163327444479e-02
1.003344481605351014e-08 8.780728572641371618e-03
1.013377926421404489e-08 6.796925221015851122e-03
1.023411371237458130e-08 1.203446569847942300e-02
1.033444816053511606e-08 8.338208765154300761e-03
1.043478260869565081e-08 8.521584988795620486e-03
1.053511705685618556e-08 1.059828134534711308e-02
1.063545150501672032e-08 8.598592845022002412e-03
1.073578595317725673e-08 1.093141983457569799e-02
1.083612040133779148e-08 8.685013081087095480e-03
1.093645484949832623e-08 1.037431848983863363e-02
1.103678929765886099e-08 4.606809628040134559e-03
1.113712374581939574e-08 1.698681919547577034e-03
1.123745819397993215e-08 5.100417906489317088e-03
1.133779264214046690e-08 8.697340826903723898e-03
1.143812709030100166e-08 8.256576736928564891e-03
1.153846153846153641e-08 8.894123964428958876e-03
1.163879598662207117e-08 7.982315066621371857e-03
1.173913043478260757e-08 6.093577565526533783e-03
1.183946488294314233e-08 1.255241121430713050e-02
1.193979933110367708e-08 8.412810821157155894e-03
1.204013377926421184e-08 7.668311717403058538e-03
1.214046822742474824e-08 8.359284426223283909e-03
1.224080267558528300e-08 4.923587911209505522e-03
1.234113712374581775e-08 4.768069588685107385e-03
1.244147157190635251e-08 5.051972620163447565e-03
1.254180602006688726e-08 4.777299638488672999e-03
1.264214046822742367e-08 4.510690070522404248e-03
1.274247491638795842e-08 -3.096266707530950682e-04
1.284280936454849318e-08 6.246217056275564158e-03
1.294314381270902793e-08 4.928862702776294624e-03
1.304347826086956269e-08 3.234217583861158374e-03
1.314381270903009909e-08 8.086760510630980336e-03
1.324414715719063385e-08 1.040495001529013162e-02
1.334448160535116860e-08 2.715452239876408810e-03
1.344481605351170336e-08 1.133919394142959662e-02
1.354515050167223811e-08 8.987165011743986076e-03
1.364548494983277452e-08 1.301938636390954354e-03
1.374581939799330927e-08 9.515764739370269343e-03
1.384615384615384403e-08 -4.317111210314136110e-04
1.394648829431437878e-08 5.080820916674726358e-03
1.404682274247491519e-08 3.778794837713533340e-03
1.414715719063544994e-08 2.885013239776079708e-03
1.424749163879598470e-08 1.164307960501798078e-02
1.434782608695651945e-08 8.196127028277652021e-03
1.444816053511705420e-08 1.180732406856664640e-02
1.454849498327759061e-08 6.166092000424171736e-03
1.464882943143812537e-08 7.799832518579565173e-03
1.474916387959866012e-08 9.025282520158314781e-03
1.484949832775919487e-08 5.860639963080199744e-03
1.494983277591973128e-08 1.025408237246384045e-02
1.505016722408026604e-08 9.934005885783159587e-03
1.515050167224080079e-08 1.097663718221337202e-02
1.525083612040133554e-08 1.359052034767049486e-02
1.535117056856187030e-08 3.232209295591278661e-03
1.545150501672240505e-08 6.645128020244224845e-03
1.555183946488293981e-08 8.984892365351557567e-03
1.565217391304347456e-08 6.787617988175669026e-03
1.575250836120401262e-08 4.385381197324042350e-03
1.585284280936454738e-08 9.025019116898159999e-03
1.595317725752508213e-08 6.286052267099664741e-03
1.605351170568561688e-08 3.754214131801357230e-03
1.615384615384615164e-08 6.369703997994784900e-03
1.625418060200668639e-08 9.861931976541029460e-03
1.635451505016722115e-08 6.544908119193621442e-03
1.645484949832775590e-08 1.124626038579334963e-02
1.655518394648829065e-08 2.035527646046786897e-03
1.665551839464882872e-08 6.399026179658855867e-03
1.675585284280936347e-08 5.458149213551324224e-04
1.685618729096989823e-08 6.104728628752996086e-03
1.695652173913043298e-08 7.643146442309633332e-03
1.705685618729096773e-08 1.226676070738477210e-02
1.715719063545150249e-08 4.275476404836291502e-03
1.725752508361203724e-08 8.909329391670574999e-03
1.735785953177257200e-08 8.073080717111536658e-03
1.745819397993310675e-08 7.964978108196959367e-03
1.755852842809364150e-08 6.102176070637760352e-03
1.765886287625417957e-08 1.231939410291486153e-02
1.775919732441471432e-08 3.219070259076026348e-03
1.785953177257524907e-08 2.280706161871643226e-03
1.795986622073578383e-08 3.540545502462677345e-03
1.806020066889631858e-08 6.646717866852430885e-03
1.816053511705685334e-08 7.782461924498546360e-03
1.826086956521738809e-08 7.539283873992168490e-03
1.836120401337792284e-08 7.248202884650270170e-03
1.846153846153845760e-08 1.369193950795422922e-02
1.856187290969899566e-08 5.460996516278525219e-03
1.866220735785953041e-08 7.818004530197739804e-03
1.876254180602006517e-08 6.406683783526082379e-03
1.886287625418059992e-08 8.614885002563120800e-03
1.896321070234113468e-08 8.126013519024817555e-03
1.906354515050166943e-08 1.205701126107622777e-02
1.916387959866220418e-08 7.686077212869615524e-03
1.926421404682273894e-08 1.199620802462838740e-02
1.936454849498327369e-08 8.529442195608681956e-03
1.946488294314380845e-08 6.839330752475527436e-03
1.956521739130434651e-08 8.444454667218532704e-03
1.966555183946488126e-08 1.154050174732108858e-02
1.976588628762541602e-08 9.138378117588477970e-03
1.986622073578595077e-08 1.238619363662567252e-02
1.996655518394648553e-08 -2.919794291452422388e-03
2.006688963210702028e-08 1.200753469680556317e-02
2.016722408026755503e-08 4.149208756739488496e-03
2.026755852842808979e-08 7.044562945975085463e-03
2.036789297658862454e-08 5.970312452634038078e-03
2.046822742474916260e-08 2.600304050583827822e-03
2.056856187290969736e-08 1.659401128055019298e-03
2.066889632107023211e-08 6.861068533028691178e-03
2.076923076923076687e-08 9.463245099308764674e-03
2.086956521739130162e-08 1.251500721916272776e-02
2.096989966555183637e-08 1.025557086892816064e-02
2.107023411371237113e-08 1.653971859304586428e-02
2.117056856187290588e-08 4.820915995373697797e-03
2.127090301003344064e-08 1.282056587004677152e-02
2.137123745819397539e-08 3.413584088374132120e-03
2.147157190635451345e-08 1.363763945429931693e-02
2.157190635451504821e-08 3.040165914077461781e-03
2.167224080267558296e-08 6.846079973055725978e-03
2.177257525083611771e-08 7.843717568707221990e-03
2.187290969899665247e-08 1.311544466761347012e-02
2.197324414715718722e-08 1.071431866937120475e-02
2.207357859531772198e-08 8.312370267367658744e-03
2.217391304347825673e-08 -6.454217798250665812e-04
2.227424749163879148e-08 8.867577741730458055e-03
2.237458193979932955e-08 9.491461452030214990e-03
2.247491638795986430e-08 9.765265059461707229e-05
2.257525083612039905e-08 8.245821253431359632e-03
2.267558528428093381e-08 1.048358521339143833e-02
2.277591973244146856e-08 5.603767467478574897e-03
2.287625418060200332e-08 4.208021275418740055e-03
2.297658862876253807e-08 1.480514508503225773e-02
2.307692307692307282e-08 1.327049786137289231e-02
2.317725752508360758e-08 6.963214620367316234e-03
2.327759197324414233e-08 1.350147134825539774e-02
2.337792642140468040e-08 1.030920859617017946e-02
2.347826086956521515e-08 4.080236797593016912e-03
2.357859531772574990e-08 5.189551271282786746e-03
2.367892976588628466e-08 8.075446460267622639e-03
2.377926421404681941e-08 1.134423502352424791e-02
2.387959866220735417e-08 1.202316166328663491e-02
2.397993311036788892e-08 1.100197170438995189e-02
2.408026755852842367e-08 2.257288602320708590e-03
2.418060200668895843e-08 5.857489761117080397e-03
2.428093645484949649e-08 4.053047759666748504e-03
2.438127090301003124e-08 7.948299967995352960e-03
2.448160535117056600e-08 7.201844722885588843e-03
2.458193979933110075e-08 5.091637768038788370e-03
2.468227424749163551e-08 8.085371659662653546e-03
2.478260869565217026e-08 7.101844386140709203e-03
2.488294314381270501e-08 5.998028286888276023e-03
2.498327759197323977e-08 9.331497123495628015e-03
2.508361204013377452e-08 4.015115664068827361e-03
2.518394648829430928e-08 1.312055228808953027e-02
2.528428093645484734e-08 9.136186335832583230e-03
2.538461538461538209e-08 9.100295766761631183e-03
2.548494983277591685e-08 1.252763314758275660e-02
2.558528428093645160e-08 1.270512452473345454e-02
2.568561872909698635e-08 9.906084393139722929e-03
2.578595317725752111e-08 -1.424511559236102680e-04
2.588628762541805586e-08 5.197185123819603875e-03
2.598662207357859062e-08 9.327805198127016306e-03
2.608695652173912537e-08 7.916641946670240765e-03
2.618729096989966343e-08 7.386903980888931062e-03
2.628762541806019819e-08 2.508189236948735884e-03
2.638795986622073294e-08 5.701290586960268934e-03
2.648829431438126769e-08 8.524443601600970033e-03
2.658862876254180245e-08 3.677585089843824796e-03
2.668896321070233720e-08 6.185540214941765563e-03
2.678929765886287196e-08 1.826439942292554545e-03
2.688963210702340671e-08 6.983334968563468040e-03
2.698996655518394146e-08 9.351712477210659749e-03
2.709030100334447622e-08 6.622154601828087253e-03
2.719063545150501428e-08 4.931231021597565212e-03
2.729096989966554904e-08 9.884590702032833298e-03
2.739130434782608379e-08 9.502620322833919136e-03
2.749163879598661854e-08 8.696711175844119845e-03
2.759197324414715330e-08 6.278694770175343234e-03
2.769230769230768805e-08 9.647388833792222562e-03
2.779264214046822281e-08 1.346473220665848035e-02
2.789297658862875756e-08 6.818579622289608691e-03
2.799331103678929231e-08 1.077893782279849832e-02
2.809364548494983038e-08 6.809357331124510013e-03
2.819397993311036513e-08 6.568705362805955621e-03
2.829431438127089988e-08 9.498041596686173163e-03
2.839464882943143464e-08 9.533648846769106691e-03
2.849498327759196939e-08 5.160923756520476025e-03
2.859531772575250415e-08 5.665022432774097401e-03
2.869565217391303890e-08 1.082229517381856979e-02
2.879598662207357365e-08 7.477089806755983330e-03
2.889632107023410841e-08 3.242094583309759054e-03
2.899665551839464316e-08 3.781208893937096100e-03
2.909698996655518122e-08 1.193177850881588578e-02
2.919732441471571598e-08 2.639637860749017434e-03
2.929765886287625073e-08 1.377466589068305006e-02
2.939799331103678549e-08 6.666257774021099036e-03
2.949832775919732024e-08 4.535498568831359406e-03
2.959866220735785499e-08 6.891627918618690660e-03
2.969899665551838975e-08 3.596061780458888277e-03
2.979933110367892450e-08 1.090571903746702029e-02
2.989966555183946256e-08 1.382744998808290923e-02
2.999999999999999732e-08 1.197452044940481262e-02
