0.000000000000000000e+00 9.999999999999995559e-01
1.003344481605351029e-10 9.940868556080882934e-01
2.006688963210702059e-10 9.767708369026086856e-01
3.010033444816052959e-10 9.492713157719114836e-01
4.013377926421404118e-10 9.134590936535695871e-01
5.016722408026755277e-10 8.716409487447217552e-01
6.020066889632105918e-10 8.263063694771851653e-01
7.023411371237457594e-10 7.798738551703401356e-01
8.026755852842808236e-10 7.344717419350891285e-01
9.030100334448158877e-10 6.917801681778144030e-01
1.003344481605351055e-09 6.529484514284094043e-01
1.103678929765886223e-09 6.185884311792004819e-01
1.204013377926421184e-09 5.888319826842488558e-01
1.304347826086956351e-09 5.634321957236192446e-01
1.404682274247491519e-09 5.418839839363044364e-01
1.505016722408026480e-09 5.235413310018390831e-01
1.605351170568561647e-09 5.077140597565253932e-01
1.705685618729096815e-09 4.937351718592695726e-01
1.806020066889631775e-09 4.809983226026759429e-01
1.906354515050166943e-09 4.689718860440323378e-01
2.006688963210702111e-09 4.571999378825924998e-01
2.107023411371237278e-09 4.453008125271457063e-01
2.207357859531772446e-09 4.329710716277215266e-01
2.307692307692307200e-09 4.199978983151195222e-01
2.408026755852842367e-09 4.062776579852133141e-01
2.508361204013377535e-09 3.918341879279100270e-01
2.608695652173912702e-09 3.768284428332341895e-01
2.709030100334447870e-09 3.615519163570623529e-01
2.809364548494983038e-09 3.463995167539365982e-01
2.909698996655517792e-09 3.318223906439319304e-01
3.010033444816052959e-09 3.182662753680026713e-01
3.110367892976588127e-09 3.061049908394696262e-01
3.210702341137123294e-09 2.955806271234683869e-01
3.311036789297658462e-09 2.867613568649355349e-01
3.411371237458193629e-09 2.795247549588870117e-01
3.511705685618728797e-09 2.735697696020954472e-01
3.612040133779263551e-09 2.684551594686480080e-01
3.712374581939798719e-09 2.636574808109797829e-01
3.812709030100333886e-09 2.586385660732028469e-01
3.913043478260868640e-09 2.529114507247536281e-01
4.013377926421404221e-09 2.460949191042683670e-01
4.113712374581938975e-09 2.379497977888493376e-01
4.214046822742474556e-09 2.283940227391769717e-01
4.314381270903009310e-09 2.174974139520026717e-01
4.414715719063544892e-09 2.054601855415731926e-01
4.515050167224079646e-09 1.925809705773305347e-01
4.615384615384614399e-09 1.792204081526688753e-01
4.715719063545149981e-09 1.657653614340261483e-01
4.816053511705684735e-09 1.525971155955770375e-01
4.916387959866220316e-09 1.400650521330477627e-01
5.016722408026755070e-09 1.284658458388363844e-01
5.117056856187290651e-09 1.180275051927640317e-01
5.217391304347825405e-09 1.088976202164248647e-01
5.317725752508360159e-09 1.011357784648017344e-01
5.418060200668895740e-09 9.471087653821036456e-02
5.518394648829430494e-09 8.950457433299466303e-02
5.618729096989966075e-09 8.532209704515066051e-02
5.719063545150500829e-09 8.191087049345630033e-02
5.819397993311035583e-09 7.898619795342648464e-02
5.919732441471571164e-09 7.626166900063532927e-02
6.020066889632105918e-09 7.348065474110088147e-02
6.120401337792641499e-09 7.044449225495431899e-02
6.220735785953176253e-09 6.703306154476668111e-02
6.321070234113711835e-09 6.321446506527803044e-02
6.421404682274246589e-09 5.904225622544888308e-02
6.521739130434781343e-09 5.464076631241233245e-02
6.622073578595316924e-09 5.018109445271006636e-02
6.722408026755851678e-09 4.585182227514495584e-02
6.822742474916387259e-09 4.182919453002765381e-02
6.923076923076922013e-09 3.825126925806952849e-02
7.023411371237457594e-09 3.519950020265031482e-02
7.123745819397992348e-09 3.268965653510383373e-02
7.224080267558527102e-09 3.067228666159195483e-02
7.324414715719062683e-09 2.904145934217623737e-02
7.424749163879597437e-09 2.764953192966809747e-02
7.525083612040133018e-09 2.632531204186323165e-02
7.625418060200667772e-09 2.489314093936984690e-02
7.725752508361202526e-09 2.319095244340442161e-02
7.826086956521737280e-09 2.108601001227521782e-02
7.926421404682273689e-09 1.848757647200040613e-02
8.026755852842808442e-09 1.535609113006760132e-02
8.127090301003343196e-09 1.170850136920156305e-02
8.227424749163877950e-09 7.619315592491311857e-03
8.327759197324414359e-09 3.216875291268770504e-03
8.428093645484949113e-09 -1.325546171954277569e-03
8.528428093645483867e-09 -5.803814862400750660e-03
8.628762541806018621e-09 -1.000149229112734690e-02
8.729096989966553375e-09 -1.371133858800384353e-02
8.829431438127089783e-09 -1.675741003275117019e-02
8.929765886287624537e-09 -1.901486018302443390e-02
9.030100334448159291e-09 -2.042449561323861351e-02
9.130434782608694045e-09 -2.099965922159833381e-02
9.230769230769228799e-09 -2.082407629881838362e-02
9.331103678929765207e-09 -2.004072038830649605e-02
9.431438127090299961e-09 -1.883325435922657623e-02
9.531772575250834715e-09 -1.740285935066431672e-02
9.632107023411369469e-09 -1.594400688733457055e-02
9.732441471571904223e-09 -1.462279733121759143e-02
9.832775919732440632e-09 -1.356087447938812522e-02
9.933110367892975386e-09 -1.282678003326538294e-02
1.003344481605351014e-08 -1.243519798149642606e-02
1.013377926421404489e-08 -1.235317212685042680e-02
1.023411371237458130e-08 -1.251134559056399018e-02
1.033444816053511606e-08 -1.281775726374721758e-02
1.043478260869565081e-08 -1.317178650547099275e-02
1.053511705685618556e-08 -1.347637152086461794e-02
1.063545150501672032e-08 -1.364743789327134069e-02
1.073578595317725673e-08 -1.362031270940092069e-02
1.083612040133779148e-08 -1.335353962516529908e-02
1.093645484949832623e-08 -1.283080653768732017e-02
1.103678929765886099e-08 -1.206162284834497687e-02
1.113712374581939574e-08 -1.108102765623835903e-02
1.123745819397993215e-08 -9.948148094433617583e-03
1.133779264214046690e-08 -8.743061252274621220e-03
1.143812709030100166e-08 -7.561312044703383944e-03
1.153846153846153641e-08 -6.505685006622382097e-03
1.163879598662207117e-08 -5.675389676556855979e-03
1.173913043478260757e-08 -5.153559983002820900e-03
1.183946488294314233e-08 -4.994681349244538618e-03
1.193979933110367708e-08 -5.214026174962910556e-03
1.204013377926421184e-08 -5.781229159428323550e-03
1.214046822742474824e-08 -6.619697128732594804e-03
1.224080267558528300e-08 -7.612673960522661765e-03
1.234113712374581775e-08 -8.615633631830902847e-03
1.244147157190635251e-08 -9.473492569918862127e-03
1.254180602006688726e-08 -1.004017355915124733e-02
1.264214046822742367e-08 -1.019753062455381644e-02
1.274247491638795842e-08 -9.870676039704982460e-03
1.284280936454849318e-08 -9.037333761692625464e-03
1.294314381270902793e-08 -7.729856401488006262e-03
1.304347826086956269e-08 -6.029775894004187758e-03
1.314381270903009909e-08 -4.055964637764555153e-03
1.324414715719063385e-08 -1.948436443192830964e-03
1.334448160535116860e-08 1.496448231567068521e-04
1.344481605351170336e-08 2.109119489650417446e-03
1.354515050167223811e-08 3.828896737014922651e-03
1.364548494983277452e-08 5.245371534787706715e-03
1.374581939799330927e-08 6.336480216953412070e-03
1.384615384615384403e-08 7.120504523741445768e-03
1.394648829431437878e-08 7.650399124311837301e-03
1.404682274247491519e-08 8.004845344924288800e-03
1.414715719063544994e-08 8.277409240104687330e-03
1.424749163879598470e-08 8.565144195576020886e-03
1.434782608695651945e-08 8.957797407360350295e-03
1.444816053511705420e-08 9.528531874713126390e-03
1.454849498327759061e-08 1.032682077057887719e-02
1.464882943143812537e-08 1.137394079403701574e-02
1.474916387959866012e-08 1.266128860705205937e-02
1.484949832775919487e-08 1.415155446964953823e-02
1.494983277591973128e-08 1.578259101139169868e-02
1.505016722408026604e-08 1.747360476464448337e-02
1.515050167224080079e-08 1.913308467667231005e-02
1.525083612040133554e-08 2.066769486380062165e-02
1.535117056856187030e-08 2.199123769266345466e-02
1.545150501672240505e-08 2.303277328620534706e-02
1.555183946488293981e-08 2.374308064496398474e-02
1.565217391304347456e-08 2.409885548529887289e-02
1.575250836120401262e-08 2.410432581535418284e-02
1.585284280936454738e-08 2.379027512307292300e-02
1.595317725752508213e-08 2.321073798674275213e-02
1.605351170568561688e-08 2.243782937311361581e-02
1.615384615384615164e-08 2.155526697176676082e-02
1.625418060200668639e-08 2.065115494312707786e-02
1.635451505016722115e-08 1.981055092522083366e-02
1.645484949832775590e-08 1.910828054242862117e-02
1.655518394648829065e-08 1.860243330040002585e-02
1.665551839464882872e-08 1.832898726042472143e-02
1.675585284280936347e-08 1.829805377036146721e-02
1.685618729096989823e-08 1.849226621478580745e-02
1.695652173913043298e-08 1.886780128390372346e-02
1.705685618729096773e-08 1.935836542224468604e-02
1.715719063545150249e-08 1.988217699443121933e-02
1.725752508361203724e-08 2.035154290071021499e-02
1.735785953177257200e-08 2.068413098935496450e-02
1.745819397993310675e-08 2.081457909842584011e-02
1.755852842809364150e-08 2.070477652651352835e-02
1.765886287625417957e-08 2.035110873163830519e-02
1.775919732441471432e-08 1.978723111798824999e-02
1.785953177257524907e-08 1.908152619077593815e-02
1.795986622073578383e-08 1.832921961730630753e-02
1.806020066889631858e-08 1.764004172117043800e-02
1.816053511705685334e-08 1.712314402513101172e-02
1.826086956521738809e-08 1.687154229916466158e-02
1.836120401337792284e-08 1.694852944863830396e-02
1.846153846153845760e-08 1.737823126654889500e-02
1.856187290969899566e-08 1.814180493641536981e-02
1.866220735785953041e-08 1.917982923644494242e-02
1.876254180602006517e-08 2.040039129919109240e-02
1.886287625418059992e-08 2.169144153459047139e-02
1.896321070234113468e-08 2.293534442352227962e-02
1.906354515050166943e-08 2.402331251166424375e-02
1.916387959866220418e-08 2.486760044314911128e-02
1.926421404682273894e-08 2.540989102081278941e-02
1.936454849498327369e-08 2.562508933622412513e-02
1.946488294314380845e-08 2.552057893068391745e-02
1.956521739130434651e-08 2.513171382080993041e-02
1.966555183946488126e-08 2.451479177830735018e-02
1.976588628762541602e-08 2.373891521691800371e-02
1.986622073578595077e-08 2.287801054755950886e-02
1.996655518394648553e-08 2.200392486790271954e-02
2.006688963210702028e-08 2.118107025416518518e-02
2.016722408026755503e-08 2.046266684447582349e-02
2.026755852842808979e-08 1.988834615057279154e-02
2.036789297658862454e-08 1.948276597901956939e-02
2.046822742474916260e-08 1.925495059337802017e-02
2.056856187290969736e-08 1.919824683245066957e-02
2.066889632107023211e-08 1.929099191195597987e-02
2.076923076923076687e-08 1.949813256193320965e-02
2.086956521739130162e-08 1.977405312916847777e-02
2.096989966555183637e-08 2.006673976621952196e-02
2.107023411371237113e-08 2.032315417386758305e-02
2.117056856187290588e-08 2.049537878930592430e-02
2.127090301003344064e-08 2.054681216783741868e-02
2.137123745819397539e-08 2.045752202228482558e-02
2.147157190635451345e-08 2.022786181353580792e-02
2.157190635451504821e-08 1.987964188806881291e-02
2.167224080267558296e-08 1.945448976215767567e-02
2.177257525083611771e-08 1.900947039150276477e-02
2.187290969899665247e-08 1.861047919782110593e-02
2.197324414715718722e-08 1.832428127908790685e-02
2.207357859531772198e-08 1.821028246829658678e-02
2.217391304347825673e-08 1.831314818236414940e-02
2.227424749163879148e-08 1.865723907238059018e-02
2.237458193979932955e-08 1.924354668668838697e-02
2.247491638795986430e-08 2.004944760894369904e-02
2.257525083612039905e-08 2.103121688406144746e-02
2.267558528428093381e-08 2.212890861819296479e-02
2.277591973244146856e-08 2.327296257146941466e-02
2.287625418060200332e-08 2.439174737382954899e-02
2.297658862876253807e-08 2.541920125171217085e-02
2.307692307692307282e-08 2.630176499047862104e-02
2.317725752508360758e-08 2.700390036241128930e-02
2.327759197324414233e-08 2.751163420730337594e-02
2.337792642140468040e-08 2.783375325128489494e-02
2.347826086956521515e-08 2.800049150479637025e-02
2.357859531772574990e-08 2.805979452616967282e-02
2.367892976588628466e-08 2.807150122540894369e-02
2.377926421404681941e-08 2.810003299901009041e-02
2.387959866220735417e-08 2.820639094664757068e-02
2.397993311036788892e-08 2.844039845432302926e-02
2.408026755852842367e-08 2.883415488114743006e-02
2.418060200668895843e-08 2.939756498256725081e-02
2.428093645484949649e-08 3.011657697917864349e-02
2.438127090301003124e-08 3.095442334822211608e-02
2.448160535117056600e-08 3.185575891570817386e-02
2.458193979933110075e-08 3.275319245095380249e-02
2.468227424749163551e-08 3.357537589632612895e-02
2.478260869565217026e-08 3.425560472416771390e-02
2.488294314381270501e-08 3.473982718301545092e-02
2.498327759197323977e-08 3.499306447729801789e-02
2.508361204013377452e-08 3.500348470454520827e-02
2.518394648829430928e-08 3.478370473757034370e-02
2.528428093645484734e-08 3.436925876233592331e-02
2.538461538461538209e-08 3.381451353429975465e-02
2.548494983277591685e-08 3.318658437636760883e-02
2.558528428093645160e-08 3.255798714434984115e-02
2.568561872909698635e-08 3.199884445851068626e-02
2.578595317725752111e-08 3.156945995416569894e-02
2.588628762541805586e-08 3.131400105640284176e-02
2.598662207357859062e-08 3.125590807206215377e-02
2.608695652173912537e-08 3.139548886450427984e-02
2.618729096989966343e-08 3.170997024691467325e-02
2.628762541806019819e-08 3.215606091492675955e-02
2.638795986622073294e-08 3.267483878019189492e-02
2.648829431438126769e-08 3.319851838599381655e-02
2.658862876254180245e-08 3.365840467934726188e-02
2.668896321070233720e-08 3.399313356709561529e-02
2.678929765886287196e-08 3.415618065696267996e-02
2.688963210702340671e-08 3.412162800919838618e-02
2.698996655518394146e-08 3.388734018396719061e-02
2.709030100334447622e-08 3.347501475483141004e-02
2.719063545150501428e-08 3.292700578282700685e-02
2.729096989966554904e-08 3.230030759855480327e-02
2.739130434782608379e-08 3.165854565342442889e-02
2.749163879598661854e-08 3.106316188672792258e-02
2.759197324414715330e-08 3.056513038871184681e-02
2.769230769230768805e-08 3.019845553065744759e-02
2.779264214046822281e-08 2.997639550271885556e-02
2.789297658862875756e-08 2.989087341652650262e-02
2.799331103678929231e-08 2.991497819330256325e-02
2.809364548494983038e-08 3.000793005727254298e-02
2.819397993311036513e-08 3.012149704174834838e-02
2.829431438127089988e-08 3.020667646473170972e-02
2.839464882943143464e-08 3.021952829787958109e-02
2.849498327759196939e-08 3.012534044650241535e-02
2.859531772575250415e-08 2.990074477819590001e-02
2.869565217391303890e-08 2.953388118867278714e-02
2.879598662207357365e-08 2.902311244952052519e-02
2.889632107023410841e-08 2.837503277165946344e-02
2.899665551839464316e-08 2.760253807978346741e-02
2.909698996655518122e-08 2.672354027387550263e-02
2.919732441471571598e-08 2.576056838287408765e-02
2.929765886287625073e-08 2.474110203751888129e-02
2.939799331103678549e-08 2.369813722684829468e-02
2.949832775919732024e-08 2.267028805721075374e-02
2.959866220735785499e-08 2.170074104803171658e-02
2.969899665551838975e-08 2.083460746611017975e-02
2.979933110367892450e-08 2.011461607153827019e-02
2.989966555183946256e-08 1.957556070387413832e-02
2.999999999999999732e-08 1.923834889767237974e-02
