0.000000000000000000e+00 9.999999999999995559e-01
1.003344481605351029e-10 6.563347006342994394e-01
2.006688963210702059e-10 4.593620099604491247e-01
3.010033444816052959e-10 3.218768819630150602e-01
4.013377926421404118e-10 2.487447515968522205e-01
5.016722408026755277e-10 1.336614291726406500e-01
6.020066889632105918e-10 7.503397190827951202e-02
7.023411371237457594e-10 3.709928016515044724e-02
8.026755852842808236e-10 1.770970295608771325e-02
9.030100334448158877e-10 -1.932032895132450995e-02
1.003344481605351055e-09 -1.278227924090137406e-02
1.103678929765886223e-09 -1.283761319915292798e-02
1.204013377926421184e-09 -5.174701127025630766e-03
1.304347826086956351e-09 -8.017675757603291015e-03
1.404682274247491519e-09 7.520540797633458452e-03
1.505016722408026480e-09 1.515440205608972746e-02
1.605351170568561647e-09 2.351184737490763857e-02
1.705685618729096815e-09 1.863801021647037287e-02
1.806020066889631775e-09 1.882074727629333422e-02
1.906354515050166943e-09 2.201718290551113802e-02
2.006688963210702111e-09 2.273485296697416377e-02
2.107023411371237278e-09 1.979487457336391587e-02
2.207357859531772446e-09 1.861792342526893615e-02
2.307692307692307200e-09 2.426891368675345578e-02
2.408026755852842367e-09 2.817563157973940191e-02
2.508361204013377535e-09 3.461915008692425383e-02
2.608695652173912702e-09 3.139058188161671092e-02
2.709030100334447870e-09 3.416359379616933784e-02
2.809364548494983038e-09 2.992427744871653528e-02
2.909698996655517792e-09 2.882017333651535132e-02
3.010033444816052959e-09 1.996526473619711362e-02
3.110367892976588127e-09 1.982388356685892486e-02
3.210702341137123294e-09 9.605996534363888534e-03
3.311036789297658462e-09 1.573244509324431707e-03
3.411371237458193629e-09 -6.910069531096613323e-03
3.511705685618728797e-09 -7.460526568775661428e-03
3.612040133779263551e-09 -1.020363708681415460e-02
3.712374581939798719e-09 -1.019437788836715167e-02
3.812709030100333886e-09 -6.442479913757719751e-04
3.913043478260868640e-09 6.290323914894402867e-03
4.013377926421404221e-09 8.065103685130810274e-03
4.113712374581938975e-09 7.789834081763272189e-03
4.214046822742474556e-09 8.980630705678860695e-03
4.314381270903009310e-09 5.862219858611339256e-03
4.414715719063544892e-09 7.713405743398378880e-03
4.515050167224079646e-09 3.381938453653604397e-03
4.615384615384614399e-09 4.882546081280841194e-03
4.715719063545149981e-09 5.218150033402596186e-03
4.816053511705684735e-09 1.400051501099659930e-02
4.916387959866220316e-09 1.298486254896154962e-02
5.016722408026755070e-09 1.224087009642719527e-02
5.117056856187290651e-09 1.110586108464950775e-02
5.217391304347825405e-09 1.352418576063482876e-02
5.317725752508360159e-09 9.843580076703519616e-03
5.418060200668895740e-09 1.167743700539866127e-02
5.518394648829430494e-09 8.354397844192999745e-03
5.618729096989966075e-09 3.385944779448531866e-03
5.719063545150500829e-09 2.187569327620851774e-03
5.819397993311035583e-09 2.240173985932234976e-03
5.919732441471571164e-09 3.858638964859201822e-04
6.020066889632105918e-09 -1.637881184737978273e-03
6.120401337792641499e-09 4.855660493550786102e-04
6.220735785953176253e-09 7.086347280710733523e-04
6.321070234113711835e-09 1.763072958926136273e-03
6.421404682274246589e-09 -4.428885075451422047e-04
6.521739130434781343e-09 6.750401661143284708e-05
6.622073578595316924e-09 -3.368783744521664132e-04
6.722408026755851678e-09 3.881071294876785576e-03
6.822742474916387259e-09 5.394525431688236214e-03
6.923076923076922013e-09 7.583823200171488713e-03
7.023411371237457594e-09 1.014756193810158191e-02
7.123745819397992348e-09 1.355391162459687431e-02
7.224080267558527102e-09 1.090423914545890667e-02
7.324414715719062683e-09 1.130862127507937208e-02
7.424749163879597437e-09 1.169111898494997089e-02
7.525083612040133018e-09 1.423072504761806537e-02
7.625418060200667772e-09 1.394924764400564017e-02
7.725752508361202526e-09 1.505475654286228364e-02
7.826086956521737280e-09 1.397310285506897856e-02
7.926421404682273689e-09 1.465423530983625371e-02
8.026755852842808442e-09 1.268605617859457253e-02
8.127090301003343196e-09 8.711151278433184805e-03
8.227424749163877950e-09 7.487648752258621240e-03
8.327759197324414359e-09 7.041239761667410051e-03
8.428093645484949113e-09 2.517613690707016898e-03
8.528428093645483867e-09 -6.648426703945772148e-05
8.628762541806018621e-09 3.608546774694493253e-04
8.729096989966553375e-09 2.092944582565384615e-04
8.829431438127089783e-09 -1.221376805594152079e-03
8.929765886287624537e-09 -7.667751386788393842e-04
9.030100334448159291e-09 2.049515050222644203e-03
9.130434782608694045e-09 8.406085245363251190e-03
9.230769230769228799e-09 7.432074275622641349e-03
9.331103678929765207e-09 6.669130371032343414e-03
9.431438127090299961e-09 5.909840149495068640e-03
9.531772575250834715e-09 3.430259009604218201e-03
9.632107023411369469e-09 1.036405518783450191e-02
9.732441471571904223e-09 1.689045712443720815e-02
9.832775919732440632e-09 9.571027333503822829e-03
9.933110367892975386e-09 1.166377063340466244e-02
1.003344481605351014e-08 1.366153367362540373e-02
1.013377926421404489e-08 8.263936673312252679e-03
1.023411371237458130e-08 4.971855948609825090e-03
1.033444816053511606e-08 3.769136372998125196e-03
1.043478260869565081e-08 3.711793587495210156e-03
1.053511705685618556e-08 8.605076827994388028e-03
1.063545150501672032e-08 6.937410550650654172e-03
1.073578595317725673e-08 2.356471578040579551e-03
1.083612040133779148e-08 5.623535342593939147e-03
1.093645484949832623e-08 4.457321571802150967e-03
1.103678929765886099e-08 2.079322023776962805e-03
1.113712374581939574e-08 2.172796433194454542e-03
1.123745819397993215e-08 1.210665469283123954e-03
1.133779264214046690e-08 4.065623312428202213e-03
1.143812709030100166e-08 7.907323664179769299e-03
1.153846153846153641e-08 1.546502996700647656e-02
1.163879598662207117e-08 4.833497351042936874e-03
1.173913043478260757e-08 2.403609869876959654e-03
1.183946488294314233e-08 5.802518933003355563e-03
1.193979933110367708e-08 3.765235126858364981e-03
1.204013377926421184e-08 4.902441636967616242e-03
1.214046822742474824e-08 3.723665222686359938e-03
1.224080267558528300e-08 8.127600188028371100e-03
1.234113712374581775e-08 8.664865200560159519e-03
1.244147157190635251e-08 9.556390886839571941e-03
1.254180602006688726e-08 5.726178482590696742e-03
1.264214046822742367e-08 2.855446893802409455e-03
1.274247491638795842e-08 7.962674013113001451e-03
1.284280936454849318e-08 1.124800658181075545e-02
1.294314381270902793e-08 8.725992259820300814e-03
1.304347826086956269e-08 9.848727299094736654e-03
1.314381270903009909e-08 6.183364903572728145e-03
1.324414715719063385e-08 6.056394568000506538e-03
1.334448160535116860e-08 5.804624392708254352e-03
1.344481605351170336e-08 2.628513238508721744e-03
1.354515050167223811e-08 6.449816206148691576e-03
1.364548494983277452e-08 7.002780476477922338e-03
1.374581939799330927e-08 8.375998375869577600e-03
1.384615384615384403e-08 5.148513035203939117e-03
1.394648829431437878e-08 4.287911073040324809e-03
1.404682274247491519e-08 3.270729208022386206e-03
1.414715719063544994e-08 3.723454151236616286e-03
1.424749163879598470e-08 2.085143508811742978e-03
1.434782608695651945e-08 3.083996266653695525e-04
1.444816053511705420e-08 -1.836474592216906206e-04
1.454849498327759061e-08 -7.620142262501215964e-06
1.464882943143812537e-08 1.774832405899389679e-03
1.474916387959866012e-08 6.538333522916956603e-03
1.484949832775919487e-08 7.145436304884429136e-03
1.494983277591973128e-08 8.538122429232910052e-03
1.505016722408026604e-08 1.054715838568705440e-02
1.515050167224080079e-08 1.290047070980738543e-02
1.525083612040133554e-08 1.197770436697843076e-02
1.535117056856187030e-08 7.295677082761551496e-03
1.545150501672240505e-08 5.627156693917443817e-03
1.555183946488293981e-08 5.278080007517288973e-03
1.565217391304347456e-08 7.230009732501279165e-03
1.575250836120401262e-08 1.087783848468848978e-02
1.585284280936454738e-08 3.602158269898621951e-03
1.595317725752508213e-08 5.224733874080879359e-03
1.605351170568561688e-08 1.906010508659026440e-03
1.615384615384615164e-08 6.517634787978420809e-03
1.625418060200668639e-08 -7.878671710776668276e-04
1.635451505016722115e-08 4.416044810173790081e-03
1.645484949832775590e-08 4.011981061605509290e-03
1.655518394648829065e-08 6.497897416185670003e-03
1.665551839464882872e-08 9.235214134122957802e-03
1.675585284280936347e-08 2.058385026822464638e-03
1.685618729096989823e-08 3.445486834043910099e-03
1.695652173913043298e-08 6.069848561083520874e-03
1.705685618729096773e-08 3.377072627198334995e-03
1.715719063545150249e-08 7.595002592599647308e-03
1.725752508361203724e-08 1.055860533247685723e-02
1.735785953177257200e-08 1.093377821348098106e-02
1.745819397993310675e-08 1.078785468616632118e-02
1.755852842809364150e-08 1.507306135215807918e-02
1.765886287625417957e-08 1.634078506229582131e-02
1.775919732441471432e-08 1.000603634966714880e-02
1.785953177257524907e-08 5.442608625831586028e-03
1.795986622073578383e-08 9.685293151293083297e-03
1.806020066889631858e-08 7.378132361329408154e-03
1.816053511705685334e-08 6.092036056105554556e-03
1.826086956521738809e-08 1.016260769020754968e-02
1.836120401337792284e-08 8.391926569467333605e-03
1.846153846153845760e-08 3.892529428120523015e-03
1.856187290969899566e-08 7.268370714991099005e-03
1.866220735785953041e-08 6.917658351556144579e-03
1.876254180602006517e-08 8.442781872907164850e-03
1.886287625418059992e-08 8.714091135960307447e-03
1.896321070234113468e-08 1.056517561593395965e-02
1.906354515050166943e-08 1.343376818592626962e-02
1.916387959866220418e-08 8.636511842849317611e-03
1.926421404682273894e-08 8.533523799228457177e-03
1.936454849498327369e-08 7.747763152638471700e-03
1.946488294314380845e-08 6.965687088152225891e-03
1.956521739130434651e-08 7.618413139593703011e-03
1.966555183946488126e-08 1.212051304132824754e-02
1.976588628762541602e-08 8.492167308715752733e-03
1.986622073578595077e-08 6.935088901322307431e-03
1.996655518394648553e-08 8.997673980554326406e-03
2.006688963210702028e-08 5.578728646900845203e-03
2.016722408026755503e-08 8.424340331424817058e-03
2.026755852842808979e-08 1.045154175021819828e-02
2.036789297658862454e-08 8.019144755396454341e-03
2.046822742474916260e-08 8.274358547727910657e-03
2.056856187290969736e-08 9.986935017708645917e-03
2.066889632107023211e-08 4.432885224235924224e-03
2.076923076923076687e-08 8.075989565762350594e-03
2.086956521739130162e-08 6.395007651206355628e-03
2.096989966555183637e-08 2.344337496811265027e-03
2.107023411371237113e-08 3.508845805278746482e-03
2.117056856187290588e-08 -3.307925355821073748e-03
2.127090301003344064e-08 -2.579386778841785688e-03
2.137123745819397539e-08 -1.680824741079107185e-03
2.147157190635451345e-08 2.971075549790925998e-03
2.157190635451504821e-08 4.653392268042652428e-03
2.167224080267558296e-08 3.029859937125778217e-03
2.177257525083611771e-08 7.140082647889756454e-03
2.187290969899665247e-08 9.304932348379618690e-03
2.197324414715718722e-08 7.465368972550148925e-03
2.207357859531772198e-08 1.185341148994393211e-02
2.217391304347825673e-08 9.462391880832376340e-03
2.227424749163879148e-08 6.799188240168836488e-03
2.237458193979932955e-08 7.035486155790451369e-03
2.247491638795986430e-08 8.203834383859720178e-03
2.257525083612039905e-08 1.061764498162983544e-02
2.267558528428093381e-08 1.097365862199402298e-02
2.277591973244146856e-08 9.586552871208619056e-03
2.287625418060200332e-08 9.953752677380958355e-03
2.297658862876253807e-08 6.026115345493098831e-03
2.307692307692307282e-08 6.947319152241572190e-03
2.317725752508360758e-08 9.045665747035271792e-03
2.327759197324414233e-08 1.164184591959611589e-02
2.337792642140468040e-08 9.842897108618879273e-03
2.347826086956521515e-08 5.855736515937333062e-03
2.357859531772574990e-08 6.361307047072886460e-03
2.367892976588628466e-08 4.810350359977892676e-03
2.377926421404681941e-08 6.321361669219672033e-03
2.387959866220735417e-08 9.648950351398323522e-03
2.397993311036788892e-08 8.987614853804228379e-03
2.408026755852842367e-08 9.435363211992930585e-03
2.418060200668895843e-08 9.257507335239563429e-03
2.428093645484949649e-08 1.274563362962216270e-02
2.438127090301003124e-08 6.694373414313424704e-03
2.448160535117056600e-08 9.661237226669597625e-03
2.458193979933110075e-08 8.729995396037590685e-03
2.468227424749163551e-08 8.134667834533076264e-03
2.478260869565217026e-08 9.410478401657451988e-03
2.488294314381270501e-08 7.219628545423696295e-03
2.498327759197323977e-08 4.121558710101006634e-03
2.508361204013377452e-08 2.704051978328492287e-03
2.518394648829430928e-08 5.851630093531691099e-03
2.528428093645484734e-08 5.702139077406697537e-03
2.538461538461538209e-08 6.086251144220820170e-03
2.548494983277591685e-08 6.961560853198749815e-03
2.558528428093645160e-08 7.413213966086698581e-03
2.568561872909698635e-08 4.657296542826667302e-03
2.578595317725752111e-08 7.073916453800050894e-03
2.588628762541805586e-08 4.850620428987808749e-03
2.598662207357859062e-08 6.200181029164844072e-03
2.608695652173912537e-08 8.306122731903210765e-03
2.618729096989966343e-08 6.268268139258362237e-03
2.628762541806019819e-08 1.009331426542773615e-02
2.638795986622073294e-08 1.355956694411968380e-02
2.648829431438126769e-08 1.299373970795302848e-02
2.658862876254180245e-08 1.216551970451003328e-02
2.668896321070233720e-08 1.003499426163918795e-02
2.678929765886287196e-08 8.276118863128349018e-03
2.688963210702340671e-08 7.305636371035449661e-03
2.698996655518394146e-08 1.073215608034883660e-02
2.709030100334447622e-08 1.422219800514235716e-02
2.719063545150501428e-08 1.670409794679203822e-02
2.729096989966554904e-08 1.430218172504947594e-02
2.739130434782608379e-08 1.557741334763668682e-02
2.749163879598661854e-08 1.583205967787908522e-02
2.759197324414715330e-08 9.557407837953432739e-03
2.769230769230768805e-08 1.226088487855321769e-02
2.779264214046822281e-08 5.838448758647264356e-03
2.789297658862875756e-08 8.174277227008865457e-03
2.799331103678929231e-08 6.863745601951358423e-04
2.809364548494983038e-08 6.623098916263367268e-03
2.819397993311036513e-08 9.584173728860475097e-03
2.829431438127089988e-08 1.199463704683491165e-02
2.839464882943143464e-08 6.494221770298829605e-03
2.849498327759196939e-08 9.243478223624722323e-03
2.859531772575250415e-08 9.372308279998620845e-03
2.869565217391303890e-08 9.187070637838098616e-03
2.879598662207357365e-08 7.485232437511589107e-03
2.889632107023410841e-08 2.124162827857262095e-03
2.899665551839464316e-08 9.048736842034478534e-05
2.909698996655518122e-08 6.153145149295914228e-04
2.919732441471571598e-08 -3.304734297428968317e-03
2.929765886287625073e-08 -1.255345813819309410e-04
2.939799331103678549e-08 -5.798786572979918938e-04
2.949832775919732024e-08 3.873477640032089997e-03
2.959866220735785499e-08 -6.311259564524868311e-04
2.969899665551838975e-08 8.034579113805633346e-03
2.979933110367892450e-08 1.307609873014315555e-02
2.989966555183946256e-08 1.040431340925220167e-02
2.999999999999999732e-08 6.193779261921324858e-03
