0.000000000000000000e+00 9.999999999999995559e-01
1.003344481605351029e-10 8.820187029692849040e-03
2.006688963210702059e-10 1.140679893050879946e-02
3.010033444816052959e-10 9.404955998660975095e-04
4.013377926421404118e-10 7.662637987270118009e-03
5.016722408026755277e-10 8.696211768958943961e-03
6.020066889632105918e-10 9.509537480152732009e-03
7.023411371237457594e-10 8.030176092779846286e-03
8.026755852842808236e-10 1.209332629389877137e-02
9.030100334448158877e-10 6.748961993838742575e-03
1.003344481605351055e-09 1.135208134431658217e-02
1.103678929765886223e-09 2.224576804421981961e-03
1.204013377926421184e-09 7.125158897291757748e-03
1.304347826086956351e-09 5.864503998972817739e-03
1.404682274247491519e-09 7.472605472887612968e-03
1.505016722408026480e-09 3.896111856812225181e-03
1.605351170568561647e-09 6.071403365061832716e-03
1.705685618729096815e-09 9.937504272371540034e-03
1.806020066889631775e-09 1.153446113362880700e-02
1.906354515050166943e-09 8.505665401145745888e-03
2.006688963210702111e-09 6.695554540852195757e-03
2.107023411371237278e-09 2.952054796904582216e-03
2.207357859531772446e-09 6.246146675445241568e-03
2.307692307692307200e-09 7.900551368037493291e-03
2.408026755852842367e-09 1.449024711125020994e-02
2.508361204013377535e-09 1.005492631094297151e-02
2.608695652173912702e-09 8.793693246124568638e-03
2.709030100334447870e-09 1.287009973944056203e-02
2.809364548494983038e-09 7.789213509900310903e-03
2.909698996655517792e-09 5.385959516473684192e-03
3.010033444816052959e-09 1.092657160758792219e-02
3.110367892976588127e-09 4.376350302001555045e-03
3.210702341137123294e-09 9.411973971569918829e-03
3.311036789297658462e-09 6.592130745345488319e-03
3.411371237458193629e-09 8.404975521419928361e-03
3.511705685618728797e-09 9.285428970946123933e-03
3.612040133779263551e-09 -6.299692158548760457e-04
3.712374581939798719e-09 7.441698956425894275e-03
3.812709030100333886e-09 7.478888750204775414e-03
3.913043478260868640e-09 3.846225036426162858e-03
4.013377926421404221e-09 1.186108988331977324e-02
4.113712374581938975e-09 4.957341248754567817e-03
4.214046822742474556e-09 5.296599931086500360e-03
4.314381270903009310e-09 1.116971769486387392e-02
4.414715719063544892e-09 1.393540515837021244e-02
4.515050167224079646e-09 1.062801643665322801e-02
4.615384615384614399e-09 6.212999156007582152e-03
4.715719063545149981e-09 4.596179174532766427e-03
4.816053511705684735e-09 4.258405233198959104e-03
4.916387959866220316e-09 8.580056628126464871e-03
5.016722408026755070e-09 5.724304376631609952e-03
5.117056856187290651e-09 6.883750525852755549e-03
5.217391304347825405e-09 7.037355773624205842e-03
5.317725752508360159e-09 1.398176210922496936e-02
5.418060200668895740e-09 7.321863988199261639e-03
5.518394648829430494e-09 1.067455699609399546e-02
5.618729096989966075e-09 8.312665668501431626e-03
5.719063545150500829e-09 7.021125548900465467e-03
5.819397993311035583e-09 8.724014867652094690e-03
5.919732441471571164e-09 6.527697633630286100e-03
6.020066889632105918e-09 1.235589342575548963e-02
6.120401337792641499e-09 7.753796972354118529e-03
6.220735785953176253e-09 4.507597809111639139e-03
6.321070234113711835e-09 6.903920745158285792e-03
6.421404682274246589e-09 5.653176412391902952e-03
6.521739130434781343e-09 6.182269339569655166e-03
6.622073578595316924e-09 7.696052631149471329e-03
6.722408026755851678e-09 1.319592325454810831e-02
6.822742474916387259e-09 1.361606522171560779e-03
6.923076923076922013e-09 6.483584139376600240e-03
7.023411371237457594e-09 6.686372642541045866e-03
7.123745819397992348e-09 1.020957695128436697e-02
7.224080267558527102e-09 9.099676489126032330e-03
7.324414715719062683e-09 1.326364060854976108e-02
7.424749163879597437e-09 1.015363855498265487e-02
7.525083612040133018e-09 6.311697769854102136e-03
7.625418060200667772e-09 1.533760197297597536e-04
7.725752508361202526e-09 5.129580901432631568e-03
7.826086956521737280e-09 6.836522025933070186e-03
7.926421404682273689e-09 9.630705126737169192e-03
8.026755852842808442e-09 9.782682040172491211e-03
8.127090301003343196e-09 1.993377616636372342e-03
8.227424749163877950e-09 1.274088457724429149e-02
8.327759197324414359e-09 5.512761250369923281e-03
8.428093645484949113e-09 6.946773213398454126e-03
8.528428093645483867e-09 7.174037730459103222e-03
8.628762541806018621e-09 6.135168584088015672e-03
8.729096989966553375e-09 1.279077964599066846e-03
8.829431438127089783e-09 5.700361292629959470e-03
8.929765886287624537e-09 7.376591070988546689e-03
9.030100334448159291e-09 4.172343582096768588e-03
9.130434782608694045e-09 5.122193861637008849e-03
9.230769230769228799e-09 1.001591889140685324e-02
9.331103678929765207e-09 9.219792799547333814e-03
9.431438127090299961e-09 8.476379177354366468e-03
9.531772575250834715e-09 3.555178630176627878e-03
9.632107023411369469e-09 1.297639148331957738e-02
9.732441471571904223e-09 9.067775444204805024e-03
9.832775919732440632e-09 1.729519535651415085e-02
9.933110367892975386e-09 4.731643331121884039e-03
1.003344481605351014e-08 9.947680802967812444e-03
1.013377926421404489e-08 1.286785032614644851e-02
1.023411371237458130e-08 6.029322377899827036e-03
1.033444816053511606e-08 4.195057455558821868e-03
1.043478260869565081e-08 2.278411531293883172e-03
1.053511705685618556e-08 9.486556250570769150e-03
1.063545150501672032e-08 8.236338908173388221e-03
1.073578595317725673e-08 6.822105820978171913e-03
1.083612040133779148e-08 1.194690140005547074e-04
1.093645484949832623e-08 1.068194606211188107e-02
1.103678929765886099e-08 5.442351119811948343e-03
1.113712374581939574e-08 1.116431289215535048e-02
1.123745819397993215e-08 5.173532793320279044e-04
1.133779264214046690e-08 7.807755816842888892e-03
1.143812709030100166e-08 7.076442174460437044e-03
1.153846153846153641e-08 7.237907963866897776e-03
1.163879598662207117e-08 1.028047863154270269e-02
1.173913043478260757e-08 7.959039808237328845e-03
1.183946488294314233e-08 6.003423979914667558e-03
1.193979933110367708e-08 9.200492779067282259e-03
1.204013377926421184e-08 5.407260428920212386e-03
1.214046822742474824e-08 4.233896266789611250e-03
1.224080267558528300e-08 3.852429118061525930e-03
1.234113712374581775e-08 6.386717820347718663e-03
1.244147157190635251e-08 9.732015394923142909e-03
1.254180602006688726e-08 1.142810640575418063e-02
1.264214046822742367e-08 7.241340771357982452e-03
1.274247491638795842e-08 1.304722218043072139e-02
1.284280936454849318e-08 7.079315887536530467e-03
1.294314381270902793e-08 8.039526972707376415e-03
1.304347826086956269e-08 5.278679880030684272e-03
1.314381270903009909e-08 7.128881810383056773e-03
1.324414715719063385e-08 -1.966239186691371723e-04
1.334448160535116860e-08 1.495727007609536433e-02
1.344481605351170336e-08 7.133529089739163581e-03
1.354515050167223811e-08 1.871769807527393819e-03
1.364548494983277452e-08 2.474719928854311399e-03
1.374581939799330927e-08 1.268081984604100231e-02
1.384615384615384403e-08 8.187907684226716429e-03
1.394648829431437878e-08 6.440957622713297352e-03
1.404682274247491519e-08 3.229250224355656798e-03
1.414715719063544994e-08 6.571957927179033869e-03
1.424749163879598470e-08 9.412903470749380257e-04
1.434782608695651945e-08 8.659337130320471018e-03
1.444816053511705420e-08 5.239957484078862880e-03
1.454849498327759061e-08 4.468199549671710014e-03
1.464882943143812537e-08 1.617524637437839710e-02
1.474916387959866012e-08 9.796286293469694262e-03
1.484949832775919487e-08 4.928779434111304515e-03
1.494983277591973128e-08 7.084384633069194283e-03
1.505016722408026604e-08 1.011971747501735387e-02
1.515050167224080079e-08 9.272054131937676122e-03
1.525083612040133554e-08 5.171906603120126310e-03
1.535117056856187030e-08 3.195188485132347336e-03
1.545150501672240505e-08 1.398952936982600197e-03
1.555183946488293981e-08 4.013485574975206131e-03
1.565217391304347456e-08 1.444499893678250976e-02
1.575250836120401262e-08 1.249638196619223124e-02
1.585284280936454738e-08 8.107511975255972739e-03
1.595317725752508213e-08 9.860224991488263785e-03
1.605351170568561688e-08 1.053412554339028771e-02
1.615384615384615164e-08 4.284823103699831812e-03
1.625418060200668639e-08 1.101646061402546638e-02
1.635451505016722115e-08 6.523584878166913993e-03
1.645484949832775590e-08 5.957524974074012922e-03
1.655518394648829065e-08 1.448609296599537473e-02
1.665551839464882872e-08 8.739268304488206907e-03
1.675585284280936347e-08 8.236950640837112370e-03
1.685618729096989823e-08 9.859595965851791419e-03
1.695652173913043298e-08 1.075020127861454899e-02
1.705685618729096773e-08 1.205337606199469516e-02
1.715719063545150249e-08 1.172194485385075029e-02
1.725752508361203724e-08 1.339890165390751620e-02
1.735785953177257200e-08 -1.091231701820868146e-03
1.745819397993310675e-08 4.607737583644917756e-03
1.755852842809364150e-08 -6.751820685694411147e-04
1.765886287625417957e-08 9.864650049707877552e-03
1.775919732441471432e-08 9.104597146441678959e-03
1.785953177257524907e-08 5.277382316434067050e-03
1.795986622073578383e-08 7.483997225418426158e-03
1.806020066889631858e-08 6.588983035770193744e-03
1.816053511705685334e-08 6.331075379824156746e-03
1.826086956521738809e-08 1.095780495619793488e-02
1.836120401337792284e-08 9.108145474789285795e-03
1.846153846153845760e-08 1.003962250127610201e-02
1.856187290969899566e-08 3.676636726825506518e-03
1.866220735785953041e-08 8.268283111469047070e-03
1.876254180602006517e-08 4.420446032307364867e-03
1.886287625418059992e-08 4.302787077854753651e-03
1.896321070234113468e-08 9.214596089581056360e-03
1.906354515050166943e-08 1.344081642890989844e-02
1.916387959866220418e-08 1.110777996268760490e-02
1.926421404682273894e-08 8.172509081142417114e-03
1.936454849498327369e-08 7.367327722327053977e-03
1.946488294314380845e-08 3.306579451988615401e-03
1.956521739130434651e-08 9.893621486507154020e-03
1.966555183946488126e-08 3.103673957214342447e-03
1.976588628762541602e-08 5.549051520067239431e-03
1.986622073578595077e-08 9.590165290714365229e-03
1.996655518394648553e-08 1.229236410376512677e-02
2.006688963210702028e-08 9.806397117574387409e-03
2.016722408026755503e-08 1.343823656910663952e-02
2.026755852842808979e-08 5.402770439467764578e-03
2.036789297658862454e-08 8.555157920038219954e-03
2.046822742474916260e-08 6.702957117953879142e-03
2.056856187290969736e-08 2.527100829286570410e-03
2.066889632107023211e-08 1.063856836191162669e-02
2.076923076923076687e-08 1.215004559488691745e-02
2.086956521739130162e-08 1.120818564286778923e-02
2.096989966555183637e-08 4.843291052906281355e-03
2.107023411371237113e-08 1.109232649449269116e-02
2.117056856187290588e-08 1.048034027974991192e-02
2.127090301003344064e-08 1.051727962823243226e-02
2.137123745819397539e-08 6.339995771707943387e-03
2.147157190635451345e-08 3.175382936621526462e-03
2.157190635451504821e-08 1.122321841509870809e-03
2.167224080267558296e-08 1.041262330550273181e-02
2.177257525083611771e-08 9.196505279993872489e-03
2.187290969899665247e-08 6.281306369537545051e-03
2.197324414715718722e-08 1.317577740356423027e-02
2.207357859531772198e-08 1.597624514833083246e-03
2.217391304347825673e-08 1.445939354948709218e-02
2.227424749163879148e-08 1.860198254236950476e-04
2.237458193979932955e-08 9.303791113909999980e-03
2.247491638795986430e-08 1.060061665317779504e-02
2.257525083612039905e-08 1.065110597174801464e-02
2.267558528428093381e-08 5.410917181602985584e-03
2.277591973244146856e-08 9.498972624587992061e-03
2.287625418060200332e-08 1.625077509111417899e-03
2.297658862876253807e-08 1.206054952484606098e-02
2.307692307692307282e-08 1.396485907154084230e-02
2.317725752508360758e-08 9.080919898868293830e-03
2.327759197324414233e-08 5.138763304932759783e-03
2.337792642140468040e-08 4.169948262389679139e-03
2.347826086956521515e-08 8.240737041651418140e-03
2.357859531772574990e-08 1.187784725492536421e-02
2.367892976588628466e-08 5.618758319797709753e-03
2.377926421404681941e-08 1.220750674056629917e-02
2.387959866220735417e-08 5.159437958289170463e-03
2.397993311036788892e-08 6.022778828615166398e-03
2.408026755852842367e-08 2.956118573668491383e-03
2.418060200668895843e-08 8.467059708454426070e-03
2.428093645484949649e-08 2.843410091183207027e-03
2.438127090301003124e-08 8.116709742107829778e-03
2.448160535117056600e-08 8.760276189623786292e-03
2.458193979933110075e-08 7.870779390392768082e-03
2.468227424749163551e-08 1.177143082809700703e-02
2.478260869565217026e-08 1.122064840583627751e-02
2.488294314381270501e-08 1.044038980816568846e-02
2.498327759197323977e-08 8.612563103583052021e-03
2.508361204013377452e-08 5.756069373452306348e-03
2.518394648829430928e-08 8.598681146710505235e-03
2.528428093645484734e-08 3.337313065144104692e-03
2.538461538461538209e-08 5.047044026354030599e-03
2.548494983277591685e-08 5.701518157208268142e-03
2.558528428093645160e-08 8.022294503368433000e-03
2.568561872909698635e-08 7.914529748871253212e-03
2.578595317725752111e-08 1.090715047336734446e-02
2.588628762541805586e-08 4.437918066136789519e-03
2.598662207357859062e-08 8.249496022607884574e-03
2.608695652173912537e-08 8.234550676374805325e-03
2.618729096989966343e-08 2.597259693832806079e-03
2.628762541806019819e-08 7.107233974395136752e-03
2.638795986622073294e-08 1.250102323330020380e-02
2.648829431438126769e-08 9.000617949622901834e-03
2.658862876254180245e-08 -2.210503906535815546e-03
2.668896321070233720e-08 9.346766154439568181e-03
2.678929765886287196e-08 9.775177890481458881e-03
2.688963210702340671e-08 4.988431837457576144e-03
2.698996655518394146e-08 1.181821072974897739e-02
2.709030100334447622e-08 7.595459843752855496e-03
2.719063545150501428e-08 1.675386996952521121e-02
2.729096989966554904e-08 2.577460598227968632e-03
2.739130434782608379e-08 -8.589042223477274304e-04
2.749163879598661854e-08 9.936339880015694626e-03
2.759197324414715330e-08 1.138990641261601079e-02
2.769230769230768805e-08 7.796195527497701457e-03
2.779264214046822281e-08 9.341762352827683719e-03
2.789297658862875756e-08 4.571306754253860564e-03
2.799331103678929231e-08 6.210659339031079570e-03
2.809364548494983038e-08 1.011887753408975514e-02
2.819397993311036513e-08 1.055296740127534098e-02
2.829431438127089988e-08 5.836682144703224384e-03
2.839464882943143464e-08 9.151425319111918671e-03
2.849498327759196939e-08 6.835156487824241289e-03
2.859531772575250415e-08 1.019695152739687714e-02
2.869565217391303890e-08 6.948364994530679441e-03
2.879598662207357365e-08 9.708070025663593713e-03
2.889632107023410841e-08 9.805285358831117987e-03
2.899665551839464316e-08 8.222631177567349056e-03
2.909698996655518122e-08 1.029834783077539055e-02
2.919732441471571598e-08 7.037135921839765898e-03
2.929765886287625073e-08 3.838123263391141939e-03
2.939799331103678549e-08 8.612845971983808593e-03
2.949832775919732024e-08 1.015560873698138564e-02
2.959866220735785499e-08 7.927091700354271797e-03
2.969899665551838975e-08 5.480722216146406700e-03
2.979933110367892450e-08 9.935161456333153202e-03
2.989966555183946256e-08 1.152688803006230757e-02
2.999999999999999732e-08 7.376124001838501969e-03
