0.000000000000000000e+00 9.999999999999995559e-01
1.003344481605351029e-10 9.944546814663705048e-01
2.006688963210702059e-10 9.781912946577084877e-01
3.010033444816052959e-10 9.522855306645806595e-01
4.013377926421404118e-10 9.183964274301783526e-01
5.016722408026755277e-10 8.785865324583347347e-01
6.020066889632105918e-10 8.351080105674673071e-01
7.023411371237457594e-10 7.901844986593622444e-01
8.026755852842808236e-10 7.458172735404190457e-01
9.030100334448158877e-10 7.036384730836475754e-01
1.003344481605351055e-09 6.648249804667565321e-01
1.103678929765886223e-09 6.300759908916975238e-01
1.204013377926421184e-09 5.996472460384535408e-01
1.304347826086956351e-09 5.734272209128297160e-01
1.404682274247491519e-09 5.510363766635053562e-01
1.505016722408026480e-09 5.319303597925184590e-01
1.605351170568561647e-09 5.154913228102174783e-01
1.705685618729096815e-09 5.010972779415876488e-01
1.806020066889631775e-09 4.881660903085015546e-01
1.906354515050166943e-09 4.761768345634137534e-01
2.006688963210702111e-09 4.646755268997410093e-01
2.107023411371237278e-09 4.532739847278937084e-01
2.207357859531772446e-09 4.416496917853802717e-01
2.307692307692307200e-09 4.295516036226009193e-01
2.408026755852842367e-09 4.168128047617459253e-01
2.508361204013377535e-09 4.033669905401303657e-01
2.608695652173912702e-09 3.892629518835628577e-01
2.709030100334447870e-09 3.746702960360307477e-01
2.809364548494983038e-09 3.598707467959914585e-01
2.909698996655517792e-09 3.452322180744681335e-01
3.010033444816052959e-09 3.311667078103971429e-01
3.110367892976588127e-09 3.180769529487829650e-01
3.210702341137123294e-09 3.062997704421910883e-01
3.311036789297658462e-09 2.960553706578005206e-01
3.411371237458193629e-09 2.874113489564437129e-01
3.511705685618728797e-09 2.802676718884508089e-01
3.612040133779263551e-09 2.743653127465627284e-01
3.712374581939798719e-09 2.693170562853008931e-01
3.812709030100333886e-09 2.646552530104210321e-01
3.913043478260868640e-09 2.598886994838501829e-01
4.013377926421404221e-09 2.545598064652995207e-01
4.113712374581938975e-09 2.482938773074179206e-01
4.214046822742474556e-09 2.408343802875112794e-01
4.314381270903009310e-09 2.320610149038214720e-01
4.414715719063544892e-09 2.219904716142931944e-01
4.515050167224079646e-09 2.107624306855384322e-01
4.615384615384614399e-09 1.986150778018800911e-01
4.715719063545149981e-09 1.858550324831958478e-01
4.816053511705684735e-09 1.728261685466999098e-01
4.916387959866220316e-09 1.598806579601920741e-01
5.016722408026755070e-09 1.473541186012293502e-01
5.117056856187290651e-09 1.355454225002560853e-01
5.217391304347825405e-09 1.247008451642908911e-01
5.317725752508360159e-09 1.150019491286169981e-01
5.418060200668895740e-09 1.065568384842739136e-01
5.518394648829430494e-09 9.939497724635888709e-02
5.618729096989966075e-09 9.346633148068310415e-02
5.719063545150500829e-09 8.864588407914354706e-02
5.819397993311035583e-09 8.474439214347895266e-02
5.919732441471571164e-09 8.152557430020394846e-02
6.020066889632105918e-09 7.872885687799235921e-02
6.120401337792641499e-09 7.609562926122333260e-02
6.220735785953176253e-09 7.339597221467344945e-02
6.321070234113711835e-09 7.045231224690948202e-02
6.421404682274246589e-09 6.715659818343858167e-02
6.521739130434781343e-09 6.347841687671995636e-02
6.622073578595316924e-09 5.946282484286560810e-02
6.722408026755851678e-09 5.521830402842987928e-02
6.822742474916387259e-09 5.089682152915211977e-02
6.923076923076922013e-09 4.666916936726833720e-02
7.023411371237457594e-09 4.269935510443700899e-02
7.123745819397992348e-09 3.912171923207864027e-02
7.224080267558527102e-09 3.602373499607297580e-02
7.324414715719062683e-09 3.343629283064369212e-02
7.424749163879597437e-09 3.133195210143117915e-02
7.525083612040133018e-09 2.963043174632288418e-02
7.625418060200667772e-09 2.820972568874474673e-02
7.725752508361202526e-09 2.692078322014528069e-02
7.826086956521737280e-09 2.560368565209980574e-02
7.926421404682273689e-09 2.410357327048171655e-02
8.026755852842808442e-09 2.228506496032496911e-02
8.127090301003343196e-09 2.004439325734249169e-02
8.227424749163877950e-09 1.731881927910317379e-02
8.327759197324414359e-09 1.409304070904132504e-02
8.428093645484949113e-09 1.040229241089563397e-02
8.528428093645483867e-09 6.331761166296725508e-03
8.628762541806018621e-09 2.011920639765851782e-03
8.729096989966553375e-09 -2.390449618704122009e-03
8.829431438127089783e-09 -6.685413646490421385e-03
8.929765886287624537e-09 -1.067646785892345171e-02
9.030100334448159291e-09 -1.417916815113539827e-02
9.130434782608694045e-09 -1.703979451481983307e-02
9.230769230769228799e-09 -1.915169826774425210e-02
9.331103678929765207e-09 -2.046700466843459978e-02
9.431438127090299961e-09 -2.100181037709653031e-02
9.531772575250834715e-09 -2.083387710183735864e-02
9.632107023411369469e-09 -2.009293843037959076e-02
9.732441471571904223e-09 -1.894489621764372522e-02
9.832775919732440632e-09 -1.757215463596084604e-02
9.933110367892975386e-09 -1.615292552923133437e-02
1.003344481605351014e-08 -1.484241930783253803e-02
1.013377926421404489e-08 -1.375840055995288143e-02
1.023411371237458130e-08 -1.297273639517012959e-02
1.033444816053511606e-08 -1.250948396563321754e-02
1.043478260869565081e-08 -1.234897909510990557e-02
1.053511705685618556e-08 -1.243651637281775746e-02
1.063545150501672032e-08 -1.269370767593621351e-02
1.073578595317725673e-08 -1.303053266000826424e-02
1.083612040133779148e-08 -1.335641074222408686e-02
1.093645484949832623e-08 -1.358920305993114447e-02
1.103678929765886099e-08 -1.366171934628384807e-02
1.113712374581939574e-08 -1.352588137177513847e-02
1.123745819397993215e-08 -1.315504780734202440e-02
1.133779264214046690e-08 -1.254507668224822542e-02
1.143812709030100166e-08 -1.171451869153386678e-02
1.153846153846153641e-08 -1.070399860828863403e-02
1.163879598662207117e-08 -9.574495850288928384e-03
1.173913043478260757e-08 -8.404021283704588702e-03
1.183946488294314233e-08 -7.282206473481544172e-03
1.193979933110367708e-08 -6.302603770740681718e-03
1.204013377926421184e-08 -5.552990063861717833e-03
1.214046822742474824e-08 -5.104554149433272042e-03
1.224080267558528300e-08 -5.001369752249696862e-03
1.234113712374581775e-08 -5.251858438315833155e-03
1.244147157190635251e-08 -5.823918222062532402e-03
1.254180602006688726e-08 -6.644998244667562302e-03
1.264214046822742367e-08 -7.607687833335643676e-03
1.274247491638795842e-08 -8.580487428171612238e-03
1.284280936454849318e-08 -9.422516633443390327e-03
1.294314381270902793e-08 -1.000017775762649525e-02
1.304347826086956269e-08 -1.020338553303925047e-02
1.314381270903009909e-08 -9.958981936975471599e-03
1.324414715719063385e-08 -9.239380191083348959e-03
1.334448160535116860e-08 -8.065240728222226874e-03
1.344481605351170336e-08 -6.501926512781355458e-03
1.354515050167223811e-08 -4.650437096475008858e-03
1.364548494983277452e-08 -2.634309500726697562e-03
1.374581939799330927e-08 -5.844711978023470200e-04
1.384615384615384403e-08 1.375826619429105363e-03
1.394648829431437878e-08 3.144068797409088276e-03
1.404682274247491519e-08 4.648075112525929323e-03
1.414715719063544994e-08 5.851314022055695632e-03
1.424749163879598470e-08 6.753766306312064711e-03
1.434782608695651945e-08 7.388750456341844006e-03
1.444816053511705420e-08 7.816539504391898860e-03
1.454849498327759061e-08 8.115826510152038265e-03
1.464882943143812537e-08 8.374144505810237477e-03
1.474916387959866012e-08 8.678258473708873669e-03
1.484949832775919487e-08 9.105377487633216360e-03
1.494983277591973128e-08 9.715836499167398652e-03
1.505016722408026604e-08 1.054770539278412737e-02
1.515050167224080079e-08 1.161361285588870598e-02
1.525083612040133554e-08 1.289992097988135536e-02
1.535117056856187030e-08 1.436824005485520805e-02
1.545150501672240505e-08 1.595911912501790653e-02
1.555183946488293981e-08 1.759758353274680498e-02
1.565217391304347456e-08 1.920002686066119707e-02
1.575250836120401262e-08 2.068182474600349652e-02
1.585284280936454738e-08 2.196495096957544815e-02
1.595317725752508213e-08 2.298486700791404352e-02
1.605351170568561688e-08 2.369603675346464502e-02
1.615384615384615164e-08 2.407558153398788731e-02
1.625418060200668639e-08 2.412481136619781807e-02
1.635451505016722115e-08 2.386860804334094144e-02
1.645484949832775590e-08 2.335285255190607673e-02
1.655518394648829065e-08 2.264024974896457904e-02
1.665551839464882872e-08 2.180499030424544113e-02
1.675585284280936347e-08 2.092670734491230283e-02
1.685618729096989823e-08 2.008415491677943351e-02
1.695652173913043298e-08 1.934898914076946599e-02
1.705685618729096773e-08 1.878000110658091873e-02
1.715719063545150249e-08 1.841815058391165633e-02
1.725752508361203724e-08 1.828277874284620422e-02
1.735785953177257200e-08 1.836941221958026532e-02
1.745819397993310675e-08 1.864957110800537915e-02
1.755852842809364150e-08 1.907291825379539216e-02
1.765886287625417957e-08 1.957190736258377153e-02
1.775919732441471432e-08 2.006879932035016481e-02
1.785953177257524907e-08 2.048454922504221870e-02
1.795986622073578383e-08 2.074868214111116188e-02
1.806020066889631858e-08 2.080895575190957331e-02
1.816053511705685334e-08 2.063943803583455014e-02
1.826086956521738809e-08 2.024567440719264935e-02
1.836120401337792284e-08 1.966591005097506964e-02
1.846153846153845760e-08 1.896784797253098231e-02
1.856187290969899566e-08 1.824108894917679177e-02
1.866220735785953041e-08 1.758610343875115223e-02
1.876254180602006517e-08 1.710119633995764443e-02
1.886287625418059992e-08 1.686932087053253509e-02
1.896321070234113468e-08 1.694669112225730481e-02
1.906354515050166943e-08 1.735490366180903604e-02
1.916387959866220418e-08 1.807774138245006254e-02
1.926421404682273894e-08 1.906309176433208102e-02
1.936454849498327369e-08 2.022960194811033660e-02
1.946488294314380845e-08 2.147696315163388422e-02
1.956521739130434651e-08 2.269819825102094984e-02
1.966555183946488126e-08 2.379210596822937257e-02
1.976588628762541602e-08 2.467411912873773011e-02
1.986622073578595077e-08 2.528422442660539088e-02
1.996655518394648553e-08 2.559117470490005625e-02
2.006688963210702028e-08 2.559287757858253257e-02
2.016722408026755503e-08 2.531343787653829447e-02
2.026755852842808979e-08 2.479776077782147939e-02
2.036789297658862454e-08 2.410482660794198775e-02
2.046822742474916260e-08 2.330071958168913882e-02
2.056856187290969736e-08 2.245227428644998302e-02
2.066889632107023211e-08 2.162187430131051052e-02
2.076923076923076687e-08 2.086359019115091237e-02
2.086956521739130162e-08 2.022056322593760933e-02
2.096989966555183637e-08 1.972338212519323883e-02
2.107023411371237113e-08 1.938917916409984427e-02
2.117056856187290588e-08 1.922126573634562810e-02
2.127090301003344064e-08 1.920928268189011842e-02
2.137123745819397539e-08 1.932999086850935994e-02
2.147157190635451345e-08 1.954891202062507966e-02
2.157190635451504821e-08 1.982301030198483152e-02
2.167224080267558296e-08 2.010447553984996694e-02
2.177257525083611771e-08 2.034545627672563334e-02
2.187290969899665247e-08 2.050334760504544246e-02
2.197324414715718722e-08 2.054602897002897124e-02
2.207357859531772198e-08 2.045632960312460807e-02
2.217391304347825673e-08 2.023501263242318340e-02
2.227424749163879148e-08 1.990172218075209054e-02
2.237458193979932955e-08 1.949360814398814340e-02
2.247491638795986430e-08 1.906168196983151070e-02
2.257525083612039905e-08 1.866530022089802135e-02
2.267558528428093381e-08 1.836545747130458733e-02
2.277591973244146856e-08 1.821774614586045907e-02
2.287625418060200332e-08 1.826588149481238668e-02
2.297658862876253807e-08 1.853659525269617248e-02
2.307692307692307282e-08 1.903649640156826126e-02
2.317725752508360758e-08 1.975122346388664268e-02
2.327759197324414233e-08 2.064691800310412134e-02
2.337792642140468040e-08 2.167377779217249598e-02
2.347826086956521515e-08 2.277123306437420572e-02
2.357859531772574990e-08 2.387414765033146410e-02
2.367892976588628466e-08 2.491938111815742221e-02
2.377926421404681941e-08 2.585205000342843951e-02
2.387959866220735417e-08 2.663088248760520083e-02
2.397993311036788892e-08 2.723215831998944056e-02
2.408026755852842367e-08 2.765185474981924144e-02
2.418060200668895843e-08 2.790577408518703922e-02
2.428093645484949649e-08 2.802760539081784394e-02
2.438127090301003124e-08 2.806506611907004858e-02
2.448160535117056600e-08 2.807446813432725938e-02
2.458193979933110075e-08 2.811423849763344113e-02
2.468227424749163551e-08 2.823807422534820727e-02
2.478260869565217026e-08 2.848849546902753813e-02
2.488294314381270501e-08 2.889156037775642352e-02
2.498327759197323977e-08 2.945340475084786205e-02
2.508361204013377452e-08 3.015907330165153166e-02
2.518394648829430928e-08 3.097383722960433614e-02
2.528428093645484734e-08 3.184688072291416705e-02
2.538461538461538209e-08 3.271693274048478872e-02
2.548494983277591685e-08 3.351916715608155989e-02
2.558528428093645160e-08 3.419253356434846791e-02
2.568561872909698635e-08 3.468663669978760272e-02
2.578595317725752111e-08 3.496735841374713077e-02
2.588628762541805586e-08 3.502059615106045687e-02
2.598662207357859062e-08 3.485374337070957368e-02
2.608695652173912537e-08 3.449481899428506054e-02
2.618729096989966343e-08 3.398942310975843623e-02
2.628762541806019819e-08 3.339592072084508062e-02
2.638795986622073294e-08 3.277941297029385304e-02
2.648829431438126769e-08 3.220513892927328453e-02
2.658862876254180245e-08 3.173196590231840836e-02
2.668896321070233720e-08 3.140658493520331884e-02
2.678929765886287196e-08 3.125894540251396292e-02
2.688963210702340671e-08 3.129934992093750395e-02
2.698996655518394146e-08 3.151749491258423741e-02
2.709030100334447622e-08 3.188358491193289679e-02
2.719063545150501428e-08 3.235147088809591648e-02
2.729096989966554904e-08 3.286356852511646692e-02
2.739130434782608379e-08 3.335711318454642749e-02
2.749163879598661854e-08 3.377112523869334887e-02
2.759197324414715330e-08 3.405332162017785103e-02
2.769230769230768805e-08 3.416614859864475912e-02
2.779264214046822281e-08 3.409115380458627859e-02
2.789297658862875756e-08 3.383107572837693727e-02
2.799331103678929231e-08 3.340929939458955888e-02
2.809364548494983038e-08 3.286667754500268573e-02
2.819397993311036513e-08 3.225609666209755533e-02
2.829431438127089988e-08 3.163551298709293969e-02
2.839464882943143464e-08 3.106043115336939997e-02
2.849498327759196939e-08 3.057689608027782183e-02
2.859531772575250415e-08 3.021599152660774806e-02
2.869565217391303890e-08 2.999059315924411731e-02
2.879598662207357365e-08 2.989475067100437478e-02
2.889632107023410841e-08 2.990563975445931222e-02
2.899665551839464316e-08 2.998761178589667495e-02
2.909698996655518122e-08 3.009755516818836407e-02
2.919732441471571598e-08 3.019062607727401523e-02
2.929765886287625073e-08 3.022543401357574364e-02
2.939799331103678549e-08 3.016796677071147473e-02
2.949832775919732024e-08 2.999386191445574737e-02
2.959866220735785499e-08 2.968900391615765522e-02
2.969899665551838975e-08 2.924876496761342343e-02
2.979933110367892450e-08 2.867643995860040540e-02
2.989966555183946256e-08 2.798150478840777389e-02
2.999999999999999732e-08 2.717824127661755754e-02
