0.000000000000000000e+00 9.999999999999995559e-01
1.003344481605351029e-10 6.682282079656425289e-01
2.006688963210702059e-10 4.667705303436090469e-01
3.010033444816052959e-10 3.349619792060374301e-01
4.013377926421404118e-10 2.566092447124229126e-01
5.016722408026755277e-10 1.530356275473176986e-01
6.020066889632105918e-10 8.023394627985518113e-02
7.023411371237457594e-10 4.521471896555658010e-02
8.026755852842808236e-10 2.365742725091022486e-02
9.030100334448158877e-10 -1.132300643743501013e-02
1.003344481605351055e-09 -1.604037245839233516e-02
1.103678929765886223e-09 -1.358748969358271677e-02
1.204013377926421184e-09 -6.393697053750848659e-03
1.304347826086956351e-09 -9.914301948076796253e-03
1.404682274247491519e-09 2.662660476784423861e-03
1.505016722408026480e-09 9.460606435267518086e-03
1.605351170568561647e-09 2.254186597038231044e-02
1.705685618729096815e-09 1.974487011040637618e-02
1.806020066889631775e-09 2.059635213413864296e-02
1.906354515050166943e-09 1.685817574426586030e-02
2.006688963210702111e-09 2.535522804303034020e-02
2.107023411371237278e-09 2.018024835941655687e-02
2.207357859531772446e-09 2.050112746093573843e-02
2.307692307692307200e-09 1.824963431086779400e-02
2.408026755852842367e-09 2.648539771552025843e-02
2.508361204013377535e-09 2.875532676732078102e-02
2.608695652173912702e-09 3.502694106493237786e-02
2.709030100334447870e-09 3.125664629431058189e-02
2.809364548494983038e-09 3.400162671931887537e-02
2.909698996655517792e-09 2.988805732283097635e-02
3.010033444816052959e-09 2.851764646014132848e-02
3.110367892976588127e-09 1.988162447971093122e-02
3.210702341137123294e-09 1.988164607461801597e-02
3.311036789297658462e-09 9.995264163179381697e-03
3.411371237458193629e-09 2.689110116875696385e-03
3.511705685618728797e-09 -6.999098782176695413e-03
3.612040133779263551e-09 -6.711243058666638804e-03
3.712374581939798719e-09 -1.036486755258034589e-02
3.812709030100333886e-09 -1.015068218381025983e-02
3.913043478260868640e-09 -3.972905167870606838e-03
4.013377926421404221e-09 5.518710026716069049e-03
4.113712374581938975e-09 7.529951462474437224e-03
4.214046822742474556e-09 8.044669485637792952e-03
4.314381270903009310e-09 8.850492926316984657e-03
4.414715719063544892e-09 6.914416363134005122e-03
4.515050167224079646e-09 6.801818205569842672e-03
4.615384615384614399e-09 5.785522401886892228e-03
4.715719063545149981e-09 3.679209939424677063e-03
4.816053511705684735e-09 4.315657105924962031e-03
4.916387959866220316e-09 9.262409847137035093e-03
5.016722408026755070e-09 1.482015964866729117e-02
5.117056856187290651e-09 1.214088026893226854e-02
5.217391304347825405e-09 1.128975755766260629e-02
5.317725752508360159e-09 1.274339680247362286e-02
5.418060200668895740e-09 1.224645465780271197e-02
5.518394648829430494e-09 1.015993414160117417e-02
5.618729096989966075e-09 1.147839685968990442e-02
5.719063545150500829e-09 7.230448202535768969e-03
5.819397993311035583e-09 2.859785650554499264e-03
5.919732441471571164e-09 2.450384734612683080e-03
6.020066889632105918e-09 1.965002914508903048e-03
6.120401337792641499e-09 3.471404597815957310e-04
6.220735785953176253e-09 -1.664163047181573072e-03
6.321070234113711835e-09 4.842400520934041740e-04
6.421404682274246589e-09 6.306340349204611964e-04
6.521739130434781343e-09 1.766695311350967778e-03
6.622073578595316924e-09 -1.021964676983714952e-04
6.722408026755851678e-09 -2.291628318779613581e-04
6.822742474916387259e-09 -1.642027808530508500e-04
6.923076923076922013e-09 2.546372202294254136e-03
7.023411371237457594e-09 5.398804808561370738e-03
7.123745819397992348e-09 7.507803000720214212e-03
7.224080267558527102e-09 8.345509320339419140e-03
7.324414715719062683e-09 1.385567046501437818e-02
7.424749163879597437e-09 1.059107126094384344e-02
7.525083612040133018e-09 1.226984402946625259e-02
7.625418060200667772e-09 1.100045818398050212e-02
7.725752508361202526e-09 1.250945848498018556e-02
7.826086956521737280e-09 1.553673730735127476e-02
7.926421404682273689e-09 1.401524740781927812e-02
8.026755852842808442e-09 1.281337984145351598e-02
8.127090301003343196e-09 1.606435137592744297e-02
8.227424749163877950e-09 1.436059442211623516e-02
8.327759197324414359e-09 1.197234482525214375e-02
8.428093645484949113e-09 5.516706884451828309e-03
8.528428093645483867e-09 8.552100791948388792e-03
8.628762541806018621e-09 6.534622247696487800e-03
8.729096989966553375e-09 2.064937411069200576e-03
8.829431438127089783e-09 -8.568912224568728340e-04
8.929765886287624537e-09 2.578892266830157525e-04
9.030100334448159291e-09 3.400180643789761994e-04
9.130434782608694045e-09 -1.237143675934787319e-03
9.230769230769228799e-09 -7.741092173691184030e-04
9.331103678929765207e-09 2.342904736772117094e-03
9.431438127090299961e-09 8.460216284684587973e-03
9.531772575250834715e-09 7.538560447848304154e-03
9.632107023411369469e-09 6.583867333011909038e-03
9.732441471571904223e-09 6.135886783388591961e-03
9.832775919732440632e-09 3.059551941578467302e-03
9.933110367892975386e-09 9.377894583692997915e-03
1.003344481605351014e-08 1.666059909330783184e-02
1.013377926421404489e-08 1.111636561823022527e-02
1.023411371237458130e-08 1.013587961579913779e-02
1.033444816053511606e-08 1.419968643784546257e-02
1.043478260869565081e-08 9.329059814908882350e-03
1.053511705685618556e-08 6.880722330727001915e-03
1.063545150501672032e-08 3.860531677526139304e-03
1.073578595317725673e-08 2.772855789783943824e-03
1.083612040133779148e-08 6.503553048159221861e-03
1.093645484949832623e-08 9.119490352421625798e-03
1.103678929765886099e-08 3.636797254421079029e-03
1.113712374581939574e-08 3.680980950841587253e-03
1.123745819397993215e-08 6.332735760388940108e-03
1.133779264214046690e-08 2.432689680278257802e-03
1.143812709030100166e-08 3.031003099587526589e-03
1.153846153846153641e-08 -1.657725547770882123e-04
1.163879598662207117e-08 3.643861986681041967e-03
1.173913043478260757e-08 4.419878825490632795e-03
1.183946488294314233e-08 1.000120301191507674e-02
1.193979933110367708e-08 1.445994734483363811e-02
1.204013377926421184e-08 2.923344078683034943e-03
1.214046822742474824e-08 3.257180218417713314e-03
1.224080267558528300e-08 5.894731624491726836e-03
1.234113712374581775e-08 3.497234620482440708e-03
1.244147157190635251e-08 5.084057104843102415e-03
1.254180602006688726e-08 3.610446884456248052e-03
1.264214046822742367e-08 8.077048484134008791e-03
1.274247491638795842e-08 8.856170736199745278e-03
1.284280936454849318e-08 9.427127438523603270e-03
1.294314381270902793e-08 6.157961218632596392e-03
1.304347826086956269e-08 3.089891244761638900e-03
1.314381270903009909e-08 6.772772603843587799e-03
1.324414715719063385e-08 1.088977253845555687e-02
1.334448160535116860e-08 9.757001151207169570e-03
1.344481605351170336e-08 9.421219723384608932e-03
1.354515050167223811e-08 7.055815359093178807e-03
1.364548494983277452e-08 5.934802378994045655e-03
1.374581939799330927e-08 6.631567771230875707e-03
1.384615384615384403e-08 2.704076408567595256e-03
1.394648829431437878e-08 5.775562256990867532e-03
1.404682274247491519e-08 6.288845796496284231e-03
1.414715719063544994e-08 7.029842624271703463e-03
1.424749163879598470e-08 8.344203064177727058e-03
1.434782608695651945e-08 4.217339079244287851e-03
1.444816053511705420e-08 3.730661205947103688e-03
1.454849498327759061e-08 3.362099139646760205e-03
1.464882943143812537e-08 3.742828799038114013e-03
1.474916387959866012e-08 2.693373153580771355e-04
1.484949832775919487e-08 9.387192449439847684e-04
1.494983277591973128e-08 1.647128268357619853e-05
1.505016722408026604e-08 -8.967317196740566803e-05
1.515050167224080079e-08 2.677740592328125852e-03
1.525083612040133554e-08 6.520200136865966778e-03
1.535117056856187030e-08 7.398378644506277933e-03
1.545150501672240505e-08 9.087321594006653527e-03
1.555183946488293981e-08 1.057549991759559535e-02
1.565217391304347456e-08 1.287164988500619917e-02
1.575250836120401262e-08 1.195732382927748062e-02
1.585284280936454738e-08 7.378029619357174412e-03
1.595317725752508213e-08 5.702575009378684986e-03
1.605351170568561688e-08 5.065059692637775488e-03
1.615384615384615164e-08 6.951107190618032415e-03
1.625418060200668639e-08 1.122788624511966531e-02
1.635451505016722115e-08 4.211764642479937093e-03
1.645484949832775590e-08 4.934287972947008424e-03
1.655518394648829065e-08 2.415959561444639119e-03
1.665551839464882872e-08 6.329675837262810183e-03
1.675585284280936347e-08 7.959307650008357136e-04
1.685618729096989823e-08 1.325435026606482884e-03
1.695652173913043298e-08 5.670903988000231682e-03
1.705685618729096773e-08 4.518872895829585158e-03
1.715719063545150249e-08 9.974241213462626057e-03
1.725752508361203724e-08 4.287518032436890558e-03
1.735785953177257200e-08 1.700351179822086377e-03
1.745819397993310675e-08 5.253083716506705067e-03
1.755852842809364150e-08 6.385475881248253889e-03
1.765886287625417957e-08 2.858731630631909746e-03
1.775919732441471432e-08 9.650799503249596345e-03
1.785953177257524907e-08 1.037086555796649240e-02
1.795986622073578383e-08 1.145108827763823868e-02
1.806020066889631858e-08 1.167981815759671152e-02
1.816053511705685334e-08 1.535117193812843110e-02
1.826086956521738809e-08 1.567818366112226636e-02
1.836120401337792284e-08 8.754355257352627179e-03
1.846153846153845760e-08 6.102414633455794345e-03
1.856187290969899566e-08 9.454191542290504846e-03
1.866220735785953041e-08 7.094228964081123259e-03
1.876254180602006517e-08 6.182871374958026807e-03
1.886287625418059992e-08 1.030378796761568377e-02
1.896321070234113468e-08 8.436555516950343739e-03
1.906354515050166943e-08 3.987046166383457525e-03
1.916387959866220418e-08 6.985049982560748161e-03
1.926421404682273894e-08 7.132192101208015798e-03
1.936454849498327369e-08 7.862650229288347531e-03
1.946488294314380845e-08 9.055065991786633017e-03
1.956521739130434651e-08 9.310733746699351512e-03
1.966555183946488126e-08 1.419618291653669193e-02
1.976588628762541602e-08 9.746364469613686896e-03
1.986622073578595077e-08 7.736324781324120138e-03
1.996655518394648553e-08 8.544266621641512585e-03
2.006688963210702028e-08 7.024215225371322618e-03
2.016722408026755503e-08 6.689349289164551494e-03
2.026755852842808979e-08 1.114615811159694499e-02
2.036789297658862454e-08 1.065993345451878710e-02
2.046822742474916260e-08 6.203187789400008666e-03
2.056856187290969736e-08 9.182676124486092301e-03
2.066889632107023211e-08 6.785589193887129299e-03
2.076923076923076687e-08 6.385309427355776238e-03
2.086956521739130162e-08 1.024085005595170780e-02
2.096989966555183637e-08 9.012542953113496236e-03
2.107023411371237113e-08 7.934348374979577692e-03
2.117056856187290588e-08 9.141612238342276819e-03
2.127090301003344064e-08 9.123370787708286189e-03
2.137123745819397539e-08 3.405089014720336094e-03
2.147157190635451345e-08 1.008321831009066465e-02
2.157190635451504821e-08 4.223024199307322951e-03
2.167224080267558296e-08 3.138101824772833275e-03
2.177257525083611771e-08 2.752040959039227675e-03
2.187290969899665247e-08 -3.467331511111134464e-03
2.197324414715718722e-08 -2.538944328952442119e-03
2.207357859531772198e-08 -1.647291916633277040e-03
2.217391304347825673e-08 2.907090994297363389e-03
2.227424749163879148e-08 4.683894301007389231e-03
2.237458193979932955e-08 3.128768958060991305e-03
2.247491638795986430e-08 6.260681525451144980e-03
2.257525083612039905e-08 9.670071257959650737e-03
2.267558528428093381e-08 7.020565028723903776e-03
2.277591973244146856e-08 1.119975140245784394e-02
2.287625418060200332e-08 1.086925189831751230e-02
2.297658862876253807e-08 7.511009685392271498e-03
2.307692307692307282e-08 6.257307678792696677e-03
2.317725752508360758e-08 6.932392790807515720e-03
2.327759197324414233e-08 1.017593200297941744e-02
2.337792642140468040e-08 1.270998029965557038e-02
2.347826086956521515e-08 8.399188003725579013e-03
2.357859531772574990e-08 1.058836356848389358e-02
2.367892976588628466e-08 7.624539668177671668e-03
2.377926421404681941e-08 6.683702343135347959e-03
2.387959866220735417e-08 6.931406273172373809e-03
2.397993311036788892e-08 1.027756816319893435e-02
2.408026755852842367e-08 1.285471710774012573e-02
2.418060200668895843e-08 6.997751923494595003e-03
2.428093645484949649e-08 6.387326056761205573e-03
2.438127090301003124e-08 5.296877333041323001e-03
2.448160535117056600e-08 5.436475851342228993e-03
2.458193979933110075e-08 7.560498581194174950e-03
2.468227424749163551e-08 8.851623408139918867e-03
2.478260869565217026e-08 9.069618436543233631e-03
2.488294314381270501e-08 9.721504242068251464e-03
2.498327759197323977e-08 9.721357292704863734e-03
2.508361204013377452e-08 1.226731210490504022e-02
2.518394648829430928e-08 6.660140481185167390e-03
2.528428093645484734e-08 9.597730434235762428e-03
2.538461538461538209e-08 8.808529423928013191e-03
2.548494983277591685e-08 8.233038303419204507e-03
2.558528428093645160e-08 9.301951018295900528e-03
2.568561872909698635e-08 8.119575146121276940e-03
2.578595317725752111e-08 3.882448393679589077e-03
2.588628762541805586e-08 2.653754285686927596e-03
2.598662207357859062e-08 5.355275165268473005e-03
2.608695652173912537e-08 6.145191424226523202e-03
2.618729096989966343e-08 5.904442493721855263e-03
2.628762541806019819e-08 6.354159989459670296e-03
2.638795986622073294e-08 7.559542625273763146e-03
2.648829431438126769e-08 5.151145164080229641e-03
2.658862876254180245e-08 6.934695257224638559e-03
2.668896321070233720e-08 5.968360666917213973e-03
2.678929765886287196e-08 3.997865772031604197e-03
2.688963210702340671e-08 8.371507990521909540e-03
2.698996655518394146e-08 7.512674089080144738e-03
2.709030100334447622e-08 6.702596314705241802e-03
2.719063545150501428e-08 1.250573838462731499e-02
2.729096989966554904e-08 1.293767214844025390e-02
2.739130434782608379e-08 1.326017780528893249e-02
2.749163879598661854e-08 1.139454373857382366e-02
2.759197324414715330e-08 9.546345980031104364e-03
2.769230769230768805e-08 8.221682965541387417e-03
2.779264214046822281e-08 7.162970923173109412e-03
2.789297658862875756e-08 1.158511600720035090e-02
2.799331103678929231e-08 1.468461938289107940e-02
2.809364548494983038e-08 1.674373913308009956e-02
2.819397993311036513e-08 1.406633152057502369e-02
2.829431438127089988e-08 1.567951600596972223e-02
2.839464882943143464e-08 1.582163253334580716e-02
2.849498327759196939e-08 9.678525954503443621e-03
2.859531772575250415e-08 1.217184498995139801e-02
2.869565217391303890e-08 6.269116161074641397e-03
2.879598662207357365e-08 8.569380804410442476e-03
2.889632107023410841e-08 7.337000453317693701e-04
2.899665551839464316e-08 5.337055732996466746e-03
2.909698996655518122e-08 9.438623027560448867e-03
2.919732441471571598e-08 1.205819331210920484e-02
2.929765886287625073e-08 7.558890076789440658e-03
2.939799331103678549e-08 8.218252955552708683e-03
2.949832775919732024e-08 8.987335581494622361e-03
2.959866220735785499e-08 1.030046695543783766e-02
2.969899665551838975e-08 7.865578909607857591e-03
2.979933110367892450e-08 4.938262777797153627e-03
2.989966555183946256e-08 -2.449537897759327060e-04
2.999999999999999732e-08 1.831658493911371768e-03
