0.000000000000000000e+00 9.999999999999995559e-01
1.003344481605351029e-10 -1.732783988428390765e-02
2.006688963210702059e-10 2.412150159926972071e-02
3.010033444816052959e-10 2.985414406303824389e-02
4.013377926421404118e-10 3.448467443061833081e-03
5.016722408026755277e-10 1.382161221857222677e-02
6.020066889632105918e-10 3.013695792792634755e-03
7.023411371237457594e-10 4.746197035663576001e-03
8.026755852842808236e-10 1.495776420580199016e-02
9.030100334448158877e-10 -1.951025870982172131e-05
1.003344481605351055e-09 9.898169010965100420e-03
1.103678929765886223e-09 9.142615605978298560e-03
1.204013377926421184e-09 1.509652016649748636e-02
1.304347826086956351e-09 7.138630559020742866e-03
1.404682274247491519e-09 4.199493083716237390e-03
1.505016722408026480e-09 -1.063916376988142780e-04
1.605351170568561647e-09 6.191816295280379301e-03
1.705685618729096815e-09 5.077756777259172932e-03
1.806020066889631775e-09 1.033641898579751826e-02
1.906354515050166943e-09 1.127829824562253183e-02
2.006688963210702111e-09 8.150106822322669003e-03
2.107023411371237278e-09 1.049884402928933508e-02
2.207357859531772446e-09 -3.427063205997483986e-03
2.307692307692307200e-09 1.141821491160037276e-02
2.408026755852842367e-09 6.798608060316358066e-03
2.508361204013377535e-09 8.980445928008954498e-03
2.608695652173912702e-09 3.701019920479586053e-03
2.709030100334447870e-09 6.303845096843818316e-03
2.809364548494983038e-09 8.378837047805549540e-03
2.909698996655517792e-09 6.524583725961746912e-03
3.010033444816052959e-09 3.404911573903000692e-03
3.110367892976588127e-09 1.135985655948554621e-02
3.210702341137123294e-09 -2.685600115819107136e-04
3.311036789297658462e-09 1.434315132275482997e-02
3.411371237458193629e-09 4.855889569066334371e-03
3.511705685618728797e-09 4.146090033768532086e-03
3.612040133779263551e-09 9.555871152720531170e-03
3.712374581939798719e-09 8.910604502269952112e-03
3.812709030100333886e-09 5.818522621765257787e-03
3.913043478260868640e-09 6.604129549539314477e-03
4.013377926421404221e-09 5.535208627764467808e-03
4.113712374581938975e-09 7.521148779448736527e-03
4.214046822742474556e-09 1.017178998478014511e-02
4.314381270903009310e-09 4.675152548540013019e-03
4.414715719063544892e-09 7.571588614585720613e-03
4.515050167224079646e-09 4.294962047205753454e-03
4.615384615384614399e-09 1.132927020777607131e-02
4.715719063545149981e-09 6.503123652185953223e-03
4.816053511705684735e-09 8.705708897243123051e-03
4.916387959866220316e-09 1.696600492234321593e-04
5.016722408026755070e-09 9.041612334659825112e-03
5.117056856187290651e-09 8.606829418460909889e-03
5.217391304347825405e-09 5.159559241149342876e-03
5.317725752508360159e-09 3.196461132817401008e-03
5.418060200668895740e-09 9.012453621300773113e-03
5.518394648829430494e-09 5.208089176168619570e-03
5.618729096989966075e-09 1.294901924458858114e-02
5.719063545150500829e-09 1.283849613703082161e-03
5.819397993311035583e-09 1.263893725858819019e-02
5.919732441471571164e-09 7.259136326703530782e-03
6.020066889632105918e-09 2.295738129316208208e-03
6.120401337792641499e-09 3.586819242490475821e-03
6.220735785953176253e-09 9.183291335307522743e-03
6.321070234113711835e-09 6.226469885036218024e-03
6.421404682274246589e-09 1.248870092781248671e-02
6.521739130434781343e-09 5.412393734976603601e-03
6.622073578595316924e-09 7.205195819298476460e-03
6.722408026755851678e-09 6.272514147057935141e-03
6.822742474916387259e-09 1.174558476626370689e-02
6.923076923076922013e-09 6.485297217889175563e-03
7.023411371237457594e-09 3.576874918221113579e-03
7.123745819397992348e-09 1.156847174382970300e-02
7.224080267558527102e-09 6.857038383384250757e-03
7.324414715719062683e-09 4.065348902804969550e-03
7.424749163879597437e-09 9.780926770376251189e-03
7.525083612040133018e-09 4.013303905170687719e-03
7.625418060200667772e-09 1.025292695325984160e-02
7.725752508361202526e-09 1.155266480555847131e-03
7.826086956521737280e-09 8.463045937211309197e-03
7.926421404682273689e-09 1.712608052416035934e-03
8.026755852842808442e-09 5.114072887608523028e-03
8.127090301003343196e-09 6.167563383215645886e-03
8.227424749163877950e-09 1.131860460103389573e-02
8.327759197324414359e-09 1.416452666441877194e-02
8.428093645484949113e-09 1.811225909834576417e-02
8.528428093645483867e-09 9.429865275163706873e-03
8.628762541806018621e-09 5.659806639351435374e-03
8.729096989966553375e-09 9.576213855725162691e-03
8.829431438127089783e-09 7.014900507396813062e-03
8.929765886287624537e-09 7.548385834685839013e-03
9.030100334448159291e-09 9.474957822199375421e-03
9.130434782608694045e-09 9.347728167892825971e-03
9.230769230769228799e-09 9.396626471021587990e-03
9.331103678929765207e-09 9.224633787397573670e-03
9.431438127090299961e-09 4.118309928536268393e-03
9.531772575250834715e-09 8.328368893182912236e-03
9.632107023411369469e-09 3.000600218496588412e-03
9.732441471571904223e-09 7.652280613624110744e-03
9.832775919732440632e-09 4.924358113760483879e-03
9.933110367892975386e-09 9.468906935815283796e-03
1.003344481605351014e-08 2.730406159343432872e-03
1.013377926421404489e-08 5.758150588208472455e-03
1.023411371237458130e-08 1.637890466567874445e-02
1.033444816053511606e-08 6.671590223739877132e-03
1.043478260869565081e-08 5.192153465480573056e-03
1.053511705685618556e-08 1.014840188559682117e-02
1.063545150501672032e-08 4.891237979674086314e-03
1.073578595317725673e-08 7.501002995381333451e-03
1.083612040133779148e-08 7.938434753134219340e-03
1.093645484949832623e-08 1.276597737855766045e-02
1.103678929765886099e-08 7.207226701814194170e-03
1.113712374581939574e-08 1.350446266498728752e-02
1.123745819397993215e-08 8.727562445252294576e-03
1.133779264214046690e-08 3.125958407101909770e-03
1.143812709030100166e-08 1.200757366528489543e-02
1.153846153846153641e-08 6.683707682026941536e-03
1.163879598662207117e-08 9.185590603789591663e-03
1.173913043478260757e-08 6.666268256690912816e-05
1.183946488294314233e-08 6.914657905031109351e-03
1.193979933110367708e-08 6.066954772588393704e-03
1.204013377926421184e-08 9.694085279597893304e-03
1.214046822742474824e-08 1.516832470919257485e-02
1.224080267558528300e-08 7.089619038436273391e-03
1.234113712374581775e-08 6.933593444571070977e-03
1.244147157190635251e-08 7.511902670895338405e-03
1.254180602006688726e-08 8.558413865590430020e-03
1.264214046822742367e-08 1.054399248419555027e-02
1.274247491638795842e-08 9.582106190952722341e-03
1.284280936454849318e-08 6.742064479157811388e-03
1.294314381270902793e-08 4.283199547603878596e-03
1.304347826086956269e-08 1.140804508883019701e-02
1.314381270903009909e-08 5.935963952219740387e-03
1.324414715719063385e-08 2.994563523094255410e-03
1.334448160535116860e-08 4.179575866595136406e-03
1.344481605351170336e-08 7.785192261834653592e-03
1.354515050167223811e-08 1.241206795163369951e-02
1.364548494983277452e-08 1.872948026442571154e-04
1.374581939799330927e-08 7.541817319324409935e-03
1.384615384615384403e-08 9.635401010883459533e-04
1.394648829431437878e-08 3.178013169512902344e-03
1.404682274247491519e-08 2.941239403563559313e-03
1.414715719063544994e-08 7.194722806745011690e-03
1.424749163879598470e-08 1.052438922814006445e-02
1.434782608695651945e-08 3.157435694411175366e-03
1.444816053511705420e-08 1.506631234496740414e-03
1.454849498327759061e-08 6.550013294582671987e-03
1.464882943143812537e-08 5.778538386344463963e-03
1.474916387959866012e-08 9.414002366651630371e-03
1.484949832775919487e-08 8.613074970690869775e-03
1.494983277591973128e-08 9.090979464897808518e-03
1.505016722408026604e-08 1.010754029730554990e-02
1.515050167224080079e-08 5.183065309619115657e-03
1.525083612040133554e-08 9.657527424514365452e-03
1.535117056856187030e-08 1.047337806524994454e-02
1.545150501672240505e-08 4.052706467291776124e-03
1.555183946488293981e-08 8.249631117291036583e-03
1.565217391304347456e-08 1.081091389832662848e-02
1.575250836120401262e-08 7.566812783011424813e-03
1.585284280936454738e-08 1.135804393279617359e-02
1.595317725752508213e-08 6.189658991004044243e-03
1.605351170568561688e-08 1.411601336865955097e-02
1.615384615384615164e-08 8.999503839108016420e-03
1.625418060200668639e-08 1.473853311431428184e-03
1.635451505016722115e-08 7.996594257738463482e-03
1.645484949832775590e-08 8.094662813165285839e-03
1.655518394648829065e-08 1.818075473312494392e-03
1.665551839464882872e-08 1.280657992369372070e-02
1.675585284280936347e-08 8.900724651080769642e-03
1.685618729096989823e-08 5.468436984109951646e-03
1.695652173913043298e-08 8.906454772104794443e-03
1.705685618729096773e-08 1.231005524094034090e-02
1.715719063545150249e-08 8.468042387918702646e-03
1.725752508361203724e-08 4.203993219869768712e-03
1.735785953177257200e-08 2.790746445132294071e-03
1.745819397993310675e-08 1.049896991690692227e-02
1.755852842809364150e-08 9.431781940551452886e-03
1.765886287625417957e-08 1.146028148684364104e-02
1.775919732441471432e-08 7.039363262144994818e-03
1.785953177257524907e-08 -1.029662453677872812e-03
1.795986622073578383e-08 8.118954283744046763e-03
1.806020066889631858e-08 7.090685967549921476e-03
1.816053511705685334e-08 1.022405637362860248e-02
1.826086956521738809e-08 1.212534905728024359e-02
1.836120401337792284e-08 9.905527233453663427e-03
1.846153846153845760e-08 7.277326848792729438e-03
1.856187290969899566e-08 6.345629680689362714e-03
1.866220735785953041e-08 1.118994137600434237e-02
1.876254180602006517e-08 8.572105573786775040e-03
1.886287625418059992e-08 5.417690998394431544e-03
1.896321070234113468e-08 8.140799552906991671e-03
1.906354515050166943e-08 9.148450340897933825e-03
1.916387959866220418e-08 9.086910866773881962e-03
1.926421404682273894e-08 4.103513148703596784e-03
1.936454849498327369e-08 6.571878181095826450e-03
1.946488294314380845e-08 1.112015938870252255e-02
1.956521739130434651e-08 5.610247364715872584e-03
1.966555183946488126e-08 6.110698172074806138e-03
1.976588628762541602e-08 1.347909362715556982e-02
1.986622073578595077e-08 7.917970641674288226e-03
1.996655518394648553e-08 3.660805557607944242e-03
2.006688963210702028e-08 3.967079607836525128e-03
2.016722408026755503e-08 4.656185906539427911e-03
2.026755852842808979e-08 3.380965678566851679e-03
2.036789297658862454e-08 9.359351960421941757e-03
2.046822742474916260e-08 8.855396879942143210e-03
2.056856187290969736e-08 1.065468920738509712e-02
2.066889632107023211e-08 1.518129841439937698e-03
2.076923076923076687e-08 -5.795221638773080577e-04
2.086956521739130162e-08 1.505463683633006741e-02
2.096989966555183637e-08 1.037817374330096513e-02
2.107023411371237113e-08 6.183370841272633686e-03
2.117056856187290588e-08 1.109748107007744056e-03
2.127090301003344064e-08 3.063843793332130579e-03
2.137123745819397539e-08 5.795499908004981063e-03
2.147157190635451345e-08 3.587104471186910483e-03
2.157190635451504821e-08 3.451531911908000804e-03
2.167224080267558296e-08 5.083328050851625667e-03
2.177257525083611771e-08 2.912745315645275113e-03
2.187290969899665247e-08 6.653737266985803971e-03
2.197324414715718722e-08 9.025208032235105052e-03
2.207357859531772198e-08 1.797638543250643962e-03
2.217391304347825673e-08 3.957609656665105058e-03
2.227424749163879148e-08 1.178007029797521407e-02
2.237458193979932955e-08 7.037085767918534532e-03
2.247491638795986430e-08 1.295812397666707728e-02
2.257525083612039905e-08 2.974802580607620924e-03
2.267558528428093381e-08 1.434629909576879726e-02
2.277591973244146856e-08 2.580888081544648136e-03
2.287625418060200332e-08 1.286728257008428779e-02
2.297658862876253807e-08 2.140670303581290214e-03
2.307692307692307282e-08 1.544323895734601819e-02
2.317725752508360758e-08 8.784176056260311824e-03
2.327759197324414233e-08 4.900341800124339946e-03
2.337792642140468040e-08 4.723343331232012811e-03
2.347826086956521515e-08 5.473124828462285971e-03
2.357859531772574990e-08 3.390436055836204728e-03
2.367892976588628466e-08 6.372667701304238902e-03
2.377926421404681941e-08 7.799843005239413818e-03
2.387959866220735417e-08 4.507228112337874522e-03
2.397993311036788892e-08 1.039048511420482060e-02
2.408026755852842367e-08 2.435214119113235549e-03
2.418060200668895843e-08 6.353518869297915608e-03
2.428093645484949649e-08 8.021678946992790576e-03
2.438127090301003124e-08 1.512583032574562648e-02
2.448160535117056600e-08 9.804434945979448313e-03
2.458193979933110075e-08 1.030943504002249447e-02
2.468227424749163551e-08 1.072482135489656076e-02
2.478260869565217026e-08 9.246204210245129521e-03
2.488294314381270501e-08 1.351956007720081857e-02
2.498327759197323977e-08 1.163627665862600885e-02
2.508361204013377452e-08 1.196749320323644943e-02
2.518394648829430928e-08 8.639982247511807101e-03
2.528428093645484734e-08 5.149249412521396223e-03
2.538461538461538209e-08 6.757429109552256716e-03
2.548494983277591685e-08 9.362677814983285524e-03
2.558528428093645160e-08 1.186125292166281125e-02
2.568561872909698635e-08 9.225106629032744573e-03
2.578595317725752111e-08 1.069083489312440752e-02
2.588628762541805586e-08 6.632039717633865690e-03
2.598662207357859062e-08 2.744156373359337570e-03
2.608695652173912537e-08 4.013639354406353492e-03
2.618729096989966343e-08 1.158122223966841571e-02
2.628762541806019819e-08 6.457145374849544706e-03
2.638795986622073294e-08 2.037965068083541498e-02
2.648829431438126769e-08 1.135838020974039297e-02
2.658862876254180245e-08 5.941928874039451892e-03
2.668896321070233720e-08 7.431176742572300799e-03
2.678929765886287196e-08 7.386045258850305710e-03
2.688963210702340671e-08 5.327590609067659258e-03
2.698996655518394146e-08 9.895158626409770661e-03
2.709030100334447622e-08 4.540426768386961014e-03
2.719063545150501428e-08 1.215744361910645749e-02
2.729096989966554904e-08 3.657816902161682964e-03
2.739130434782608379e-08 7.957640191452180697e-03
2.749163879598661854e-08 1.257888524273251436e-02
2.759197324414715330e-08 1.589005335847357495e-02
2.769230769230768805e-08 6.431350240500859419e-03
2.779264214046822281e-08 1.034919590470970152e-02
2.789297658862875756e-08 1.015598154740397427e-02
2.799331103678929231e-08 5.659508836627170046e-03
2.809364548494983038e-08 1.367579432438163940e-02
2.819397993311036513e-08 1.039385569609958468e-02
2.829431438127089988e-08 9.186782824997397762e-03
2.839464882943143464e-08 6.906926288273010361e-03
2.849498327759196939e-08 5.843014844902781092e-03
2.859531772575250415e-08 8.759752074203061220e-03
2.869565217391303890e-08 4.294013834077825206e-03
2.879598662207357365e-08 7.880827025742491443e-03
2.889632107023410841e-08 6.802464546556356850e-03
2.899665551839464316e-08 4.312204050703688681e-03
2.909698996655518122e-08 9.339613713709402423e-03
2.919732441471571598e-08 7.526017016677354239e-03
2.929765886287625073e-08 1.009877742082720964e-02
2.939799331103678549e-08 6.640714180938884353e-03
2.949832775919732024e-08 1.738639181269055825e-02
2.959866220735785499e-08 8.337149050323259744e-03
2.969899665551838975e-08 1.131773686706713002e-02
2.979933110367892450e-08 4.532596691977187203e-03
2.989966555183946256e-08 3.525508565699946636e-03
2.999999999999999732e-08 1.254703149571382431e-02
