0.000000000000000000e+00 9.999999999999995559e-01
1.003344481605351029e-10 9.947997495053818584e-01
2.006688963210702059e-10 9.795268009151801847e-01
3.010033444816052959e-10 9.551298675555875972e-01
4.013377926421404118e-10 9.230793479678308655e-01
5.016722408026755277e-10 8.852173434037913236e-01
6.020066889632105918e-10 8.435773223881457561e-01
7.023411371237457594e-10 8.001971387700996807e-01
8.026755852842808236e-10 7.569486401133675990e-01
9.030100334448158877e-10 7.154030966947458881e-01
1.003344481605351055e-09 6.767449870761612640e-01
1.103678929765886223e-09 6.417385800619905822e-01
1.204013377926421184e-09 6.107437209338840711e-01
1.304347826086956351e-09 5.837706264225555053e-01
1.404682274247491519e-09 5.605593293319967030e-01
1.505016722408026480e-09 5.406681774057597867e-01
1.605351170568561647e-09 5.235573848586518864e-01
1.705685618729096815e-09 5.086574356044015754e-01
1.806020066889631775e-09 4.954171543169353376e-01
1.906354515050166943e-09 4.833313615762836468e-01
2.006688963210702111e-09 4.719521747806034173e-01
2.107023411371237278e-09 4.608904697962863950e-01
2.207357859531772446e-09 4.498144715616348432e-01
2.307692307692307200e-09 4.384510479906592595e-01
2.408026755852842367e-09 4.265925863847670474e-01
2.508361204013377535e-09 4.141091266009930272e-01
2.608695652173912702e-09 4.009625566007145592e-01
2.709030100334447870e-09 3.872178533934732547e-01
2.809364548494983038e-09 3.730459987820581302e-01
2.909698996655517792e-09 3.587143720874374497e-01
3.010033444816052959e-09 3.445628187727760028e-01
3.110367892976588127e-09 3.309666372692294245e-01
3.210702341137123294e-09 3.182907054464051977e-01
3.311036789297658462e-09 3.068412026393554926e-01
3.411371237458193629e-09 2.968223725700891991e-01
3.511705685618728797e-09 2.883052996662109346e-01
3.612040133779263551e-09 2.812138384377422806e-01
3.712374581939798719e-09 2.753300294153413486e-01
3.812709030100333886e-09 2.703181317346759482e-01
3.913043478260868640e-09 2.657634360369139914e-01
4.013377926421404221e-09 2.612198477772144090e-01
4.113712374581938975e-09 2.562592157105945123e-01
4.214046822742474556e-09 2.505156339434187474e-01
4.314381270903009310e-09 2.437193189414339767e-01
4.414715719063544892e-09 2.357167962262381455e-01
4.515050167224079646e-09 2.264765487766341456e-01
4.615384615384614399e-09 2.160814969914171824e-01
4.715719063545149981e-09 2.047113109145722309e-01
4.816053511705684735e-09 1.926183805192230314e-01
4.916387959866220316e-09 1.801012682523532582e-01
5.016722408026755070e-09 1.674787985904820919e-01
5.117056856187290651e-09 1.550668834466249202e-01
5.217391304347825405e-09 1.431590638752143207e-01
5.317725752508360159e-09 1.320108519473530417e-01
5.418060200668895740e-09 1.218274616831015733e-01
5.518394648829430494e-09 1.127544664638996386e-01
5.618729096989966075e-09 1.048712204628639288e-01
5.719063545150500829e-09 9.818734508835816333e-02
5.819397993311035583e-09 9.264298336478882234e-02
5.919732441471571164e-09 8.811366952354054982e-02
6.020066889632105918e-09 8.442043508862567824e-02
6.120401337792641499e-09 8.134517721434064708e-02
6.220735785953176253e-09 7.865046376457043853e-02
6.321070234113711835e-09 7.610203934061102182e-02
6.421404682274246589e-09 7.349155577220645164e-02
6.521739130434781343e-09 7.065668134922821475e-02
6.622073578595316924e-09 6.749586899770454451e-02
6.722408026755851678e-09 6.397569855244225612e-02
6.822742474916387259e-09 6.012975156569040636e-02
6.923076923076922013e-09 5.604923627856981533e-02
7.023411371237457594e-09 5.186681535196996373e-02
7.123745819397992348e-09 4.773606616215599063e-02
7.224080267558527102e-09 4.380954720401347008e-02
7.324414715719062683e-09 4.021847284413095081e-02
7.424749163879597437e-09 3.705653832908834683e-02
7.525083612040133018e-09 3.436960956420062607e-02
7.625418060200667772e-09 3.215198301450628710e-02
7.725752508361202526e-09 3.034893372189984007e-02
7.826086956521737280e-09 2.886447974308230593e-02
7.926421404682273689e-09 2.757281137179798391e-02
8.026755852842808442e-09 2.633169346535445265e-02
8.127090301003343196e-09 2.499630022085950337e-02
8.227424749163877950e-09 2.343227789992836235e-02
8.327759197324414359e-09 2.152722325906929191e-02
8.428093645484949113e-09 1.920009846485744645e-02
8.528428093645483867e-09 1.640830526166181524e-02
8.628762541806018621e-09 1.315219943631982732e-02
8.729096989966553375e-09 9.476785544999564298e-03
8.829431438127089783e-09 5.470274461171903413e-03
8.929765886287624537e-09 1.259205237479330691e-03
9.030100334448159291e-09 -3.000001075824381899e-03
9.130434782608694045e-09 -7.132850653905826663e-03
9.230769230769228799e-09 -1.096127030608931921e-02
9.331103678929765207e-09 -1.431958449850941235e-02
9.431438127090299961e-09 -1.707032803109630528e-02
9.531772575250834715e-09 -1.911799831162491400e-02
9.632107023411369469e-09 -2.041889677510541970e-02
9.732441471571904223e-09 -2.098558493957573823e-02
9.832775919732440632e-09 -2.088515174655307394e-02
9.933110367892975386e-09 -2.023135149678651976e-02
1.003344481605351014e-08 -1.917157353130734265e-02
1.013377926421404489e-08 -1.787037712727553018e-02
1.023411371237458130e-08 -1.649181978225234407e-02
1.033444816053511606e-08 -1.518292959001979817e-02
1.043478260869565081e-08 -1.406040283502615028e-02
1.053511705685618556e-08 -1.320200522669739973e-02
1.063545150501672032e-08 -1.264334375471814348e-02
1.073578595317725673e-08 -1.237981780017746725e-02
1.083612040133779148e-08 -1.237281631442225215e-02
1.093645484949832623e-08 -1.255873234447190193e-02
1.103678929765886099e-08 -1.285918648807873703e-02
1.113712374581939574e-08 -1.319098440516993515e-02
1.123745819397993215e-08 -1.347471060324106212e-02
1.133779264214046690e-08 -1.364136486511287154e-02
1.143812709030100166e-08 -1.363694586708830148e-02
1.153846153846153641e-08 -1.342526184877731142e-02
1.163879598662207117e-08 -1.298942709906251471e-02
1.173913043478260757e-08 -1.233247071204727173e-02
1.183946488294314233e-08 -1.147728470133682274e-02
1.193979933110367708e-08 -1.046586073935871358e-02
1.204013377926421184e-08 -9.357516268504343510e-03
1.214046822742474824e-08 -8.225688905348353674e-03
1.224080267558528300e-08 -7.152943596348087379e-03
1.234113712374581775e-08 -6.224097126256813647e-03
1.244147157190635251e-08 -5.517770129837979744e-03
1.254180602006688726e-08 -5.097133370978041908e-03
1.264214046822742367e-08 -5.001006007906837192e-03
1.274247491638795842e-08 -5.236678391357000445e-03
1.284280936454849318e-08 -5.775794001742728251e-03
1.294314381270902793e-08 -6.554311497991904822e-03
1.304347826086956269e-08 -7.477016822485387480e-03
1.314381270903009909e-08 -8.426359779570839759e-03
1.324414715719063385e-08 -9.274677813547840474e-03
1.334448160535116860e-08 -9.898278409453977605e-03
1.344481605351170336e-08 -1.019149637355269353e-02
1.354515050167223811e-08 -1.007879386139925310e-02
1.364548494983277452e-08 -9.523240670424050133e-03
1.374581939799330927e-08 -8.530250515424196017e-03
1.384615384615384403e-08 -7.146156963206701761e-03
1.394648829431437878e-08 -5.451963588837488092e-03
1.404682274247491519e-08 -3.553267971643120707e-03
1.414715719063544994e-08 -1.567832765383684289e-03
1.424749163879598470e-08 3.875044447268485501e-04
1.434782608695651945e-08 2.208940377404726343e-03
1.444816053511705420e-08 3.815474293797659067e-03
1.454849498327759061e-08 5.155417310330971670e-03
1.464882943143812537e-08 6.209236292668423272e-03
1.474916387959866012e-08 6.988817004726855658e-03
1.484949832775919487e-08 7.533630914647503930e-03
1.494983277591973128e-08 7.904556383007308243e-03
1.505016722408026604e-08 8.176228073175835845e-03
1.515050167224080079e-08 8.428786136954722480e-03
1.525083612040133554e-08 8.739804518418790857e-03
1.535117056856187030e-08 9.177036575520951603e-03
1.545150501672240505e-08 9.792461613027214629e-03
1.555183946488293981e-08 1.061797054815059524e-02
1.565217391304347456e-08 1.166290058341448548e-02
1.575250836120401262e-08 1.291351312992714516e-02
1.585284280936454738e-08 1.433439610272912133e-02
1.595317725752508213e-08 1.587165226441255780e-02
1.605351170568561688e-08 1.745760795888017317e-02
1.615384615384615164e-08 1.901664975341137154e-02
1.625418060200668639e-08 2.047168731094819658e-02
1.635451505016722115e-08 2.175067039592555942e-02
1.645484949832775590e-08 2.279257489061966430e-02
1.655518394648829065e-08 2.355232679649018127e-02
1.665551839464882872e-08 2.400425116671353262e-02
1.675585284280936347e-08 2.414379803191739338e-02
1.685618729096989823e-08 2.398748280872158023e-02
1.695652173913043298e-08 2.357115386545940647e-02
1.705685618729096773e-08 2.294683818362389105e-02
1.715719063545150249e-08 2.217850123468608284e-02
1.725752508361203724e-08 2.133708736929223679e-02
1.735785953177257200e-08 2.049519417165244009e-02
1.745819397993310675e-08 1.972169984368877388e-02
1.755852842809364150e-08 1.907663042938696762e-02
1.765886287625417957e-08 1.860654133430376250e-02
1.775919732441471432e-08 1.834070045228964121e-02
1.785953177257524907e-08 1.828838824494969512e-02
1.795986622073578383e-08 1.843764980507345622e-02
1.806020066889631858e-08 1.875581471179670751e-02
1.816053511705685334e-08 1.919201429736768633e-02
1.826086956521738809e-08 1.968175739916979555e-02
1.836120401337792284e-08 2.015337995106548930e-02
1.846153846153845760e-08 2.053588984817051113e-02
1.856187290969899566e-08 2.076743625290925280e-02
1.866220735785953041e-08 2.080340370532245478e-02
1.876254180602006517e-08 2.062302654268604804e-02
1.886287625418059992e-08 2.023348268292061644e-02
1.896321070234113468e-08 1.967067359604762061e-02
1.906354515050166943e-08 1.899630915813460205e-02
1.916387959866220418e-08 1.829143623725671200e-02
1.926421404682273894e-08 1.764709507886044054e-02
1.936454849498327369e-08 1.715326221184502314e-02
1.946488294314380845e-08 1.688755339815823861e-02
1.956521739130434651e-08 1.690525065653965264e-02
1.966555183946488126e-08 1.723205819942140449e-02
1.976588628762541602e-08 1.786060346663736337e-02
1.986622073578595077e-08 1.875114455662002522e-02
1.996655518394648553e-08 1.983631893700113849e-02
2.006688963210702028e-08 2.102917837070067408e-02
2.016722408026755503e-08 2.223330189367030141e-02
2.026755852842808979e-08 2.335353581308381721e-02
2.036789297658862454e-08 2.430590978034503913e-02
2.046822742474916260e-08 2.502550789405118270e-02
2.056856187290969736e-08 2.547147875265247732e-02
2.066889632107023211e-08 2.562886461082668557e-02
2.076923076923076687e-08 2.550742246548157871e-02
2.086956521739130162e-08 2.513801257716308593e-02
2.096989966555183637e-08 2.456738127674798142e-02
2.107023411371237113e-08 2.385223913642922633e-02
2.117056856187290588e-08 2.305344480009499999e-02
2.127090301003344064e-08 2.223089303185901006e-02
2.137123745819397539e-08 2.143943646402440839e-02
2.147157190635451345e-08 2.072591149540776306e-02
2.157190635451504821e-08 2.012714555839711233e-02
2.167224080267558296e-08 1.966872805408307820e-02
2.177257525083611771e-08 1.936433456191168079e-02
2.187290969899665247e-08 1.921548049319867987e-02
2.197324414715718722e-08 1.921170430912977345e-02
2.207357859531772198e-08 1.933129301457517726e-02
2.217391304347825673e-08 1.954272121844739807e-02
2.227424749163879148e-08 1.980695387124198001e-02
2.237458193979932955e-08 2.008065915815589880e-02
2.247491638795986430e-08 2.032021254555905002e-02
2.257525083612039905e-08 2.048618407380228823e-02
2.267558528428093381e-08 2.054783524994942268e-02
2.277591973244146856e-08 2.048705269696478315e-02
2.287625418060200332e-08 2.030114287674938262e-02
2.297658862876253807e-08 2.000401504349750420e-02
2.307692307692307282e-08 1.962547488201228998e-02
2.317725752508360758e-08 1.920860639294759420e-02
2.327759197324414233e-08 1.880548973672109894e-02
2.337792642140468040e-08 1.847174070696832454e-02
2.347826086956521515e-08 1.826052326168579876e-02
2.357859531772574990e-08 1.821675487089276929e-02
2.367892976588628466e-08 1.837218882136304118e-02
2.377926421404681941e-08 1.874192992738812208e-02
2.387959866220735417e-08 1.932274652847511612e-02
2.397993311036788892e-08 2.009331616166423404e-02
2.408026755852842367e-08 2.101631926869319475e-02
2.418060200668895843e-08 2.204210324373893568e-02
2.428093645484949649e-08 2.311349664831492678e-02
2.438127090301003124e-08 2.417126808949493152e-02
2.448160535117056600e-08 2.515969418847783384e-02
2.458193979933110075e-08 2.603171829564144418e-02
2.468227424749163551e-08 2.675323604987234552e-02
2.478260869565217026e-08 2.730612659395235606e-02
2.488294314381270501e-08 2.768975313057621054e-02
2.498327759197323977e-08 2.792078001859299094e-02
2.508361204013377452e-08 2.803129302179631355e-02
2.518394648829430928e-08 2.806536006871555508e-02
2.528428093645484734e-08 2.807432329256259393e-02
2.538461538461538209e-08 2.811125543313241701e-02
2.548494983277591685e-08 2.822512694646879192e-02
2.558528428093645160e-08 2.845529506761062394e-02
2.568561872909698635e-08 2.882692608316638969e-02
2.578595317725752111e-08 2.934788791576678837e-02
2.588628762541805586e-08 3.000750329784083667e-02
2.598662207357859062e-08 3.077734812508525417e-02
2.608695652173912537e-08 3.161404007861087773e-02
2.618729096989966343e-08 3.246372192085533043e-02
2.628762541806019819e-08 3.326773665213538650e-02
2.638795986622073294e-08 3.396884832861899600e-02
2.648829431438126769e-08 3.451730324017463630e-02
2.658862876254180245e-08 3.487605816378777646e-02
2.668896321070233720e-08 3.502461781767007842e-02
2.678929765886287196e-08 3.496110213173391629e-02
2.688963210702340671e-08 3.470237701702759414e-02
2.698996655518394146e-08 3.428229899294038541e-02
2.709030100334447622e-08 3.374831661041333836e-02
2.719063545150501428e-08 3.315682007581439994e-02
2.729096989966554904e-08 3.256772473820088165e-02
2.739130434782608379e-08 3.203881370783741300e-02
2.749163879598661854e-08 3.162035661466615355e-02
2.759197324414715330e-08 3.135047574199474607e-02
2.769230769230768805e-08 3.125165764372511007e-02
2.779264214046822281e-08 3.132871514006977526e-02
2.789297658862875756e-08 3.156839476382104770e-02
2.799331103678929231e-08 3.194069907878078346e-02
2.809364548494983038e-08 3.240185253989895375e-02
2.819397993311036513e-08 3.289868760726007840e-02
2.829431438127089988e-08 3.337407434637228165e-02
2.839464882943143464e-08 3.377287813020084933e-02
2.849498327759196939e-08 3.404782794739450585e-02
2.859531772575250415e-08 3.416463531779288798e-02
2.869565217391303890e-08 3.410574003781764729e-02
2.879598662207357365e-08 3.387218325964976712e-02
2.889632107023410841e-08 3.348331570481757197e-02
2.899665551839464316e-08 3.297431773378787373e-02
2.909698996655518122e-08 3.239180237213249575e-02
2.919732441471571598e-08 3.178804650856904140e-02
2.929765886287625073e-08 3.121460212752413810e-02
2.939799331103678549e-08 3.071613929898344905e-02
2.949832775919732024e-08 3.032534291872828261e-02
2.959866220735785499e-08 3.005952547573167294e-02
2.969899665551838975e-08 2.991935204052069766e-02
2.979933110367892450e-08 2.988974553358455036e-02
2.989966555183946256e-08 2.994270732266021695e-02
2.999999999999999732e-08 3.004150946327182811e-02
