0.000000000000000000e+00 9.999999999999995559e-01
1.003344481605351029e-10 6.801524932787514910e-01
2.006688963210702059e-10 4.740082942489041717e-01
3.010033444816052959e-10 3.484235543881953334e-01
4.013377926421404118e-10 2.629161219811891881e-01
5.016722408026755277e-10 1.732691355531400246e-01
6.020066889632105918e-10 8.636498767694818224e-02
7.023411371237457594e-10 5.456024433347218816e-02
8.026755852842808236e-10 2.724488905965315871e-02
9.030100334448158877e-10 5.201036221091411699e-04
1.003344481605351055e-09 -2.015814123087133342e-02
1.103678929765886223e-09 -1.255604113603217900e-02
1.204013377926421184e-09 -1.057497195540327804e-02
1.304347826086956351e-09 -6.388475477575105560e-03
1.404682274247491519e-09 -5.962499470425422152e-03
1.505016722408026480e-09 7.780269066267683428e-03
1.605351170568561647e-09 1.513897473905416458e-02
1.705685618729096815e-09 2.383426292151214626e-02
1.806020066889631775e-09 1.831852117446447492e-02
1.906354515050166943e-09 2.010459480967097950e-02
2.006688963210702111e-09 1.891658472985183193e-02
2.107023411371237278e-09 2.510357378472199280e-02
2.207357859531772446e-09 1.921705795535665062e-02
2.307692307692307200e-09 2.032809581899617732e-02
2.408026755852842367e-09 1.918744288755367539e-02
2.508361204013377535e-09 2.759296332122100279e-02
2.608695652173912702e-09 2.973625129940796544e-02
2.709030100334447870e-09 3.484923348091992917e-02
2.809364548494983038e-09 3.141274118916589919e-02
2.909698996655517792e-09 3.375740783833253156e-02
3.010033444816052959e-09 2.989634992029503377e-02
3.110367892976588127e-09 2.841965390963874238e-02
3.210702341137123294e-09 1.997634001980886503e-02
3.311036789297658462e-09 2.000309559023414133e-02
3.411371237458193629e-09 1.069973490481578721e-02
3.511705685618728797e-09 4.052103031549128369e-03
3.612040133779263551e-09 -6.766056529818335365e-03
3.712374581939798719e-09 -6.093773211229145531e-03
3.812709030100333886e-09 -1.025182825398226853e-02
3.913043478260868640e-09 -9.888846091884621187e-03
4.013377926421404221e-09 -7.319160155870049408e-03
4.113712374581938975e-09 3.932160250578744035e-03
4.214046822742474556e-09 6.953414430845417278e-03
4.314381270903009310e-09 8.314301779234447437e-03
4.414715719063544892e-09 8.018467689742637614e-03
4.515050167224079646e-09 8.553018384858324802e-03
4.615384615384614399e-09 5.830027421009756350e-03
4.715719063545149981e-09 7.687355219755403861e-03
4.816053511705684735e-09 3.390099083552542206e-03
4.916387959866220316e-09 4.825164931512571781e-03
5.016722408026755070e-09 4.572909063429601850e-03
5.117056856187290651e-09 1.277911580048497406e-02
5.217391304347825405e-09 1.397158697678628145e-02
5.317725752508360159e-09 1.226235048621405858e-02
5.418060200668895740e-09 1.053593654862924889e-02
5.518394648829430494e-09 1.375751684779976530e-02
5.618729096989966075e-09 1.116886416516909078e-02
5.719063545150500829e-09 1.064898965913810107e-02
5.819397993311035583e-09 1.114646897836387221e-02
5.919732441471571164e-09 6.518420808383729344e-03
6.020066889632105918e-09 2.584452448833053726e-03
6.120401337792641499e-09 2.577069247699723554e-03
6.220735785953176253e-09 1.879272512671992072e-03
6.321070234113711835e-09 3.487703952858515598e-04
6.421404682274246589e-09 -1.633809076118197205e-03
6.521739130434781343e-09 4.291557659743757986e-04
6.622073578595316924e-09 4.313727787042752858e-04
6.722408026755851678e-09 1.757839179895815448e-03
6.822742474916387259e-09 4.749390381516614777e-04
6.923076923076922013e-09 -6.926531030461121133e-04
7.023411371237457594e-09 1.668492093291804555e-04
7.123745819397992348e-09 9.283207796516412640e-04
7.224080267558527102e-09 5.567580159867347583e-03
7.324414715719062683e-09 6.618240230250361372e-03
7.424749163879597437e-09 7.392318437559048175e-03
7.525083612040133018e-09 1.228190989177439449e-02
7.625418060200667772e-09 1.238721502148773870e-02
7.725752508361202526e-09 1.156821331680248609e-02
7.826086956521737280e-09 1.101351606313738171e-02
7.926421404682273689e-09 1.176538469203478564e-02
8.026755852842808442e-09 1.420901458319836531e-02
8.127090301003343196e-09 1.420449121681926878e-02
8.227424749163877950e-09 1.517018920573732707e-02
8.327759197324414359e-09 1.280497817340272779e-02
8.428093645484949113e-09 1.543985646464531014e-02
8.528428093645483867e-09 1.386081893660031164e-02
8.628762541806018621e-09 1.152234051719709489e-02
8.729096989966553375e-09 4.911344705784755071e-03
8.829431438127089783e-09 8.269874651743119517e-03
8.929765886287624537e-09 5.854793240071962807e-03
9.030100334448159291e-09 2.001986770348023956e-03
9.130434782608694045e-09 -1.015318069315138344e-03
9.230769230769228799e-09 1.445664768957911385e-04
9.331103678929765207e-09 3.475065800907358934e-04
9.431438127090299961e-09 -1.233853787486795424e-03
9.531772575250834715e-09 -7.733020408746076437e-04
9.632107023411369469e-09 2.012351965624591035e-03
9.732441471571904223e-09 8.087142755495515395e-03
9.832775919732440632e-09 8.142513058944412380e-03
9.933110367892975386e-09 6.301137921882103698e-03
1.003344481605351014e-08 6.468271169586228136e-03
1.013377926421404489e-08 3.074649578033466189e-03
1.023411371237458130e-08 7.812320316388172807e-03
1.033444816053511606e-08 1.502958388332325049e-02
1.043478260869565081e-08 1.388319277803759522e-02
1.053511705685618556e-08 8.725089170362689342e-03
1.063545150501672032e-08 1.355948150521950682e-02
1.073578595317725673e-08 1.196035544881959671e-02
1.083612040133779148e-08 8.017708182185955684e-03
1.093645484949832623e-08 4.181384975106718256e-03
1.103678929765886099e-08 3.542943977997574205e-03
1.113712374581939574e-08 3.945877627896351644e-03
1.123745819397993215e-08 8.579465687871897991e-03
1.133779264214046690e-08 7.371525817936095890e-03
1.143812709030100166e-08 2.378313060853473257e-03
1.153846153846153641e-08 4.978671334263269459e-03
1.163879598662207117e-08 5.701175670807061106e-03
1.173913043478260757e-08 1.847595468147076279e-03
1.183946488294314233e-08 3.370773011686892424e-03
1.193979933110367708e-08 -9.141167261416170784e-04
1.204013377926421184e-08 4.328311376559521029e-03
1.214046822742474824e-08 4.931198655045369861e-03
1.224080267558528300e-08 1.120269183179185835e-02
1.234113712374581775e-08 1.368147104093985454e-02
1.244147157190635251e-08 2.455258191868150801e-03
1.254180602006688726e-08 3.398644738736034294e-03
1.264214046822742367e-08 5.892532166759958945e-03
1.274247491638795842e-08 3.594277106374711012e-03
1.284280936454849318e-08 4.877911786531438469e-03
1.294314381270902793e-08 4.036548342094881114e-03
1.304347826086956269e-08 6.704546679302557377e-03
1.314381270903009909e-08 9.743447364632279797e-03
1.324414715719063385e-08 8.815586546824578928e-03
1.334448160535116860e-08 7.321834154592477863e-03
1.344481605351170336e-08 3.822028550690295332e-03
1.354515050167223811e-08 4.601818790286859098e-03
1.364548494983277452e-08 1.016173399997698235e-02
1.374581939799330927e-08 1.114338773088423794e-02
1.384615384615384403e-08 8.307600701068290280e-03
1.394648829431437878e-08 9.087110737573830810e-03
1.404682274247491519e-08 5.969147353995321072e-03
1.414715719063544994e-08 6.250736783719155337e-03
1.424749163879598470e-08 5.261883538642906505e-03
1.434782608695651945e-08 2.827717696640911181e-03
1.444816053511705420e-08 6.455820542090599107e-03
1.454849498327759061e-08 6.931406354312600292e-03
1.464882943143812537e-08 7.888004558591741114e-03
1.474916387959866012e-08 6.358197607801270579e-03
1.484949832775919487e-08 4.369472762835409536e-03
1.494983277591973128e-08 3.445603707693764041e-03
1.505016722408026604e-08 3.517798433098933818e-03
1.515050167224080079e-08 3.591518621292946918e-03
1.525083612040133554e-08 -3.355690103891191154e-04
1.535117056856187030e-08 8.842251041908863723e-04
1.545150501672240505e-08 1.601915098396066882e-04
1.555183946488293981e-08 -3.838209163837332134e-05
1.565217391304347456e-08 2.892117983031503893e-03
1.575250836120401262e-08 6.511760216667565951e-03
1.585284280936454738e-08 7.368206531872210745e-03
1.595317725752508213e-08 8.809608738805629544e-03
1.605351170568561688e-08 1.054767257892648587e-02
1.615384615384615164e-08 1.291454236744025291e-02
1.625418060200668639e-08 1.217149749024364069e-02
1.635451505016722115e-08 8.149450572494099793e-03
1.645484949832775590e-08 5.936706856329502027e-03
1.655518394648829065e-08 4.749700211820317292e-03
1.665551839464882872e-08 6.647709991758023705e-03
1.675585284280936347e-08 1.029565151110776143e-02
1.685618729096989823e-08 6.740720866935084009e-03
1.695652173913043298e-08 3.962913467068614887e-03
1.705685618729096773e-08 4.459952973230161925e-03
1.715719063545150249e-08 3.202605628123339227e-03
1.725752508361203724e-08 4.980987071703136572e-03
1.735785953177257200e-08 -9.641355507387227176e-04
1.745819397993310675e-08 5.284850735196205788e-03
1.755852842809364150e-08 3.865961927211777199e-03
1.765886287625417957e-08 6.435573477387247776e-03
1.775919732441471432e-08 9.701430646257275595e-03
1.785953177257524907e-08 2.434818655656331363e-03
1.795986622073578383e-08 2.509714317859151889e-03
1.806020066889631858e-08 5.659573300292733596e-03
1.816053511705685334e-08 5.466056938074424949e-03
1.826086956521738809e-08 4.186755911906606988e-03
1.836120401337792284e-08 1.011708634780541724e-02
1.846153846153845760e-08 1.028498623532140589e-02
1.856187290969899566e-08 1.143932220914596967e-02
1.866220735785953041e-08 1.215187025404525743e-02
1.876254180602006517e-08 1.540848698903575162e-02
1.886287625418059992e-08 1.555827947597908205e-02
1.896321070234113468e-08 8.802542222043518994e-03
1.906354515050166943e-08 5.897427521764736676e-03
1.916387959866220418e-08 9.599543795413062117e-03
1.926421404682273894e-08 7.413249820792673639e-03
1.936454849498327369e-08 5.986080513751703032e-03
1.946488294314380845e-08 9.313813913529506161e-03
1.956521739130434651e-08 9.645944920481345705e-03
1.966555183946488126e-08 4.788299147177913287e-03
1.976588628762541602e-08 5.654280813098096041e-03
1.986622073578595077e-08 7.676480805628403681e-03
1.996655518394648553e-08 6.748205815660116881e-03
2.006688963210702028e-08 9.517087446477006871e-03
2.016722408026755503e-08 8.277360692783317792e-03
2.026755852842808979e-08 1.321891967971043809e-02
2.036789297658862454e-08 1.184540150672685858e-02
2.046822742474916260e-08 7.813761387034677541e-03
2.056856187290969736e-08 8.904762192690304778e-03
2.066889632107023211e-08 7.516996457029468705e-03
2.076923076923076687e-08 6.948546957455787286e-03
2.086956521739130162e-08 7.561966690763582445e-03
2.096989966555183637e-08 1.212508001140345099e-02
2.107023411371237113e-08 9.220730264120962846e-03
2.117056856187290588e-08 6.237213293732631232e-03
2.127090301003344064e-08 9.557165018057709252e-03
2.137123745819397539e-08 5.918737280276913960e-03
2.147157190635451345e-08 6.946783907599837077e-03
2.157190635451504821e-08 1.076998398814459600e-02
2.167224080267558296e-08 8.581501678313259787e-03
2.177257525083611771e-08 7.887443573066624594e-03
2.187290969899665247e-08 9.360781631721881713e-03
2.197324414715718722e-08 8.945872973173752199e-03
2.207357859531772198e-08 3.387466565767565611e-03
2.217391304347825673e-08 9.881075394614666912e-03
2.227424749163879148e-08 4.904981940417434128e-03
2.237458193979932955e-08 2.630607208886922167e-03
2.247491638795986430e-08 3.597409029933455217e-03
2.257525083612039905e-08 -3.077336416860658366e-03
2.267558528428093381e-08 -2.784311896169588876e-03
2.277591973244146856e-08 -2.362670661081872712e-03
2.287625418060200332e-08 2.179156427098941085e-03
2.297658862876253807e-08 4.545012721592958313e-03
2.307692307692307282e-08 3.649071876415280451e-03
2.317725752508360758e-08 4.054737089122028432e-03
2.327759197324414233e-08 9.586332942709448190e-03
2.337792642140468040e-08 7.656417614995886245e-03
2.347826086956521515e-08 9.246048061558884493e-03
2.357859531772574990e-08 1.223893728527627317e-02
2.367892976588628466e-08 8.406977657173816607e-03
2.377926421404681941e-08 6.262270402326166642e-03
2.387959866220735417e-08 7.143410134604255037e-03
2.397993311036788892e-08 8.462127981141468261e-03
2.408026755852842367e-08 1.057619328118122176e-02
2.418060200668895843e-08 1.150998507217099870e-02
2.428093645484949649e-08 9.089836462231713418e-03
2.438127090301003124e-08 1.041453524816288688e-02
2.448160535117056600e-08 6.544953161989219836e-03
2.458193979933110075e-08 6.985287455215835259e-03
2.468227424749163551e-08 7.369654574808899919e-03
2.478260869565217026e-08 1.050341078439078792e-02
2.488294314381270501e-08 1.289193994052816039e-02
2.498327759197323977e-08 6.518971801828592379e-03
2.508361204013377452e-08 6.479238891280142583e-03
2.518394648829430928e-08 5.208547715955665416e-03
2.528428093645484734e-08 5.418177576226058771e-03
2.538461538461538209e-08 7.287411827764000288e-03
2.548494983277591685e-08 9.165565115221209827e-03
2.558528428093645160e-08 9.037675836800802484e-03
2.568561872909698635e-08 9.393579682437418199e-03
2.578595317725752111e-08 8.998291297433735902e-03
2.588628762541805586e-08 1.369350104974422465e-02
2.598662207357859062e-08 7.077616177316380444e-03
2.608695652173912537e-08 7.813903273592930077e-03
2.618729096989966343e-08 9.833443222664656549e-03
2.628762541806019819e-08 8.686195549764194959e-03
2.638795986622073294e-08 8.631571139963736122e-03
2.648829431438126769e-08 9.402532955969206477e-03
2.658862876254180245e-08 4.355546810865452111e-03
2.668896321070233720e-08 3.885883146733509156e-03
2.678929765886287196e-08 3.660725927398088535e-03
2.688963210702340671e-08 6.206793401257420031e-03
2.698996655518394146e-08 5.509817722879932315e-03
2.709030100334447622e-08 6.075761074995446320e-03
2.719063545150501428e-08 7.039607245719842719e-03
2.729096989966554904e-08 7.437268881093212630e-03
2.739130434782608379e-08 4.555339932324502586e-03
2.749163879598661854e-08 7.248303651133674100e-03
2.759197324414715330e-08 5.433874560278995069e-03
2.769230769230768805e-08 4.673539912583197370e-03
2.779264214046822281e-08 8.552760888035033926e-03
2.789297658862875756e-08 7.123657304101748376e-03
2.799331103678929231e-08 7.235705323630057043e-03
2.809364548494983038e-08 1.294383672923608668e-02
2.819397993311036513e-08 1.283975199033847957e-02
2.829431438127089988e-08 1.326072035584413382e-02
2.839464882943143464e-08 1.138266214337407649e-02
2.849498327759196939e-08 9.599891718023976367e-03
2.859531772575250415e-08 8.227320308837316604e-03
2.869565217391303890e-08 7.182957774260736485e-03
2.879598662207357365e-08 1.098751978225662868e-02
2.889632107023410841e-08 1.416424214920750622e-02
2.899665551839464316e-08 1.663949991507319287e-02
2.909698996655518122e-08 1.488401465264022408e-02
2.919732441471571598e-08 1.486995073623953792e-02
2.929765886287625073e-08 1.613579504407086293e-02
2.939799331103678549e-08 1.182122513200008912e-02
2.949832775919732024e-08 1.066933929119910293e-02
2.959866220735785499e-08 9.445597090150727182e-03
2.969899665551838975e-08 7.079439951700109215e-03
2.979933110367892450e-08 4.026475482937537029e-03
2.989966555183946256e-08 2.251869920225107145e-03
2.999999999999999732e-08 8.366572766230834929e-03
