0.000000000000000000e+00 9.999999999999995559e-01
1.003344481605351029e-10 9.951234529245541749e-01
2.006688963210702059e-10 9.807822060590292157e-01
3.010033444816052959e-10 9.578127960225519821e-01
4.013377926421404118e-10 9.275177295614471795e-01
5.016722408026755277e-10 8.915404982438493997e-01
6.020066889632105918e-10 8.517137722654360976e-01
7.023411371237457594e-10 8.098995920842636531e-01
8.026755852842808236e-10 7.678403825816980666e-01
9.030100334448158877e-10 7.270369089946128183e-01
1.003344481605351055e-09 6.886644309322148549e-01
1.103678929765886223e-09 6.535321788439784063e-01
1.204013377926421184e-09 6.220849318024336272e-01
1.304347826086956351e-09 5.944399467279416482e-01
1.404682274247491519e-09 5.704486020728053441e-01
1.505016722408026480e-09 5.497703576145662741e-01
1.605351170568561647e-09 5.319470732039099925e-01
1.705685618729096815e-09 5.164680545944594359e-01
1.806020066889631775e-09 5.028197750342375816e-01
1.906354515050166943e-09 4.905182564606318518e-01
2.006688963210702111e-09 4.791257744117260464e-01
2.107023411371237278e-09 4.682562127248480199e-01
2.207357859531772446e-09 4.575746375888537498e-01
2.307692307692307200e-09 4.467964072120389485e-01
2.408026755852842367e-09 4.356896181988590966e-01
2.508361204013377535e-09 4.240823905568484875e-01
2.608695652173912702e-09 4.118740160341087253e-01
2.709030100334447870e-09 3.990469393607941617e-01
2.809364548494983038e-09 3.856753783250727041e-01
2.909698996655517792e-09 3.719263639848354175e-01
3.010033444816052959e-09 3.580500819183925487e-01
3.110367892976588127e-09 3.443583580588337467e-01
3.210702341137123294e-09 3.311925169183682627e-01
3.311036789297658462e-09 3.188841246263741658e-01
3.411371237458193629e-09 3.077138253295176318e-01
3.511705685618728797e-09 2.978742311498262518e-01
3.612040133779263551e-09 2.894424784649333726e-01
3.712374581939798719e-09 2.823666875713005120e-01
3.812709030100333886e-09 2.764684318019451914e-01
3.913043478260868640e-09 2.714608476957340311e-01
4.013377926421404221e-09 2.669796620318604097e-01
4.113712374581938975e-09 2.626225929514170443e-01
4.214046822742474556e-09 2.579915957477826871e-01
4.314381270903009310e-09 2.527323897942057029e-01
4.414715719063544892e-09 2.465665556768045774e-01
4.515050167224079646e-09 2.393130049152557559e-01
4.615384615384614399e-09 2.308974692597041689e-01
4.715719063545149981e-09 2.213504731589950869e-01
4.816053511705684735e-09 2.107957263474179999e-01
4.916387959866220316e-09 1.994317911735399296e-01
5.016722408026755070e-09 1.875101641397141916e-01
5.117056856187290651e-09 1.753126224272349154e-01
5.217391304347825405e-09 1.631299917767777830e-01
5.317725752508360159e-09 1.512436196237779695e-01
5.418060200668895740e-09 1.399100170735048110e-01
5.518394648829430494e-09 1.293485454629954845e-01
5.618729096989966075e-09 1.197317619925084564e-01
5.719063545150500829e-09 1.111780989155078253e-01
5.819397993311035583e-09 1.037468386973657564e-01
5.919732441471571164e-09 9.743571355736849182e-02
6.020066889632105918e-09 9.218173875316433563e-02
6.120401337792641499e-09 8.786595232183400106e-02
6.220735785953176253e-09 8.432251209343921694e-02
6.321070234113711835e-09 8.135210774052331617e-02
6.421404682274246589e-09 7.873897351945501055e-02
6.521739130434781343e-09 7.627008350220414179e-02
6.622073578595316924e-09 7.375454216505736293e-02
6.722408026755851678e-09 7.104089514561297281e-02
6.822742474916387259e-09 6.803016815042907395e-02
6.923076923076922013e-09 6.468290943040597152e-02
7.023411371237457594e-09 6.101929480550466467e-02
7.123745819397992348e-09 5.711231905495644384e-02
7.224080267558527102e-09 5.307507103583005564e-02
7.324414715719062683e-09 4.904389860276331392e-02
7.424749163879597437e-09 4.515977471914194713e-02
7.525083612040133018e-09 4.155030183349822659e-02
7.625418060200667772e-09 3.831453667583985256e-02
7.725752508361202526e-09 3.551225275448145757e-02
7.826086956521737280e-09 3.315850655989932561e-02
7.926421404682273689e-09 3.122358338206207562e-02
8.026755852842808442e-09 2.963770917666529864e-02
8.127090301003343196e-09 2.829942934966332702e-02
8.227424749163877950e-09 2.708632281181064250e-02
8.327759197324414359e-09 2.586673075791498522e-02
8.428093645484949113e-09 2.451137554666693932e-02
8.528428093645483867e-09 2.290403740110576528e-02
8.628762541806018621e-09 2.095075243165576973e-02
8.729096989966553375e-09 1.858722102678658089e-02
8.829431438127089783e-09 1.578423364077633645e-02
8.929765886287624537e-09 1.255093683624455662e-02
9.030100334448159291e-09 8.935718852873458101e-03
9.130434782608694045e-09 5.024455780614658570e-03
9.230769230769228799e-09 9.358925716474661427e-04
9.331103678929765207e-09 -3.185916283397115245e-03
9.431438127090299961e-09 -7.181903001830379496e-03
9.531772575250834715e-09 -1.089044087948951890e-02
9.632107023411369469e-09 -1.416097389024473067e-02
9.732441471571904223e-09 -1.686749587451616406e-02
9.832775919732440632e-09 -1.892036292253754248e-02
9.933110367892975386e-09 -2.027495226558326258e-02
1.003344481605351014e-08 -2.093595891014204957e-02
1.013377926421404489e-08 -2.095662463640685785e-02
1.023411371237458130e-08 -2.043285111888282213e-02
1.033444816053511606e-08 -1.949285191067272327e-02
1.043478260869565081e-08 -1.828362409421319112e-02
1.053511705685618556e-08 -1.695595708254438519e-02
1.063545150501672032e-08 -1.564986465594316034e-02
1.073578595317725673e-08 -1.448219838459241515e-02
1.083612040133779148e-08 -1.353780379000231980e-02
1.093645484949832623e-08 -1.286499272957700342e-02
1.103678929765886099e-08 -1.247543796249902387e-02
1.113712374581939574e-08 -1.234797039885209002e-02
1.123745819397993215e-08 -1.243528324717017332e-02
1.133779264214046690e-08 -1.267229148993150034e-02
1.143812709030100166e-08 -1.298488256450157190e-02
1.153846153846153641e-08 -1.329799699308910690e-02
1.163879598662207117e-08 -1.354232665972373434e-02
1.173913043478260757e-08 -1.365932030554087295e-02
1.183946488294314233e-08 -1.360454570061425672e-02
1.193979933110367708e-08 -1.334970065447176578e-02
1.204013377926421184e-08 -1.288365103895558646e-02
1.214046822742474824e-08 -1.221280656608366225e-02
1.224080267558528300e-08 -1.136096703005120244e-02
1.234113712374581775e-08 -1.036855313648742810e-02
1.244147157190635251e-08 -9.290955678609163701e-03
1.254180602006688726e-08 -8.195662022995535423e-03
1.264214046822742367e-08 -7.157888449411594148e-03
1.274247491638795842e-08 -6.254661023546125020e-03
1.284280936454849318e-08 -5.557607067494965344e-03
1.294314381270902793e-08 -5.125073707534892609e-03
1.304347826086956269e-08 -4.994494203905712124e-03
1.314381270903009909e-08 -5.176096219540946008e-03
1.324414715719063385e-08 -5.649031785824824153e-03
1.334448160535116860e-08 -6.360786764691943665e-03
1.344481605351170336e-08 -7.230321521705576800e-03
1.354515050167223811e-08 -8.154867316665316904e-03
1.364548494983277452e-08 -9.019745049370303872e-03
1.374581939799330927e-08 -9.710084411588618125e-03
1.384615384615384403e-08 -1.012299165444993480e-02
1.394648829431437878e-08 -1.017860435890187432e-02
1.404682274247491519e-08 -9.828603090477488341e-03
1.414715719063544994e-08 -9.061100365080957536e-03
1.424749163879598470e-08 -7.901336265175022688e-03
1.434782608695651945e-08 -6.408190722511726035e-03
1.444816053511705420e-08 -4.667079436872958141e-03
1.454849498327759061e-08 -2.780247172930363185e-03
1.464882943143812537e-08 -8.557464877212428433e-04
1.474916387959866012e-08 1.003536810919151458e-03
1.484949832775919487e-08 2.709570564658065218e-03
1.494983277591973128e-08 4.196609939138075049e-03
1.505016722408026604e-08 5.425782862246437965e-03
1.515050167224080079e-08 6.386630615613691012e-03
1.525083612040133554e-08 7.095771249522307179e-03
1.535117056856187030e-08 7.593137648894658295e-03
1.545150501672240505e-08 7.936421896049906943e-03
1.555183946488293981e-08 8.194431188561581564e-03
1.565217391304347456e-08 8.440044307585565370e-03
1.575250836120401262e-08 8.743378713111397624e-03
1.585284280936454738e-08 9.165666529825800685e-03
1.595317725752508213e-08 9.754218004705059522e-03
1.605351170568561688e-08 1.053873914254323946e-02
1.615384615384615164e-08 1.152917131265255440e-02
1.625418060200668639e-08 1.271513135958944260e-02
1.635451505016722115e-08 1.406694364850783439e-02
1.645484949832775590e-08 1.553816384059386081e-02
1.655518394648829065e-08 1.706939626874266064e-02
1.665551839464882872e-08 1.859310781001046256e-02
1.675585284280936347e-08 2.003905282797017670e-02
1.685618729096989823e-08 2.133986132528494298e-02
1.695652173913043298e-08 2.243632031439074526e-02
1.705685618729096773e-08 2.328190565176376306e-02
1.715719063545150249e-08 2.384619862125045980e-02
1.725752508361203724e-08 2.411693911005736643e-02
1.735785953177257200e-08 2.410060781831840221e-02
1.745819397993310675e-08 2.382157168784161325e-02
1.755852842809364150e-08 2.331994838620591454e-02
1.765886287625417957e-08 2.264843164042526502e-02
1.775919732441471432e-08 2.186836308364700429e-02
1.785953177257524907e-08 2.104534198655630059e-02
1.795986622073578383e-08 2.024464436450626459e-02
1.806020066889631858e-08 1.952669460745875066e-02
1.816053511705685334e-08 1.894281221119784725e-02
1.826086956521738809e-08 1.853145342924162817e-02
1.836120401337792284e-08 1.831518285622516645e-02
1.846153846153845760e-08 1.829863242073146920e-02
1.856187290969899566e-08 1.846771581917276694e-02
1.866220735785953041e-08 1.879034249750542382e-02
1.876254180602006517e-08 1.921879775558271372e-02
1.886287625418059992e-08 1.969381550694433020e-02
1.896321070234113468e-08 2.015017394596074068e-02
1.906354515050166943e-08 2.052341491336871077e-02
1.916387959866220418e-08 2.075706246326248713e-02
1.926421404682273894e-08 2.080954024843364655e-02
1.936454849498327369e-08 2.065990477345136869e-02
1.946488294314380845e-08 2.031155487115066105e-02
1.956521739130434651e-08 1.979325947505187339e-02
1.966555183946488126e-08 1.915715323675182963e-02
1.976588628762541602e-08 1.847374469298409400e-02
1.986622073578595077e-08 1.782440612180766215e-02
1.996655518394648553e-08 1.729219894755100462e-02
2.006688963210702028e-08 1.695216653030204648e-02
2.016722408026755503e-08 1.686234525337227536e-02
2.026755852842808979e-08 1.705667832757510119e-02
2.036789297658862454e-08 1.754076950805060625e-02
2.046822742474916260e-08 1.829102242240084053e-02
2.056856187290969736e-08 1.925723748484233985e-02
2.066889632107023211e-08 2.036825902026495605e-02
2.076923076923076687e-08 2.153985748057812843e-02
2.086956521739130162e-08 2.268375932551988314e-02
2.096989966555183637e-08 2.371663926806038408e-02
2.107023411371237113e-08 2.456797382324711967e-02
2.117056856187290588e-08 2.518589737195833789e-02
2.127090301003344064e-08 2.554055208496736409e-02
2.137123745819397539e-08 2.562481523299618355e-02
2.147157190635451345e-08 2.545265321156007371e-02
2.157190635451504821e-08 2.505563293012254972e-02
2.167224080267558296e-08 2.447828050163619595e-02
2.177257525083611771e-08 2.377300302300824897e-02
2.187290969899665247e-08 2.299519646661769834e-02
2.197324414715718722e-08 2.219898709662106520e-02
2.207357859531772198e-08 2.143384301686545451e-02
2.217391304347825673e-08 2.074209500772699472e-02
2.227424749163879148e-08 2.015726088551722875e-02
2.237458193979932955e-08 1.970299745354768539e-02
2.247491638795986430e-08 1.939251068316844365e-02
2.257525083612039905e-08 1.922832115317042734e-02
2.267558528428093381e-08 1.920237768206095597e-02
2.277591973244146856e-08 1.929660199125038736e-02
2.287625418060200332e-08 1.948399930533725385e-02
2.297658862876253807e-08 1.973046347692982913e-02
2.307692307692307282e-08 1.999733589627250563e-02
2.317725752508360758e-08 2.024465720702251642e-02
2.327759197324414233e-08 2.043490542570918986e-02
2.337792642140468040e-08 2.053687669250395947e-02
2.347826086956521515e-08 2.052926864880317767e-02
2.357859531772574990e-08 2.040349681668940027e-02
2.367892976588628466e-08 2.016532360398761575e-02
2.377926421404681941e-08 1.983500411557280116e-02
2.387959866220735417e-08 1.944583428454096583e-02
2.397993311036788892e-08 1.904119540551526060e-02
2.408026755852842367e-08 1.867039049514303967e-02
2.418060200668895843e-08 1.838372944942665357e-02
2.428093645484949649e-08 1.822741709166424834e-02
2.438127090301003124e-08 1.823881833024644863e-02
2.448160535117056600e-08 1.844261865768492825e-02
2.458193979933110075e-08 1.884827913930451834e-02
2.468227424749163551e-08 1.944902446051280723e-02
2.478260869565217026e-08 2.022242589652486350e-02
2.488294314381270501e-08 2.113247247098749143e-02
2.498327759197323977e-08 2.213288222009885883e-02
2.508361204013377452e-08 2.317130315030413445e-02
2.518394648829430928e-08 2.419399424120265152e-02
2.528428093645484734e-08 2.515055843203192754e-02
2.538461538461538209e-08 2.599831577133142335e-02
2.548494983277591685e-08 2.670594843305684057e-02
2.558528428093645160e-08 2.725611369703294373e-02
2.568561872909698635e-08 2.764680188523927634e-02
2.578595317725752111e-08 2.789131111474511815e-02
2.588628762541805586e-08 2.801681765013836964e-02
2.598662207357859062e-08 2.806163651517611796e-02
2.608695652173912537e-08 2.807138596963102903e-02
2.618729096989966343e-08 2.809438199649044385e-02
2.628762541806019819e-08 2.817668243541504233e-02
2.638795986622073294e-08 2.835726075836722190e-02
2.648829431438126769e-08 2.866380389940619000e-02
2.658862876254180245e-08 2.910958855385174446e-02
2.668896321070233720e-08 2.969179449177377500e-02
2.678929765886287196e-08 3.039146875545111967e-02
2.688963210702340671e-08 3.117517660590030104e-02
2.698996655518394146e-08 3.199818574147048761e-02
2.709030100334447622e-08 3.280885476598695283e-02
2.719063545150501428e-08 3.355375920534936496e-02
2.729096989966554904e-08 3.418300739082785755e-02
2.739130434782608379e-08 3.465518457023165216e-02
2.749163879598661854e-08 3.494141682747477218e-02
2.759197324414715330e-08 3.502815703491028720e-02
2.769230769230768805e-08 3.491844558636290896e-02
2.779264214046822281e-08 3.463156718345621748e-02
2.789297658862875756e-08 3.420118928648848561e-02
2.799331103678929231e-08 3.367220921183394083e-02
2.809364548494983038e-08 3.309664251895923920e-02
2.819397993311036513e-08 3.252894965870973404e-02
2.829431438127089988e-08 3.202122178441380029e-02
2.839464882943143464e-08 3.161863576395761849e-02
2.849498327759196939e-08 3.135555046780059973e-02
2.859531772575250415e-08 3.125255861037619376e-02
2.869565217391303890e-08 3.131473588224829158e-02
2.879598662207357365e-08 3.153124422796071968e-02
2.889632107023410841e-08 3.187634940821918589e-02
2.899665551839464316e-08 3.231180486754527820e-02
2.909698996655518122e-08 3.279043698217263408e-02
2.919732441471571598e-08 3.326064754641599314e-02
2.929765886287625073e-08 3.367143917929971142e-02
2.939799331103678549e-08 3.397748348644651084e-02
2.949832775919732024e-08 3.414370719809796395e-02
2.959866220735785499e-08 3.414888306951750774e-02
2.969899665551838975e-08 3.398778906221810309e-02
2.979933110367892450e-08 3.367164079634256402e-02
2.989966555183946256e-08 3.322669669159428185e-02
2.999999999999999732e-08 3.269115972495023614e-02
