0.000000000000000000e+00 9.999999999999995559e-01
1.003344481605351029e-10 6.920638845878219758e-01
2.006688963210702059e-10 4.811689411503217162e-01
3.010033444816052959e-10 3.618699051460669835e-01
4.013377926421404118e-10 2.685902157425249515e-01
5.016722408026755277e-10 1.930376955805033212e-01
6.020066889632105918e-10 9.495275964373547928e-02
7.023411371237457594e-10 6.340870032259385281e-02
8.026755852842808236e-10 3.077286265956414094e-02
9.030100334448158877e-10 1.195008192218213056e-02
1.003344481605351055e-09 -2.035424367291795850e-02
1.103678929765886223e-09 -1.287057449117686922e-02
1.204013377926421184e-09 -1.338544215225051341e-02
1.304347826086956351e-09 -5.186270876340950964e-03
1.404682274247491519e-09 -1.020265767888850657e-02
1.505016722408026480e-09 3.663414933900837559e-03
1.605351170568561647e-09 9.454669304771866345e-03
1.705685618729096815e-09 2.184870062506429761e-02
1.806020066889631775e-09 2.076219066546725750e-02
1.906354515050166943e-09 1.981439937878114177e-02
2.006688963210702111e-09 1.772769076309936923e-02
2.107023411371237278e-09 2.276153025291784843e-02
2.207357859531772446e-09 2.301189936341565406e-02
2.307692307692307200e-09 1.945920884362397490e-02
2.408026755852842367e-09 1.952830028345654834e-02
2.508361204013377535e-09 2.085089683878647501e-02
2.608695652173912702e-09 2.797996164812401737e-02
2.709030100334447870e-09 3.079087450143892790e-02
2.809364548494983038e-09 3.446260460284188143e-02
2.909698996655517792e-09 3.163451272592552460e-02
3.010033444816052959e-09 3.357362295608834479e-02
3.110367892976588127e-09 2.990243596116179056e-02
3.210702341137123294e-09 2.853009637335665941e-02
3.311036789297658462e-09 2.026446274454916929e-02
3.411371237458193629e-09 2.008743307038528617e-02
3.511705685618728797e-09 1.180910501424962608e-02
3.612040133779263551e-09 5.454998369763453328e-03
3.712374581939798719e-09 -5.867631332957034228e-03
3.812709030100333886e-09 -5.883336854860232376e-03
3.913043478260868640e-09 -9.598656111849441716e-03
4.013377926421404221e-09 -9.847097953997616115e-03
4.113712374581938975e-09 -9.592710626972780069e-03
4.214046822742474556e-09 8.919654964653636001e-04
4.314381270903009310e-09 6.350328493115125691e-03
4.414715719063544892e-09 7.965322297547247632e-03
4.515050167224079646e-09 7.852662984107592128e-03
4.615384615384614399e-09 9.023470073565714733e-03
4.715719063545149981e-09 6.692905758228106031e-03
4.816053511705684735e-09 6.792966485649266570e-03
4.916387959866220316e-09 6.166703334713737571e-03
5.016722408026755070e-09 3.340303020790828456e-03
5.117056856187290651e-09 4.654512042034799658e-03
5.217391304347825405e-09 6.766865101713749782e-03
5.317725752508360159e-09 1.444453326531864971e-02
5.418060200668895740e-09 1.293827911193536073e-02
5.518394648829430494e-09 1.231853463424905336e-02
5.618729096989966075e-09 1.057230088220484712e-02
5.719063545150500829e-09 1.400364062413518747e-02
5.819397993311035583e-09 1.053818394647603081e-02
5.919732441471571164e-09 1.098599601548810346e-02
6.020066889632105918e-09 1.089023218298455081e-02
6.120401337792641499e-09 6.192603395332623925e-03
6.220735785953176253e-09 2.505593537784214266e-03
6.321070234113711835e-09 2.572274534294511673e-03
6.421404682274246589e-09 1.976036963473296829e-03
6.521739130434781343e-09 3.876723073343731583e-04
6.622073578595316924e-09 -1.491324442826514208e-03
6.722408026755851678e-09 2.143888249290252981e-04
6.822742474916387259e-09 2.036169290851451864e-04
6.923076923076922013e-09 1.704890183100091000e-03
7.023411371237457594e-09 1.150338254623557363e-03
7.123745819397992348e-09 -1.082837985504291143e-03
7.224080267558527102e-09 4.112971153719089962e-04
7.324414715719062683e-09 -1.997968661626014098e-04
7.424749163879597437e-09 4.808374023816255199e-03
7.525083612040133018e-09 5.493673087062711340e-03
7.625418060200667772e-09 7.595733479957544540e-03
7.725752508361202526e-09 9.382454017516004413e-03
7.826086956521737280e-09 1.394063669275776712e-02
7.926421404682273689e-09 1.050639592050287702e-02
8.026755852842808442e-09 1.227479166556139610e-02
8.127090301003343196e-09 1.090671795092888058e-02
8.227424749163877950e-09 1.224100968020568753e-02
8.327759197324414359e-09 1.544381170639958292e-02
8.428093645484949113e-09 1.349615629228276617e-02
8.528428093645483867e-09 1.449144118888870403e-02
8.628762541806018621e-09 1.438135589535950373e-02
8.729096989966553375e-09 1.473356138490558749e-02
8.829431438127089783e-09 1.316414952335747020e-02
8.929765886287624537e-09 1.069869320955960795e-02
9.030100334448159291e-09 5.352424198843822208e-03
9.130434782608694045e-09 7.969414285522419261e-03
9.230769230769228799e-09 5.456930073830316454e-03
9.331103678929765207e-09 1.979913933039026928e-03
9.431438127090299961e-09 -1.020798556291767920e-03
9.531772575250834715e-09 1.750229313648718824e-04
9.632107023411369469e-09 3.378024071208306483e-04
9.732441471571904223e-09 -1.237778926053509192e-03
9.832775919732440632e-09 -7.580597446659799758e-04
9.933110367892975386e-09 1.169278161724616929e-03
1.003344481605351014e-08 7.199604969457804038e-03
1.013377926421404489e-08 9.035092521071225874e-03
1.023411371237458130e-08 5.915142599512998242e-03
1.033444816053511606e-08 6.761710871767290069e-03
1.043478260869565081e-08 4.195818290774155218e-03
1.053511705685618556e-08 5.393631780755685223e-03
1.063545150501672032e-08 1.198515091098515534e-02
1.073578595317725673e-08 1.660050606039865928e-02
1.083612040133779148e-08 9.426174857156098541e-03
1.093645484949832623e-08 1.124011129103302462e-02
1.103678929765886099e-08 1.409353384228832773e-02
1.113712374581939574e-08 9.052349373053089621e-03
1.123745819397993215e-08 6.912430503937984014e-03
1.133779264214046690e-08 3.817316424410225565e-03
1.143812709030100166e-08 2.826310325497352442e-03
1.153846153846153641e-08 5.513895550481037050e-03
1.163879598662207117e-08 9.308251236080871890e-03
1.173913043478260757e-08 5.626025903567323169e-03
1.183946488294314233e-08 2.489864675196405783e-03
1.193979933110367708e-08 5.652296356128234771e-03
1.204013377926421184e-08 4.902222010580150821e-03
1.214046822742474824e-08 1.844983570663132543e-03
1.224080267558528300e-08 3.269761750847305273e-03
1.234113712374581775e-08 -8.871206150639578038e-04
1.244147157190635251e-08 4.408192483103528549e-03
1.254180602006688726e-08 5.032799486611052794e-03
1.264214046822742367e-08 1.115488029035589974e-02
1.274247491638795842e-08 1.400858077623543668e-02
1.284280936454849318e-08 2.988045596861281256e-03
1.294314381270902793e-08 2.880796004476031229e-03
1.304347826086956269e-08 5.796108597936316248e-03
1.314381270903009909e-08 4.119801244738377326e-03
1.324414715719063385e-08 4.244297855238307431e-03
1.334448160535116860e-08 4.964839774708622311e-03
1.344481605351170336e-08 4.335244793618799400e-03
1.354515050167223811e-08 1.081656691090037911e-02
1.364548494983277452e-08 7.846100677933939838e-03
1.374581939799330927e-08 9.080397464247590492e-03
1.384615384615384403e-08 4.882458810043576597e-03
1.394648829431437878e-08 2.865861397320198806e-03
1.404682274247491519e-08 8.408360648698898557e-03
1.414715719063544994e-08 1.121398191179515634e-02
1.424749163879598470e-08 9.209614668033844903e-03
1.434782608695651945e-08 9.571172047997150711e-03
1.444816053511705420e-08 7.091821436181657522e-03
1.454849498327759061e-08 5.934206057764290776e-03
1.464882943143812537e-08 6.628567512172511139e-03
1.474916387959866012e-08 3.562481042357453637e-03
1.484949832775919487e-08 4.365447439295433094e-03
1.494983277591973128e-08 6.211307494419226159e-03
1.505016722408026604e-08 7.050800234543930581e-03
1.515050167224080079e-08 8.551770901055046753e-03
1.525083612040133554e-08 5.352678920730625893e-03
1.535117056856187030e-08 4.368736673719536556e-03
1.545150501672240505e-08 3.369279525947412555e-03
1.555183946488293981e-08 3.565604615034348966e-03
1.565217391304347456e-08 3.533088213686701347e-03
1.575250836120401262e-08 -3.575166033901437277e-04
1.585284280936454738e-08 9.070041110634332899e-04
1.595317725752508213e-08 8.985969942326916052e-05
1.605351170568561688e-08 -9.349626847619980918e-05
1.615384615384615164e-08 2.333160646787447740e-03
1.625418060200668639e-08 6.561535796117220175e-03
1.635451505016722115e-08 7.015441447500681341e-03
1.645484949832775590e-08 7.916660380536745187e-03
1.655518394648829065e-08 1.072420652522284960e-02
1.665551839464882872e-08 1.248624399537161603e-02
1.675585284280936347e-08 1.229298286601846271e-02
1.685618729096989823e-08 9.923202007497220617e-03
1.695652173913043298e-08 6.324472629825186182e-03
1.705685618729096773e-08 5.113867857522897548e-03
1.715719063545150249e-08 5.876046821461252539e-03
1.725752508361203724e-08 7.657992334845717744e-03
1.735785953177257200e-08 1.077377360059865105e-02
1.745819397993310675e-08 3.768792067897737321e-03
1.755852842809364150e-08 5.038125303770487132e-03
1.765886287625417957e-08 2.460590267885352268e-03
1.775919732441471432e-08 5.943284160310183598e-03
1.785953177257524907e-08 1.903541589055504591e-03
1.795986622073578383e-08 -4.796174345901528177e-05
1.806020066889631858e-08 6.227233116534655610e-03
1.816053511705685334e-08 3.703918346945488018e-03
1.826086956521738809e-08 7.739720896093892077e-03
1.836120401337792284e-08 8.429746692357150892e-03
1.846153846153845760e-08 2.043811681237463120e-03
1.856187290969899566e-08 3.020088960833307214e-03
1.866220735785953041e-08 5.772346336397422319e-03
1.876254180602006517e-08 5.149477357373330975e-03
1.886287625418059992e-08 4.378924863895367753e-03
1.896321070234113468e-08 1.010308075501288767e-02
1.906354515050166943e-08 1.029932834222467217e-02
1.916387959866220418e-08 1.146234774381458925e-02
1.926421404682273894e-08 1.162402284531006101e-02
1.936454849498327369e-08 1.528340286567251086e-02
1.946488294314380845e-08 1.617859135154152417e-02
1.956521739130434651e-08 1.007034051325655065e-02
1.966555183946488126e-08 5.274840750781873561e-03
1.976588628762541602e-08 9.718376279248304092e-03
1.986622073578595077e-08 8.118176704980295880e-03
1.996655518394648553e-08 5.823225326989590368e-03
2.006688963210702028e-08 7.448530633815271182e-03
2.016722408026755503e-08 1.128808265714427439e-02
2.026755852842808979e-08 6.560808718202235101e-03
2.036789297658862454e-08 3.812502810063947076e-03
2.046822742474916260e-08 7.708704548759388007e-03
2.056856187290969736e-08 6.788096988227326767e-03
2.066889632107023211e-08 8.336616426546938213e-03
2.076923076923076687e-08 8.954925859124255108e-03
2.086956521739130162e-08 9.249671123598736389e-03
2.096989966555183637e-08 1.426102923109843351e-02
2.107023411371237113e-08 1.033839292073220582e-02
2.117056856187290588e-08 7.476322902871188926e-03
2.127090301003344064e-08 8.979324436339216828e-03
2.137123745819397539e-08 7.205253513068143531e-03
2.147157190635451345e-08 6.847817863016209677e-03
2.157190635451504821e-08 8.394470159264645973e-03
2.167224080267558296e-08 1.207886127146435076e-02
2.177257525083611771e-08 8.714443483147879879e-03
2.187290969899665247e-08 6.417647516449001902e-03
2.197324414715718722e-08 9.535298310414245734e-03
2.207357859531772198e-08 5.899457179475494674e-03
2.217391304347825673e-08 6.875405340956701472e-03
2.227424749163879148e-08 1.062726242416858410e-02
2.237458193979932955e-08 8.840686291329575425e-03
2.247491638795986430e-08 7.940156731326190875e-03
2.257525083612039905e-08 8.904655521882373290e-03
2.267558528428093381e-08 9.647920060668670542e-03
2.277591973244146856e-08 4.227557349811928399e-03
2.287625418060200332e-08 7.422716220320252703e-03
2.297658862876253807e-08 8.362936785586702962e-03
2.307692307692307282e-08 1.284757863999060317e-03
2.317725752508360758e-08 4.869281425723494261e-03
2.327759197324414233e-08 -1.166865123038646115e-03
2.337792642140468040e-08 -3.492337225667168851e-03
2.347826086956521515e-08 -2.529495749971846438e-03
2.357859531772574990e-08 -3.881282195539274013e-05
2.367892976588628466e-08 3.490656389286108958e-03
2.377926421404681941e-08 4.542247750261428629e-03
2.387959866220735417e-08 3.013920198645977499e-03
2.397993311036788892e-08 6.608089783408313198e-03
2.408026755852842367e-08 9.692689367652017329e-03
2.418060200668895843e-08 6.980540581879993330e-03
2.428093645484949649e-08 1.066968228317462589e-02
2.438127090301003124e-08 1.176634669888507179e-02
2.448160535117056600e-08 7.882046982146851885e-03
2.458193979933110075e-08 5.885433112552397768e-03
2.468227424749163551e-08 7.079746249735300624e-03
2.478260869565217026e-08 9.180167589035535120e-03
2.488294314381270501e-08 1.095760137088064821e-02
2.498327759197323977e-08 1.094821206609917531e-02
2.508361204013377452e-08 9.270211264891751318e-03
2.518394648829430928e-08 1.038167572682171733e-02
2.528428093645484734e-08 6.577750541970610147e-03
2.538461538461538209e-08 6.946918865330063524e-03
2.548494983277591685e-08 7.161205132469952023e-03
2.558528428093645160e-08 1.035424285040454327e-02
2.568561872909698635e-08 1.283245458407077620e-02
2.578595317725752111e-08 7.525192808333245817e-03
2.588628762541805586e-08 6.139507275391730898e-03
2.598662207357859062e-08 6.092958130320440951e-03
2.608695652173912537e-08 4.775578958753321467e-03
2.618729096989966343e-08 5.950997952745428095e-03
2.628762541806019819e-08 1.019751542908921282e-02
2.638795986622073294e-08 8.372920282658010555e-03
2.648829431438126769e-08 8.690984985245816044e-03
2.658862876254180245e-08 9.492344600827706813e-03
2.668896321070233720e-08 1.269036732373244811e-02
2.678929765886287196e-08 9.478336131301418055e-03
2.688963210702340671e-08 6.407227310857848725e-03
2.698996655518394146e-08 1.048882432183261861e-02
2.709030100334447622e-08 8.649372245740357540e-03
2.719063545150501428e-08 8.169494288726221118e-03
2.729096989966554904e-08 9.281943267153328070e-03
2.739130434782608379e-08 8.526258779148230410e-03
2.749163879598661854e-08 3.770148394155859936e-03
2.759197324414715330e-08 3.112525750181880692e-03
2.769230769230768805e-08 4.534994109040215750e-03
2.779264214046822281e-08 6.349476007232278743e-03
2.789297658862875756e-08 5.494774820794534782e-03
2.799331103678929231e-08 6.050564810069779080e-03
2.809364548494983038e-08 7.178797532058521155e-03
2.819397993311036513e-08 7.327575155770427173e-03
2.829431438127089988e-08 4.587062283900334055e-03
2.839464882943143464e-08 7.245372784332510321e-03
2.849498327759196939e-08 5.496239097085591288e-03
2.859531772575250415e-08 4.438026156617313166e-03
2.869565217391303890e-08 8.514107755368068367e-03
2.879598662207357365e-08 7.409408051723110310e-03
2.889632107023410841e-08 6.646947558152123750e-03
2.899665551839464316e-08 1.209632001294400593e-02
2.909698996655518122e-08 1.318732209567561806e-02
2.919732441471571598e-08 1.313843190875873396e-02
2.929765886287625073e-08 1.207846729223307873e-02
2.939799331103678549e-08 1.013625735109683311e-02
2.949832775919732024e-08 8.404146474386782820e-03
2.959866220735785499e-08 7.763169495811953445e-03
2.969899665551838975e-08 8.673781715079076013e-03
2.979933110367892450e-08 1.295851883252964985e-02
2.989966555183946256e-08 1.581454484894258619e-02
2.999999999999999732e-08 1.651989663955484577e-02
