0.000000000000000000e+00 9.999999999999995559e-01
1.003344481605351029e-10 9.999532032668020376e-01
2.006688963210702059e-10 9.998128398056073118e-01
3.010033444816052959e-10 9.995789898058242695e-01
4.013377926421404118e-10 9.992517868305559325e-01
5.016722408026755277e-10 9.988314176878437811e-01
6.020066889632105918e-10 9.983181222506449792e-01
7.023411371237457594e-10 9.977121932257658754e-01
8.026755852842808236e-10 9.970139758720532042e-01
9.030100334448158877e-10 9.962238676682009242e-01
1.003344481605351055e-09 9.953423179305946888e-01
1.103678929765886223e-09 9.943698273816895528e-01
1.204013377926421184e-09 9.933069476694629252e-01
1.304347826086956351e-09 9.921542808385632739e-01
1.404682274247491519e-09 9.909124787538245993e-01
1.505016722408026480e-09 9.895822424768802028e-01
1.605351170568561647e-09 9.881643215966765537e-01
1.705685618729096815e-09 9.866595135147232520e-01
1.806020066889631775e-09 9.850686626860031270e-01
1.906354515050166943e-09 9.833926598164943744e-01
2.006688963210702111e-09 9.816324410183204785e-01
2.107023411371237278e-09 9.797889869236036109e-01
2.207357859531772446e-09 9.778633217581296222e-01
2.307692307692307200e-09 9.758565123760040150e-01
2.408026755852842367e-09 9.737696672564992717e-01
2.508361204013377535e-09 9.716039354643646320e-01
2.608695652173912702e-09 9.693605055748947263e-01
2.709030100334447870e-09 9.670406045651039895e-01
2.809364548494983038e-09 9.646454966723868596e-01
2.909698996655517792e-09 9.621764822220885138e-01
3.010033444816052959e-09 9.596348964254380887e-01
3.110367892976588127e-09 9.570221081493358595e-01
3.210702341137123294e-09 9.543395186595123869e-01
3.311036789297658462e-09 9.515885603386061709e-01
3.411371237458193629e-09 9.487706953807374388e-01
3.511705685618728797e-09 9.458874144641713499e-01
3.612040133779263551e-09 9.429402354036947598e-01
3.712374581939798719e-09 9.399307017843406831e-01
3.812709030100333886e-09 9.368603815781173516e-01
3.913043478260868640e-09 9.337308657454139738e-01
4.013377926421404221e-09 9.305437668227583003e-01
4.113712374581938975e-09 9.273007174986223067e-01
4.214046822742474556e-09 9.240033691789719672e-01
4.314381270903009310e-09 9.206533905442600974e-01
4.414715719063544892e-09 9.172524660995710066e-01
4.515050167224079646e-09 9.138022947196176027e-01
4.615384615384614399e-09 9.103045881902913639e-01
4.715719063545149981e-09 9.067610697484645987e-01
4.816053511705684735e-09 9.031734726217257592e-01
4.916387959866220316e-09 8.995435385697322372e-01
5.016722408026755070e-09 8.958730164288427611e-01
5.117056856187290651e-09 8.921636606616776266e-01
5.217391304347825405e-09 8.884172299132468975e-01
5.317725752508360159e-09 8.846354855752512902e-01
5.418060200668895740e-09 8.808201903601557969e-01
5.518394648829430494e-09 8.769731068866014612e-01
5.618729096989966075e-09 8.730959962776979610e-01
5.719063545150500829e-09 8.691906167737133426e-01
5.819397993311035583e-09 8.652587223606429401e-01
5.919732441471571164e-09 8.613020614161149835e-01
6.020066889632105918e-09 8.573223753740476516e-01
6.120401337792641499e-09 8.533213974094427945e-01
6.220735785953176253e-09 8.493008511446622499e-01
6.321070234113711835e-09 8.452624493784942628e-01
6.421404682274246589e-09 8.412078928392734412e-01
6.521739130434781343e-09 8.371388689632812685e-01
6.622073578595316924e-09 8.330570506996035629e-01
6.722408026755851678e-09 8.289640953425810865e-01
6.822742474916387259e-09 8.248616433929414349e-01
6.923076923076922013e-09 8.207513174486495977e-01
7.023411371237457594e-09 8.166347211264717298e-01
7.123745819397992348e-09 8.125134380151886049e-01
7.224080267558527102e-09 8.083890306613519261e-01
7.324414715719062683e-09 8.042630395884191596e-01
7.424749163879597437e-09 8.001369823500514844e-01
7.525083612040133018e-09 7.960123526183057185e-01
7.625418060200667772e-09 7.918906193073987909e-01
7.725752508361202526e-09 7.877732257336640398e-01
7.826086956521737280e-09 7.836615888122677731e-01
7.926421404682273689e-09 7.795570982911976810e-01
8.026755852842808442e-09 7.754611160229750721e-01
8.127090301003343196e-09 7.713749752744943899e-01
8.227424749163877950e-09 7.672999800753294020e-01
8.327759197324414359e-09 7.632374046047947225e-01
8.428093645484949113e-09 7.591884926179908177e-01
8.528428093645483867e-09 7.551544569110116845e-01
8.628762541806018621e-09 7.511364788254264457e-01
8.729096989966553375e-09 7.471357077921085832e-01
8.829431438127089783e-09 7.431532609144106960e-01
8.929765886287624537e-09 7.391902225906484825e-01
9.030100334448159291e-09 7.352476441757869186e-01
9.130434782608694045e-09 7.313265436821819732e-01
9.230769230769228799e-09 7.274279055191696930e-01
9.331103678929765207e-09 7.235526802712469729e-01
9.431438127090299961e-09 7.197017845145373682e-01
9.531772575250834715e-09 7.158761006711870101e-01
9.632107023411369469e-09 7.120764769012823958e-01
9.732441471571904223e-09 7.083037270318428558e-01
9.832775919732440632e-09 7.045586305223844326e-01
9.933110367892975386e-09 7.008419324665164929e-01
1.003344481605351014e-08 6.971543436289809881e-01
1.013377926421404489e-08 6.934965405175099740e-01
1.023411371237458130e-08 6.898691654888279290e-01
1.033444816053511606e-08 6.862728268880941007e-01
1.043478260869565081e-08 6.827080992210367016e-01
1.053511705685618556e-08 6.791755233580002438e-01
1.063545150501672032e-08 6.756756067690863343e-01
1.073578595317725673e-08 6.722088237895414986e-01
1.083612040133779148e-08 6.687756159145155088e-01
1.093645484949832623e-08 6.653763921222755062e-01
1.103678929765886099e-08 6.620115292249461048e-01
1.113712374581939574e-08 6.586813722458111364e-01
1.123745819397993215e-08 6.553862348221944911e-01
1.133779264214046690e-08 6.521263996329130785e-01
1.143812709030100166e-08 6.489021188492736236e-01
1.153846153846153641e-08 6.457136146085762363e-01
1.163879598662207117e-08 6.425610795090541671e-01
1.173913043478260757e-08 6.394446771251880435e-01
1.183946488294314233e-08 6.363645425422986834e-01
1.193979933110367708e-08 6.333207829093282504e-01
1.204013377926421184e-08 6.303134780087034095e-01
1.214046822742474824e-08 6.273426808421701528e-01
1.224080267558528300e-08 6.244084182314867393e-01
1.234113712374581775e-08 6.215106914328538679e-01
1.244147157190635251e-08 6.186494767639697523e-01
1.254180602006688726e-08 6.158247262425869950e-01
1.264214046822742367e-08 6.130363682354638133e-01
1.274247491638795842e-08 6.102843081165978401e-01
1.284280936454849318e-08 6.075684289336396038e-01
1.294314381270902793e-08 6.048885920813971140e-01
1.304347826086956269e-08 6.022446379813429784e-01
1.314381270903009909e-08 5.996363867660577940e-01
1.324414715719063385e-08 5.970636389675491040e-01
1.334448160535116860e-08 5.945261762084050883e-01
1.344481605351170336e-08 5.920237618947578051e-01
1.354515050167223811e-08 5.895561419100467937e-01
1.364548494983277452e-08 5.871230453085973799e-01
1.374581939799330927e-08 5.847241850080475700e-01
1.384615384615384403e-08 5.823592584796758453e-01
1.394648829431437878e-08 5.800279484357141468e-01
1.404682274247491519e-08 5.777299235127498767e-01
1.414715719063544994e-08 5.754648389503432826e-01
1.424749163879598470e-08 5.732323372640257819e-01
1.434782608695651945e-08 5.710320489118594356e-01
1.444816053511705420e-08 5.688635929537777525e-01
1.454849498327759061e-08 5.667265777029509843e-01
1.464882943143812537e-08 5.646206013684552660e-01
1.474916387959866012e-08 5.625452526885542648e-01
1.484949832775919487e-08 5.605001115539335332e-01
1.494983277591973128e-08 5.584847496202647310e-01
1.505016722408026604e-08 5.564987309095078549e-01
1.515050167224080079e-08 5.545416123993938129e-01
1.525083612040133554e-08 5.526129446005664247e-01
1.535117056856187030e-08 5.507122721208957961e-01
1.545150501672240505e-08 5.488391342165130915e-01
1.555183946488293981e-08 5.469930653291492639e-01
1.565217391304347456e-08 5.451735956093983759e-01
1.575250836120401262e-08 5.433802514255617888e-01
1.585284280936454738e-08 5.416125558577641330e-01
1.595317725752508213e-08 5.398700291770686110e-01
1.605351170568561688e-08 5.381521893093558218e-01
1.615384615384615164e-08 5.364585522837634901e-01
1.625418060200668639e-08 5.347886326655214573e-01
1.635451505016722115e-08 5.331419439730527010e-01
1.645484949832775590e-08 5.315179990792391340e-01
1.655518394648829065e-08 5.299163105967953369e-01
1.665551839464882872e-08 5.283363912477165858e-01
1.675585284280936347e-08 5.267777542168085025e-01
1.685618729096989823e-08 5.252399134893310784e-01
1.695652173913043298e-08 5.237223841728286811e-01
1.705685618729096773e-08 5.222246828032417465e-01
1.715719063545150249e-08 5.207463276354321602e-01
1.725752508361203724e-08 5.192868389182768718e-01
1.735785953177257200e-08 5.178457391545195909e-01
1.745819397993310675e-08 5.164225533455921724e-01
1.755852842809364150e-08 5.150168092216479421e-01
1.765886287625417957e-08 5.136280374570707519e-01
1.775919732441471432e-08 5.122557718717520858e-01
1.785953177257524907e-08 5.108995496184468577e-01
1.795986622073578383e-08 5.095589113565468509e-01
1.806020066889631858e-08 5.082334014126245192e-01
1.816053511705685334e-08 5.069225679281261776e-01
1.826086956521738809e-08 5.056259629946074918e-01
1.836120401337792284e-08 5.043431427769244912e-01
1.846153846153845760e-08 5.030736676248059869e-01
1.856187290969899566e-08 5.018171021732533710e-01
1.866220735785953041e-08 5.005730154322204362e-01
1.876254180602006517e-08 4.993409808660442262e-01
1.886287625418059992e-08 4.981205764631039257e-01
1.896321070234113468e-08 4.969113847961981745e-01
1.906354515050166943e-08 4.957129930741357438e-01
1.916387959866220418e-08 4.945249931850448921e-01
1.926421404682273894e-08 4.933469817319084960e-01
1.936454849498327369e-08 4.921785600608407085e-01
1.946488294314380845e-08 4.910193342826184582e-01
1.956521739130434651e-08 4.898689152879882602e-01
1.966555183946488126e-08 4.887269187572632623e-01
1.976588628762541602e-08 4.875929651647311625e-01
1.986622073578595077e-08 4.864666797783837593e-01
1.996655518394648553e-08 4.853476926554827764e-01
2.006688963210702028e-08 4.842356386344655594e-01
2.016722408026755503e-08 4.831301573236939095e-01
2.026755852842808979e-08 4.820308930875376596e-01
2.036789297658862454e-08 4.809374950302780505e-01
2.046822742474916260e-08 4.798496169783089127e-01
2.056856187290969736e-08 4.787669174610995060e-01
2.066889632107023211e-08 4.776890596913728748e-01
2.076923076923076687e-08 4.766157115449436987e-01
2.086956521739130162e-08 4.755465455406408526e-01
2.096989966555183637e-08 4.744812388207318987e-01
2.107023411371237113e-08 4.734194731322457494e-01
2.117056856187290588e-08 4.723609348095784699e-01
2.127090301003344064e-08 4.713053147587468739e-01
2.137123745819397539e-08 4.702523084436388001e-01
2.147157190635451345e-08 4.692016158745917487e-01
2.157190635451504821e-08 4.681529415996087407e-01
2.167224080267558296e-08 4.671059946985065547e-01
2.177257525083611771e-08 4.660604887802656249e-01
2.187290969899665247e-08 4.650161419838351184e-01
2.197324414715718722e-08 4.639726769826231778e-01
2.207357859531772198e-08 4.629298209928808250e-01
2.217391304347825673e-08 4.618873057861690445e-01
2.227424749163879148e-08 4.608448677060735243e-01
2.237458193979932955e-08 4.598022476893098287e-01
2.247491638795986430e-08 4.587591912913447367e-01
2.257525083612039905e-08 4.577154487166251173e-01
2.267558528428093381e-08 4.566707748534993283e-01
2.277591973244146856e-08 4.556249293138782130e-01
2.287625418060200332e-08 4.545776764776711110e-01
2.297658862876253807e-08 4.535287855420047087e-01
2.307692307692307282e-08 4.524780305752115206e-01
2.317725752508360758e-08 4.514251905755536920e-01
2.327759197324414233e-08 4.503700495346240062e-01
2.337792642140468040e-08 4.493123965053480440e-01
2.347826086956521515e-08 4.482520256744854659e-01
2.357859531772574990e-08 4.471887364395122910e-01
2.367892976588628466e-08 4.461223334897427284e-01
2.377926421404681941e-08 4.450526268915309114e-01
2.387959866220735417e-08 4.439794321773744556e-01
2.397993311036788892e-08 4.429025704387179463e-01
2.408026755852842367e-08 4.418218684222451342e-01
2.418060200668895843e-08 4.407371586294230870e-01
2.428093645484949649e-08 4.396482794190490484e-01
2.438127090301003124e-08 4.385550751125345537e-01
2.448160535117056600e-08 4.374573961016436363e-01
2.458193979933110075e-08 4.363550989583923068e-01
2.468227424749163551e-08 4.352480465467969406e-01
2.478260869565217026e-08 4.341361081361512220e-01
2.488294314381270501e-08 4.330191595154972983e-01
2.498327759197323977e-08 4.318970831089468110e-01
2.508361204013377452e-08 4.307697680914951421e-01
2.518394648829430928e-08 4.296371105049683337e-01
2.528428093645484734e-08 4.284990133737263118e-01
2.538461538461538209e-08 4.273553868197481065e-01
2.548494983277591685e-08 4.262061481767079885e-01
2.558528428093645160e-08 4.250512221026596094e-01
2.568561872909698635e-08 4.238905406909253548e-01
2.578595317725752111e-08 4.227240435788006123e-01
2.588628762541805586e-08 4.215516780536688879e-01
2.598662207357859062e-08 4.203733991561287020e-01
2.608695652173912537e-08 4.191891697797326954e-01
2.618729096989966343e-08 4.179989607669366003e-01
2.628762541806019819e-08 4.168027510008638914e-01
2.638795986622073294e-08 4.156005274924897686e-01
2.648829431438126769e-08 4.143922854628540042e-01
2.658862876254180245e-08 4.131780284199199071e-01
2.668896321070233720e-08 4.119577682296957089e-01
2.678929765886287196e-08 4.107315251812532764e-01
2.688963210702340671e-08 4.094993280452715601e-01
2.698996655518394146e-08 4.082612141257572769e-01
2.709030100334447622e-08 4.070172293045937195e-01
2.719063545150501428e-08 4.057674280785828480e-01
2.729096989966554904e-08 4.045118735886600869e-01
2.739130434782608379e-08 4.032506376409689119e-01
2.749163879598661854e-08 4.019838007195006835e-01
2.759197324414715330e-08 4.007114519900131788e-01
2.769230769230768805e-08 3.994336892949623685e-01
2.779264214046822281e-08 3.981506191391926963e-01
2.789297658862875756e-08 3.968623566661506619e-01
2.799331103678929231e-08 3.955690256243996616e-01
2.809364548494983038e-08 3.942707583242356373e-01
2.819397993311036513e-08 3.929676955842180686e-01
2.829431438127089988e-08 3.916599866674501662e-01
2.839464882943143464e-08 3.903477892074617150e-01
2.849498327759196939e-08 3.890312691235673359e-01
2.859531772575250415e-08 3.877106005255911425e-01
2.869565217391303890e-08 3.863859656078730831e-01
2.879598662207357365e-08 3.850575545324870230e-01
2.889632107023410841e-08 3.837255653016269363e-01
2.899665551839464316e-08 3.823902036191356713e-01
2.909698996655518122e-08 3.810516827411710161e-01
2.919732441471571598e-08 3.797102233160309370e-01
2.929765886287625073e-08 3.783660532131712939e-01
2.939799331103678549e-08 3.770194073414830926e-01
2.949832775919732024e-08 3.756705274569073216e-01
2.959866220735785499e-08 3.743196619594911789e-01
2.969899665551838975e-08 3.729670656800154749e-01
2.979933110367892450e-08 3.716129996563343196e-01
2.989966555183946256e-08 3.702577308995971817e-01
2.999999999999999732e-08 3.689015321505435541e-01
