0.000000000000000000e+00 9.999999999999995559e-01
1.003344481605351029e-10 9.954271014357611858e-01
2.006688963210702059e-10 9.819621115607759521e-01
3.010033444816052959e-10 9.603424989603113193e-01
4.013377926421404118e-10 9.317214674436155031e-01
5.016722408026755277e-10 8.975638784093353806e-01
6.020066889632105918e-10 8.595186453533113502e-01
7.023411371237457594e-10 8.192825108247595578e-01
8.026755852842808236e-10 7.784703999048699918e-01
9.030100334448158877e-10 7.385057591937319588e-01
1.003344481605351055e-09 7.005407921122381865e-01
1.103678929765886223e-09 6.654118985417719623e-01
1.204013377926421184e-09 6.336306721291586896e-01
1.304347826086956351e-09 6.054062692934687462e-01
1.404682274247491519e-09 5.806914945443523157e-01
1.505016722408026480e-09 5.592429856230231033e-01
1.605351170568561647e-09 5.406855901578740964e-01
1.705685618729096815e-09 5.245722758333000169e-01
1.806020066889631775e-09 5.104333334249609999e-01
1.906354515050166943e-09 4.978116750938157975e-01
2.006688963210702111e-09 4.862840980134829350e-01
2.107023411371237278e-09 4.754709261938808718e-01
2.207357859531772446e-09 4.650380585727197924e-01
2.307692307692307200e-09 4.546959461071302111e-01
2.408026755852842367e-09 4.441994319199453201e-01
2.508361204013377535e-09 4.333509603617156092e-01
2.608695652173912702e-09 4.220077826575022173e-01
2.709030100334447870e-09 4.100919089210469659e-01
2.809364548494983038e-09 3.976000982028815023e-01
2.909698996655517792e-09 3.846104479127914200e-01
3.010033444816052959e-09 3.712822832307646759e-01
3.110367892976588127e-09 3.578470118773385278e-01
3.210702341137123294e-09 3.445891872134070333e-01
3.311036789297658462e-09 3.318188812941340604e-01
3.411371237458193629e-09 3.198382285761428578e-01
3.511705685618728797e-09 3.089063076306257649e-01
3.612040133779263551e-09 2.992071252688174310e-01
3.712374581939798719e-09 2.908252397986009763e-01
3.812709030100333886e-09 2.837325515187572034e-01
3.913043478260868640e-09 2.777881873904378129e-01
4.013377926421404221e-09 2.727515045834491003e-01
4.113712374581938975e-09 2.683063697131767844e-01
4.214046822742474556e-09 2.640933518895151044e-01
4.314381270903009310e-09 2.597455351626258291e-01
4.414715719063544892e-09 2.549234293891163849e-01
4.515050167224079646e-09 2.493449258413274749e-01
4.615384615384614399e-09 2.428072721481133456e-01
4.715719063545149981e-09 2.351994100595863613e-01
4.816053511705684735e-09 2.265044689610331841e-01
4.916387959866220316e-09 2.167934898619308937e-01
5.016722408026755070e-09 2.062123779396718148e-01
5.117056856187290651e-09 1.949645437155056449e-01
5.217391304347825405e-09 1.832916893108166578e-01
5.317725752508360159e-09 1.714548115587808952e-01
5.418060200668895740e-09 1.597168746885163915e-01
5.518394648829430494e-09 1.483279235623848891e-01
5.618729096989966075e-09 1.375128219236730343e-01
5.719063545150500829e-09 1.274614204260971773e-01
5.819397993311035583e-09 1.183208320616524617e-01
5.919732441471571164e-09 1.101895941516608246e-01
6.020066889632105918e-09 1.031137451344912720e-01
6.120401337792641499e-09 9.708512669175181631e-02
6.220735785953176253e-09 9.204242022047458283e-02
6.321070234113711835e-09 8.787545069683774801e-02
6.421404682274246589e-09 8.443309833483123028e-02
6.521739130434781343e-09 8.153476503297457656e-02
6.622073578595316924e-09 7.898481860282442757e-02
6.722408026755851678e-09 7.658889134244922792e-02
6.822742474916387259e-09 7.417046210237798753e-02
6.923076923076922013e-09 7.158590990749445770e-02
7.023411371237457594e-09 6.873626156646998886e-02
7.123745819397992348e-09 6.557418088682662183e-02
7.224080267558527102e-09 6.210532084575177969e-02
7.324414715719062683e-09 5.838389078358528772e-02
7.424749163879597437e-09 5.450305605758437588e-02
7.525083612040133018e-09 5.058145903426566892e-02
7.625418060200667772e-09 4.674761818537320757e-02
7.725752508361202526e-09 4.312415636046125489e-02
7.826086956521737280e-09 3.981371156156658653e-02
7.926421404682273689e-09 3.688802794278470132e-02
8.026755852842808442e-09 3.438118871751072447e-02
8.127090301003343196e-09 3.228733921842941862e-02
8.227424749163877950e-09 3.056266451056696004e-02
8.327759197324414359e-09 2.913092163369582210e-02
8.428093645484949113e-09 2.789153862182269100e-02
8.528428093645483867e-09 2.672919684188046138e-02
8.628762541806018621e-09 2.552388626838943478e-02
8.729096989966553375e-09 2.416061160426692667e-02
8.829431438127089783e-09 2.253816283334182657e-02
8.929765886287624537e-09 2.057658196743716861e-02
9.030100334448159291e-09 1.822311168986536639e-02
9.130434782608694045e-09 1.545648236575238726e-02
9.230769230769228799e-09 1.228939255166628004e-02
9.331103678929765207e-09 8.769000286454442517e-03
9.431438127090299961e-09 4.975216687459278059e-03
9.531772575250834715e-09 1.016626719973139775e-03
9.632107023411369469e-09 -2.976014218860911081e-03
9.732441471571904223e-09 -6.858539538445713665e-03
9.832775919732440632e-09 -1.048392648073765039e-02
9.933110367892975386e-09 -1.371387313463171172e-02
1.003344481605351014e-08 -1.643035322646058810e-02
1.013377926421404489e-08 -1.854594386281385038e-02
1.023411371237458130e-08 -2.001172244607181405e-02
1.033444816053511606e-08 -2.082171587840978000e-02
1.043478260869565081e-08 -2.101324694905714469e-02
1.053511705685618556e-08 -2.066301319988702798e-02
1.063545150501672032e-08 -1.987927847426089467e-02
1.073578595317725673e-08 -1.879106838624494333e-02
1.083612040133779148e-08 -1.753565235291685773e-02
1.093645484949832623e-08 -1.624580023212517793e-02
1.103678929765886099e-08 -1.503828704405315089e-02
1.113712374581939574e-08 -1.400488984229546034e-02
1.123745819397993215e-08 -1.320671960629440402e-02
1.133779264214046690e-08 -1.267223044343262009e-02
1.143812709030100166e-08 -1.239873582297024851e-02
1.153846153846153641e-08 -1.235682243940889290e-02
1.163879598662207117e-08 -1.249675388054038126e-02
1.173913043478260757e-08 -1.275583557289128832e-02
1.183946488294314233e-08 -1.306577065772167486e-02
1.193979933110367708e-08 -1.335924065492984612e-02
1.204013377926421184e-08 -1.357523679320192869e-02
1.214046822742474824e-08 -1.366297766972050277e-02
1.224080267558528300e-08 -1.358450990446537221e-02
1.234113712374581775e-08 -1.331625154190765013e-02
1.244147157190635251e-08 -1.284978098332575924e-02
1.254180602006688726e-08 -1.219210537644177354e-02
1.264214046822742367e-08 -1.136549668572572544e-02
1.274247491638795842e-08 -1.040681374530099887e-02
1.284280936454849318e-08 -9.366091718977693353e-03
1.294314381270902793e-08 -8.304124730564450482e-03
1.304347826086956269e-08 -7.288820587449187927e-03
1.314381270903009909e-08 -6.390268788011410628e-03
1.324414715719063385e-08 -5.674706743372561271e-03
1.334448160535116860e-08 -5.197844429156336411e-03
1.344481605351170336e-08 -4.998252908105718130e-03
1.354515050167223811e-08 -5.091677346573880887e-03
1.364548494983277452e-08 -5.467155071012063869e-03
1.374581939799330927e-08 -6.085683634854031909e-03
1.384615384615384403e-08 -6.881902666531341042e-03
1.394648829431437878e-08 -7.768865446111234557e-03
1.404682274247491519e-08 -8.645542943160245200e-03
1.414715719063544994e-08 -9.406296537940294494e-03
1.424749163879598470e-08 -9.951245280788790712e-03
1.434782608695651945e-08 -1.019629313945223485e-02
1.444816053511705420e-08 -1.008159957792468392e-02
1.454849498327759061e-08 -9.577470954940050032e-03
1.464882943143812537e-08 -8.686989071570868151e-03
1.474916387959866012e-08 -7.445121987259658430e-03
1.484949832775919487e-08 -5.914513361224774633e-03
1.494983277591973128e-08 -4.178551842566232029e-03
1.505016722408026604e-08 -2.332624310439924790e-03
1.515050167224080079e-08 -4.746190614621330350e-04
1.525083612040133554e-08 1.304244727269050080e-03
1.535117056856187030e-08 2.927313992487494930e-03
1.545150501672240505e-08 4.338413222524282152e-03
1.555183946488293981e-08 5.505354105937517936e-03
1.565217391304347456e-08 6.420934474392248244e-03
1.575250836120401262e-08 7.101592934222019510e-03
1.585284280936454738e-08 7.584097478389620166e-03
1.595317725752508213e-08 7.920779071394989934e-03
1.605351170568561688e-08 8.173874545327607100e-03
1.615384615384615164e-08 8.409529546116312551e-03
1.625418060200668639e-08 8.691951640684033448e-03
1.635451505016722115e-08 9.078117748262998568e-03
1.645484949832775590e-08 9.613347291347365889e-03
1.655518394648829065e-08 1.032796489955186553e-02
1.665551839464882872e-08 1.123519869715521036e-02
1.675585284280936347e-08 1.233039043206120636e-02
1.685618729096989823e-08 1.359152671689083450e-02
1.695652173913043298e-08 1.498103111038385366e-02
1.705685618729096773e-08 1.644868226609799006e-02
1.715719063545150249e-08 1.793544626452219654e-02
1.725752508361203724e-08 1.937793875201342803e-02
1.735785953177257200e-08 2.071317519633900789e-02
1.745819397993310675e-08 2.188323657827479299e-02
1.755852842809364150e-08 2.283948173109064117e-02
1.765886287625417957e-08 2.354597959344026381e-02
1.775919732441471432e-08 2.398191139155605653e-02
1.785953177257524907e-08 2.414279421328796929e-02
1.795986622073578383e-08 2.404048891879344979e-02
1.806020066889631858e-08 2.370206063420690970e-02
1.816053511705685334e-08 2.316764498884721357e-02
1.826086956521738809e-08 2.248752871088503802e-02
1.836120401337792284e-08 2.171867712591767779e-02
1.846153846153845760e-08 2.092093856558815274e-02
1.856187290969899566e-08 2.015313715664155195e-02
1.866220735785953041e-08 1.946924365467561299e-02
1.876254180602006517e-08 1.891480010066619658e-02
1.886287625418059992e-08 1.852377427613290106e-02
1.896321070234113468e-08 1.831603312465553482e-02
1.906354515050166943e-08 1.829564184176735511e-02
1.916387959866220418e-08 1.845020282646140861e-02
1.926421404682273894e-08 1.875142966936158007e-02
1.936454849498327369e-08 1.915709197012910314e-02
1.946488294314380845e-08 1.961436041798735735e-02
1.956521739130434651e-08 2.006443226967345381e-02
1.966555183946488126e-08 2.044814101634001222e-02
1.976588628762541602e-08 2.071207691180613000e-02
1.986622073578595077e-08 2.081459964419072467e-02
1.996655518394648553e-08 2.073104342549740228e-02
2.006688963210702028e-08 2.045742407661843565e-02
2.016722408026755503e-08 2.001207026836652678e-02
2.026755852842808979e-08 1.943481275958210130e-02
2.036789297658862454e-08 1.878365380180016531e-02
2.046822742474916260e-08 1.812916556822004310e-02
2.056856187290969736e-08 1.754718310165727380e-02
2.066889632107023211e-08 1.711061338931127787e-02
2.076923076923076687e-08 1.688133417091763899e-02
2.086956521739130162e-08 1.690317538376436349e-02
2.096989966555183637e-08 1.719685485674159187e-02
2.107023411371237113e-08 1.775749290152962845e-02
2.117056856187290588e-08 1.855499353504393850e-02
2.127090301003344064e-08 1.953720393280531514e-02
2.137123745819397539e-08 2.063540551818677030e-02
2.147157190635451345e-08 2.177140365441996087e-02
2.157190635451504821e-08 2.286530954203191968e-02
2.167224080267558296e-08 2.384306961081504583e-02
2.177257525083611771e-08 2.464289379171787780e-02
2.187290969899665247e-08 2.521994214393882480e-02
2.197324414715718722e-08 2.554890992713973810e-02
2.207357859531772198e-08 2.562445545420078546e-02
2.217391304347825673e-08 2.545969363957146375e-02
2.227424749163879148e-08 2.508319005077203068e-02
2.237458193979932955e-08 2.453500944434560543e-02
2.247491638795986430e-08 2.386239174342635189e-02
2.257525083612039905e-08 2.311555814426623223e-02
2.267558528428093381e-08 2.234401630835752134e-02
2.277591973244146856e-08 2.159357082596325556e-02
2.287625418060200332e-08 2.090408894163949677e-02
2.297658862876253807e-08 2.030795157698553691e-02
2.307692307692307282e-08 1.982905423978502044e-02
2.317725752508360758e-08 1.948221560454117818e-02
2.327759197324414233e-08 1.927289374666610669e-02
2.337792642140468040e-08 1.919718101857617598e-02
2.347826086956521515e-08 1.924212288249079611e-02
2.357859531772574990e-08 1.938645896866809243e-02
2.367892976588628466e-08 1.960189791696522604e-02
2.377926421404681941e-08 1.985500325659318027e-02
2.387959866220735417e-08 2.010968967867088689e-02
2.397993311036788892e-08 2.033022239809996815e-02
2.408026755852842367e-08 2.048449918672934009e-02
2.418060200668895843e-08 2.054729996182292143e-02
2.428093645484949649e-08 2.050313465712316416e-02
2.438127090301003124e-08 2.034832123599832412e-02
2.448160535117056600e-08 2.009198649135181258e-02
2.458193979933110075e-08 1.975579586525316039e-02
2.468227424749163551e-08 1.937236827582558898e-02
2.478260869565217026e-08 1.898249473505097401e-02
2.488294314381270501e-08 1.863143018850087554e-02
2.498327759197323977e-08 1.836464385986434286e-02
2.508361204013377452e-08 1.822347821288950592e-02
2.518394648829430928e-08 1.824117307553863379e-02
2.528428093645484734e-08 1.843966159713902875e-02
2.538461538461538209e-08 1.882744891427621386e-02
2.548494983277591685e-08 1.939875879289343699e-02
2.558528428093645160e-08 2.013399659786092519e-02
2.568561872909698635e-08 2.100144628264054986e-02
2.578595317725752111e-08 2.196000863724077712e-02
2.588628762541805586e-08 2.296270654948871781e-02
2.598662207357859062e-08 2.396063383295227861e-02
2.608695652173912537e-08 2.490700597376351369e-02
2.618729096989966343e-08 2.576097969816133412e-02
2.628762541806019819e-08 2.649093820121337095e-02
2.638795986622073294e-08 2.707698530664079395e-02
2.648829431438126769e-08 2.751245121743817190e-02
2.658862876254180245e-08 2.780428276879529439e-02
2.668896321070233720e-08 2.797227084705988104e-02
2.678929765886287196e-08 2.804715510621686239e-02
2.688963210702340671e-08 2.806773789017315626e-02
2.698996655518394146e-08 2.807722952985861400e-02
2.709030100334447622e-08 2.811912762300644575e-02
2.719063545150501428e-08 2.823299354712313636e-02
2.729096989966554904e-08 2.845052024701270887e-02
2.739130434782608379e-08 2.879227818497698613e-02
2.749163879598661854e-08 2.926547715236564595e-02
2.759197324414715330e-08 2.986299185147336943e-02
2.769230769230768805e-08 3.056377633293925339e-02
2.779264214046822281e-08 3.133464965944231240e-02
2.789297658862875756e-08 3.213328959665353451e-02
2.799331103678929231e-08 3.291214108796352428e-02
2.809364548494983038e-08 3.362284854540852769e-02
2.819397993311036513e-08 3.422076804775909392e-02
2.829431438127089988e-08 3.466911349031234768e-02
2.839464882943143464e-08 3.494233845249918730e-02
2.849498327759196939e-08 3.502844507522329814e-02
2.859531772575250415e-08 3.493002935986660312e-02
2.869565217391303890e-08 3.466400298851086276e-02
2.879598662207357365e-08 3.426005893240519767e-02
2.889632107023410841e-08 3.375805813260297078e-02
2.899665551839464316e-08 3.320459802395839266e-02
2.909698996655518122e-08 3.264907626803768836e-02
2.919732441471571598e-08 3.213958508842833239e-02
2.929765886287625073e-08 3.171896685306827696e-02
2.939799331103678549e-08 3.142133553618622899e-02
2.949832775919732024e-08 3.126932689049369968e-02
2.959866220735785499e-08 3.127228667827530034e-02
2.969899665551838975e-08 3.142554334328465093e-02
2.979933110367892450e-08 3.171083966816987815e-02
2.989966555183946256e-08 3.209791737292216895e-02
2.999999999999999732e-08 3.254716037991244038e-02
