0.000000000000000000e+00 9.999999999999995559e-01
1.003344481605351029e-10 7.039204078951000199e-01
2.006688963210702059e-10 4.883378341361369612e-01
3.010033444816052959e-10 3.749770757030236323e-01
4.013377926421404118e-10 2.745154669228665467e-01
5.016722408026755277e-10 2.111686533594891446e-01
6.020066889632105918e-10 1.068825035830696241e-01
7.023411371237457594e-10 7.060273382721998781e-02
8.026755852842808236e-10 3.618221441010890937e-02
9.030100334448158877e-10 2.019797286959475885e-02
1.003344481605351055e-09 -1.395549147664894470e-02
1.103678929765886223e-09 -1.625909829855626612e-02
1.204013377926421184e-09 -1.333180108127430749e-02
1.304347826086956351e-09 -8.508913490330182600e-03
1.404682274247491519e-09 -7.511570051797304692e-03
1.505016722408026480e-09 -4.852892593083833923e-03
1.605351170568561647e-09 7.776969611016161174e-03
1.705685618729096815e-09 1.418748659720033521e-02
1.806020066889631775e-09 2.413607291524021148e-02
1.906354515050166943e-09 1.845304876854202483e-02
2.006688963210702111e-09 2.081404931325720950e-02
2.107023411371237278e-09 1.691494797468320183e-02
2.207357859531772446e-09 2.521032278317196854e-02
2.307692307692307200e-09 2.097776008857636654e-02
2.408026755852842367e-09 2.005919345858349703e-02
2.508361204013377535e-09 1.872876810151869256e-02
2.608695652173912702e-09 2.257109191408284560e-02
2.709030100334447870e-09 2.806195300966765616e-02
2.809364548494983038e-09 3.167562658582488005e-02
2.909698996655517792e-09 3.410013234831452134e-02
3.010033444816052959e-09 3.179731650918917601e-02
3.110367892976588127e-09 3.351177000413857465e-02
3.210702341137123294e-09 2.989567813580654848e-02
3.311036789297658462e-09 2.881863126817172521e-02
3.411371237458193629e-09 2.079825782583438407e-02
3.511705685618728797e-09 2.002035789070909580e-02
3.612040133779263551e-09 1.339470954904927597e-02
3.712374581939798719e-09 6.688552410913676735e-03
3.812709030100333886e-09 -3.991916131616213455e-03
3.913043478260868640e-09 -6.229455518048953623e-03
4.013377926421404221e-09 -8.338715535498055637e-03
4.113712374581938975e-09 -1.016312614247365242e-02
4.214046822742474556e-09 -1.022718616686513898e-02
4.314381270903009310e-09 -3.583673667173982186e-03
4.414715719063544892e-09 5.267516585135301188e-03
4.515050167224079646e-09 7.251887219842531596e-03
4.615384615384614399e-09 8.281119404504013598e-03
4.715719063545149981e-09 8.123149538104931788e-03
4.816053511705684735e-09 8.561270906543173159e-03
4.916387959866220316e-09 5.826916304934705651e-03
5.016722408026755070e-09 7.690233027979243366e-03
5.117056856187290651e-09 4.118801892112996382e-03
5.217391304347825405e-09 4.291035269556361942e-03
5.317725752508360159e-09 4.187473556021562709e-03
5.418060200668895740e-09 9.394194067053853597e-03
5.518394648829430494e-09 1.484682169462316938e-02
5.618729096989966075e-09 1.235582775423787159e-02
5.719063545150500829e-09 1.207625028620606424e-02
5.819397993311035583e-09 1.098425349434046551e-02
5.919732441471571164e-09 1.391359827381514341e-02
6.020066889632105918e-09 1.025303642951008384e-02
6.120401337792641499e-09 1.113574147789046613e-02
6.220735785953176253e-09 1.080268936032021884e-02
6.321070234113711835e-09 6.204981555685589595e-03
6.421404682274246589e-09 2.594820973620816200e-03
6.521739130434781343e-09 2.443881514522611761e-03
6.622073578595316924e-09 2.238743564215536341e-03
6.722408026755851678e-09 4.536669521254112040e-04
6.822742474916387259e-09 -1.128490620158224909e-03
6.923076923076922013e-09 -3.123632804926599867e-04
7.023411371237457594e-09 1.447032221558795621e-04
7.123745819397992348e-09 1.501875452450911110e-03
7.224080267558527102e-09 1.628112371384322953e-03
7.324414715719062683e-09 -8.645828519844214050e-04
7.424749163879597437e-09 1.282057476840437436e-04
7.525083612040133018e-09 -2.556457407165077522e-04
7.625418060200667772e-09 2.416007345280002470e-03
7.725752508361202526e-09 5.490371279280791168e-03
7.826086956521737280e-09 7.020838234273231622e-03
7.926421404682273689e-09 7.444214373437525040e-03
8.026755852842808442e-09 1.225410828698336382e-02
8.127090301003343196e-09 1.273188480866490301e-02
8.227424749163877950e-09 1.111496829937625407e-02
8.327759197324414359e-09 1.148240855122011940e-02
8.428093645484949113e-09 1.141107474606959521e-02
8.528428093645483867e-09 1.294705779709670775e-02
8.628762541806018621e-09 1.545911487040908978e-02
8.729096989966553375e-09 1.389678893196387606e-02
8.829431438127089783e-09 1.344664173856429876e-02
8.929765886287624537e-09 1.538230379850448470e-02
9.030100334448159291e-09 1.450351419883651877e-02
9.130434782608694045e-09 1.279092542053892993e-02
9.230769230769228799e-09 1.017049356932567088e-02
9.331103678929765207e-09 5.576613422593294789e-03
9.431438127090299961e-09 7.934608826824006075e-03
9.531772575250834715e-09 5.561477394891374375e-03
9.632107023411369469e-09 2.004370200844465301e-03
9.732441471571904223e-09 -9.410882366401781282e-04
9.832775919732440632e-09 3.157302313265015342e-04
9.933110367892975386e-09 2.103322806659062381e-04
1.003344481605351014e-08 -1.093914130327628981e-03
1.013377926421404489e-08 -7.435854962150167252e-04
1.023411371237458130e-08 1.179090456530108031e-04
1.033444816053511606e-08 5.655711489799023287e-03
1.043478260869565081e-08 9.472362216636920004e-03
1.053511705685618556e-08 6.204961753275990352e-03
1.063545150501672032e-08 6.834945715876819018e-03
1.073578595317725673e-08 5.811844454003419966e-03
1.083612040133779148e-08 3.116727336200916625e-03
1.093645484949832623e-08 8.956903674667471629e-03
1.103678929765886099e-08 1.586268946545712349e-02
1.113712374581939574e-08 1.338510862157449820e-02
1.123745819397993215e-08 8.712845678383190212e-03
1.133779264214046690e-08 1.330390513319225712e-02
1.143812709030100166e-08 1.276297731126583776e-02
1.153846153846153641e-08 8.177677371936543579e-03
1.163879598662207117e-08 5.302079037628634056e-03
1.173913043478260757e-08 3.925378095984106280e-03
1.183946488294314233e-08 2.854046686770129321e-03
1.193979933110367708e-08 6.553366173413053587e-03
1.204013377926421184e-08 9.266620232748629116e-03
1.214046822742474824e-08 4.676013544212822073e-03
1.224080267558528300e-08 2.757240093381186242e-03
1.234113712374581775e-08 5.878806456659850868e-03
1.244147157190635251e-08 4.618221068182569444e-03
1.254180602006688726e-08 1.863405572644609518e-03
1.264214046822742367e-08 3.277675183903942715e-03
1.274247491638795842e-08 -9.224715269071005362e-04
1.284280936454849318e-08 4.313876785098549882e-03
1.294314381270902793e-08 4.684839668750681238e-03
1.304347826086956269e-08 9.943067625664133227e-03
1.314381270903009909e-08 1.507798614199136987e-02
1.324414715719063385e-08 4.821968134453113834e-03
1.334448160535116860e-08 1.792982685374183011e-03
1.344481605351170336e-08 5.454288554514595544e-03
1.354515050167223811e-08 5.136864343695523097e-03
1.364548494983277452e-08 3.384071806621998576e-03
1.374581939799330927e-08 5.619933451558832560e-03
1.384615384615384403e-08 2.990060817530857361e-03
1.394648829431437878e-08 9.550992706061344276e-03
1.404682274247491519e-08 8.510726278703736880e-03
1.414715719063544994e-08 9.374205575622216596e-03
1.424749163879598470e-08 6.712803352664170262e-03
1.434782608695651945e-08 3.663350364100287360e-03
1.444816053511705420e-08 4.545787543297123354e-03
1.454849498327759061e-08 9.970223175195566667e-03
1.464882943143812537e-08 1.136502804067976782e-02
1.474916387959866012e-08 8.265327414403550801e-03
1.484949832775919487e-08 9.807051494259470814e-03
1.494983277591973128e-08 6.297701394473329169e-03
1.505016722408026604e-08 5.956234127200199513e-03
1.515050167224080079e-08 6.591321390013885582e-03
1.525083612040133554e-08 2.840005749530375746e-03
1.535117056856187030e-08 5.123209194247630230e-03
1.545150501672240505e-08 6.160003700411629569e-03
1.555183946488293981e-08 7.037561808328510367e-03
1.565217391304347456e-08 8.657629152226698280e-03
1.575250836120401262e-08 5.303277712489069817e-03
1.585284280936454738e-08 4.374009084337649594e-03
1.595317725752508213e-08 3.404630674060610783e-03
1.605351170568561688e-08 3.511464739839083825e-03
1.615384615384615164e-08 3.667407154024317738e-03
1.625418060200668639e-08 9.957882924293030499e-05
1.635451505016722115e-08 8.970371341539681506e-04
1.645484949832775590e-08 -1.482514776781374563e-04
1.655518394648829065e-08 -8.867126468357672438e-06
1.665551839464882872e-08 1.344929090774165227e-03
1.675585284280936347e-08 5.910559936253212236e-03
1.685618729096989823e-08 6.323622162820443857e-03
1.695652173913043298e-08 7.455275077138185519e-03
1.705685618729096773e-08 1.043823293024512613e-02
1.715719063545150249e-08 1.098066615074005589e-02
1.725752508361203724e-08 1.274338700886868889e-02
1.735785953177257200e-08 1.190862209830537317e-02
1.745819397993310675e-08 7.651940625708565126e-03
1.755852842809364150e-08 5.887201247513709941e-03
1.765886287625417957e-08 4.746914997324647861e-03
1.775919732441471432e-08 6.575144875647211638e-03
1.785953177257524907e-08 9.493224237227780582e-03
1.795986622073578383e-08 8.589143356448213432e-03
1.806020066889631858e-08 3.519947243218959996e-03
1.816053511705685334e-08 5.220333107610142763e-03
1.826086956521738809e-08 1.910015131537809224e-03
1.836120401337792284e-08 6.650585846028614009e-03
1.846153846153845760e-08 7.476096337621892032e-04
1.856187290969899566e-08 6.665665269717665174e-04
1.866220735785953041e-08 6.186230936540813678e-03
1.876254180602006517e-08 3.770095568521977109e-03
1.886287625418059992e-08 7.892067572496717573e-03
1.896321070234113468e-08 8.488838697129802088e-03
1.906354515050166943e-08 2.125735938909677561e-03
1.916387959866220418e-08 2.718253858502551502e-03
1.926421404682273894e-08 5.645793602874081898e-03
1.936454849498327369e-08 5.827951767404114698e-03
1.946488294314380845e-08 3.264690184710914746e-03
1.956521739130434651e-08 9.620383012704859446e-03
1.966555183946488126e-08 1.044891766807162087e-02
1.976588628762541602e-08 1.120635248504548223e-02
1.986622073578595077e-08 1.078942614070841841e-02
1.996655518394648553e-08 1.480893124802852394e-02
2.006688963210702028e-08 1.624298178979801527e-02
2.016722408026755503e-08 1.269901284337195471e-02
2.026755852842808979e-08 6.533407816649045019e-03
2.036789297658862454e-08 7.771127758199016661e-03
2.046822742474916260e-08 9.069750033005495593e-03
2.056856187290969736e-08 6.877497436016882099e-03
2.066889632107023211e-08 6.142464308286798257e-03
2.076923076923076687e-08 9.613863053684666357e-03
2.086956521739130162e-08 9.717968529121018273e-03
2.096989966555183637e-08 5.093327689695278243e-03
2.107023411371237113e-08 4.928840697157804013e-03
2.117056856187290588e-08 7.872203653008079394e-03
2.127090301003344064e-08 6.512193281234241078e-03
2.137123745819397539e-08 9.105553801898364288e-03
2.147157190635451345e-08 8.595437292955530537e-03
2.157190635451504821e-08 1.015007100735155696e-02
2.167224080267558296e-08 1.409650055952102292e-02
2.177257525083611771e-08 9.921233139556737482e-03
2.187290969899665247e-08 7.520946956154642149e-03
2.197324414715718722e-08 8.944480281220117818e-03
2.207357859531772198e-08 7.198337326211815337e-03
2.217391304347825673e-08 6.862525021624770946e-03
2.227424749163879148e-08 8.096145625409553043e-03
2.237458193979932955e-08 1.213052189911845852e-02
2.247491638795986430e-08 9.284095960494452224e-03
2.257525083612039905e-08 6.113057334694129048e-03
2.267558528428093381e-08 9.477070012867202728e-03
2.277591973244146856e-08 6.625796919885369035e-03
2.287625418060200332e-08 6.238617889579690413e-03
2.297658862876253807e-08 9.593063698857030169e-03
2.307692307692307282e-08 9.977259602711672712e-03
2.317725752508360758e-08 8.018939493856283227e-03
2.327759197324414233e-08 8.036402495926875736e-03
2.337792642140468040e-08 1.017150918331790992e-02
2.347826086956521515e-08 6.907898923810888020e-03
2.357859531772574990e-08 3.634205325126353085e-03
2.367892976588628466e-08 1.112991499207213741e-02
2.377926421404681941e-08 3.018141143247313109e-03
2.387959866220735417e-08 3.249409280629795855e-03
2.397993311036788892e-08 3.284952701023701599e-03
2.408026755852842367e-08 -3.030249943904995448e-03
2.418060200668895843e-08 -2.919020238930310034e-03
2.428093645484949649e-08 -2.556449366152081012e-03
2.438127090301003124e-08 1.369911032917382277e-03
2.448160535117056600e-08 4.051558128821473696e-03
2.458193979933110075e-08 4.239097954284349289e-03
2.468227424749163551e-08 2.996837400475971420e-03
2.478260869565217026e-08 7.577022742843855102e-03
2.488294314381270501e-08 9.470368891524898886e-03
2.498327759197323977e-08 7.024406881956150872e-03
2.508361204013377452e-08 1.087235490004576262e-02
2.518394648829430928e-08 1.169335582056086655e-02
2.528428093645484734e-08 7.895588630273257455e-03
2.538461538461538209e-08 5.923110824760601488e-03
2.548494983277591685e-08 7.131766624428543047e-03
2.558528428093645160e-08 8.699252374023481657e-03
2.568561872909698635e-08 1.053717447266189731e-02
2.578595317725752111e-08 1.195874871272256494e-02
2.588628762541805586e-08 8.670224672027115193e-03
2.598662207357859062e-08 1.058338573234427100e-02
2.608695652173912537e-08 7.688033234375432623e-03
2.618729096989966343e-08 6.476380627701482269e-03
2.628762541806019819e-08 6.797710559161649485e-03
2.638795986622073294e-08 9.541195476504142278e-03
2.648829431438126769e-08 1.164940064044692018e-02
2.658862876254180245e-08 1.091023303462547965e-02
2.668896321070233720e-08 5.685393012214578698e-03
2.678929765886287196e-08 6.814542348725173559e-03
2.688963210702340671e-08 4.465900113687120560e-03
2.698996655518394146e-08 5.631223749074012325e-03
2.709030100334447622e-08 7.999553221803543807e-03
2.719063545150501428e-08 8.970547501309130214e-03
2.729096989966554904e-08 9.024156069454943724e-03
2.739130434782608379e-08 9.188171620058130026e-03
2.749163879598661854e-08 8.900144756840729435e-03
2.759197324414715330e-08 1.398290373026732716e-02
2.769230769230768805e-08 7.998156726419691082e-03
2.779264214046822281e-08 6.503665779853092313e-03
2.789297658862875756e-08 1.081657393287920044e-02
2.799331103678929231e-08 8.611305048777736712e-03
2.809364548494983038e-08 8.075750908947923468e-03
2.819397993311036513e-08 9.355608004942233755e-03
2.829431438127089988e-08 8.357617602207633931e-03
2.839464882943143464e-08 3.770711354295931943e-03
2.849498327759196939e-08 3.190980569736183957e-03
2.859531772575250415e-08 4.326266286701486823e-03
2.869565217391303890e-08 6.305537702475031217e-03
2.879598662207357365e-08 5.489629508066020888e-03
2.889632107023410841e-08 6.078741122092628894e-03
2.899665551839464316e-08 6.911787170097515899e-03
2.909698996655518122e-08 7.559455699989952801e-03
2.919732441471571598e-08 4.750644100356801042e-03
2.929765886287625073e-08 7.020034357903121719e-03
2.939799331103678549e-08 6.076766636903561079e-03
2.949832775919732024e-08 3.965019625003971503e-03
2.959866220735785499e-08 7.584375078680767601e-03
2.969899665551838975e-08 8.130734776022290403e-03
2.979933110367892450e-08 6.265659614380322470e-03
2.989966555183946256e-08 9.266895489220033227e-03
2.999999999999999732e-08 1.362701854935722233e-02
