0.000000000000000000e+00 9.999999999999995559e-01
1.003344481605351029e-10 9.999561306986209930e-01
2.006688963210702059e-10 9.998245462923015525e-01
3.010033444816052959e-10 9.996053172532526343e-01
4.013377926421404118e-10 9.992985609643759704e-01
5.016722408026755277e-10 9.989044416131895865e-01
6.020066889632105918e-10 9.984231700434889056e-01
7.023411371237457594e-10 9.978550035649367267e-01
8.026755852842808236e-10 9.972002457208080095e-01
9.030100334448158877e-10 9.964592460141602492e-01
1.003344481605351055e-09 9.956323995927677251e-01
1.103678929765886223e-09 9.947201468931877733e-01
1.204013377926421184e-09 9.937229732443957353e-01
1.304347826086956351e-09 9.926414084314503228e-01
1.404682274247491519e-09 9.914760262197200857e-01
1.505016722408026480e-09 9.902274438402385304e-01
1.605351170568561647e-09 9.888963214367960664e-01
1.705685618729096815e-09 9.874833614754338074e-01
1.806020066889631775e-09 9.859893081170403306e-01
1.906354515050166943e-09 9.844149465537948007e-01
2.006688963210702111e-09 9.827611023102507115e-01
2.107023411371237278e-09 9.810286405098833651e-01
2.207357859531772446e-09 9.792184651079705038e-01
2.307692307692307200e-09 9.773315180917184763e-01
2.408026755852842367e-09 9.753687786485699673e-01
2.508361204013377535e-09 9.733312623036812772e-01
2.608695652173912702e-09 9.712200200275781237e-01
2.709030100334447870e-09 9.690361373150397917e-01
2.809364548494983038e-09 9.667807332362906569e-01
2.909698996655517792e-09 9.644549594616091959e-01
3.010033444816052959e-09 9.620599992604893513e-01
3.110367892976588127e-09 9.595970664765213209e-01
3.210702341137123294e-09 9.570674044791818158e-01
3.311036789297658462e-09 9.544722850937437109e-01
3.411371237458193629e-09 9.518130075105446508e-01
3.511705685618728797e-09 9.490908971748686085e-01
3.612040133779263551e-09 9.463073046587113790e-01
3.712374581939798719e-09 9.434636045157274165e-01
3.812709030100333886e-09 9.405611941206534210e-01
3.913043478260868640e-09 9.376014924945409446e-01
4.013377926421404221e-09 9.345859391171122965e-01
4.113712374581938975e-09 9.315159927275931118e-01
4.214046822742474556e-09 9.283931301153590665e-01
4.314381270903009310e-09 9.252188449017543226e-01
4.414715719063544892e-09 9.219946463144379489e-01
4.515050167224079646e-09 9.187220579556146793e-01
4.615384615384614399e-09 9.154026165655130276e-01
4.715719063545149981e-09 9.120378707824652320e-01
4.816053511705684735e-09 9.086293799009451666e-01
4.916387959866220316e-09 9.051787126289125851e-01
5.016722408026755070e-09 9.016874458458081776e-01
5.117056856187290651e-09 8.981571633625270445e-01
5.217391304347825405e-09 8.945894546847028561e-01
5.317725752508360159e-09 8.909859137806029894e-01
5.418060200668895740e-09 8.873481378549413767e-01
5.518394648829430494e-09 8.836777261298839337e-01
5.618729096989966075e-09 8.799762786345125543e-01
5.719063545150500829e-09 8.762453950039944539e-01
5.819397993311035583e-09 8.724866732896779942e-01
5.919732441471571164e-09 8.687017087813233562e-01
6.020066889632105918e-09 8.648920928426409027e-01
6.120401337792641499e-09 8.610594117612976328e-01
6.220735785953176253e-09 8.572052456145151655e-01
6.321070234113711835e-09 8.533311671513620356e-01
6.421404682274246589e-09 8.494387406928118889e-01
6.521739130434781343e-09 8.455295210506054149e-01
6.622073578595316924e-09 8.416050524659297594e-01
6.722408026755851678e-09 8.376668675688880850e-01
6.822742474916387259e-09 8.337164863597038567e-01
6.923076923076922013e-09 8.297554152125683480e-01
7.023411371237457594e-09 8.257851459030011165e-01
7.123745819397992348e-09 8.218071546595603349e-01
7.224080267558527102e-09 8.178229012407006726e-01
7.324414715719062683e-09 8.138338280375343459e-01
7.424749163879597437e-09 8.098413592032187580e-01
7.525083612040133018e-09 8.058468998096481872e-01
7.625418060200667772e-09 8.018518350320862353e-01
7.725752508361202526e-09 7.978575293623431097e-01
7.826086956521737280e-09 7.938653258510439681e-01
7.926421404682273689e-09 7.898765453795106861e-01
8.026755852842808442e-09 7.858924859617227865e-01
8.127090301003343196e-09 7.819144220767888509e-01
8.227424749163877950e-09 7.779436040323116641e-01
8.327759197324414359e-09 7.739812573589885947e-01
8.428093645484949113e-09 7.700285822367471944e-01
8.528428093645483867e-09 7.660867529526725894e-01
8.628762541806018621e-09 7.621569173909330530e-01
8.729096989966553375e-09 7.582401965548773992e-01
8.829431438127089783e-09 7.543376841214275430e-01
8.929765886287624537e-09 7.504504460278476063e-01
9.030100334448159291e-09 7.465795200909315366e-01
9.130434782608694045e-09 7.427259156586044631e-01
9.230769230769228799e-09 7.388906132938929394e-01
9.331103678929765207e-09 7.350745644911823584e-01
9.431438127090299961e-09 7.312786914246279801e-01
9.531772575250834715e-09 7.275038867285592570e-01
9.632107023411369469e-09 7.237510133096639597e-01
9.732441471571904223e-09 7.200209041907135177e-01
9.832775919732440632e-09 7.163143623855375841e-01
9.933110367892975386e-09 7.126321608049343004e-01
1.003344481605351014e-08 7.089750421931498847e-01
1.013377926421404489e-08 7.053437190945425206e-01
1.023411371237458130e-08 7.017388738499936718e-01
1.033444816053511606e-08 6.981611586226115218e-01
1.043478260869565081e-08 6.946111954522262710e-01
1.053511705685618556e-08 6.910895763381562640e-01
1.063545150501672032e-08 6.875968633496818416e-01
1.073578595317725673e-08 6.841335887636439406e-01
1.083612040133779148e-08 6.807002552285562613e-01
1.093645484949832623e-08 6.772973359545814143e-01
1.103678929765886099e-08 6.739252749287127919e-01
1.113712374581939574e-08 6.705844871544641705e-01
1.123745819397993215e-08 6.672753589153574971e-01
1.133779264214046690e-08 6.639982480614701199e-01
1.143812709030100166e-08 6.607534843182852891e-01
1.153846153846153641e-08 6.575413696170721023e-01
1.163879598662207117e-08 6.543621784460008639e-01
1.173913043478260757e-08 6.512161582211850597e-01
1.183946488294314233e-08 6.481035296768267173e-01
1.193979933110367708e-08 6.450244872736258239e-01
1.204013377926421184e-08 6.419791996246103638e-01
1.214046822742474824e-08 6.389678099375211140e-01
1.224080267558528300e-08 6.359904364728876658e-01
1.234113712374581775e-08 6.330471730169180411e-01
1.244147157190635251e-08 6.301380893683207196e-01
1.254180602006688726e-08 6.272632318381713423e-01
1.264214046822742367e-08 6.244226237619376896e-01
1.274247491638795842e-08 6.216162660227686487e-01
1.284280936454849318e-08 6.188441375851557735e-01
1.294314381270902793e-08 6.161061960380773694e-01
1.304347826086956269e-08 6.134023781467391467e-01
1.314381270903009909e-08 6.107326004120210428e-01
1.324414715719063385e-08 6.080967596367594652e-01
1.334448160535116860e-08 6.054947334979816631e-01
1.344481605351170336e-08 6.029263811242377979e-01
1.354515050167223811e-08 6.003915436771661840e-01
1.364548494983277452e-08 5.978900449364502601e-01
1.374581939799330927e-08 5.954216918873320719e-01
1.384615384615384403e-08 5.929862753098592565e-01
1.394648829431437878e-08 5.905835703690580640e-01
1.404682274247491519e-08 5.882133372052411602e-01
1.414715719063544994e-08 5.858753215236686129e-01
1.424749163879598470e-08 5.835692551828055574e-01
1.434782608695651945e-08 5.812948567804340216e-01
1.444816053511705420e-08 5.790518322368914950e-01
1.454849498327759061e-08 5.768398753747373542e-01
1.464882943143812537e-08 5.746586684941621392e-01
1.474916387959866012e-08 5.725078829434763206e-01
1.484949832775919487e-08 5.703871796840411790e-01
1.494983277591973128e-08 5.682962098490269565e-01
1.505016722408026604e-08 5.662346152954002010e-01
1.515050167224080079e-08 5.642020291485770889e-01
1.525083612040133554e-08 5.621980763391959401e-01
1.535117056856187030e-08 5.602223741314904526e-01
1.545150501672240505e-08 5.582745326427732691e-01
1.555183946488293981e-08 5.563541553535595874e-01
1.565217391304347456e-08 5.544608396078953838e-01
1.575250836120401262e-08 5.525941771034719174e-01
1.585284280936454738e-08 5.507537543711473749e-01
1.595317725752508213e-08 5.489391532435081711e-01
1.605351170568561688e-08 5.471499513121502734e-01
1.615384615384615164e-08 5.453857223733652448e-01
1.625418060200668639e-08 5.436460368619651096e-01
1.635451505016722115e-08 5.419304622729921306e-01
1.645484949832775590e-08 5.402385635710964529e-01
1.655518394648829065e-08 5.385699035873873219e-01
1.665551839464882872e-08 5.369240434035930098e-01
1.675585284280936347e-08 5.353005427233920033e-01
1.685618729096989823e-08 5.336989602308047642e-01
1.695652173913043298e-08 5.321188539355596880e-01
1.705685618729096773e-08 5.305597815053777477e-01
1.715719063545150249e-08 5.290213005851456263e-01
1.725752508361203724e-08 5.275029691029640144e-01
1.735785953177257200e-08 5.260043455631001619e-01
1.745819397993310675e-08 5.245249893258800977e-01
1.755852842809364150e-08 5.230644608745921298e-01
1.765886287625417957e-08 5.216223220694922169e-01
1.775919732441471432e-08 5.201981363890265664e-01
1.785953177257524907e-08 5.187914691584044613e-01
1.795986622073578383e-08 5.174018877656846316e-01
1.806020066889631858e-08 5.160289618655491406e-01
1.816053511705685334e-08 5.146722635709682914e-01
1.826086956521738809e-08 5.133313676329702702e-01
1.836120401337792284e-08 5.120058516087571121e-01
1.846153846153845760e-08 5.106952960184191204e-01
1.856187290969899566e-08 5.093992844905190776e-01
1.866220735785953041e-08 5.081174038968354623e-01
1.876254180602006517e-08 5.068492444765657634e-01
1.886287625418059992e-08 5.055943999503067499e-01
1.896321070234113468e-08 5.043524676241427640e-01
1.906354515050166943e-08 5.031230484841832107e-01
1.916387959866220418e-08 5.019057472819031807e-01
1.926421404682273894e-08 5.007001726106512507e-01
1.936454849498327369e-08 4.995059369736972732e-01
1.946488294314380845e-08 4.983226568442030713e-01
1.956521739130434651e-08 4.971499527175032851e-01
1.966555183946488126e-08 4.959874491560935517e-01
1.976588628762541602e-08 4.948347748277264202e-01
1.986622073578595077e-08 4.936915625370190686e-01
1.996655518394648553e-08 4.925574492509844360e-01
2.006688963210702028e-08 4.914320761188946118e-01
2.016722408026755503e-08 4.903150884868881509e-01
2.026755852842808979e-08 4.892061359077397587e-01
2.036789297658862454e-08 4.881048721461987983e-01
2.046822742474916260e-08 4.870109551803110115e-01
2.056856187290969736e-08 4.859240471991339017e-01
2.066889632107023211e-08 4.848438145972482349e-01
2.076923076923076687e-08 4.837699279664697261e-01
2.086956521739130162e-08 4.827020620851554811e-01
2.096989966555183637e-08 4.816398959054991602e-01
2.107023411371237113e-08 4.805831125391943348e-01
2.117056856187290588e-08 4.795313992418472337e-01
2.127090301003344064e-08 4.784844473965015887e-01
2.137123745819397539e-08 4.774419524966408979e-01
2.147157190635451345e-08 4.764036141290111659e-01
2.157190635451504821e-08 4.753691359566057928e-01
2.167224080267558296e-08 4.743382257021424020e-01
2.177257525083611771e-08 4.733105951323391958e-01
2.187290969899665247e-08 4.722859600433043092e-01
2.197324414715718722e-08 4.712640402473189938e-01
2.207357859531772198e-08 4.702445595612966267e-01
2.217391304347825673e-08 4.692272457971775612e-01
2.227424749163879148e-08 4.682118307545070635e-01
2.237458193979932955e-08 4.671980502154315928e-01
2.247491638795986430e-08 4.661856439423262000e-01
2.257525083612039905e-08 4.651743556782593769e-01
2.267558528428093381e-08 4.641639331504751609e-01
2.277591973244146856e-08 4.631541280770672953e-01
2.287625418060200332e-08 4.621446961769917761e-01
2.297658862876253807e-08 4.611353971835571164e-01
2.307692307692307282e-08 4.601259948615080142e-01
2.317725752508360758e-08 4.591162570278050081e-01
2.327759197324414233e-08 4.581059555761822222e-01
2.337792642140468040e-08 4.570948665055506455e-01
2.347826086956521515e-08 4.560827699522955747e-01
2.357859531772574990e-08 4.550694502264989727e-01
2.367892976588628466e-08 4.540546958521018972e-01
2.377926421404681941e-08 4.530382996110041138e-01
2.387959866220735417e-08 4.520200585910792990e-01
2.397993311036788892e-08 4.509997742380720820e-01
2.408026755852842367e-08 4.499772524113187511e-01
2.418060200668895843e-08 4.489523034432265636e-01
2.428093645484949649e-08 4.479247422024207337e-01
2.438127090301003124e-08 4.468943881604614532e-01
2.448160535117056600e-08 4.458610654620085434e-01
2.458193979933110075e-08 4.448246029983065619e-01
2.468227424749163551e-08 4.437848344838370429e-01
2.478260869565217026e-08 4.427415985359808293e-01
2.488294314381270501e-08 4.416947387575123618e-01
2.498327759197323977e-08 4.406441038217381312e-01
2.508361204013377452e-08 4.395895475600762881e-01
2.518394648829430928e-08 4.385309290518653591e-01
2.528428093645484734e-08 4.374681127161751948e-01
2.538461538461538209e-08 4.364009684053834492e-01
2.548494983277591685e-08 4.353293715002710673e-01
2.558528428093645160e-08 4.342532030063792625e-01
2.568561872909698635e-08 4.331723496513622540e-01
2.578595317725752111e-08 4.320867039830605938e-01
2.588628762541805586e-08 4.309961644680141424e-01
2.598662207357859062e-08 4.299006355901228149e-01
2.608695652173912537e-08 4.288000279491616662e-01
2.618729096989966343e-08 4.276942583588474456e-01
2.628762541806019819e-08 4.265832499441515324e-01
2.638795986622073294e-08 4.254669322375462248e-01
2.648829431438126769e-08 4.243452412738747404e-01
2.658862876254180245e-08 4.232181196835239634e-01
2.668896321070233720e-08 4.220855167835855792e-01
2.678929765886287196e-08 4.209473886666826870e-01
2.688963210702340671e-08 4.198036982871467537e-01
2.698996655518394146e-08 4.186544155442197268e-01
2.709030100334447622e-08 4.174995173619699962e-01
2.719063545150501428e-08 4.163389877656010762e-01
2.729096989966554904e-08 4.151728179538428098e-01
2.739130434782608379e-08 4.140010063671136775e-01
2.749163879598661854e-08 4.128235587511505100e-01
2.759197324414715330e-08 4.116404882158040124e-01
2.769230769230768805e-08 4.104518152887058902e-01
2.779264214046822281e-08 4.092575679635186980e-01
2.789297658862875756e-08 4.080577817424885234e-01
2.799331103678929231e-08 4.068524996730256138e-01
2.809364548494983038e-08 4.056417723780488260e-01
2.819397993311036513e-08 4.044256580798386569e-01
2.829431438127089988e-08 4.032042226171508315e-01
2.839464882943143464e-08 4.019775394553566916e-01
2.849498327759196939e-08 4.007456896893842324e-01
2.859531772575250415e-08 3.995087620392467898e-01
2.869565217391303890e-08 3.982668528379571526e-01
2.879598662207357365e-08 3.970200660116395275e-01
2.889632107023410841e-08 3.957685130516624405e-01
2.899665551839464316e-08 3.945123129786288763e-01
2.909698996655518122e-08 3.932515922980777678e-01
2.919732441471571598e-08 3.919864849477595059e-01
2.929765886287625073e-08 3.907171322363670596e-01
2.939799331103678549e-08 3.894436827736191264e-01
2.949832775919732024e-08 3.881662923916009422e-01
2.959866220735785499e-08 3.868851240572959149e-01
2.969899665551838975e-08 3.856003477762438014e-01
2.979933110367892450e-08 3.843121404872854030e-01
2.989966555183946256e-08 3.830206859483697435e-01
2.999999999999999732e-08 3.817261746134101852e-01
