0.000000000000000000e+00 9.999999999999995559e-01
1.003344481605351029e-10 9.670937991037155228e-05
2.006688963210702059e-10 1.027639684411710969e-02
3.010033444816052959e-10 5.099152304588953043e-03
4.013377926421404118e-10 8.851410083542669838e-03
5.016722408026755277e-10 4.165532532893295899e-03
6.020066889632105918e-10 6.036923714280962097e-03
7.023411371237457594e-10 6.130185925746269374e-03
8.026755852842808236e-10 4.067554959684350352e-03
9.030100334448158877e-10 4.159578575909796128e-03
1.003344481605351055e-09 1.255106342062092123e-02
1.103678929765886223e-09 9.086035044035850605e-03
1.204013377926421184e-09 1.284867649977677710e-02
1.304347826086956351e-09 2.843330649986746967e-03
1.404682274247491519e-09 8.635732568298507342e-03
1.505016722408026480e-09 5.034811462610184682e-03
1.605351170568561647e-09 5.799322363029628911e-03
1.705685618729096815e-09 8.005641013558372279e-03
1.806020066889631775e-09 3.301603078115001189e-03
1.906354515050166943e-09 8.633780823310078720e-03
2.006688963210702111e-09 6.956568088998265134e-03
2.107023411371237278e-09 8.911483471491080111e-03
2.207357859531772446e-09 7.337725481362390723e-03
2.307692307692307200e-09 5.090519101318973991e-03
2.408026755852842367e-09 8.674838864871709659e-03
2.508361204013377535e-09 9.512189866944530808e-03
2.608695652173912702e-09 7.212780982618326349e-03
2.709030100334447870e-09 1.842408115207750177e-02
2.809364548494983038e-09 5.547388246453914019e-03
2.909698996655517792e-09 5.172452173797702051e-03
3.010033444816052959e-09 8.285928477987081469e-05
3.110367892976588127e-09 2.207343286419358782e-03
3.210702341137123294e-09 4.421972223350244258e-03
3.311036789297658462e-09 5.343775269937693986e-03
3.411371237458193629e-09 8.477015457469332452e-03
3.511705685618728797e-09 8.273999045774260014e-03
3.612040133779263551e-09 2.423333000493993472e-03
3.712374581939798719e-09 7.296729296902079373e-03
3.812709030100333886e-09 6.919004406911920257e-03
3.913043478260868640e-09 4.747453854906557441e-03
4.013377926421404221e-09 8.787078053941277042e-03
4.113712374581938975e-09 1.224255674774215978e-02
4.214046822742474556e-09 1.643231701313158100e-02
4.314381270903009310e-09 9.768633151320104541e-03
4.414715719063544892e-09 6.302501777155094902e-03
4.515050167224079646e-09 4.282940314589455018e-03
4.615384615384614399e-09 1.041868684397994835e-02
4.715719063545149981e-09 8.437088961325204042e-03
4.816053511705684735e-09 1.164611774130396710e-02
4.916387959866220316e-09 1.068398478176908577e-02
5.016722408026755070e-09 4.994625864413914512e-03
5.117056856187290651e-09 7.871459343430954603e-03
5.217391304347825405e-09 7.642728316876283567e-03
5.317725752508360159e-09 5.931589114027814233e-03
5.418060200668895740e-09 5.671198392759203323e-03
5.518394648829430494e-09 2.537101188103262073e-03
5.618729096989966075e-09 1.740097769028347424e-03
5.719063545150500829e-09 9.674117858853225824e-03
5.819397993311035583e-09 4.915521319674188983e-03
5.919732441471571164e-09 8.097399801298926433e-03
6.020066889632105918e-09 9.681482937910100214e-03
6.120401337792641499e-09 8.408304624825703455e-03
6.220735785953176253e-09 4.932333973627302595e-03
6.321070234113711835e-09 8.051138491488005894e-03
6.421404682274246589e-09 3.193151918799848679e-03
6.521739130434781343e-09 2.426133205256979404e-03
6.622073578595316924e-09 8.518011804237725706e-03
6.722408026755851678e-09 9.224062187364491863e-03
6.822742474916387259e-09 7.119481911519328320e-03
6.923076923076922013e-09 1.142168149476245620e-02
7.023411371237457594e-09 9.933455672086123622e-03
7.123745819397992348e-09 4.162840929086714797e-03
7.224080267558527102e-09 5.329828456125529704e-03
7.324414715719062683e-09 6.354239319479358140e-03
7.424749163879597437e-09 -2.346495446370714354e-03
7.525083612040133018e-09 5.301121404262080193e-03
7.625418060200667772e-09 7.068435727847269950e-03
7.725752508361202526e-09 4.974297815324451102e-03
7.826086956521737280e-09 9.685424855550139184e-03
7.926421404682273689e-09 1.013115301745346961e-02
8.026755852842808442e-09 1.269112893104819804e-02
8.127090301003343196e-09 1.218487530457080734e-02
8.227424749163877950e-09 1.026466819125328514e-02
8.327759197324414359e-09 7.417027743532607527e-03
8.428093645484949113e-09 5.959591600110017429e-03
8.528428093645483867e-09 8.241783511687854336e-03
8.628762541806018621e-09 1.018971708250192461e-02
8.729096989966553375e-09 6.284933737069790978e-03
8.829431438127089783e-09 6.644313093266296377e-03
8.929765886287624537e-09 1.125380171799150904e-02
9.030100334448159291e-09 1.141760200967551625e-02
9.130434782608694045e-09 6.769870770680364025e-03
9.230769230769228799e-09 1.154031138764512535e-02
9.331103678929765207e-09 7.731689182189160382e-03
9.431438127090299961e-09 9.245054582949961686e-03
9.531772575250834715e-09 1.183351072563064953e-02
9.632107023411369469e-09 -3.536493420875496708e-03
9.732441471571904223e-09 6.989350143885921483e-03
9.832775919732440632e-09 3.379321181138612157e-03
9.933110367892975386e-09 1.414349062576781722e-03
1.003344481605351014e-08 9.076481663079824513e-03
1.013377926421404489e-08 7.667288980141021698e-03
1.023411371237458130e-08 1.084314021448160373e-02
1.033444816053511606e-08 1.464768867825946320e-02
1.043478260869565081e-08 1.995261409614204444e-03
1.053511705685618556e-08 1.271340899615342000e-03
1.063545150501672032e-08 1.355045916483993591e-02
1.073578595317725673e-08 1.154141133206105369e-02
1.083612040133779148e-08 5.097184094668526753e-03
1.093645484949832623e-08 4.916646941977878722e-03
1.103678929765886099e-08 8.024374573690835205e-03
1.113712374581939574e-08 1.060233333484305110e-02
1.123745819397993215e-08 1.038438166941101776e-02
1.133779264214046690e-08 5.903685004407684817e-03
1.143812709030100166e-08 8.469427022075787237e-03
1.153846153846153641e-08 7.724167465923375935e-03
1.163879598662207117e-08 6.660922827346385522e-03
1.173913043478260757e-08 7.783863779529017965e-03
1.183946488294314233e-08 5.707919798359524857e-03
1.193979933110367708e-08 7.684001206497760930e-03
1.204013377926421184e-08 5.058463028212153122e-03
1.214046822742474824e-08 1.106029244723986081e-02
1.224080267558528300e-08 8.223414210750268002e-03
1.234113712374581775e-08 5.826014200703936129e-03
1.244147157190635251e-08 9.457453119931255245e-03
1.254180602006688726e-08 2.134261856655867914e-03
1.264214046822742367e-08 6.609897977802620117e-03
1.274247491638795842e-08 1.397102342976545841e-02
1.284280936454849318e-08 9.538974862110813704e-03
1.294314381270902793e-08 7.552702490002957160e-03
1.304347826086956269e-08 5.743260432456846407e-03
1.314381270903009909e-08 8.491551239667373581e-04
1.324414715719063385e-08 9.934741378297157893e-03
1.334448160535116860e-08 5.297456556890034821e-03
1.344481605351170336e-08 1.019732345043617219e-02
1.354515050167223811e-08 8.398837115743816584e-03
1.364548494983277452e-08 1.076454235685027697e-02
1.374581939799330927e-08 2.666390503482914467e-03
1.384615384615384403e-08 5.098940925898555465e-03
1.394648829431437878e-08 1.113263711370879490e-02
1.404682274247491519e-08 1.250562849120258856e-02
1.414715719063544994e-08 2.814058447235628663e-03
1.424749163879598470e-08 8.334096419631223038e-03
1.434782608695651945e-08 8.724106700918877327e-03
1.444816053511705420e-08 4.878264623898623080e-03
1.454849498327759061e-08 4.327898435733774744e-03
1.464882943143812537e-08 8.144197599488530587e-03
1.474916387959866012e-08 9.781060640130106315e-03
1.484949832775919487e-08 3.881927860931918498e-03
1.494983277591973128e-08 1.003672306144493334e-02
1.505016722408026604e-08 1.106829782249794947e-02
1.515050167224080079e-08 8.436317546956517005e-03
1.525083612040133554e-08 5.900784247464592285e-03
1.535117056856187030e-08 1.754322573803084734e-02
1.545150501672240505e-08 1.235221617664896548e-02
1.555183946488293981e-08 5.831435408338669565e-03
1.565217391304347456e-08 5.262148751402628832e-03
1.575250836120401262e-08 7.488611181757037424e-03
1.585284280936454738e-08 9.274822938659693650e-03
1.595317725752508213e-08 6.163884795345279770e-03
1.605351170568561688e-08 1.213847694304634635e-02
1.615384615384615164e-08 7.443599608893853269e-03
1.625418060200668639e-08 1.307954806016606124e-02
1.635451505016722115e-08 7.899569938622549858e-03
1.645484949832775590e-08 1.023710397519764920e-02
1.655518394648829065e-08 5.251672101759310811e-03
1.665551839464882872e-08 5.596773109336919926e-03
1.675585284280936347e-08 5.610581438980666823e-03
1.685618729096989823e-08 2.325356189397416364e-03
1.695652173913043298e-08 8.405962530689524773e-03
1.705685618729096773e-08 1.146229988406534395e-02
1.715719063545150249e-08 1.082516162199040864e-02
1.725752508361203724e-08 8.093558347301287384e-03
1.735785953177257200e-08 9.624311978549090693e-03
1.745819397993310675e-08 1.430933063510105279e-03
1.755852842809364150e-08 9.787825430965166329e-03
1.765886287625417957e-08 1.499858032311945227e-02
1.775919732441471432e-08 7.140990175571185032e-03
1.785953177257524907e-08 -4.240032048221187375e-04
1.795986622073578383e-08 8.989721671874147460e-03
1.806020066889631858e-08 8.803794874728057551e-03
1.816053511705685334e-08 5.686733081343792184e-03
1.826086956521738809e-08 6.386614684022668895e-03
1.836120401337792284e-08 1.006271958254579060e-02
1.846153846153845760e-08 6.985442249077516985e-03
1.856187290969899566e-08 9.564375911758786486e-03
1.866220735785953041e-08 1.131945031088483003e-02
1.876254180602006517e-08 9.804500137715915775e-03
1.886287625418059992e-08 6.411885368762993212e-03
1.896321070234113468e-08 7.382682415038414013e-03
1.906354515050166943e-08 6.059030374867564045e-03
1.916387959866220418e-08 3.013075176375333650e-03
1.926421404682273894e-08 9.798510569010791468e-03
1.936454849498327369e-08 4.213898635838069472e-03
1.946488294314380845e-08 7.694636182300551748e-03
1.956521739130434651e-08 4.826289217820993981e-03
1.966555183946488126e-08 4.064206002026450951e-03
1.976588628762541602e-08 9.969677413954641104e-03
1.986622073578595077e-08 4.205354864763925955e-03
1.996655518394648553e-08 1.154556015910010620e-02
2.006688963210702028e-08 1.313413374277230643e-02
2.016722408026755503e-08 8.258686903936187512e-03
2.026755852842808979e-08 1.068818996293679352e-02
2.036789297658862454e-08 7.082610916096168142e-03
2.046822742474916260e-08 9.900903953043093189e-03
2.056856187290969736e-08 1.053914431592737136e-02
2.066889632107023211e-08 1.332078964242706942e-03
2.076923076923076687e-08 3.107083467255780142e-03
2.086956521739130162e-08 8.008503336441269091e-03
2.096989966555183637e-08 7.642573743025094304e-03
2.107023411371237113e-08 1.618851447224274251e-02
2.117056856187290588e-08 4.762514330323912998e-03
2.127090301003344064e-08 4.158033188235567106e-03
2.137123745819397539e-08 4.006205935479072340e-03
2.147157190635451345e-08 9.562985783772286197e-03
2.157190635451504821e-08 3.024840990959238272e-03
2.167224080267558296e-08 8.767153116777620311e-03
2.177257525083611771e-08 8.464674996872345245e-03
2.187290969899665247e-08 1.014654332340833055e-02
2.197324414715718722e-08 4.086949057875011518e-03
2.207357859531772198e-08 9.804161491774342208e-03
2.217391304347825673e-08 2.326077358198869183e-03
2.227424749163879148e-08 2.058957079628367937e-02
2.237458193979932955e-08 1.207218026928920038e-02
2.247491638795986430e-08 6.607347744215619212e-03
2.257525083612039905e-08 9.149754040739782601e-03
2.267558528428093381e-08 8.623903147517202050e-03
2.277591973244146856e-08 9.551049954483819063e-03
2.287625418060200332e-08 6.137787014640069122e-03
2.297658862876253807e-08 9.691158226409733040e-03
2.307692307692307282e-08 3.191088192923658296e-03
2.317725752508360758e-08 7.883193741743531324e-03
2.327759197324414233e-08 8.156992331793759196e-03
2.337792642140468040e-08 1.003269200929469626e-02
2.347826086956521515e-08 3.210294644456800246e-03
2.357859531772574990e-08 6.989175318001042414e-03
2.367892976588628466e-08 9.442149454757624294e-03
2.377926421404681941e-08 4.434113987457750060e-03
2.387959866220735417e-08 1.397990211265216689e-03
2.397993311036788892e-08 7.952176044670793142e-03
2.408026755852842367e-08 8.084152744420614392e-03
2.418060200668895843e-08 7.188314434808677246e-03
2.428093645484949649e-08 4.949508422858857337e-03
2.438127090301003124e-08 1.111717506965032021e-02
2.448160535117056600e-08 5.764054500153350385e-03
2.458193979933110075e-08 3.673317028021305924e-03
2.468227424749163551e-08 3.873550654689835674e-03
2.478260869565217026e-08 1.563164325810888385e-03
2.488294314381270501e-08 -1.011110504954669184e-03
2.498327759197323977e-08 1.533936644163405062e-02
2.508361204013377452e-08 6.241954313745680556e-03
2.518394648829430928e-08 9.871761929981561975e-03
2.528428093645484734e-08 7.513952565542331673e-03
2.538461538461538209e-08 -1.329373033257078528e-03
2.548494983277591685e-08 9.974562334644568318e-03
2.558528428093645160e-08 -8.310703785860157778e-04
2.568561872909698635e-08 8.766184439406467591e-03
2.578595317725752111e-08 6.776762144213585928e-03
2.588628762541805586e-08 6.209546906101946762e-03
2.598662207357859062e-08 3.217493767005400254e-03
2.608695652173912537e-08 6.209919537773171856e-03
2.618729096989966343e-08 5.818518730417755747e-03
2.628762541806019819e-08 6.845318200944528787e-03
2.638795986622073294e-08 9.125007607033342946e-03
2.648829431438126769e-08 4.606124838887966540e-03
2.658862876254180245e-08 8.452178508301677953e-03
2.668896321070233720e-08 4.092534002475370705e-03
2.678929765886287196e-08 4.221079051319523261e-03
2.688963210702340671e-08 9.069809005440715444e-04
2.698996655518394146e-08 1.011438302407482830e-02
2.709030100334447622e-08 1.266537258994811926e-02
2.719063545150501428e-08 3.801633039969277029e-03
2.729096989966554904e-08 8.018289097501242815e-03
2.739130434782608379e-08 7.824665369495909309e-03
2.749163879598661854e-08 5.697929628902333003e-03
2.759197324414715330e-08 5.477743057001191289e-03
2.769230769230768805e-08 1.297040742975908052e-02
2.779264214046822281e-08 9.099451634032147684e-03
2.789297658862875756e-08 5.645089819179138421e-03
2.799331103678929231e-08 5.675933531703987456e-03
2.809364548494983038e-08 5.830132092029126530e-03
2.819397993311036513e-08 6.082531329336731893e-03
2.829431438127089988e-08 1.073948403414959687e-02
2.839464882943143464e-08 7.146337046360414641e-03
2.849498327759196939e-08 8.780280385060550835e-03
2.859531772575250415e-08 8.910495453772288021e-03
2.869565217391303890e-08 5.161381231652267289e-03
2.879598662207357365e-08 9.157573396995570547e-03
2.889632107023410841e-08 6.830817820238042730e-03
2.899665551839464316e-08 6.325158141227561759e-03
2.909698996655518122e-08 7.329672993538352901e-03
2.919732441471571598e-08 3.481512794872463831e-03
2.929765886287625073e-08 1.056865983708153364e-02
2.939799331103678549e-08 9.822732259194067936e-03
2.949832775919732024e-08 8.269956412370443530e-03
2.959866220735785499e-08 1.206942654051969092e-02
2.969899665551838975e-08 9.094873099772377706e-03
2.979933110367892450e-08 2.342792351715057911e-03
2.989966555183946256e-08 9.820573810673695683e-03
2.999999999999999732e-08 9.052918902280923663e-03
