0.000000000000000000e+00 9.999999999999995559e-01
1.003344481605351029e-10 9.999588750087170519e-01
2.006688963210702059e-10 9.998355206848371646e-01
3.010033444816052959e-10 9.996299989607658754e-01
4.013377926421404118e-10 9.993424129988666138e-01
5.016722408026755277e-10 9.989729071040621688e-01
6.020066889632105918e-10 9.985216666016130116e-01
7.023411371237457594e-10 9.979889176802106965e-01
8.026755852842808236e-10 9.973749272005657529e-01
9.030100334448158877e-10 9.966800024696982341e-01
1.003344481605351055e-09 9.959044909811940460e-01
1.103678929765886223e-09 9.950487801217094974e-01
1.204013377926421184e-09 9.941132968440602458e-01
1.304347826086956351e-09 9.930985073072573499e-01
1.404682274247491519e-09 9.920049164838963263e-01
1.505016722408026480e-09 9.908330677353369698e-01
1.605351170568561647e-09 9.895835423551505583e-01
1.705685618729096815e-09 9.882569590813445881e-01
1.806020066889631775e-09 9.868539735779112698e-01
1.906354515050166943e-09 9.853752778862713280e-01
2.006688963210702111e-09 9.838215998472372714e-01
2.107023411371237278e-09 9.821937024941241878e-01
2.207357859531772446e-09 9.804923834176940689e-01
2.307692307692307200e-09 9.787184741036335511e-01
2.408026755852842367e-09 9.768728392432968199e-01
2.508361204013377535e-09 9.749563760184833949e-01
2.608695652173912702e-09 9.729700133610301727e-01
2.709030100334447870e-09 9.709147111880460645e-01
2.809364548494983038e-09 9.687914596136173451e-01
2.909698996655517792e-09 9.666012781378610086e-01
3.010033444816052959e-09 9.643452148142048763e-01
3.110367892976588127e-09 9.620243453958138291e-01
3.210702341137123294e-09 9.596397724620833181e-01
3.311036789297658462e-09 9.571926245261583865e-01
3.411371237458193629e-09 9.546840551244429873e-01
3.511705685618728797e-09 9.521152418890848068e-01
3.612040133779263551e-09 9.494873856044372396e-01
3.712374581939798719e-09 9.468017092485154773e-01
3.812709030100333886e-09 9.440594570204701164e-01
3.913043478260868640e-09 9.412618933551241129e-01
4.013377926421404221e-09 9.384103019256188061e-01
4.113712374581938975e-09 9.355059846352309361e-01
4.214046822742474556e-09 9.325502605994258065e-01
4.314381270903009310e-09 9.295444651192200647e-01
4.414715719063544892e-09 9.264899486469323486e-01
4.515050167224079646e-09 9.233880757454046018e-01
4.615384615384614399e-09 9.202402240417730805e-01
4.715719063545149981e-09 9.170477831768789612e-01
4.816053511705684735e-09 9.138121537513974602e-01
4.916387959866220316e-09 9.105347462697717109e-01
5.016722408026755070e-09 9.072169800830240938e-01
5.117056856187290651e-09 9.038602823315243784e-01
5.217391304347825405e-09 9.004660868887789382e-01
5.317725752508360159e-09 8.970358333073007451e-01
5.418060200668895740e-09 8.935709657676162987e-01
5.518394648829430494e-09 8.900729320314443305e-01
5.618729096989966075e-09 8.865431824000845618e-01
5.719063545150500829e-09 8.829831686790260425e-01
5.819397993311035583e-09 8.793943431497892593e-01
5.919732441471571164e-09 8.757781575499816729e-01
6.020066889632105918e-09 8.721360620625482341e-01
6.120401337792641499e-09 8.684695043151672289e-01
6.220735785953176253e-09 8.647799283907352530e-01
6.321070234113711835e-09 8.610687738498529198e-01
6.421404682274246589e-09 8.573374747662158013e-01
6.521739130434781343e-09 8.535874587757832366e-01
6.622073578595316924e-09 8.498201461405818780e-01
6.722408026755851678e-09 8.460369488279710914e-01
6.822742474916387259e-09 8.422392696061824502e-01
6.923076923076922013e-09 8.384285011569055923e-01
7.023411371237457594e-09 8.346060252056854978e-01
7.123745819397992348e-09 8.307732116708531622e-01
7.224080267558527102e-09 8.269314178316906627e-01
7.324414715719062683e-09 8.230819875165050759e-01
7.424749163879597437e-09 8.192262503112536232e-01
7.525083612040133018e-09 8.153655207893335533e-01
7.625418060200667772e-09 8.115010977631194056e-01
7.725752508361202526e-09 8.076342635578026563e-01
7.826086956521737280e-09 8.037662833080521096e-01
7.926421404682273689e-09 7.998984042779881953e-01
8.026755852842808442e-09 7.960318552049262530e-01
8.127090301003343196e-09 7.921678456673151292e-01
8.227424749163877950e-09 7.883075654772636609e-01
8.327759197324414359e-09 7.844521840980148708e-01
8.428093645484949113e-09 7.806028500866948328e-01
8.528428093645483867e-09 7.767606905626260883e-01
8.628762541806018621e-09 7.729268107014705125e-01
8.729096989966553375e-09 7.691022932554230085e-01
8.829431438127089783e-09 7.652881980996523170e-01
8.929765886287624537e-09 7.614855618051437069e-01
9.030100334448159291e-09 7.576953972380742197e-01
9.130434782608694045e-09 7.539186931858087304e-01
9.230769230769228799e-09 7.501564140095797750e-01
9.331103678929765207e-09 7.464094993238731268e-01
9.431438127090299961e-09 7.426788637025175666e-01
9.531772575250834715e-09 7.389653964114365481e-01
9.632107023411369469e-09 7.352699611679931468e-01
9.732441471571904223e-09 7.315933959268264841e-01
9.832775919732440632e-09 7.279365126920441798e-01
9.933110367892975386e-09 7.243000973556101840e-01
1.003344481605351014e-08 7.206849095617304801e-01
1.013377926421404489e-08 7.170916825970160557e-01
1.023411371237458130e-08 7.135211233061682368e-01
1.033444816053511606e-08 7.099739120329077169e-01
1.043478260869565081e-08 7.064507025858354217e-01
1.053511705685618556e-08 7.029521222288940274e-01
1.063545150501672032e-08 6.994787716960629842e-01
1.073578595317725673e-08 6.960312252299051261e-01
1.083612040133779148e-08 6.926100306435503118e-01
1.093645484949832623e-08 6.892157094056773348e-01
1.103678929765886099e-08 6.858487567480413549e-01
1.113712374581939574e-08 6.825096417950639038e-01
1.123745819397993215e-08 6.791988077149779812e-01
1.133779264214046690e-08 6.759166718920156525e-01
1.143812709030100166e-08 6.726636261190872546e-01
1.153846153846153641e-08 6.694400368103994303e-01
1.163879598662207117e-08 6.662462452334302343e-01
1.173913043478260757e-08 6.630825677596688950e-01
1.183946488294314233e-08 6.599492961335124974e-01
1.193979933110367708e-08 6.568466977586954192e-01
1.204013377926421184e-08 6.537750160016149170e-01
1.214046822742474824e-08 6.507344705109051608e-01
1.224080267558528300e-08 6.477252575525990208e-01
1.234113712374581775e-08 6.447475503602095870e-01
1.244147157190635251e-08 6.418014994990510758e-01
1.254180602006688726e-08 6.388872332441137836e-01
1.264214046822742367e-08 6.360048579707990868e-01
1.274247491638795842e-08 6.331544585578169348e-01
1.284280936454849318e-08 6.303360988015406230e-01
1.294314381270902793e-08 6.275498218411130757e-01
1.304347826086956269e-08 6.247956505935940985e-01
1.314381270903009909e-08 6.220735881984383875e-01
1.324414715719063385e-08 6.193836184705935333e-01
1.334448160535116860e-08 6.167257063615052548e-01
1.344481605351170336e-08 6.140997984273229848e-01
1.354515050167223811e-08 6.115058233036011481e-01
1.364548494983277452e-08 6.089436921857873664e-01
1.374581939799330927e-08 6.064132993148096951e-01
1.384615384615384403e-08 6.039145224670614542e-01
1.394648829431437878e-08 6.014472234481057500e-01
1.404682274247491519e-08 5.990112485894164562e-01
1.414715719063544994e-08 5.966064292474914099e-01
1.424749163879598470e-08 5.942325823046755717e-01
1.434782608695651945e-08 5.918895106710431175e-01
1.444816053511705420e-08 5.895770037867047453e-01
1.454849498327759061e-08 5.872948381239083693e-01
1.464882943143812537e-08 5.850427776883252440e-01
1.474916387959866012e-08 5.828205745189148912e-01
1.484949832775919487e-08 5.806279691857886283e-01
1.494983277591973128e-08 5.784646912854962686e-01
1.505016722408026604e-08 5.763304599331819933e-01
1.515050167224080079e-08 5.742249842510699365e-01
1.525083612040133554e-08 5.721479638527557920e-01
1.535117056856187030e-08 5.700990893228005119e-01
1.545150501672240505e-08 5.680780426911351544e-01
1.555183946488293981e-08 5.660844979018117007e-01
1.565217391304347456e-08 5.641181212756465335e-01
1.575250836120401262e-08 5.621785719663252578e-01
1.585284280936454738e-08 5.602655024095591907e-01
1.595317725752508213e-08 5.583785587648983917e-01
1.605351170568561688e-08 5.565173813498331956e-01
1.615384615384615164e-08 5.546816050658307518e-01
1.625418060200668639e-08 5.528708598159765009e-01
1.635451505016722115e-08 5.510847709139136130e-01
1.645484949832775590e-08 5.493229594837890639e-01
1.655518394648829065e-08 5.475850428509402290e-01
1.665551839464882872e-08 5.458706349230796340e-01
1.675585284280936347e-08 5.441793465617474901e-01
1.685618729096989823e-08 5.425107859438358382e-01
1.695652173913043298e-08 5.408645589129984499e-01
1.705685618729096773e-08 5.392402693207869468e-01
1.715719063545150249e-08 5.376375193573770250e-01
1.725752508361203724e-08 5.360559098717641024e-01
1.735785953177257200e-08 5.344950406813319121e-01
1.745819397993310675e-08 5.329545108707200995e-01
1.755852842809364150e-08 5.314339190799327595e-01
1.765886287625417957e-08 5.299328637816543841e-01
1.775919732441471432e-08 5.284509435477563466e-01
1.785953177257524907e-08 5.269877573049995823e-01
1.795986622073578383e-08 5.255429045799557830e-01
1.806020066889631858e-08 5.241159857331915140e-01
1.816053511705685334e-08 5.227066021827723175e-01
1.826086956521738809e-08 5.213143566171700716e-01
1.836120401337792284e-08 5.199388531976670835e-01
1.846153846153845760e-08 5.185796977503720484e-01
1.856187290969899566e-08 5.172364979479754377e-01
1.866220735785953041e-08 5.159088634813953078e-01
1.876254180602006517e-08 5.145964062214674062e-01
1.886287625418059992e-08 5.132987403708649810e-01
1.896321070234113468e-08 5.120154826064294840e-01
1.906354515050166943e-08 5.107462522121247739e-01
1.916387959866220418e-08 5.094906712028252072e-01
1.926421404682273894e-08 5.082483644391717625e-01
1.936454849498327369e-08 5.070189597337344534e-01
1.946488294314380845e-08 5.058020879487344912e-01
1.956521739130434651e-08 5.045973830855883246e-01
1.966555183946488126e-08 5.034044823665437818e-01
1.976588628762541602e-08 5.022230263086930879e-01
1.986622073578595077e-08 5.010526587906468654e-01
1.996655518394648553e-08 4.998930271121676538e-01
2.006688963210702028e-08 4.987437820470674299e-01
2.016722408026755503e-08 4.976045778896739380e-01
2.026755852842808979e-08 4.964750724951839667e-01
2.036789297658862454e-08 4.953549273142190401e-01
2.046822742474916260e-08 4.942438074219066557e-01
2.056856187290969736e-08 4.931413815418131397e-01
2.066889632107023211e-08 4.920473220650535828e-01
2.076923076923076687e-08 4.909613050649086485e-01
2.086956521739130162e-08 4.898830103072779329e-01
2.096989966555183637e-08 4.888121212572979490e-01
2.107023411371237113e-08 4.877483250824562466e-01
2.117056856187290588e-08 4.866913126525265199e-01
2.127090301003344064e-08 4.856407785366507746e-01
2.137123745819397539e-08 4.845964209978923520e-01
2.147157190635451345e-08 4.835579419855779437e-01
2.157190635451504821e-08 4.825250471257431228e-01
2.167224080267558296e-08 4.814974457099934768e-01
2.177257525083611771e-08 4.804748506830844867e-01
2.187290969899665247e-08 4.794569786295216907e-01
2.197324414715718722e-08 4.784435497594697884e-01
2.207357859531772198e-08 4.774342878942610113e-01
2.217391304347825673e-08 4.764289204517760390e-01
2.227424749163879148e-08 4.754271784319707983e-01
2.237458193979932955e-08 4.744287964028063298e-01
2.247491638795986430e-08 4.734335124868376266e-01
2.257525083612039905e-08 4.724410683486994778e-01
2.267558528428093381e-08 4.714512091837245733e-01
2.277591973244146856e-08 4.704636837079137490e-01
2.287625418060200332e-08 4.694782441494699254e-01
2.297658862876253807e-08 4.684946462420939706e-01
2.307692307692307282e-08 4.675126492202316686e-01
2.317725752508360758e-08 4.665320158164484310e-01
2.327759197324414233e-08 4.655525122610938982e-01
2.337792642140468040e-08 4.645739082844085877e-01
2.347826086956521515e-08 4.635959771212123659e-01
2.357859531772574990e-08 4.626184955183000325e-01
2.367892976588628466e-08 4.616412437446579808e-01
2.377926421404681941e-08 4.606640056045996912e-01
2.387959866220735417e-08 4.596865684539103158e-01
2.397993311036788892e-08 4.587087232190704134e-01
2.408026755852842367e-08 4.577302644196206693e-01
2.418060200668895843e-08 4.567509901937140682e-01
2.428093645484949649e-08 4.557707023268880997e-01
2.438127090301003124e-08 4.547892062840776517e-01
2.448160535117056600e-08 4.538063112448732506e-01
2.458193979933110075e-08 4.528218301420208758e-01
2.468227424749163551e-08 4.518355797031403109e-01
2.478260869565217026e-08 4.508473804956307784e-01
2.488294314381270501e-08 4.498570569747186720e-01
2.498327759197323977e-08 4.488644375345858251e-01
2.508361204013377452e-08 4.478693545625124228e-01
2.518394648829430928e-08 4.468716444959460743e-01
2.528428093645484734e-08 4.458711478824059493e-01
2.538461538461538209e-08 4.448677094421142897e-01
2.548494983277591685e-08 4.438611781332343353e-01
2.558528428093645160e-08 4.428514072195915419e-01
2.568561872909698635e-08 4.418382543407317620e-01
2.578595317725752111e-08 4.408215815841711738e-01
2.588628762541805586e-08 4.398012555596748085e-01
2.598662207357859062e-08 4.387771474753973111e-01
2.608695652173912537e-08 4.377491332157030790e-01
2.618729096989966343e-08 4.367170934204835930e-01
2.628762541806019819e-08 4.356809135657720988e-01
2.638795986622073294e-08 4.346404840454555218e-01
2.648829431438126769e-08 4.335957002538720628e-01
2.658862876254180245e-08 4.325464626690767034e-01
2.668896321070233720e-08 4.314926769365550752e-01
2.678929765886287196e-08 4.304342539531509915e-01
2.688963210702340671e-08 4.293711099509788798e-01
2.698996655518394146e-08 4.283031665810806410e-01
2.709030100334447622e-08 4.272303509965832413e-01
2.719063545150501428e-08 4.261525959351129544e-01
2.729096989966554904e-08 4.250698398002157874e-01
2.739130434782608379e-08 4.239820267415338462e-01
2.749163879598661854e-08 4.228891067334844545e-01
2.759197324414715330e-08 4.217910356521856752e-01
2.769230769230768805e-08 4.206877753503778239e-01
2.779264214046822281e-08 4.195792937300810710e-01
2.789297658862875756e-08 4.184655648127380556e-01
2.799331103678929231e-08 4.173465688065876589e-01
2.809364548494983038e-08 4.162222921710171386e-01
2.819397993311036513e-08 4.150927276776444907e-01
2.829431438127089988e-08 4.139578744678844013e-01
2.839464882943143464e-08 4.128177381067539287e-01
2.849498327759196939e-08 4.116723306326797727e-01
2.859531772575250415e-08 4.105216706030708207e-01
2.869565217391303890e-08 4.093657831354272636e-01
2.879598662207357365e-08 4.082046999437629609e-01
2.889632107023410841e-08 4.070384593701183995e-01
2.899665551839464316e-08 4.058671064109594107e-01
2.909698996655518122e-08 4.046906927382486474e-01
2.919732441471571598e-08 4.035092767149995874e-01
2.929765886287625073e-08 4.023229234051193259e-01
2.939799331103678549e-08 4.011317045773591383e-01
2.949832775919732024e-08 3.999356987032033350e-01
2.959866220735785499e-08 3.987349909485289889e-01
2.969899665551838975e-08 3.975296731588859322e-01
2.979933110367892450e-08 3.963198438382523614e-01
2.989966555183946256e-08 3.951056081211310467e-01
2.999999999999999732e-08 3.938870777378654653e-01
