0.000000000000000000e+00 9.999999999999995559e-01
1.003344481605351029e-10 9.959790835955343313e-01
2.006688963210702059e-10 9.841126406725810849e-01
3.010033444816052959e-10 9.649734790913497839e-01
4.013377926421404118e-10 9.394643267638657091e-01
5.016722408026755277e-10 9.087458076436435439e-01
6.020066889632105918e-10 8.741466326910007911e-01
7.023411371237457594e-10 8.370653178384362958e-01
8.026755852842808236e-10 7.988732314004381996e-01
9.030100334448158877e-10 7.608280738954399380e-01
1.003344481605351055e-09 7.240051418054151977e-01
1.103678929765886223e-09 6.892512008880590235e-01
1.204013377926421184e-09 6.571628669999235450e-01
1.304347826086956351e-09 6.280884735932443785e-01
1.404682274247491519e-09 6.021498823854628535e-01
1.505016722408026480e-09 5.792788755345491536e-01
1.605351170568561647e-09 5.592618419425274823e-01
1.705685618729096815e-09 5.417864831378299550e-01
1.806020066889631775e-09 5.264851209692369416e-01
1.906354515050166943e-09 5.129706776523609291e-01
2.006688963210702111e-09 5.008632282619598364e-01
2.107023411371237278e-09 4.898068785254534596e-01
2.207357859531772446e-09 4.794783027552967369e-01
2.307692307692307200e-09 4.695893631352707764e-01
2.408026755852842367e-09 4.598866981669389453e-01
2.508361204013377535e-09 4.501510047267792691e-01
2.608695652173912702e-09 4.401980426995985574e-01
2.709030100334447870e-09 4.298823458052345448e-01
2.809364548494983038e-09 4.191034574520824951e-01
2.909698996655517792e-09 4.078134624341933079e-01
3.010033444816052959e-09 3.960238548913970202e-01
3.110367892976588127e-09 3.838095026690466760e-01
3.210702341137123294e-09 3.713076824689345301e-01
3.311036789297658462e-09 3.587108216279901729e-01
3.411371237458193629e-09 3.462525640880698696e-01
3.511705685618728797e-09 3.341878989860397886e-01
3.612040133779263551e-09 3.227691484670580646e-01
3.712374581939798719e-09 3.122204199669336711e-01
3.812709030100333886e-09 3.027135471136391254e-01
3.913043478260868640e-09 2.943485013600705691e-01
4.013377926421404221e-09 2.871407609830246010e-01
4.113712374581938975e-09 2.810172573154763875e-01
4.214046822742474556e-09 2.758214203014076604e-01
4.314381270903009310e-09 2.713266895063077833e-01
4.414715719063544892e-09 2.672568180926352399e-01
4.515050167224079646e-09 2.633105252926906670e-01
4.615384615384614399e-09 2.591876476820412778e-01
4.715719063545149981e-09 2.546139384110613357e-01
4.816053511705684735e-09 2.493620387776209757e-01
4.916387959866220316e-09 2.432668141002628792e-01
5.016722408026755070e-09 2.362340830841773709e-01
5.117056856187290651e-09 2.282426383607400189e-01
5.217391304347825405e-09 2.193402255305759441e-01
5.317725752508360159e-09 2.096347178985660809e-01
5.418060200668895740e-09 1.992820365912968406e-01
5.518394648829430494e-09 1.884724123120850303e-01
5.618729096989966075e-09 1.774164025826266422e-01
5.719063545150500829e-09 1.663317382321142790e-01
5.819397993311035583e-09 1.554316642894260081e-01
5.919732441471571164e-09 1.449150520454734470e-01
6.020066889632105918e-09 1.349582625040624817e-01
6.120401337792641499e-09 1.257085791732434066e-01
6.220735785953176253e-09 1.172790079175763667e-01
6.321070234113711835e-09 1.097443381234764342e-01
6.421404682274246589e-09 1.031385225057278310e-01
6.521739130434781343e-09 9.745359988958503250e-02
6.622073578595316924e-09 9.264049557731018902e-02
6.722408026755851678e-09 8.861204198526784204e-02
6.822742474916387259e-09 8.524844744588344625e-02
6.923076923076922013e-09 8.240521173820555823e-02
7.023411371237457594e-09 7.992317856396843889e-02
7.123745819397992348e-09 7.764008325780766273e-02
7.224080267558527102e-09 7.540266268938937422e-02
7.324414715719062683e-09 7.307820372106421658e-02
7.424749163879597437e-09 7.056436094010849758e-02
7.525083612040133018e-09 6.779619324862865004e-02
7.625418060200667772e-09 6.474964320025268505e-02
7.725752508361202526e-09 6.144107646200171191e-02
7.826086956521737280e-09 5.792295444941431004e-02
7.926421404682273689e-09 5.427616342868973875e-02
8.026755852842808442e-09 5.059990185887765224e-02
8.127090301003343196e-09 4.700028073112551275e-02
8.227424749163877950e-09 4.357888681050405000e-02
8.327759197324414359e-09 4.042248973042471272e-02
8.428093645484949113e-09 3.759486052341048934e-02
8.528428093645483867e-09 3.513135236266379940e-02
8.628762541806018621e-09 3.303652807119893120e-02
8.729096989966553375e-09 3.128476037220797451e-02
8.829431438127089783e-09 2.982342998864122990e-02
8.929765886287624537e-09 2.857813863370503582e-02
9.030100334448159291e-09 2.745925402390981748e-02
9.130434782608694045e-09 2.636910720992863971e-02
9.230769230769228799e-09 2.520924642725289044e-02
9.331103678929765207e-09 2.388728298489339527e-02
9.431438127090299961e-09 2.232300699532490523e-02
9.531772575250834715e-09 2.045357233959272519e-02
9.632107023411369469e-09 1.823763056334265151e-02
9.732441471571904223e-09 1.565832638233846663e-02
9.832775919732440632e-09 1.272506178588416262e-02
9.933110367892975386e-09 9.473911529412529231e-03
1.003344481605351014e-08 5.966556143910284327e-03
1.013377926421404489e-08 2.287614510019683051e-03
1.023411371237458130e-08 -1.459675983338681871e-03
1.033444816053511606e-08 -5.159362671983868526e-03
1.043478260869565081e-08 -8.690028859409374209e-03
1.053511705685618556e-08 -1.193296926679488640e-02
1.063545150501672032e-08 -1.478068822383389949e-02
1.073578595317725673e-08 -1.714498825877788790e-02
1.083612040133779148e-08 -1.896386459449337508e-02
1.093645484949832623e-08 -2.020646864403684989e-02
1.103678929765886099e-08 -2.087555604833820494e-02
1.113712374581939574e-08 -2.100707925702323398e-02
1.123745819397993215e-08 -2.066689156010849751e-02
1.133779264214046690e-08 -1.994485701629482993e-02
1.143812709030100166e-08 -1.894696167069927911e-02
1.153846153846153641e-08 -1.778625118651616654e-02
1.163879598662207117e-08 -1.657354418895583270e-02
1.173913043478260757e-08 -1.540887112733696843e-02
1.183946488294314233e-08 -1.437446655314704794e-02
1.193979933110367708e-08 -1.352991873047659950e-02
1.204013377926421184e-08 -1.290979027464227852e-02
1.214046822742474824e-08 -1.252371212349377878e-02
1.224080267558528300e-08 -1.235866712574644824e-02
1.234113712374581775e-08 -1.238295904918506815e-02
1.244147157190635251e-08 -1.255123513858489789e-02
1.254180602006688726e-08 -1.280990580783303995e-02
1.264214046822742367e-08 -1.310237609006900672e-02
1.274247491638795842e-08 -1.337364700008481996e-02
1.284280936454849318e-08 -1.357402736093189441e-02
1.294314381270902793e-08 -1.366188048551491771e-02
1.304347826086956269e-08 -1.360548129655774624e-02
1.314381270903009909e-08 -1.338415348124948924e-02
1.324414715719063385e-08 -1.298888228546184187e-02
1.334448160535116860e-08 -1.242256081420988444e-02
1.344481605351170336e-08 -1.169994396960641336e-02
1.354515050167223811e-08 -1.084728149318605131e-02
1.364548494983277452e-08 -9.901510476307901626e-03
1.374581939799330927e-08 -8.908835621161856691e-03
1.384615384615384403e-08 -7.922531153389670774e-03
1.394648829431437878e-08 -6.999867542729885234e-03
1.404682274247491519e-08 -6.198190857771856271e-03
1.414715719063544994e-08 -5.570341652244107170e-03
1.424749163879598470e-08 -5.159763831765927337e-03
1.434782608695651945e-08 -4.995788796467916931e-03
1.444816053511705420e-08 -5.089656187015248467e-03
1.454849498327759061e-08 -5.431828591465652153e-03
1.464882943143812537e-08 -5.991065598074044561e-03
1.474916387959866012e-08 -6.715549696711450162e-03
1.484949832775919487e-08 -7.536124122917325571e-03
1.494983277591973128e-08 -8.371443128602823816e-03
1.505016722408026604e-08 -9.134586328995098620e-03
1.515050167224080079e-08 -9.740488069996623352e-03
1.525083612040133554e-08 -1.011341076206896672e-02
1.535117056856187030e-08 -1.019366667813957281e-02
1.545150501672240505e-08 -9.942869981271546670e-03
1.555183946488293981e-08 -9.347168765768789842e-03
1.565217391304347456e-08 -8.418141589876325381e-03
1.575250836120401262e-08 -7.191311264246156784e-03
1.585284280936454738e-08 -5.722493835400680427e-03
1.595317725752508213e-08 -4.082428184184632748e-03
1.605351170568561688e-08 -2.350294086368286822e-03
1.615384615384615164e-08 -6.068074779602269583e-04
1.625418060200668639e-08 1.072422878721168704e-03
1.635451505016722115e-08 2.622674897046211803e-03
1.645484949832775590e-08 3.994567361075130815e-03
1.655518394648829065e-08 5.156903341353735216e-03
1.665551839464882872e-08 6.097802452772332037e-03
1.675585284280936347e-08 6.824192128996793907e-03
1.685618729096989823e-08 7.359866070631406604e-03
1.695652173913043298e-08 7.742412941719649909e-03
1.705685618729096773e-08 8.019367685980924310e-03
1.715719063545150249e-08 8.243945873213507497e-03
1.725752508361203724e-08 8.470697466083063759e-03
1.735785953177257200e-08 8.751371734124949175e-03
1.745819397993310675e-08 9.131230790450386298e-03
1.755852842809364150e-08 9.645994049482145560e-03
1.765886287625417957e-08 1.031954492634413328e-02
1.775919732441471432e-08 1.116248577651498750e-02
1.785953177257524907e-08 1.217158597040410295e-02
1.795986622073578383e-08 1.333012817163127181e-02
1.806020066889631858e-08 1.460911650327291478e-02
1.816053511705685334e-08 1.596926601126867282e-02
1.826086956521738809e-08 1.736364669765734850e-02
1.836120401337792284e-08 1.874081090654323989e-02
1.846153846153845760e-08 2.004819536197743890e-02
1.856187290969899566e-08 2.123556468623334290e-02
1.866220735785953041e-08 2.225825694978637165e-02
1.876254180602006517e-08 2.308000669546036304e-02
1.886287625418059992e-08 2.367515676454686260e-02
1.896321070234113468e-08 2.403012354153228822e-02
1.906354515050166943e-08 2.414404441008550020e-02
1.916387959866220418e-08 2.402860299215176312e-02
1.926421404682273894e-08 2.370708865054937248e-02
1.936454849498327369e-08 2.321279476058145733e-02
1.946488294314380845e-08 2.258689119934665507e-02
1.956521739130434651e-08 2.187591972310607910e-02
1.966555183946488126e-08 2.112905927802960493e-02
1.976588628762541602e-08 2.039529736575119989e-02
1.986622073578595077e-08 1.972063011741793936e-02
1.996655518394648553e-08 1.914540390822873708e-02
2.006688963210702028e-08 1.870190911394511643e-02
2.016722408026755503e-08 1.841234247913330416e-02
2.026755852842808979e-08 1.828726520187259896e-02
2.036789297658862454e-08 1.832469260030249875e-02
2.046822742474916260e-08 1.850994956998765206e-02
2.056856187290969736e-08 1.881640555416196070e-02
2.066889632107023211e-08 1.920715739644575717e-02
2.076923076923076687e-08 1.963765655883751432e-02
2.086956521739130162e-08 2.005918273242669400e-02
2.096989966555183637e-08 2.042295865332947533e-02
2.107023411371237113e-08 2.068459561723525256e-02
2.117056856187290588e-08 2.080847315128339647e-02
2.127090301003344064e-08 2.077160676287313074e-02
2.137123745819397539e-08 2.056655846558557918e-02
2.147157190635451345e-08 2.020300340211223650e-02
2.157190635451504821e-08 1.970768150461853219e-02
2.167224080267558296e-08 1.912262581488938240e-02
2.177257525083611771e-08 1.850175058276915668e-02
2.187290969899665247e-08 1.790607830408107518e-02
2.197324414715718722e-08 1.739805862442572737e-02
2.207357859531772198e-08 1.703555824231203428e-02
2.217391304347825673e-08 1.686615991397152903e-02
2.227424749163879148e-08 1.692238963470986055e-02
2.237458193979932955e-08 1.721839420822186828e-02
2.247491638795986430e-08 1.774842809390186210e-02
2.257525083612039905e-08 1.848729974890975930e-02
2.267558528428093381e-08 1.939270142793312127e-02
2.277591973244146856e-08 2.040913285493656595e-02
2.287625418060200332e-08 2.147295657356664000e-02
2.297658862876253807e-08 2.251801307197888805e-02
2.307692307692307282e-08 2.348118943391635377e-02
2.317725752508360758e-08 2.430737761080672965e-02
2.327759197324414233e-08 2.495336773633547930e-02
2.337792642140468040e-08 2.539037935569212964e-02
2.347826086956521515e-08 2.560511426065404522e-02
2.357859531772574990e-08 2.559939223796144775e-02
2.367892976588628466e-08 2.538858126893295958e-02
2.377926421404681941e-08 2.499913839155416817e-02
2.387959866220735417e-08 2.446562685611245250e-02
2.397993311036788892e-08 2.382756908944824031e-02
2.408026755852842367e-08 2.312644178621119442e-02
2.418060200668895843e-08 2.240303426132720169e-02
2.428093645484949649e-08 2.169529266523626682e-02
2.438127090301003124e-08 2.103667946832721292e-02
2.448160535117056600e-08 2.045500522273090843e-02
2.458193979933110075e-08 1.997164775741997259e-02
2.468227424749163551e-08 1.960106540108276854e-02
2.478260869565217026e-08 1.935053136050217393e-02
2.488294314381270501e-08 1.922005621279414961e-02
2.498327759197323977e-08 1.920251150451546263e-02
2.508361204013377452e-08 1.928400610074483545e-02
2.518394648829430928e-08 1.944458686431490765e-02
2.528428093645484734e-08 1.965932960219218817e-02
2.538461538461538209e-08 1.989985384752122541e-02
2.548494983277591685e-08 2.013624065288515882e-02
2.558528428093645160e-08 2.033926570603525677e-02
2.568561872909698635e-08 2.048279326321529939e-02
2.578595317725752111e-08 2.054612271468566134e-02
2.588628762541805586e-08 2.051605025559060866e-02
2.598662207357859062e-08 2.038841039761690038e-02
2.608695652173912537e-08 2.016889795109716790e-02
2.618729096989966343e-08 1.987303709109079775e-02
2.628762541806019819e-08 1.952525173530235761e-02
2.638795986622073294e-08 1.915708881430869953e-02
2.648829431438126769e-08 1.880473979625294986e-02
2.658862876254180245e-08 1.850608348106643278e-02
2.668896321070233720e-08 1.829752473169537347e-02
2.678929765886287196e-08 1.821092365571198163e-02
2.688963210702340671e-08 1.827089667212450363e-02
2.698996655518394146e-08 1.849272827832963012e-02
2.709030100334447622e-08 1.888106715647544162e-02
2.719063545150501428e-08 1.942950172319000274e-02
2.729096989966554904e-08 2.012102814462226816e-02
2.739130434782608379e-08 2.092934714581619685e-02
2.749163879598661854e-08 2.182086155918314466e-02
2.759197324414715330e-08 2.275719876272846304e-02
2.769230769230768805e-08 2.369805253834195158e-02
2.779264214046822281e-08 2.460412675073152255e-02
2.789297658862875756e-08 2.543996641686923146e-02
2.799331103678929231e-08 2.617647737526047555e-02
2.809364548494983038e-08 2.679296117624828041e-02
2.819397993311036513e-08 2.727852492816096319e-02
2.829431438127089988e-08 2.763276533897088619e-02
2.839464882943143464e-08 2.786567131635761183e-02
2.849498327759196939e-08 2.799673951236711367e-02
2.859531772575250415e-08 2.805335087561480756e-02
2.869565217391303890e-08 2.806851133155317812e-02
2.879598662207357365e-08 2.807811260454588440e-02
2.889632107023410841e-08 2.811791521899735177e-02
2.899665551839464316e-08 2.822048949917086574e-02
2.909698996655518122e-08 2.841236669803369128e-02
2.919732441471571598e-08 2.871164710603496539e-02
2.929765886287625073e-08 2.912628305292192313e-02
2.939799331103678549e-08 2.965320280136303152e-02
2.949832775919732024e-08 3.027837016461719030e-02
2.959866220735785499e-08 3.097779081773779572e-02
2.969899665551838975e-08 3.171938838597034710e-02
2.979933110367892450e-08 3.246559115599004230e-02
2.989966555183946256e-08 3.317640299039024965e-02
2.999999999999999732e-08 3.381268737329812257e-02
