0.000000000000000000e+00 9.999999999999995559e-01
1.003344481605351029e-10 2.034954295501054111e-02
2.006688963210702059e-10 2.414247939756621747e-02
3.010033444816052959e-10 2.805746879210776687e-02
4.013377926421404118e-10 1.370719554173865928e-02
5.016722408026755277e-10 7.197771827506286094e-03
6.020066889632105918e-10 9.005602721389083590e-03
7.023411371237457594e-10 6.446822048896686669e-03
8.026755852842808236e-10 1.672945942509611490e-03
9.030100334448158877e-10 1.301308651421116680e-02
1.003344481605351055e-09 1.459459261238779150e-02
1.103678929765886223e-09 1.082133041912258266e-04
1.204013377926421184e-09 2.985588314371596854e-03
1.304347826086956351e-09 3.918308699410082488e-03
1.404682274247491519e-09 3.366519697070177296e-03
1.505016722408026480e-09 5.426789023858486806e-03
1.605351170568561647e-09 3.916017950096202169e-03
1.705685618729096815e-09 4.495221790403843704e-03
1.806020066889631775e-09 6.398246401410278509e-04
1.906354515050166943e-09 1.068785022518559634e-02
2.006688963210702111e-09 3.521566388565828230e-03
2.107023411371237278e-09 9.478129825726783891e-03
2.207357859531772446e-09 1.077504049873204486e-02
2.307692307692307200e-09 8.727810134899743194e-03
2.408026755852842367e-09 1.425988980754329047e-02
2.508361204013377535e-09 6.106813040979864465e-03
2.608695652173912702e-09 7.949201023696384621e-03
2.709030100334447870e-09 4.750836536666474532e-04
2.809364548494983038e-09 8.254581810268744879e-03
2.909698996655517792e-09 6.146292268956864840e-03
3.010033444816052959e-09 6.787371574240802855e-03
3.110367892976588127e-09 8.738272372718449907e-03
3.210702341137123294e-09 6.063229041796478445e-03
3.311036789297658462e-09 6.636267779215859752e-03
3.411371237458193629e-09 8.917609720750068955e-03
3.511705685618728797e-09 8.837937328224432579e-03
3.612040133779263551e-09 9.098342983466964698e-03
3.712374581939798719e-09 -1.849692542278347446e-04
3.812709030100333886e-09 9.461451809892629586e-03
3.913043478260868640e-09 6.882563321478024285e-03
4.013377926421404221e-09 1.039729361350421634e-02
4.113712374581938975e-09 9.057819512331094156e-03
4.214046822742474556e-09 5.211079019685441183e-03
4.314381270903009310e-09 6.878870491401666357e-03
4.414715719063544892e-09 6.581558602793554161e-03
4.515050167224079646e-09 9.391901638637284791e-03
4.615384615384614399e-09 7.352316624827113026e-03
4.715719063545149981e-09 6.899763694679604369e-03
4.816053511705684735e-09 6.778872285250038890e-03
4.916387959866220316e-09 4.456822675929532872e-03
5.016722408026755070e-09 6.682079500604082116e-03
5.117056856187290651e-09 1.031003319064776984e-02
5.217391304347825405e-09 5.041053780147721798e-03
5.317725752508360159e-09 1.044552769508631102e-02
5.418060200668895740e-09 3.054559591112695777e-03
5.518394648829430494e-09 1.138229923141509219e-02
5.618729096989966075e-09 9.113560860909000055e-03
5.719063545150500829e-09 7.438552957840223988e-03
5.819397993311035583e-09 5.581448011683705357e-03
5.919732441471571164e-09 8.406842200667683299e-03
6.020066889632105918e-09 1.168080979781569839e-03
6.120401337792641499e-09 1.171524647868963341e-02
6.220735785953176253e-09 2.404944277187731107e-03
6.321070234113711835e-09 9.086281448693814614e-03
6.421404682274246589e-09 6.272669900634104435e-03
6.521739130434781343e-09 3.460255944069218388e-03
6.622073578595316924e-09 5.348022269920852181e-03
6.722408026755851678e-09 9.162451711626915657e-03
6.822742474916387259e-09 1.287479216309906499e-02
6.923076923076922013e-09 1.255988608759412654e-04
7.023411371237457594e-09 7.540915882001456710e-03
7.123745819397992348e-09 1.037210896732480327e-02
7.224080267558527102e-09 6.027312973479160077e-03
7.324414715719062683e-09 9.920066316436255624e-03
7.424749163879597437e-09 3.349222384141242910e-03
7.525083612040133018e-09 1.071553383124084109e-02
7.625418060200667772e-09 7.337044276940607630e-03
7.725752508361202526e-09 5.996870019082888546e-03
7.826086956521737280e-09 1.244686341109946942e-02
7.926421404682273689e-09 1.004218868612557179e-02
8.026755852842808442e-09 4.012893408181956133e-03
8.127090301003343196e-09 7.701505439484730708e-03
8.227424749163877950e-09 4.142181050456067264e-03
8.327759197324414359e-09 9.366226747652814724e-03
8.428093645484949113e-09 4.769109146690033926e-03
8.528428093645483867e-09 4.039343315450244845e-03
8.628762541806018621e-09 7.948326795297468855e-03
8.729096989966553375e-09 6.771035478734757466e-03
8.829431438127089783e-09 6.942316673603515439e-03
8.929765886287624537e-09 1.140214469930755405e-02
9.030100334448159291e-09 7.608269787980714502e-03
9.130434782608694045e-09 3.998086365974999092e-03
9.230769230769228799e-09 7.000091081394442354e-03
9.331103678929765207e-09 8.920333939312467125e-03
9.431438127090299961e-09 9.351568572570856386e-03
9.531772575250834715e-09 4.400381367755065200e-03
9.632107023411369469e-09 2.937442045336185505e-03
9.732441471571904223e-09 7.109646672159161511e-03
9.832775919732440632e-09 9.194976163004754330e-03
9.933110367892975386e-09 6.053199222925742529e-03
1.003344481605351014e-08 1.263069858748777988e-02
1.013377926421404489e-08 1.467904221089365129e-02
1.023411371237458130e-08 1.893966126177195827e-02
1.033444816053511606e-08 5.229299835497093138e-03
1.043478260869565081e-08 6.370566215389244016e-03
1.053511705685618556e-08 2.797973942761630087e-03
1.063545150501672032e-08 6.380054806248250041e-03
1.073578595317725673e-08 8.004326294706817085e-03
1.083612040133779148e-08 9.064094163433566997e-03
1.093645484949832623e-08 6.918731166982110443e-03
1.103678929765886099e-08 4.933853001550297414e-03
1.113712374581939574e-08 1.211991256963032039e-02
1.123745819397993215e-08 -1.529973430959890614e-03
1.133779264214046690e-08 1.032102784195622174e-02
1.143812709030100166e-08 5.188398056935588504e-03
1.153846153846153641e-08 5.018531482940557023e-03
1.163879598662207117e-08 2.850822224480775366e-03
1.173913043478260757e-08 7.730136117032219284e-03
1.183946488294314233e-08 8.960301808985418962e-03
1.193979933110367708e-08 3.819091887213119964e-03
1.204013377926421184e-08 5.312396048271325784e-03
1.214046822742474824e-08 4.280186364349100429e-03
1.224080267558528300e-08 8.753375782105402014e-03
1.234113712374581775e-08 -2.225578850164399575e-03
1.244147157190635251e-08 1.113184601582707656e-02
1.254180602006688726e-08 6.322598916261067473e-03
1.264214046822742367e-08 8.879215847739475170e-03
1.274247491638795842e-08 1.393523297908878800e-03
1.284280936454849318e-08 1.516169877090818921e-02
1.294314381270902793e-08 7.296608764610139526e-03
1.304347826086956269e-08 5.004866567960807033e-03
1.314381270903009909e-08 1.274151810381511998e-02
1.324414715719063385e-08 1.007394200394655728e-02
1.334448160535116860e-08 9.300147558318804311e-03
1.344481605351170336e-08 9.870484450502550744e-03
1.354515050167223811e-08 1.151384406599123209e-02
1.364548494983277452e-08 9.133842809061758217e-03
1.374581939799330927e-08 5.056595243006192959e-04
1.384615384615384403e-08 8.722535341654480759e-03
1.394648829431437878e-08 5.912860449217224867e-03
1.404682274247491519e-08 9.471739359862101776e-03
1.414715719063544994e-08 5.508851857085270316e-03
1.424749163879598470e-08 6.153650745126231641e-04
1.434782608695651945e-08 6.672799204174663379e-03
1.444816053511705420e-08 7.003691216398506142e-03
1.454849498327759061e-08 3.039687862530205797e-03
1.464882943143812537e-08 7.083757922916242983e-03
1.474916387959866012e-08 1.179957134638051630e-02
1.484949832775919487e-08 9.808458466231640902e-03
1.494983277591973128e-08 5.347172096113031459e-03
1.505016722408026604e-08 6.700822497784618588e-03
1.515050167224080079e-08 3.311482206444072048e-03
1.525083612040133554e-08 8.362973630068153141e-03
1.535117056856187030e-08 1.090491501954160558e-02
1.545150501672240505e-08 9.081171232385802303e-03
1.555183946488293981e-08 8.987442347547273946e-03
1.565217391304347456e-08 1.150586391248406733e-02
1.575250836120401262e-08 2.294320572790816380e-03
1.585284280936454738e-08 1.225786700165898586e-02
1.595317725752508213e-08 5.480045515567705076e-03
1.605351170568561688e-08 3.381120948012223022e-03
1.615384615384615164e-08 5.673894248564087354e-03
1.625418060200668639e-08 8.211298334239391927e-03
1.635451505016722115e-08 9.261727348042524469e-03
1.645484949832775590e-08 9.007057999096294149e-03
1.655518394648829065e-08 4.567776429579654789e-03
1.665551839464882872e-08 3.617767000921874587e-03
1.675585284280936347e-08 1.244794263227194837e-02
1.685618729096989823e-08 5.899913433003494724e-03
1.695652173913043298e-08 3.212928528779551490e-04
1.705685618729096773e-08 3.110680405418759543e-03
1.715719063545150249e-08 1.621672351280310179e-03
1.725752508361203724e-08 1.619639709897517307e-02
1.735785953177257200e-08 4.893777950420983430e-03
1.745819397993310675e-08 4.851905654139271502e-03
1.755852842809364150e-08 1.081397085251657210e-02
1.765886287625417957e-08 6.183351802795148192e-03
1.775919732441471432e-08 1.091120918350321940e-02
1.785953177257524907e-08 7.866359858084115766e-03
1.795986622073578383e-08 7.553311918488216960e-03
1.806020066889631858e-08 1.067412018816377844e-02
1.816053511705685334e-08 5.373895504314285705e-03
1.826086956521738809e-08 1.349366107336182757e-02
1.836120401337792284e-08 6.082136793236972774e-03
1.846153846153845760e-08 9.387797753968776110e-03
1.856187290969899566e-08 9.070093493761029885e-03
1.866220735785953041e-08 1.072583651787350177e-02
1.876254180602006517e-08 6.019154585477696356e-03
1.886287625418059992e-08 1.015523857661150033e-02
1.896321070234113468e-08 8.793580581860697271e-03
1.906354515050166943e-08 3.649365024980553117e-03
1.916387959866220418e-08 7.170464491494443759e-03
1.926421404682273894e-08 7.634972958869058225e-03
1.936454849498327369e-08 6.134274507357532179e-03
1.946488294314380845e-08 5.214571674124918524e-03
1.956521739130434651e-08 7.972484073702899854e-03
1.966555183946488126e-08 7.810539015323254841e-03
1.976588628762541602e-08 1.163364987765533320e-02
1.986622073578595077e-08 1.071910892405259982e-02
1.996655518394648553e-08 5.602255192306036108e-03
2.006688963210702028e-08 -3.851886872593048711e-04
2.016722408026755503e-08 1.051091319848735522e-02
2.026755852842808979e-08 9.565389829930137297e-03
2.036789297658862454e-08 9.721269262324538224e-03
2.046822742474916260e-08 5.692537773060397065e-03
2.056856187290969736e-08 1.226409040529903051e-02
2.066889632107023211e-08 9.734100247766370659e-03
2.076923076923076687e-08 3.581261469524094597e-03
2.086956521739130162e-08 8.524472493604391687e-03
2.096989966555183637e-08 7.347207572733085480e-03
2.107023411371237113e-08 2.927064084967574264e-03
2.117056856187290588e-08 5.813051157426360645e-03
2.127090301003344064e-08 7.056708309040812983e-03
2.137123745819397539e-08 5.427242952547759076e-03
2.147157190635451345e-08 8.041696791652390430e-03
2.157190635451504821e-08 9.662064174293388472e-03
2.167224080267558296e-08 -1.133399030430303021e-03
2.177257525083611771e-08 1.206427480749801967e-02
2.187290969899665247e-08 9.323460562088681583e-03
2.197324414715718722e-08 7.391868090522631281e-03
2.207357859531772198e-08 5.383815051554873346e-03
2.217391304347825673e-08 1.270211625695631154e-02
2.227424749163879148e-08 1.055761804379419522e-02
2.237458193979932955e-08 1.050957429724136069e-02
2.247491638795986430e-08 5.350696504029639478e-03
2.257525083612039905e-08 1.005194758782036041e-02
2.267558528428093381e-08 9.723001057937540395e-03
2.277591973244146856e-08 8.755967175306992797e-03
2.287625418060200332e-08 5.806166007102796407e-03
2.297658862876253807e-08 9.282011552354250614e-03
2.307692307692307282e-08 1.032542521405410176e-02
2.317725752508360758e-08 9.794472938413749732e-03
2.327759197324414233e-08 7.806311217410516479e-03
2.337792642140468040e-08 5.576980604140867152e-03
2.347826086956521515e-08 1.038867694883687486e-02
2.357859531772574990e-08 5.762814820904389387e-03
2.367892976588628466e-08 8.239917649000243552e-03
2.377926421404681941e-08 1.035025733097668169e-02
2.387959866220735417e-08 6.870720378607374917e-03
2.397993311036788892e-08 1.045585508469370692e-02
2.408026755852842367e-08 3.857424188941769271e-03
2.418060200668895843e-08 6.418958576693484415e-03
2.428093645484949649e-08 8.718738503173863869e-03
2.438127090301003124e-08 2.535253550806578198e-03
2.448160535117056600e-08 4.027947720133022262e-03
2.458193979933110075e-08 5.017210119277642696e-03
2.468227424749163551e-08 7.142356490810944716e-03
2.478260869565217026e-08 8.127487718226841795e-03
2.488294314381270501e-08 4.696351560619296296e-03
2.498327759197323977e-08 8.050148075761090136e-03
2.508361204013377452e-08 4.170476233998824007e-03
2.518394648829430928e-08 6.912899804849709576e-03
2.528428093645484734e-08 1.248493107020591519e-02
2.538461538461538209e-08 8.078218362319989840e-03
2.548494983277591685e-08 1.163711642487071790e-02
2.558528428093645160e-08 7.789641354691554699e-03
2.568561872909698635e-08 2.100100588888938191e-04
2.578595317725752111e-08 7.726214130719197097e-03
2.588628762541805586e-08 3.052760399398923939e-03
2.598662207357859062e-08 8.604912699596345416e-03
2.608695652173912537e-08 5.593901851845753739e-03
2.618729096989966343e-08 3.782726930051406693e-03
2.628762541806019819e-08 8.930611639218408865e-03
2.638795986622073294e-08 7.476785924408440968e-03
2.648829431438126769e-08 5.505990205127912589e-03
2.658862876254180245e-08 9.598595729527465911e-03
2.668896321070233720e-08 7.173136433379641297e-03
2.678929765886287196e-08 3.566409639226035370e-03
2.688963210702340671e-08 1.031452616085514612e-02
2.698996655518394146e-08 2.676668384225291443e-03
2.709030100334447622e-08 7.416686424480035782e-03
2.719063545150501428e-08 4.209539167037438558e-03
2.729096989966554904e-08 1.544283699599184774e-02
2.739130434782608379e-08 1.241749269916111661e-02
2.749163879598661854e-08 1.246998188442255059e-02
2.759197324414715330e-08 8.440940932005253430e-03
2.769230769230768805e-08 5.676107409757639825e-03
2.779264214046822281e-08 9.316863938328968225e-03
2.789297658862875756e-08 2.097563726944316580e-03
2.799331103678929231e-08 7.008958261928780777e-03
2.809364548494983038e-08 7.410182852111248282e-03
2.819397993311036513e-08 5.763598753135817584e-03
2.829431438127089988e-08 1.167653042238459005e-02
2.839464882943143464e-08 1.220219045488376555e-03
2.849498327759196939e-08 5.677138706563290491e-03
2.859531772575250415e-08 1.737911272320329234e-03
2.869565217391303890e-08 1.179561406194498500e-02
2.879598662207357365e-08 -1.234714526399891378e-03
2.889632107023410841e-08 1.398638763769399253e-02
2.899665551839464316e-08 4.560861699324098018e-03
2.909698996655518122e-08 1.187963455195184190e-02
2.919732441471571598e-08 5.204117067169234875e-03
2.929765886287625073e-08 4.552213275333636365e-03
2.939799331103678549e-08 1.096246437255202037e-02
2.949832775919732024e-08 5.249951279052006425e-03
2.959866220735785499e-08 1.569408161124560136e-02
2.969899665551838975e-08 9.581347096290139531e-03
2.979933110367892450e-08 1.224318687663479392e-02
2.989966555183946256e-08 1.297916178174257987e-02
2.999999999999999732e-08 1.078128746776196682e-02
