0.000000000000000000e+00 9.999999999999995559e-01
1.003344481605351029e-10 9.964646795891740627e-01
2.006688963210702059e-10 9.860105764270912232e-01
3.010033444816052959e-10 9.690822939843631856e-01
4.013377926421404118e-10 9.463853191005885401e-01
5.016722408026755277e-10 9.188362996234884505e-01
6.020066889632105918e-10 8.875001297533006150e-01
7.023411371237457594e-10 8.535196237802112895e-01
8.026755852842808236e-10 8.180440321618531740e-01
9.030100334448158877e-10 7.821624521071370850e-01
1.003344481605351055e-09 7.468473547082592479e-01
1.103678929765886223e-09 7.129121134170143259e-01
1.204013377926421184e-09 6.809847526156636022e-01
1.304347826086956351e-09 6.514983510955958401e-01
1.404682274247491519e-09 6.246968487969462025e-01
1.505016722408026480e-09 6.006536081568504271e-01
1.605351170568561647e-09 5.792991186580018770e-01
1.705685618729096815e-09 5.604537856650843031e-01
1.806020066889631775e-09 5.438618222139528502e-01
1.906354515050166943e-09 5.292228062850241610e-01
2.006688963210702111e-09 5.162183606084884691e-01
2.107023411371237278e-09 5.045325037414946090e-01
2.207357859531772446e-09 4.938653420342570266e-01
2.307692307692307200e-09 4.839407638187613880e-01
2.408026755852842367e-09 4.745095325849099654e-01
2.508361204013377535e-09 4.653495751724178175e-01
2.608695652173912702e-09 4.562652998966968410e-01
2.709030100334447870e-09 4.470874894829414137e-01
2.809364548494983038e-09 4.376747736811985590e-01
2.909698996655517792e-09 4.279170083488790244e-01
3.010033444816052959e-09 4.177401976474262035e-01
3.110367892976588127e-09 4.071120141021359884e-01
3.210702341137123294e-09 3.960465941139162949e-01
3.311036789297658462e-09 3.846071731486194190e-01
3.411371237458193629e-09 3.729052895135807066e-01
3.511705685618728797e-09 3.610956975215707243e-01
3.612040133779263551e-09 3.493667205578859791e-01
3.712374581939798719e-09 3.379264462944087666e-01
3.812709030100333886e-09 3.269858134122281546e-01
3.913043478260868640e-09 3.167401609051609945e-01
4.013377926421404221e-09 3.073511274796310588e-01
4.113712374581938975e-09 2.989308521903133453e-01
4.214046822742474556e-09 2.915302290933787788e-01
4.314381270903009310e-09 2.851325376803408029e-01
4.414715719063544892e-09 2.796531693225325910e-01
4.515050167224079646e-09 2.749454825734392593e-01
4.615384615384614399e-09 2.708121409114226386e-01
4.715719063545149981e-09 2.670207046248544436e-01
4.816053511705684735e-09 2.633218359486457771e-01
4.916387959866220316e-09 2.594682783148624106e-01
5.016722408026755070e-09 2.552327998602197945e-01
5.117056856187290651e-09 2.504235293803042661e-01
5.217391304347825405e-09 2.448955136985455361e-01
5.317725752508360159e-09 2.385578240387078719e-01
5.418060200668895740e-09 2.313760624086040329e-01
5.518394648829430494e-09 2.233705972319985633e-01
5.618729096989966075e-09 2.146112335586540243e-01
5.719063545150500829e-09 2.052092605341475084e-01
5.819397993311035583e-09 1.953079048155864084e-01
5.919732441471571164e-09 1.850721643509215530e-01
6.020066889632105918e-09 1.746788331668003569e-01
6.120401337792641499e-09 1.643072982165752205e-01
6.220735785953176253e-09 1.541314422193726108e-01
6.321070234113711835e-09 1.443127662829177815e-01
6.421404682274246589e-09 1.349946865652061068e-01
6.521739130434781343e-09 1.262978782802806621e-01
6.622073578595316924e-09 1.183165386159010929e-01
6.722408026755851678e-09 1.111155022513213159e-01
6.822742474916387259e-09 1.047282418939024240e-01
6.923076923076922013e-09 9.915588839712891067e-02
7.023411371237457594e-09 9.436747812425078097e-02
7.123745819397992348e-09 9.030165381493804322e-02
7.224080267558527102e-09 8.686999556439284342e-02
7.324414715719062683e-09 8.396204111384056312e-02
7.424749163879597437e-09 8.145188402801627203e-02
7.525083612040133018e-09 7.920604046926225938e-02
7.625418060200667772e-09 7.709208292505739801e-02
7.725752508361202526e-09 7.498738617645350768e-02
7.826086956521737280e-09 7.278724589762666786e-02
7.926421404682273689e-09 7.041163254222215784e-02
8.026755852842808442e-09 6.780993838440957378e-02
8.127090301003343196e-09 6.496325523766589838e-02
8.227424749163877950e-09 6.188396296062061847e-02
8.327759197324414359e-09 5.861268323728510699e-02
8.428093645484949113e-09 5.521292339867758803e-02
8.528428093645483867e-09 5.176396613670161684e-02
8.628762541806018621e-09 4.835272383527648710e-02
8.729096989966553375e-09 4.506535216974642127e-02
8.829431438127089783e-09 4.197940059263695345e-02
8.929765886287624537e-09 3.915717442673506687e-02
9.030100334448159291e-09 3.664081304750213541e-02
9.130434782608694045e-09 3.444937762421030475e-02
9.230769230769228799e-09 3.257802025186959383e-02
9.331103678929765207e-09 3.099910299731822166e-02
9.431438127090299961e-09 2.966497386485105608e-02
9.531772575250834715e-09 2.851200179356892794e-02
9.632107023411369469e-09 2.746542921379221958e-02
9.732441471571904223e-09 2.644461320218687711e-02
9.832775919732440632e-09 2.536828166953167957e-02
9.933110367892975386e-09 2.415951118295425054e-02
1.003344481605351014e-08 2.275021868946329809e-02
1.013377926421404489e-08 2.108503377865237477e-02
1.023411371237458130e-08 1.912446983165373704e-02
1.033444816053511606e-08 1.684733723461161875e-02
1.043478260869565081e-08 1.425234298230210021e-02
1.053511705685618556e-08 1.135880786448175903e-02
1.063545150501672032e-08 8.206418237922639969e-03
1.073578595317725673e-08 4.853928087826352503e-03
1.083612040133779148e-08 1.376750135091928465e-03
1.093645484949832623e-08 -2.136571584792638229e-03
1.103678929765886099e-08 -5.588931598120542785e-03
1.113712374581939574e-08 -8.880093543623948302e-03
1.123745819397993215e-08 -1.191268600947216830e-02
1.133779264214046690e-08 -1.459836489363429933e-02
1.143812709030100166e-08 -1.686366936335929878e-02
1.153846153846153641e-08 -1.865506995744350971e-02
1.163879598662207117e-08 -1.994273520850866482e-02
1.173913043478260757e-08 -2.072263016540554920e-02
1.183946488294314233e-08 -2.101670025451174428e-02
1.193979933110367708e-08 -2.087107248256637321e-02
1.204013377926421184e-08 -2.035240195822586584e-02
1.214046822742474824e-08 -1.954268047019659671e-02
1.224080267558528300e-08 -1.853298090574324181e-02
1.234113712374581775e-08 -1.741671595034906261e-02
1.244147157190635251e-08 -1.628302808147810352e-02
1.254180602006688726e-08 -1.521089572936571571e-02
1.264214046822742367e-08 -1.426444275845789589e-02
1.274247491638795842e-08 -1.348978920365598994e-02
1.284280936454849318e-08 -1.291360131840686536e-02
1.294314381270902793e-08 -1.254331286887659658e-02
1.304347826086956269e-08 -1.236882153380139578e-02
1.314381270903009909e-08 -1.236533482852148966e-02
1.324414715719063385e-08 -1.249696311492828026e-02
1.334448160535116860e-08 -1.272063849143931745e-02
1.344481605351170336e-08 -1.298997430395133421e-02
1.354515050167223811e-08 -1.325875940458651550e-02
1.364548494983277452e-08 -1.348388713024243311e-02
1.374581939799330927e-08 -1.362763161888859952e-02
1.384615384615384403e-08 -1.365928452985776774e-02
1.394648829431437878e-08 -1.355623824490607109e-02
1.404682274247491519e-08 -1.330463807180280733e-02
1.414715719063544994e-08 -1.289972407786619223e-02
1.424749163879598470e-08 -1.234594847962051760e-02
1.434782608695651945e-08 -1.165689854890541825e-02
1.444816053511705420e-08 -1.085499301988907678e-02
1.454849498327759061e-08 -9.970868072767756149e-03
1.464882943143812537e-08 -9.042341047260465253e-03
1.474916387959866012e-08 -8.112845297197249922e-03
1.484949832775919487e-08 -7.229270787671791820e-03
1.494983277591973128e-08 -6.439217874280588581e-03
1.505016722408026604e-08 -5.787765498689270705e-03
1.515050167224080079e-08 -5.313954422933215432e-03
1.525083612040133554e-08 -5.047273618718702698e-03
1.535117056856187030e-08 -5.004496849246695307e-03
1.545150501672240505e-08 -5.187233796253747260e-03
1.555183946488293981e-08 -5.580528677533934737e-03
1.565217391304347456e-08 -6.152759311013210677e-03
1.575250836120401262e-08 -6.856968603057851663e-03
1.585284280936454738e-08 -7.633612535911648081e-03
1.595317725752508213e-08 -8.414552445608474221e-03
1.605351170568561688e-08 -9.127975051293469450e-03
1.615384615384615164e-08 -9.703810483597946623e-03
1.625418060200668639e-08 -1.007915168472345996e-02
1.635451505016722115e-08 -1.020316712962771565e-02
1.645484949832775590e-08 -1.004104461188236319e-02
1.655518394648829065e-08 -9.576601118642689980e-03
1.665551839464882872e-08 -8.813330295709855336e-03
1.675585284280936347e-08 -7.773817673390253855e-03
1.685618729096989823e-08 -6.497615428412616134e-03
1.695652173913043298e-08 -5.037814158177889023e-03
1.705685618729096773e-08 -3.456663014828574576e-03
1.715719063545150249e-08 -1.820660524970520167e-03
1.725752508361203724e-08 -1.955614591329542240e-04
1.735785953177257200e-08 1.358278585774186191e-03
1.745819397993310675e-08 2.789862880619826350e-03
1.755852842809364150e-08 4.060552152111943092e-03
1.765886287625417957e-08 5.145944983282509620e-03
1.775919732441471432e-08 6.036593313905444860e-03
1.785953177257524907e-08 6.737606709663125290e-03
1.795986622073578383e-08 7.267280381498557665e-03
1.806020066889631858e-08 7.654938890606742888e-03
1.816053511705685334e-08 7.938218716722421353e-03
1.826086956521738809e-08 8.160020506837338192e-03
1.836120401337792284e-08 8.365350483490005540e-03
1.846153846153845760e-08 8.598246113176478966e-03
1.856187290969899566e-08 8.898949738091105344e-03
1.866220735785953041e-08 9.301460533456394619e-03
1.876254180602006517e-08 9.831563320542743151e-03
1.886287625418059992e-08 1.050540403189129807e-02
1.896321070234113468e-08 1.132865590541464948e-02
1.906354515050166943e-08 1.229629654560661020e-02
1.916387959866220418e-08 1.339299217239879602e-02
1.926421404682273894e-08 1.459406033044515980e-02
1.936454849498327369e-08 1.586695560526608234e-02
1.946488294314380845e-08 1.717319526395978332e-02
1.956521739130434651e-08 1.847061519888426248e-02
1.966555183946488126e-08 1.971582397995931546e-02
1.976588628762541602e-08 2.086670740408999927e-02
1.986622073578595077e-08 2.188483048064570474e-02
1.996655518394648553e-08 2.273759009060929287e-02
2.006688963210702028e-08 2.339998987617865692e-02
2.016722408026755503e-08 2.385593782691979026e-02
2.026755852842808979e-08 2.409900353202437673e-02
2.036789297658862454e-08 2.413261205303730145e-02
2.046822742474916260e-08 2.396969028625153819e-02
2.056856187290969736e-08 2.363181531621984591e-02
2.066889632107023211e-08 2.314793946170438585e-02
2.076923076923076687e-08 2.255278192210479274e-02
2.086956521739130162e-08 2.188498239442359869e-02
2.096989966555183637e-08 2.118510967013470872e-02
2.107023411371237113e-08 2.049361116134875913e-02
2.117056856187290588e-08 1.984878114955112433e-02
2.127090301003344064e-08 1.928481954816587546e-02
2.137123745819397539e-08 1.883005124183114928e-02
2.147157190635451345e-08 1.850537903755311922e-02
2.157190635451504821e-08 1.832304944990008691e-02
2.167224080267558296e-08 1.828581673084117565e-02
2.177257525083611771e-08 1.838659238435933971e-02
2.187290969899665247e-08 1.860866025549430536e-02
2.197324414715718722e-08 1.892651731129355724e-02
2.207357859531772198e-08 1.930736537754223353e-02
2.217391304347825673e-08 1.971322985094672853e-02
2.227424749163879148e-08 2.010362118142655294e-02
2.237458193979932955e-08 2.043858990591446503e-02
2.247491638795986430e-08 2.068196452813731226e-02
2.257525083612039905e-08 2.080451290072986292e-02
2.267558528428093381e-08 2.078674089559433280e-02
2.277591973244146856e-08 2.062104406900515038e-02
2.287625418060200332e-08 2.031296253943337682e-02
2.297658862876253807e-08 1.988135604227701456e-02
2.307692307692307282e-08 1.935741023652337231e-02
2.317725752508360758e-08 1.878249774120299351e-02
2.327759197324414233e-08 1.820503577136963272e-02
2.337792642140468040e-08 1.767659260927297721e-02
2.347826086956521515e-08 1.724758361777439797e-02
2.357859531772574990e-08 1.696295228885088407e-02
2.367892976588628466e-08 1.685824492271927738e-02
2.377926421404681941e-08 1.695645598563519374e-02
2.387959866220735417e-08 1.726594762049082910e-02
2.397993311036788892e-08 1.777963918281131456e-02
2.408026755852842367e-08 1.847553344425497193e-02
2.418060200668895843e-08 1.931851044019231023e-02
2.428093645484949649e-08 2.026319381948530826e-02
2.438127090301003124e-08 2.125759263184189701e-02
2.448160535117056600e-08 2.224715514611618275e-02
2.458193979933110075e-08 2.317884719204693980e-02
2.468227424749163551e-08 2.400488680856485701e-02
2.478260869565217026e-08 2.468582529952131552e-02
2.488294314381270501e-08 2.519275302682688622e-02
2.498327759197323977e-08 2.550851395053760698e-02
2.508361204013377452e-08 2.562792207811998013e-02
2.518394648829430928e-08 2.555707209197632945e-02
2.528428093645484734e-08 2.531191425201604478e-02
2.538461538461538209e-08 2.491631268844322206e-02
2.548494983277591685e-08 2.439982339597255440e-02
2.558528428093645160e-08 2.379541523281772375e-02
2.568561872909698635e-08 2.313731969353641574e-02
2.578595317725752111e-08 2.245914175881863484e-02
2.588628762541805586e-08 2.179230472778129202e-02
2.598662207357859062e-08 2.116484638281910038e-02
2.608695652173912537e-08 2.060054017521208147e-02
2.618729096989966343e-08 2.011828854880825038e-02
2.628762541806019819e-08 1.973172777191465471e-02
2.638795986622073294e-08 1.944899297472483385e-02
2.648829431438126769e-08 1.927261380881846106e-02
2.658862876254180245e-08 1.919953864112093622e-02
2.668896321070233720e-08 1.922131118732976068e-02
2.678929765886287196e-08 1.932444135341839300e-02
2.688963210702340671e-08 1.949101696804912340e-02
2.698996655518394146e-08 1.969959284079022752e-02
2.709030100334447622e-08 1.992636890069947320e-02
2.719063545150501428e-08 2.014663355918978188e-02
2.729096989966554904e-08 2.033640754469148715e-02
2.739130434782608379e-08 2.047418409032013276e-02
2.749163879598661854e-08 2.054263036341484258e-02
2.759197324414715330e-08 2.053009815471875180e-02
2.769230769230768805e-08 2.043179282056930765e-02
2.779264214046822281e-08 2.025046941305053486e-02
2.789297658862875756e-08 1.999656219186935618e-02
2.799331103678929231e-08 1.968770414184982387e-02
2.809364548494983038e-08 1.934765072307901429e-02
2.819397993311036513e-08 1.900467990878372190e-02
2.829431438127089988e-08 1.868959173020857262e-02
2.839464882943143464e-08 1.843346917366685267e-02
2.849498327759196939e-08 1.826538425975688870e-02
2.859531772575250415e-08 1.821023660308892719e-02
2.869565217391303890e-08 1.828689715911076263e-02
2.879598662207357365e-08 1.850679976321539452e-02
2.889632107023410841e-08 1.887308158439334263e-02
2.899665551839464316e-08 1.938032576515583832e-02
2.909698996655518122e-08 2.001491045703008773e-02
2.919732441471571598e-08 2.075592280968834025e-02
2.929765886287625073e-08 2.157655781628085856e-02
2.939799331103678549e-08 2.244589252805491431e-02
2.949832775919732024e-08 2.333090695404177115e-02
2.959866220735785499e-08 2.419861372602043204e-02
2.969899665551838975e-08 2.501815828763840135e-02
2.979933110367892450e-08 2.576275850031226403e-02
2.989966555183946256e-08 2.641136565730246508e-02
2.999999999999999732e-08 2.694994672003508604e-02
